Time,Wind1VelX,Wind1VelY,Wind1VelZ,GenPwr
0.0,12.15,-0.5716,0.4321,14840.0
0.05,12.57,-0.5209,0.418,14340.0
0.1,13.0,-0.4701,0.4039,14280.0
0.15,12.97,-0.6732,0.3269,14470.0
0.2,12.93,-0.8762,0.25,14530.0
0.25,12.87,-0.9735,0.1942,14440.0
0.3,12.82,-1.071,0.1385,14500.0
0.35,12.75,-1.032,0.1039,14800.0
0.4,12.68,-0.9936,0.06926,15020.0
0.45,12.65,-0.8762,0.05512,14880.0
0.5,12.62,-0.7587,0.04097,14530.0
0.55,12.67,-0.5547,0.104,14370.0
0.6,12.71,-0.3507,0.1671,14430.0
0.65,12.8,-0.3215,0.1165,14430.0
0.7,12.89,-0.2922,0.06585,14240.0
0.75,12.82,-0.1903,0.1207,14110.0
0.8,12.76,-0.08837,0.1756,14280.0
0.85,12.76,0.2042,0.293,14580.0
0.9,12.77,0.4968,0.4104,14700.0
0.95,12.44,0.3792,0.3117,14590.0
1.0,12.11,0.2615,0.2129,14510.0
1.05,12.35,0.1537,0.227,14620.0
1.1,12.59,0.04578,0.2412,14760.0
1.15,12.72,0.07982,0.1719,14690.0
1.2,12.85,0.1139,0.1027,14500.0
1.25,12.84,-0.1081,0.2629,14480.0
1.3,12.84,-0.33,0.4231,14680.0
1.35,12.99,-0.3447,0.2541,14850.0
1.4,13.15,-0.3595,0.08511,14830.0
1.45,13.22,-0.2729,0.1404,14750.0
1.5,13.3,-0.1863,0.1956,14810.0
1.55,13.35,-0.4003,0.2463,14970.0
1.6,13.39,-0.6142,0.297,14970.0
1.65,13.35,-0.5557,0.5374,14780.0
1.7,13.3,-0.4972,0.7777,14650.0
1.75,13.27,-0.4349,0.9209,14740.0
1.8,13.24,-0.3726,1.064,14920.0
1.85,13.15,-0.3151,0.7763,14990.0
1.9,13.05,-0.2576,0.4885,14960.0
1.95,13.15,-0.2205,0.269,15020.0
2.0,13.25,-0.1835,0.04951,15220.0
2.05,13.37,-0.09454,-0.02695,15370.0
2.1,13.48,-0.005573,-0.1034,15290.0
2.15,13.43,-0.2028,-0.2519,15120.0
2.2,13.38,-0.4001,-0.4004,15080.0
2.25,13.18,-0.6306,-0.2586,15160.0
2.3,12.99,-0.8611,-0.1168,15170.0
2.35,12.9,-0.8955,-0.1245,15080.0
2.4,12.8,-0.9299,-0.1322,15050.0
2.45,12.81,-0.9134,-0.09353,15210.0
2.5,12.81,-0.8969,-0.05487,15470.0
2.55,12.7,-0.9644,0.01756,15600.0
2.6,12.59,-1.032,0.08999,15590.0
2.65,12.55,-1.245,0.3873,15640.0
2.7,12.51,-1.459,0.6846,15760.0
2.75,12.58,-1.45,0.5571,15830.0
2.8,12.64,-1.442,0.4297,15730.0
2.85,12.58,-1.383,0.4758,15570.0
2.9,12.52,-1.323,0.5219,15550.0
2.95,12.56,-1.426,0.527,15680.0
3.0,12.61,-1.529,0.5321,15800.0
3.05,12.56,-1.504,0.5765,15820.0
3.1,12.51,-1.478,0.6209,15850.0
3.15,12.52,-1.592,0.7336,16010.0
3.2,12.52,-1.707,0.8462,16200.0
3.25,12.71,-1.598,0.8237,16260.0
3.3,12.89,-1.49,0.8011,16190.0
3.35,12.82,-1.558,0.5397,16150.0
3.4,12.75,-1.626,0.2783,16230.0
3.45,12.6,-1.606,0.0289,16320.0
3.5,12.44,-1.587,-0.2205,16310.0
3.55,12.37,-1.524,-0.2811,16260.0
3.6,12.29,-1.462,-0.3417,16310.0
3.65,12.37,-1.459,-0.2927,16470.0
3.7,12.45,-1.456,-0.2436,16590.0
3.75,12.48,-1.42,-0.2747,16600.0
3.8,12.52,-1.383,-0.3058,16570.0
3.85,12.6,-1.118,-0.4473,16640.0
3.9,12.69,-0.8523,-0.5887,16770.0
3.95,12.69,-0.7651,-0.6044,16830.0
4.0,12.68,-0.6779,-0.6202,16780.0
4.05,12.52,-0.7874,-0.5103,16740.0
4.1,12.37,-0.8969,-0.4004,16840.0
4.15,12.61,-0.7992,-0.0895,16990.0
4.2,12.86,-0.7014,0.2214,17050.0
4.25,12.82,-0.6684,0.175,17030.0
4.3,12.78,-0.6353,0.1285,17070.0
4.35,12.76,-0.7297,0.1314,17200.0
4.4,12.74,-0.824,0.1344,17290.0
4.45,12.67,-0.948,0.03256,17280.0
4.5,12.59,-1.072,-0.06926,17230.0
4.55,12.49,-0.9552,-0.04695,17280.0
4.6,12.39,-0.8384,-0.02463,17430.0
4.65,12.4,-0.8853,0.1182,17550.0
4.7,12.41,-0.9323,0.2609,17550.0
4.75,12.29,-0.7924,0.3135,17560.0
4.8,12.17,-0.6525,0.3661,17650.0
4.85,12.2,-0.3704,0.2642,17770.0
4.9,12.23,-0.08837,0.1624,17810.0
4.95,12.18,-0.1491,0.2079,17770.0
5.0,12.13,-0.2098,0.2534,17770.0
5.05,12.22,-0.004777,0.08255,17870.0
5.1,12.32,0.2002,-0.08828,17960.0
5.15,12.4,0.416,0.03804,17960.0
5.2,12.49,0.6318,0.1644,17920.0
5.25,12.4,0.6546,-0.02792,17970.0
5.3,12.32,0.6775,-0.2202,18120.0
5.35,12.52,0.4966,-0.2118,18240.0
5.4,12.72,0.3157,-0.2034,18260.0
5.45,12.75,0.2609,-0.1834,18270.0
5.5,12.78,0.2062,-0.1634,18350.0
5.55,12.7,0.1515,-0.09548,18460.0
5.6,12.62,0.09673,-0.02756,18460.0
5.65,12.61,0.1003,0.08145,18380.0
5.7,12.6,0.1039,0.1905,18350.0
5.75,12.63,0.08439,0.1828,18420.0
5.8,12.65,0.06489,0.1751,18510.0
5.85,12.59,0.00836,0.3297,18530.0
5.9,12.53,-0.04817,0.4843,18510.0
5.95,12.57,-0.1204,0.5147,18560.0
6.0,12.62,-0.1927,0.5451,18680.0
6.05,12.82,-0.1574,0.6889,18760.0
6.1,13.03,-0.1222,0.8328,18750.0
6.15,13.18,-0.3242,0.8449,18730.0
6.2,13.34,-0.5263,0.857,18770.0
6.25,13.17,-0.4305,0.8447,18850.0
6.3,13.01,-0.3348,0.8323,18880.0
6.35,12.98,-0.3147,0.8302,18850.0
6.4,12.95,-0.2946,0.828,18860.0
6.45,13.08,-0.4904,0.9036,18930.0
6.5,13.21,-0.6863,0.9792,19000.0
6.55,13.27,-0.5255,0.9527,19010.0
6.6,13.34,-0.3646,0.9262,18990.0
6.65,13.45,-0.156,1.017,19020.0
6.7,13.56,0.05255,1.108,19110.0
6.75,13.79,0.1403,0.9515,19200.0
6.8,14.02,0.2281,0.795,19210.0
6.85,14.01,0.4281,0.7887,19200.0
6.9,14.0,0.6282,0.7824,19230.0
6.95,14.03,0.5089,0.6338,19280.0
7.0,14.06,0.3897,0.4853,19300.0
7.05,14.03,0.3491,0.6133,19280.0
7.1,14.0,0.3085,0.7414,19280.0
7.15,13.88,0.4544,0.707,19340.0
7.2,13.77,0.6003,0.6726,19420.0
7.25,13.7,0.4423,0.7415,19440.0
7.3,13.63,0.2842,0.8104,19420.0
7.35,13.63,0.2452,0.6276,19430.0
7.4,13.63,0.2062,0.4448,19510.0
7.45,13.46,0.365,0.3656,19580.0
7.5,13.29,0.5239,0.2863,19610.0
7.55,13.38,0.5695,0.2864,19610.0
7.6,13.46,0.615,0.2866,19670.0
7.65,13.44,0.5918,0.2623,19760.0
7.7,13.42,0.5685,0.238,19800.0
7.75,13.42,0.5953,0.2007,19760.0
7.8,13.42,0.6222,0.1634,19720.0
7.85,13.56,0.6208,0.1634,19740.0
7.9,13.7,0.6194,0.1634,19790.0
7.95,13.74,0.5902,0.174,19810.0
8.0,13.79,0.5609,0.1846,19810.0
8.05,13.85,0.835,0.1738,19850.0
8.1,13.92,1.109,0.1629,19960.0
8.15,13.87,1.149,0.00817,20060.0
8.2,13.83,1.188,-0.1466,20090.0
8.25,13.68,0.963,-0.1134,20080.0
8.3,13.52,0.7376,-0.08024,20110.0
8.35,13.64,0.5149,0.06755,20190.0
8.4,13.75,0.2922,0.2153,20240.0
8.45,13.88,0.2424,0.04195,20220.0
8.5,14.0,0.1927,-0.1314,20200.0
8.55,14.04,0.3161,-0.2022,20230.0
8.6,14.07,0.4395,-0.2729,20300.0
8.65,14.04,0.4672,-0.2563,20320.0
8.7,14.0,0.4948,-0.2397,20320.0
8.75,14.06,0.4677,-0.09877,20350.0
8.8,14.13,0.4407,0.04219,20440.0
8.85,13.95,0.6497,0.1132,20530.0
8.9,13.78,0.8587,0.1841,20570.0
8.95,13.97,0.7818,0.3156,20570.0
9.0,14.16,0.705,0.447,20600.0
9.05,14.21,0.4666,0.5369,20670.0
9.1,14.25,0.2281,0.6268,20710.0
9.15,14.15,0.3276,0.7286,20690.0
9.2,14.05,0.4271,0.8304,20660.0
9.25,14.01,0.3427,1.05,20680.0
9.3,13.97,0.2584,1.27,20740.0
9.35,13.82,0.3332,1.218,20780.0
9.4,13.67,0.408,1.165,20790.0
9.45,13.65,0.2584,1.066,20830.0
9.5,13.63,0.1087,0.9672,20910.0
9.55,13.69,-0.04638,0.9953,20990.0
9.6,13.74,-0.2014,1.023,21030.0
9.65,13.6,-0.1994,1.086,21020.0
9.7,13.47,-0.1974,1.149,21030.0
9.75,13.36,-0.2313,0.9659,21080.0
9.8,13.25,-0.2651,0.7826,21110.0
9.85,13.36,-0.1817,0.6553,21110.0
9.9,13.47,-0.09833,0.528,21090.0
9.95,13.54,-0.2898,0.4986,21120.0
10.0,13.61,-0.4813,0.4692,21170.0
10.05,13.67,-0.462,0.3569,21210.0
10.1,13.73,-0.4427,0.2446,21210.0
10.15,13.97,-0.4144,0.3373,21220.0
10.2,14.22,-0.3861,0.43,21270.0
10.25,14.13,-0.6542,0.4287,21340.0
10.3,14.05,-0.9224,0.4275,21390.0
10.35,13.95,-0.872,0.3772,21400.0
10.4,13.84,-0.8216,0.3268,21410.0
10.45,13.77,-0.9608,0.2527,21450.0
10.5,13.7,-1.1,0.1785,21480.0
10.55,13.73,-0.9287,0.3114,21470.0
10.6,13.76,-0.7576,0.4443,21460.0
10.65,13.78,-0.6487,0.2261,21450.0
10.7,13.8,-0.5398,0.007804,21470.0
10.75,13.68,-0.6427,0.1344,21490.0
10.8,13.56,-0.7456,0.2609,21490.0
10.85,13.59,-0.6441,0.3882,21490.0
10.9,13.62,-0.5426,0.5156,21530.0
10.95,13.58,-0.7279,0.5548,21580.0
11.0,13.55,-0.9132,0.5941,21630.0
11.05,13.73,-0.9166,0.6761,21650.0
11.1,13.9,-0.92,0.7582,21660.0
11.15,13.95,-0.9528,0.7465,21690.0
11.2,14.0,-0.9857,0.7348,21700.0
11.25,13.93,-0.9697,0.5482,21690.0
11.3,13.86,-0.9538,0.3617,21660.0
11.35,13.95,-0.9058,0.1483,21640.0
11.4,14.03,-0.8579,-0.06511,21660.0
11.45,14.17,-0.8246,-0.0139,21700.0
11.5,14.3,-0.7914,0.03731,21720.0
11.55,14.22,-0.7685,0.07011,21730.0
11.6,14.15,-0.7456,0.1029,21770.0
11.65,14.29,-0.8493,0.1222,21830.0
11.7,14.44,-0.953,0.1414,21850.0
11.75,14.56,-0.952,0.1302,21840.0
11.8,14.68,-0.951,0.119,21810.0
11.85,14.79,-1.081,0.124,21790.0
11.9,14.89,-1.21,0.129,21800.0
11.95,15.01,-1.097,0.1191,21820.0
12.0,15.13,-0.9829,0.1093,21840.0
12.05,15.0,-0.9642,-0.06012,21870.0
12.1,14.87,-0.9454,-0.2295,21910.0
12.15,14.91,-0.9711,-0.4392,21940.0
12.2,14.96,-0.9968,-0.649,21930.0
12.25,14.85,-0.9588,-0.5326,21910.0
12.3,14.74,-0.9208,-0.4163,21880.0
12.35,14.83,-0.9011,-0.2796,21890.0
12.4,14.92,-0.8814,-0.1429,21920.0
12.45,15.07,-0.9904,-0.05987,21950.0
12.5,15.22,-1.1,0.02317,21970.0
12.55,15.06,-1.151,0.009389,21980.0
12.6,14.89,-1.203,-0.00439,22000.0
12.65,14.88,-1.183,0.05938,22000.0
12.7,14.88,-1.163,0.1232,21990.0
12.75,14.81,-1.115,0.2388,21970.0
12.8,14.73,-1.066,0.3544,21970.0
12.85,14.67,-1.059,0.2733,22010.0
12.9,14.62,-1.051,0.1922,22050.0
12.95,14.53,-0.9572,0.1367,22080.0
13.0,14.44,-0.863,0.08121,22100.0
13.05,14.5,-0.6146,0.196,22120.0
13.1,14.56,-0.3662,0.3107,22130.0
13.15,14.35,-0.3274,0.2708,22110.0
13.2,14.15,-0.2886,0.231,22090.0
13.25,14.14,-0.2864,0.2072,22070.0
13.3,14.13,-0.2842,0.1834,22080.0
13.35,14.26,-0.245,0.1897,22100.0
13.4,14.38,-0.2058,0.1961,22130.0
13.45,14.31,-0.3429,0.2008,22170.0
13.5,14.23,-0.4801,0.2056,22220.0
13.55,14.21,-0.4936,0.1008,22270.0
13.6,14.19,-0.5072,-0.003902,22280.0
13.65,14.24,-0.4192,0.06182,22250.0
13.7,14.3,-0.3312,0.1275,22210.0
13.75,14.23,-0.4602,0.01158,22180.0
13.8,14.16,-0.5892,-0.1044,22180.0
13.85,14.23,-0.7024,0.1024,22180.0
13.9,14.3,-0.8157,0.3092,22200.0
13.95,14.28,-0.699,0.2739,22230.0
14.0,14.27,-0.5824,0.2385,22270.0
14.05,14.15,-0.6676,0.2992,22290.0
14.1,14.04,-0.7528,0.36,22300.0
14.15,14.1,-0.5565,0.4179,22300.0
14.2,14.16,-0.3603,0.4758,22300.0
14.25,13.97,-0.323,0.3401,22310.0
14.3,13.78,-0.2858,0.2044,22300.0
14.35,13.69,-0.326,0.1447,22270.0
14.4,13.59,-0.3662,0.08511,22240.0
14.45,13.65,-0.3635,-0.03804,22220.0
14.5,13.71,-0.3607,-0.1612,22230.0
14.55,13.93,-0.2552,-0.0606,22240.0
14.6,14.16,-0.1497,0.04,22260.0
14.65,14.07,-0.3165,0.07633,22310.0
14.7,13.99,-0.4833,0.1127,22350.0
14.75,13.99,-0.4928,-0.1127,22380.0
14.8,13.99,-0.5024,-0.338,22380.0
14.85,13.96,-0.4882,-0.2772,22350.0
14.9,13.93,-0.4741,-0.2163,22320.0
14.95,14.03,-0.3019,-0.1328,22290.0
15.0,14.12,-0.1298,-0.04926,22260.0
15.05,14.01,-0.01632,-0.2114,22220.0
15.1,13.9,0.09713,-0.3736,22210.0
15.15,13.87,0.2068,-0.4849,22240.0
15.2,13.83,0.3165,-0.5963,22280.0
15.25,13.88,0.3732,-0.5674,22310.0
15.3,13.92,0.4299,-0.5385,22340.0
15.35,13.95,0.214,-0.4697,22360.0
15.4,13.98,-0.00199,-0.4009,22390.0
15.45,14.04,0.1584,-0.2948,22380.0
15.5,14.11,0.3189,-0.1888,22330.0
15.55,14.08,0.02269,-0.1341,22280.0
15.6,14.05,-0.2735,-0.0795,22240.0
15.65,14.03,-0.1063,0.0189,22220.0
15.7,14.0,0.06091,0.1173,22200.0
15.75,14.07,0.1992,0.01097,22200.0
15.8,14.13,0.3376,-0.09536,22220.0
15.85,14.14,0.2982,-0.2138,22270.0
15.9,14.16,0.2588,-0.3322,22310.0
15.95,14.04,0.244,-0.13,22330.0
16.0,13.91,0.2293,0.07219,22320.0
16.05,14.1,0.2418,-0.01158,22290.0
16.1,14.29,0.2544,-0.09536,22260.0
16.15,14.05,0.05633,0.004756,22230.0
16.2,13.82,-0.1417,0.1049,22190.0
16.25,13.82,-0.1568,0.1674,22170.0
16.3,13.83,-0.172,0.23,22170.0
16.35,13.66,-0.1507,0.205,22200.0
16.4,13.49,-0.1294,0.18,22230.0
16.45,13.35,0.06688,0.2466,22240.0
16.5,13.2,0.2631,0.3131,22250.0
16.55,13.37,0.04697,0.427,22260.0
16.6,13.53,-0.1692,0.5409,22250.0
16.65,13.5,-0.007962,0.4649,22220.0
16.7,13.47,0.1533,0.389,22190.0
16.75,13.42,0.02369,0.3751,22160.0
16.8,13.38,-0.1059,0.3612,22140.0
16.85,13.3,-0.3591,0.3652,22120.0
16.9,13.23,-0.6123,0.3692,22120.0
16.95,13.44,-0.6939,0.3468,22140.0
17.0,13.65,-0.7755,0.3244,22180.0
17.05,13.73,-0.7422,0.295,22220.0
17.1,13.82,-0.709,0.2656,22230.0
17.15,14.06,-0.7056,0.3798,22230.0
17.2,14.3,-0.7022,0.4941,22210.0
17.25,14.35,-0.4359,0.4263,22170.0
17.3,14.39,-0.1696,0.3585,22120.0
17.35,14.21,0.006966,0.388,22060.0
17.4,14.02,0.1835,0.4175,22020.0
17.45,14.15,-0.008161,0.3904,22030.0
17.5,14.29,-0.1998,0.3634,22060.0
17.55,14.38,-0.367,0.229,22110.0
17.6,14.48,-0.5342,0.09462,22160.0
17.65,14.41,-0.4956,0.1547,22210.0
17.7,14.35,-0.457,0.2149,22230.0
17.75,14.27,-0.3752,0.1879,22210.0
17.8,14.19,-0.2934,0.161,22140.0
17.85,14.23,-0.2046,0.1413,22070.0
17.9,14.26,-0.1158,0.1217,22020.0
17.95,14.35,-0.08937,0.1612,21980.0
18.0,14.45,-0.0629,0.2007,21980.0
18.05,14.53,-0.1357,0.04061,22000.0
18.1,14.61,-0.2086,-0.1195,22050.0
18.15,14.33,-0.2456,-0.08816,22120.0
18.2,14.05,-0.2826,-0.05682,22170.0
18.25,14.22,-0.4735,-0.2952,22190.0
18.3,14.39,-0.6644,-0.5336,22180.0
18.35,14.44,-0.7808,-0.4532,22150.0
18.4,14.48,-0.8973,-0.3729,22100.0
18.45,14.31,-0.9106,-0.4392,22050.0
18.5,14.13,-0.924,-0.5056,22000.0
18.55,13.98,-0.7822,-0.5177,21970.0
18.6,13.83,-0.6405,-0.5299,21970.0
18.65,13.85,-0.7609,-0.6057,21980.0
18.7,13.87,-0.8814,-0.6814,22020.0
18.75,13.78,-0.996,-0.543,22050.0
18.8,13.69,-1.111,-0.4046,22100.0
18.85,13.68,-0.9303,-0.2816,22130.0
18.9,13.67,-0.75,-0.1585,22130.0
18.95,13.73,-0.8943,-0.04109,22110.0
19.0,13.79,-1.039,0.07633,22060.0
19.05,13.83,-0.7398,0.05597,21990.0
19.1,13.86,-0.4411,0.03561,21930.0
19.15,13.89,-0.4265,0.003048,21880.0
19.2,13.93,-0.412,-0.02951,21860.0
19.25,13.79,-0.6081,0.1133,21880.0
19.3,13.66,-0.8041,0.2561,21930.0
19.35,13.53,-0.831,0.1429,21990.0
19.4,13.4,-0.8579,0.02975,22040.0
19.45,13.38,-0.785,0.139,22050.0
19.5,13.36,-0.7122,0.2483,22040.0
19.55,13.37,-0.7305,0.2288,21990.0
19.6,13.38,-0.7488,0.2092,21930.0
19.65,13.48,-0.8443,0.2495,21860.0
19.7,13.57,-0.9399,0.2897,21810.0
19.75,13.6,-0.9502,0.2985,21800.0
19.8,13.63,-0.9606,0.3073,21810.0
19.85,13.69,-0.8199,0.1628,21850.0
19.9,13.75,-0.6791,0.01829,21910.0
19.95,13.88,-0.7589,-0.01195,21950.0
20.0,14.01,-0.8388,-0.04219,21970.0
20.05,13.86,-0.9259,0.03609,21970.0
20.1,13.7,-1.013,0.1144,21940.0
20.15,13.62,-0.9035,0.02658,21890.0
20.2,13.54,-0.7938,-0.06121,21830.0
20.25,13.58,-0.9319,-0.04756,21770.0
20.3,13.63,-1.07,-0.0339,21750.0
20.35,13.83,-1.038,0.1022,21760.0
20.4,14.03,-1.006,0.2383,21790.0
20.45,13.88,-0.9886,0.1043,21830.0
20.5,13.74,-0.9713,-0.02975,21880.0
20.55,13.86,-0.7359,-0.2047,21930.0
20.6,13.99,-0.5004,-0.3797,21940.0
20.65,14.05,-0.4972,-0.3503,21890.0
20.7,14.11,-0.494,-0.3209,21820.0
20.75,14.13,-0.5237,-0.4814,21740.0
20.8,14.14,-0.5533,-0.6419,21680.0
20.85,14.07,-0.6304,-0.5368,21650.0
20.9,14.0,-0.7074,-0.4317,21650.0
20.95,13.98,-0.7386,-0.2846,21690.0
21.0,13.96,-0.7699,-0.1375,21750.0
21.05,13.8,-0.758,-0.1585,21820.0
21.1,13.65,-0.746,-0.1795,21850.0
21.15,13.75,-0.6911,-0.394,21850.0
21.2,13.85,-0.6361,-0.6085,21810.0
21.25,14.08,-0.7755,-0.7455,21750.0
21.3,14.31,-0.9148,-0.8826,21680.0
21.35,14.4,-0.7997,-0.7596,21600.0
21.4,14.48,-0.6847,-0.6365,21550.0
21.45,14.77,-0.7175,-0.6575,21550.0
21.5,15.05,-0.7504,-0.6785,21590.0
21.55,15.06,-0.9106,-0.7508,21650.0
21.6,15.07,-1.071,-0.8231,21710.0
21.65,14.96,-0.9835,-0.6313,21740.0
21.7,14.85,-0.8961,-0.4395,21750.0
21.75,14.95,-0.5896,-0.6194,21750.0
21.8,15.04,-0.283,-0.7994,21700.0
21.85,14.97,-0.2572,-0.6766,21630.0
21.9,14.89,-0.2313,-0.5538,21580.0
21.95,14.83,-0.29,-0.5135,21560.0
22.0,14.78,-0.3487,-0.4731,21550.0
22.05,14.75,-0.5026,-0.7311,21550.0
22.1,14.73,-0.6564,-0.9892,21560.0
22.15,14.79,-0.7249,-0.7769,21590.0
22.2,14.85,-0.7934,-0.5646,21630.0
22.25,15.08,-0.7677,-0.5381,21650.0
22.3,15.31,-0.742,-0.5117,21660.0
22.35,15.38,-0.7303,-0.5552,21670.0
22.4,15.45,-0.7185,-0.5987,21670.0
22.45,15.36,-0.6288,-0.8088,21650.0
22.5,15.26,-0.539,-1.019,21600.0
22.55,15.34,-0.4851,-1.041,21560.0
22.6,15.42,-0.4311,-1.063,21540.0
22.65,15.36,-0.4707,-1.065,21520.0
22.7,15.31,-0.5103,-1.066,21520.0
22.75,15.23,-0.6007,-0.9968,21540.0
22.8,15.16,-0.6911,-0.9275,21590.0
22.85,15.28,-0.6791,-0.9216,21630.0
22.9,15.4,-0.6672,-0.9158,21670.0
22.95,15.46,-0.6115,-0.838,21680.0
23.0,15.52,-0.5557,-0.7602,21660.0
23.05,15.59,-0.6103,-0.6265,21630.0
23.1,15.67,-0.6648,-0.4929,21590.0
23.15,15.7,-0.6051,-0.5441,21540.0
23.2,15.73,-0.5454,-0.5953,21490.0
23.25,15.77,-0.6616,-0.7242,21480.0
23.3,15.81,-0.7779,-0.8531,21500.0
23.35,15.75,-0.8762,-0.9392,21540.0
23.4,15.69,-0.9745,-1.025,21580.0
23.45,15.68,-1.075,-0.9775,21590.0
23.5,15.67,-1.176,-0.9297,21600.0
23.55,15.6,-0.9785,-1.04,21590.0
23.6,15.52,-0.781,-1.149,21560.0
23.65,15.3,-0.7036,-0.9348,21510.0
23.7,15.09,-0.6262,-0.7202,21480.0
23.75,15.17,-0.5732,-0.7716,21500.0
23.8,15.25,-0.5203,-0.8231,21540.0
23.85,15.35,-0.3857,-0.966,21550.0
23.9,15.44,-0.2512,-1.109,21540.0
23.95,15.48,-0.4552,-0.9633,21530.0
24.0,15.52,-0.6592,-0.8177,21510.0
24.05,15.5,-0.6429,-0.7359,21490.0
24.1,15.47,-0.6266,-0.6541,21450.0
24.15,15.45,-0.5448,-0.685,21440.0
24.2,15.43,-0.463,-0.716,21450.0
24.25,15.54,-0.5824,-0.7024,21480.0
24.3,15.65,-0.7018,-0.6887,21490.0
24.35,15.54,-0.8599,-0.7788,21500.0
24.4,15.44,-1.018,-0.8689,21510.0
24.45,15.48,-0.9391,-0.7947,21510.0
24.5,15.52,-0.8603,-0.7204,21500.0
24.55,15.45,-0.9401,-0.8928,21470.0
24.6,15.38,-1.02,-1.065,21430.0
24.65,15.52,-0.8288,-0.9621,21410.0
24.7,15.66,-0.6377,-0.8589,21410.0
24.75,15.77,-0.4363,-0.5097,21420.0
24.8,15.87,-0.2349,-0.1605,21430.0
24.85,15.88,-0.2584,-0.1573,21440.0
24.9,15.88,-0.2818,-0.1541,21450.0
24.95,15.96,0.04717,-0.1758,21450.0
25.0,16.04,0.3762,-0.1975,21440.0
25.05,15.99,0.3418,-0.1213,21430.0
25.1,15.94,0.3073,-0.04512,21420.0
25.15,15.95,0.2464,-0.02256,21430.0
25.2,15.95,0.1855,0.0,21430.0
25.25,15.97,0.08559,-0.01524,21420.0
25.3,15.99,-0.01433,-0.03048,21390.0
25.35,15.97,-0.1286,-0.0139,21360.0
25.4,15.95,-0.2428,0.002683,21340.0
25.45,15.92,-0.12,-0.2573,21330.0
25.5,15.9,0.002787,-0.5173,21330.0
25.55,15.75,0.1756,-0.5241,21350.0
25.6,15.61,0.3483,-0.5309,21380.0
25.65,15.4,0.38,-0.6292,21400.0
25.7,15.19,0.4116,-0.7275,21390.0
25.75,15.23,0.1843,-0.5097,21360.0
25.8,15.28,-0.04299,-0.2919,21330.0
25.85,15.41,0.05135,-0.00878,21280.0
25.9,15.55,0.1457,0.2744,21250.0
25.95,15.56,0.1095,0.1623,21230.0
26.0,15.57,0.07325,0.05024,21240.0
26.05,15.52,0.01931,-0.1683,21250.0
26.1,15.48,-0.03463,-0.3868,21270.0
26.15,15.45,-0.1162,-0.2631,21300.0
26.2,15.43,-0.1978,-0.1395,21320.0
26.25,15.41,-0.1218,-0.208,21310.0
26.3,15.39,-0.04578,-0.2766,21280.0
26.35,15.28,0.171,-0.3039,21240.0
26.4,15.16,0.3877,-0.3312,21210.0
26.45,14.99,0.1674,-0.4178,21180.0
26.5,14.82,-0.05295,-0.5043,21160.0
26.55,14.72,-0.09773,-0.6475,21160.0
26.6,14.62,-0.1425,-0.7906,21180.0
26.65,14.71,-0.04677,-0.6903,21230.0
26.7,14.8,0.04896,-0.5899,21270.0
26.75,14.69,0.1443,-0.4675,21290.0
26.8,14.57,0.2396,-0.3451,21300.0
26.85,14.46,0.1485,-0.1736,21280.0
26.9,14.36,0.05732,-0.002195,21230.0
26.95,14.27,0.2655,0.002927,21180.0
27.0,14.18,0.4737,0.008048,21140.0
27.05,14.3,0.5265,0.09877,21120.0
27.1,14.41,0.5792,0.1895,21120.0
27.15,14.4,0.6423,0.1038,21130.0
27.2,14.39,0.7054,0.01805,21160.0
27.25,14.47,0.6355,-0.07792,21190.0
27.3,14.54,0.5657,-0.1739,21230.0
27.35,14.26,0.6554,-0.1782,21240.0
27.4,13.98,0.7452,-0.1824,21240.0
27.45,13.88,0.6443,0.03219,21210.0
27.5,13.78,0.5434,0.2468,21170.0
27.55,13.81,0.4882,0.07841,21120.0
27.6,13.83,0.4331,-0.08999,21060.0
27.65,13.87,0.4584,-0.0995,21030.0
27.7,13.91,0.4837,-0.109,21020.0
27.75,13.7,0.3605,0.04926,21060.0
27.8,13.49,0.2373,0.2075,21110.0
27.85,13.54,0.4367,0.1742,21150.0
27.9,13.59,0.6361,0.141,21180.0
27.95,13.68,0.5066,0.08109,21180.0
28.0,13.77,0.377,0.02122,21160.0
28.05,13.94,0.4576,-0.1582,21110.0
28.1,14.12,0.5382,-0.3375,21070.0
28.15,14.12,0.4389,-0.2879,21050.0
28.2,14.12,0.3396,-0.2383,21060.0
28.25,14.1,0.4102,-0.1923,21070.0
28.3,14.09,0.4809,-0.1463,21070.0
28.35,14.07,0.1769,-0.09084,21070.0
28.4,14.05,-0.127,-0.03536,21080.0
28.45,13.91,-0.1963,0.06743,21090.0
28.5,13.77,-0.2655,0.1702,21100.0
28.55,13.73,-0.2034,0.1322,21110.0
28.6,13.69,-0.1413,0.09414,21120.0
28.65,13.61,-0.1996,-0.09755,21130.0
28.7,13.53,-0.258,-0.2892,21110.0
28.75,13.27,-0.367,-0.0967,21080.0
28.8,13.02,-0.4761,0.09584,21050.0
28.85,13.09,-0.4062,0.189,21040.0
28.9,13.16,-0.3364,0.2822,21050.0
28.95,13.29,-0.2219,0.3634,21060.0
29.0,13.43,-0.1075,0.4446,21050.0
29.05,13.55,-0.1465,0.1796,21050.0
29.1,13.67,-0.1855,-0.08536,21030.0
29.15,13.82,-0.2446,-0.01719,21020.0
29.2,13.96,-0.3037,0.05097,21020.0
29.25,14.02,-0.5213,0.1396,21010.0
29.3,14.08,-0.7388,0.2283,21020.0
29.35,14.12,-0.7498,0.07133,21040.0
29.4,14.17,-0.7607,-0.0856,21050.0
29.45,14.09,-0.5931,0.1603,21040.0
29.5,14.02,-0.4256,0.4063,21000.0
29.55,13.79,-0.4347,0.384,20960.0
29.6,13.57,-0.4439,0.3617,20940.0
29.65,13.64,-0.3073,0.2785,20930.0
29.7,13.7,-0.1708,0.1953,20920.0
29.75,13.96,-0.2114,0.2933,20930.0
29.8,14.23,-0.252,0.3912,20950.0
29.85,14.1,-0.05314,0.3184,20980.0
29.9,13.98,0.1457,0.2456,21000.0
29.95,13.93,0.3913,0.3109,20980.0
30.0,13.87,0.6369,0.3763,20970.0
30.05,13.92,0.9405,0.3867,20960.0
30.1,13.96,1.244,0.397,20970.0
30.15,13.81,1.134,0.4223,20970.0
30.2,13.67,1.024,0.4475,20960.0
30.25,13.72,1.104,0.2952,20950.0
30.3,13.78,1.184,0.1429,20940.0
30.35,13.79,1.106,0.195,20940.0
30.4,13.79,1.027,0.247,20930.0
30.45,13.88,0.9285,-0.01902,20910.0
30.5,13.96,0.8296,-0.2851,20920.0
30.55,14.12,0.8111,0.08548,20930.0
30.6,14.29,0.7926,0.456,20940.0
30.65,14.35,0.832,0.4148,20940.0
30.7,14.41,0.8714,0.3736,20940.0
30.75,14.57,0.8642,0.533,20940.0
30.8,14.73,0.8571,0.6924,20940.0
30.85,14.61,1.073,0.8967,20920.0
30.9,14.49,1.288,1.101,20910.0
30.95,14.37,1.231,0.947,20890.0
31.0,14.24,1.174,0.7928,20890.0
31.05,14.26,1.348,0.7226,20890.0
31.1,14.28,1.522,0.6524,20880.0
31.15,14.28,1.345,0.6342,20890.0
31.2,14.27,1.167,0.616,20900.0
31.25,14.27,0.9339,0.5469,20900.0
31.3,14.26,0.7006,0.4778,20880.0
31.35,14.21,0.5832,0.4282,20860.0
31.4,14.16,0.4658,0.3787,20860.0
31.45,14.04,0.3183,0.3428,20870.0
31.5,13.93,0.1708,0.3068,20880.0
31.55,14.01,0.2542,0.244,20890.0
31.6,14.09,0.3376,0.1812,20910.0
31.65,14.07,0.3145,0.2824,20910.0
31.7,14.05,0.2914,0.3836,20900.0
31.75,14.03,0.1027,0.4771,20880.0
31.8,14.02,-0.08599,0.5707,20870.0
31.85,14.05,-0.1728,0.6441,20860.0
31.9,14.09,-0.2596,0.7175,20860.0
31.95,14.17,-0.2711,0.624,20870.0
32.0,14.26,-0.2826,0.5304,20880.0
32.05,14.34,-0.0408,0.2021,20890.0
32.1,14.42,0.201,-0.1263,20900.0
32.15,14.53,0.3535,0.01695,20910.0
32.2,14.63,0.506,0.1602,20930.0
32.25,14.64,0.4711,0.1336,20940.0
32.3,14.64,0.4363,0.1071,20950.0
32.35,14.59,0.3414,-0.04548,20950.0
32.4,14.54,0.2464,-0.198,20940.0
32.45,14.51,0.3469,-0.1903,20930.0
32.5,14.47,0.4474,-0.1827,20900.0
32.55,14.41,0.7818,-0.2012,20870.0
32.6,14.34,1.116,-0.2197,20840.0
32.65,14.53,0.8943,-0.1928,20820.0
32.7,14.72,0.6724,-0.1658,20830.0
32.75,14.6,0.7068,-0.02085,20870.0
32.8,14.49,0.7412,0.1241,20920.0
32.85,14.41,0.6865,0.2116,20960.0
32.9,14.33,0.6318,0.299,20980.0
32.95,14.11,0.4347,0.3635,20980.0
33.0,13.9,0.2377,0.428,20960.0
33.05,13.93,0.2996,0.254,20930.0
33.1,13.97,0.3615,0.07999,20890.0
33.15,14.0,0.3414,0.1443,20840.0
33.2,14.03,0.3213,0.2085,20810.0
33.25,14.22,0.3264,0.4084,20810.0
33.3,14.41,0.3316,0.6082,20810.0
33.35,14.4,0.4023,0.4654,20830.0
33.4,14.39,0.4729,0.3226,20850.0
33.45,14.32,0.6117,0.2355,20890.0
33.5,14.24,0.7504,0.1483,20920.0
33.55,14.46,0.755,0.2701,20930.0
33.6,14.68,0.7595,0.3919,20920.0
33.65,14.7,0.6945,0.437,20900.0
33.7,14.72,0.6294,0.4821,20890.0
33.75,14.61,0.4502,0.5518,20880.0
33.8,14.5,0.2711,0.6214,20860.0
33.85,14.38,0.3706,0.7564,20830.0
33.9,14.26,0.4701,0.8914,20820.0
33.95,14.41,0.5159,0.9399,20820.0
34.0,14.56,0.5617,0.9884,20820.0
34.05,14.43,0.5086,1.031,20810.0
34.1,14.29,0.4554,1.073,20810.0
34.15,14.1,0.3215,0.7502,20830.0
34.2,13.9,0.1875,0.4275,20870.0
34.25,14.11,0.2741,0.452,20890.0
34.3,14.33,0.3607,0.4765,20900.0
34.35,14.42,0.4431,0.4732,20890.0
34.4,14.52,0.5255,0.4699,20880.0
34.45,14.32,0.7056,0.3367,20850.0
34.5,14.12,0.8857,0.2034,20800.0
34.55,13.97,0.92,0.3137,20750.0
34.6,13.82,0.9542,0.4241,20730.0
34.65,13.83,0.9118,0.4028,20750.0
34.7,13.84,0.8694,0.3814,20790.0
34.75,13.85,0.6869,0.3978,20820.0
34.8,13.86,0.5044,0.4141,20830.0
34.85,13.79,0.5241,0.3463,20830.0
34.9,13.72,0.5438,0.2785,20830.0
34.95,13.65,0.4602,0.2351,20830.0
35.0,13.57,0.3766,0.1917,20820.0
35.05,13.45,0.3885,0.2557,20810.0
35.1,13.34,0.4005,0.3197,20810.0
35.15,13.33,0.3593,0.3264,20810.0
35.2,13.32,0.3181,0.3331,20790.0
35.25,13.34,0.1702,0.3683,20770.0
35.3,13.37,0.02229,0.4034,20760.0
35.35,13.29,0.2283,0.5159,20760.0
35.4,13.21,0.4343,0.6285,20770.0
35.45,13.15,0.4823,0.4806,20770.0
35.5,13.09,0.5302,0.3326,20780.0
35.55,12.98,0.4202,0.2229,20800.0
35.6,12.88,0.3101,0.1132,20830.0
35.65,13.13,-0.0211,0.1034,20850.0
35.7,13.38,-0.3523,0.09365,20850.0
35.75,13.3,-0.1941,0.1034,20820.0
35.8,13.23,-0.03583,0.1132,20790.0
35.85,13.2,-0.08798,0.2618,20770.0
35.9,13.17,-0.1401,0.4104,20740.0
35.95,13.31,-0.05135,0.5821,20710.0
36.0,13.45,0.03742,0.7538,20710.0
36.05,13.54,0.0005971,0.5944,20730.0
36.1,13.63,-0.03623,0.4351,20770.0
36.15,13.65,-0.09017,0.4953,20790.0
36.2,13.67,-0.1441,0.5555,20800.0
36.25,13.7,-0.01791,0.4912,20810.0
36.3,13.73,0.1083,0.4268,20810.0
36.35,13.69,0.2534,0.32,20790.0
36.4,13.65,0.3985,0.2131,20770.0
36.45,13.6,0.5384,0.385,20730.0
36.5,13.55,0.6783,0.5568,20710.0
36.55,13.6,0.7392,0.4151,20710.0
36.6,13.64,0.8001,0.2734,20720.0
36.65,13.59,0.7201,0.345,20730.0
36.7,13.55,0.6401,0.4165,20740.0
36.75,13.74,0.5263,0.3804,20760.0
36.8,13.93,0.4124,0.3444,20790.0
36.85,14.07,0.09514,0.3186,20810.0
36.9,14.21,-0.2221,0.2929,20810.0
36.95,14.14,-0.3658,0.1727,20800.0
37.0,14.07,-0.5095,0.05243,20790.0
37.05,14.08,-0.297,0.2372,20790.0
37.1,14.09,-0.08439,0.4219,20770.0
37.15,14.06,-0.01971,0.2873,20750.0
37.2,14.03,0.04498,0.1527,20750.0
37.25,13.8,0.2745,-0.08901,20760.0
37.3,13.57,0.504,-0.3307,20770.0
37.35,13.48,0.7309,-0.2691,20790.0
37.4,13.4,0.9578,-0.2075,20800.0
37.45,13.33,1.015,-0.2563,20820.0
37.5,13.27,1.072,-0.3051,20850.0
37.55,13.25,0.8981,-0.144,20850.0
37.6,13.23,0.7237,0.01707,20820.0
37.65,13.32,0.6286,0.1486,20780.0
37.7,13.42,0.5334,0.2802,20770.0
37.75,13.63,0.3802,0.2227,20770.0
37.8,13.83,0.2269,0.1651,20780.0
37.85,13.9,0.2753,0.2947,20790.0
37.9,13.97,0.3236,0.4243,20820.0
37.95,13.79,0.1976,0.578,20860.0
38.0,13.61,0.07165,0.7316,20870.0
38.05,13.71,0.1851,0.731,20840.0
38.1,13.8,0.2986,0.7304,20800.0
38.15,13.76,0.3151,0.7196,20770.0
38.2,13.73,0.3316,0.7087,20750.0
38.25,13.81,0.283,0.766,20740.0
38.3,13.9,0.2345,0.8233,20750.0
38.35,14.1,0.299,0.9259,20780.0
38.4,14.3,0.3635,1.028,20810.0
38.45,14.3,0.4604,0.9592,20850.0
38.5,14.3,0.5573,0.8899,20870.0
38.55,14.29,0.5233,0.7991,20860.0
38.6,14.29,0.4892,0.7082,20840.0
38.65,14.24,0.5892,0.5994,20810.0
38.7,14.2,0.6891,0.4907,20780.0
38.75,14.14,0.6385,0.3215,20760.0
38.8,14.09,0.588,0.1524,20740.0
38.85,14.15,0.4347,0.36,20750.0
38.9,14.21,0.2814,0.5675,20780.0
38.95,14.21,0.331,0.6193,20830.0
39.0,14.21,0.3806,0.6711,20860.0
39.05,14.25,0.2301,0.4208,20890.0
39.1,14.28,0.07962,0.1705,20900.0
39.15,14.53,-0.04319,0.1912,20890.0
39.2,14.79,-0.166,0.2119,20860.0
39.25,14.99,-0.1622,0.3024,20790.0
39.3,15.2,-0.1584,0.3929,20730.0
39.35,15.02,-0.2305,0.2681,20710.0
39.4,14.83,-0.3025,0.1434,20730.0
39.45,14.96,-0.4829,0.0667,20770.0
39.5,15.09,-0.6632,-0.009999,20800.0
39.55,15.01,-0.4763,-0.1796,20850.0
39.6,14.93,-0.2894,-0.3492,20890.0
39.65,14.9,-0.2104,-0.176,20910.0
39.7,14.87,-0.1314,-0.002683,20890.0
39.75,15.02,-0.2852,0.001463,20850.0
39.8,15.17,-0.4391,0.005609,20820.0
39.85,15.05,-0.587,-0.04036,20800.0
39.9,14.93,-0.7349,-0.08633,20780.0
39.95,14.81,-0.8959,-0.03756,20750.0
40.0,14.68,-1.057,0.01122,20740.0
40.05,14.44,-0.8963,-0.1057,20760.0
40.1,14.2,-0.7357,-0.2227,20790.0
40.15,14.11,-0.6789,-0.34,20820.0
40.2,14.03,-0.6222,-0.4573,20830.0
40.25,13.99,-0.6572,-0.2883,20850.0
40.3,13.94,-0.6923,-0.1193,20850.0
40.35,13.94,-0.4453,-0.2073,20830.0
40.4,13.93,-0.1982,-0.2953,20800.0
40.45,14.09,-0.1758,-0.1361,20770.0
40.5,14.25,-0.1533,0.02317,20760.0
40.55,14.28,-0.1992,0.02914,20770.0
40.6,14.3,-0.2452,0.03512,20780.0
40.65,14.35,-0.2719,0.08975,20780.0
40.7,14.4,-0.2986,0.1444,20790.0
40.75,14.64,-0.4033,0.2392,20790.0
40.8,14.87,-0.508,0.3341,20800.0
40.85,14.93,-0.4881,0.1608,20790.0
40.9,14.99,-0.4681,-0.01244,20760.0
40.95,14.98,-0.2926,-0.03853,20730.0
41.0,14.96,-0.117,-0.06463,20720.0
41.05,15.1,-0.07842,-0.03097,20740.0
41.1,15.23,-0.03981,0.002683,20750.0
41.15,15.44,-0.1067,-0.09584,20770.0
41.2,15.65,-0.1736,-0.1944,20780.0
41.25,15.45,-0.3035,-0.07963,20790.0
41.3,15.24,-0.4335,0.03512,20790.0
41.35,15.04,-0.3459,-0.04609,20770.0
41.4,14.83,-0.2584,-0.1273,20740.0
41.45,15.05,-0.3304,0.05182,20700.0
41.5,15.28,-0.4025,0.231,20690.0
41.55,15.2,-0.2174,0.1397,20680.0
41.6,15.11,-0.03224,0.04853,20690.0
41.65,15.0,-0.02209,-0.01329,20720.0
41.7,14.88,-0.01194,-0.07511,20750.0
41.75,15.05,-0.1517,-0.2141,20780.0
41.8,15.21,-0.2914,-0.3531,20790.0
41.85,15.13,-0.1857,-0.4246,20770.0
41.9,15.05,-0.08001,-0.496,20740.0
41.95,14.91,-0.2215,-0.6374,20710.0
42.0,14.77,-0.3631,-0.7787,20680.0
42.05,15.03,-0.499,-0.6136,20670.0
42.1,15.29,-0.6349,-0.4485,20680.0
42.15,15.28,-0.7197,-0.3642,20700.0
42.2,15.28,-0.8045,-0.28,20730.0
42.25,15.25,-0.7625,-0.4869,20730.0
42.3,15.22,-0.7205,-0.6938,20730.0
42.35,15.2,-0.8013,-0.7916,20720.0
42.4,15.19,-0.8822,-0.8894,20690.0
42.45,15.05,-0.9737,-0.7514,20670.0
42.5,14.91,-1.065,-0.6133,20650.0
42.55,14.75,-0.9419,-0.7476,20650.0
42.6,14.6,-0.8185,-0.8819,20660.0
42.65,14.6,-0.79,-0.7777,20680.0
42.7,14.61,-0.7615,-0.6736,20690.0
42.75,14.77,-0.738,-0.8194,20690.0
42.8,14.92,-0.7146,-0.9653,20670.0
42.85,15.06,-0.6136,-1.067,20650.0
42.9,15.19,-0.5127,-1.169,20630.0
42.95,14.98,-0.5878,-0.9588,20610.0
43.0,14.76,-0.6628,-0.7485,20600.0
43.05,14.76,-0.7719,-0.8008,20600.0
43.1,14.75,-0.881,-0.8531,20610.0
43.15,14.66,-1.036,-0.7194,20610.0
43.2,14.57,-1.191,-0.5858,20620.0
43.25,14.33,-1.326,-0.7278,20620.0
43.3,14.09,-1.462,-0.8699,20630.0
43.35,13.87,-1.282,-0.7267,20630.0
43.4,13.65,-1.102,-0.5836,20630.0
43.45,13.76,-1.083,-0.757,20610.0
43.5,13.87,-1.063,-0.9304,20600.0
43.55,13.92,-0.9349,-1.135,20600.0
43.6,13.97,-0.8069,-1.341,20590.0
43.65,13.88,-0.794,-1.235,20580.0
43.7,13.79,-0.781,-1.129,20570.0
43.75,13.81,-0.7516,-0.97,20580.0
43.8,13.83,-0.7221,-0.8106,20600.0
43.85,13.69,-0.7498,-0.7592,20600.0
43.9,13.55,-0.7775,-0.7077,20590.0
43.95,13.52,-0.8519,-0.6387,20580.0
44.0,13.49,-0.9263,-0.5697,20590.0
44.05,13.45,-0.991,-0.6459,20580.0
44.1,13.41,-1.056,-0.7221,20550.0
44.15,13.39,-0.9636,-0.8033,20520.0
44.2,13.37,-0.8714,-0.8845,20520.0
44.25,13.61,-0.8921,-0.8356,20520.0
44.3,13.85,-0.9128,-0.7867,20510.0
44.35,13.91,-0.9946,-0.6959,20490.0
44.4,13.97,-1.076,-0.6051,20490.0
44.45,14.04,-1.142,-0.6241,20500.0
44.5,14.11,-1.208,-0.6431,20500.0
44.55,13.98,-1.152,-0.8299,20490.0
44.6,13.84,-1.097,-1.017,20470.0
44.65,13.75,-1.029,-0.9134,20460.0
44.7,13.67,-0.9606,-0.8102,20460.0
44.75,13.65,-1.099,-0.6769,20450.0
44.8,13.62,-1.236,-0.5436,20420.0
44.85,13.86,-1.336,-0.5802,20400.0
44.9,14.1,-1.436,-0.6168,20400.0
44.95,13.95,-1.476,-0.5902,20410.0
45.0,13.79,-1.517,-0.5636,20400.0
45.05,13.82,-1.588,-0.5994,20390.0
45.1,13.85,-1.659,-0.6353,20380.0
45.15,13.87,-1.56,-0.5493,20390.0
45.2,13.89,-1.461,-0.4634,20390.0
45.25,13.83,-1.509,-0.3046,20370.0
45.3,13.76,-1.556,-0.1458,20350.0
45.35,13.67,-1.348,-0.06597,20350.0
45.4,13.58,-1.139,0.0139,20370.0
45.45,13.58,-0.9389,-0.113,20380.0
45.5,13.57,-0.7384,-0.24,20370.0
45.55,13.63,-0.6962,-0.3773,20350.0
45.6,13.69,-0.6541,-0.5146,20340.0
45.65,13.82,-0.7619,-0.5888,20330.0
45.7,13.96,-0.8698,-0.6631,20310.0
45.75,13.99,-0.7826,-0.626,20290.0
45.8,14.03,-0.6955,-0.589,20290.0
45.85,14.01,-0.7673,-0.7152,20310.0
45.9,13.99,-0.8392,-0.8414,20320.0
45.95,13.92,-0.8282,-0.9329,20290.0
46.0,13.86,-0.8173,-1.025,20250.0
46.05,13.71,-0.6335,-0.7132,20230.0
46.1,13.57,-0.4498,-0.4019,20230.0
46.15,13.75,-0.41,-0.1994,20230.0
46.2,13.93,-0.3702,0.00317,20220.0
46.25,13.85,-0.5352,-0.1136,20220.0
46.3,13.78,-0.7002,-0.2305,20230.0
46.35,13.77,-0.7436,-0.3635,20250.0
46.4,13.77,-0.787,-0.4965,20230.0
46.45,13.72,-0.8077,-0.3628,20190.0
46.5,13.67,-0.8284,-0.229,20160.0
46.55,13.61,-0.8525,-0.4241,20160.0
46.6,13.56,-0.8766,-0.6192,20160.0
46.65,13.58,-0.8326,-0.4131,20140.0
46.7,13.6,-0.7886,-0.2071,20110.0
46.75,13.74,-0.789,-0.2731,20110.0
46.8,13.88,-0.7894,-0.3392,20120.0
46.85,13.85,-0.8234,-0.1569,20130.0
46.9,13.82,-0.8575,0.02536,20120.0
46.95,14.01,-0.6704,-0.005243,20130.0
47.0,14.19,-0.4833,-0.03585,20140.0
47.05,14.13,-0.4618,-0.1905,20150.0
47.1,14.08,-0.4403,-0.3451,20130.0
47.15,14.11,-0.6539,-0.3253,20100.0
47.2,14.15,-0.8674,-0.3056,20080.0
47.25,14.15,-0.781,-0.2773,20060.0
47.3,14.15,-0.6947,-0.249,20030.0
47.35,13.9,-0.5997,-0.2349,20010.0
47.4,13.64,-0.5048,-0.2207,20020.0
47.45,13.6,-0.5434,-0.3172,20040.0
47.5,13.55,-0.582,-0.4136,20070.0
47.55,13.56,-0.3879,-0.5487,20080.0
47.6,13.57,-0.1939,-0.6838,20070.0
47.65,13.51,-0.2597,-0.6027,20060.0
47.7,13.46,-0.3256,-0.5216,20050.0
47.75,13.65,-0.3029,-0.5049,20030.0
47.8,13.85,-0.2803,-0.4882,20000.0
47.85,13.85,-0.1994,-0.2898,19980.0
47.9,13.86,-0.1186,-0.09145,19960.0
47.95,13.96,0.03025,-0.1788,19950.0
48.0,14.06,0.1791,-0.2661,19920.0
48.05,14.15,0.2719,-0.3913,19900.0
48.1,14.23,0.3646,-0.5165,19890.0
48.15,14.14,0.3258,-0.4613,19900.0
48.2,14.04,0.287,-0.4061,19920.0
48.25,14.24,0.08101,-0.4725,19920.0
48.3,14.43,-0.125,-0.539,19920.0
48.35,14.37,-0.1284,-0.5003,19930.0
48.4,14.3,-0.1318,-0.4617,19920.0
48.45,14.19,-0.1475,-0.4843,19900.0
48.5,14.08,-0.1632,-0.507,19860.0
48.55,13.96,-0.1762,-0.4893,19810.0
48.6,13.84,-0.1891,-0.4717,19780.0
48.65,13.91,-0.1931,-0.407,19770.0
48.7,13.98,-0.1971,-0.3424,19760.0
48.75,13.94,-0.332,-0.1597,19760.0
48.8,13.9,-0.467,0.02292,19770.0
48.85,13.72,-0.5643,-0.06341,19790.0
48.9,13.53,-0.6616,-0.1497,19800.0
48.95,13.41,-0.5105,-0.003658,19790.0
49.0,13.29,-0.3595,0.1424,19780.0
49.05,13.27,-0.3107,0.3923,19770.0
49.1,13.24,-0.2619,0.6421,19750.0
49.15,13.35,-0.2482,0.7386,19720.0
49.2,13.46,-0.2345,0.835,19680.0
49.25,13.63,-0.3392,0.7944,19650.0
49.3,13.8,-0.4439,0.7538,19640.0
49.35,13.77,-0.6775,0.4824,19640.0
49.4,13.75,-0.9112,0.211,19620.0
49.45,13.73,-1.037,0.2363,19620.0
49.5,13.72,-1.162,0.2617,19630.0
49.55,13.74,-0.912,0.2675,19650.0
49.6,13.76,-0.662,0.2734,19640.0
49.65,13.7,-0.8676,0.234,19610.0
49.7,13.65,-1.073,0.1946,19580.0
49.75,13.55,-1.065,0.2401,19550.0
49.8,13.46,-1.057,0.2856,19540.0
49.85,13.37,-1.108,0.1085,19510.0
49.9,13.28,-1.158,-0.06853,19490.0
49.95,13.39,-1.326,0.009511,19480.0
50.0,13.51,-1.493,0.08755,19490.0
50.05,13.29,-1.463,0.0002439,19490.0
50.1,13.07,-1.434,-0.08706,19470.0
50.15,13.0,-1.37,-0.3826,19430.0
50.2,12.93,-1.305,-0.6782,19400.0
50.25,12.72,-1.077,-0.9005,19380.0
50.3,12.51,-0.8479,-1.123,19360.0
50.35,12.59,-0.9652,-1.233,19350.0
50.4,12.67,-1.082,-1.343,19360.0
50.45,12.6,-1.087,-1.064,19380.0
50.5,12.53,-1.092,-0.7841,19410.0
50.55,12.38,-1.015,-0.6571,19400.0
50.6,12.24,-0.9371,-0.5302,19360.0
50.65,12.15,-0.9251,-0.6802,19300.0
50.7,12.07,-0.9132,-0.8302,19250.0
50.75,12.04,-0.987,-0.8288,19220.0
50.8,12.01,-1.061,-0.8275,19170.0
50.85,12.0,-1.109,-0.8554,19150.0
50.9,11.98,-1.158,-0.8833,19170.0
50.95,12.01,-1.281,-0.8828,19220.0
51.0,12.04,-1.404,-0.8823,19270.0
51.05,12.11,-1.504,-0.935,19290.0
51.1,12.18,-1.605,-0.9877,19290.0
51.15,12.05,-1.746,-0.9193,19290.0
51.2,11.91,-1.887,-0.8509,19260.0
51.25,11.85,-1.823,-0.803,19180.0
51.3,11.78,-1.759,-0.755,19100.0
51.35,11.86,-1.915,-1.017,19050.0
51.4,11.93,-2.072,-1.279,19030.0
51.45,11.9,-1.941,-1.267,19030.0
51.5,11.86,-1.811,-1.255,19050.0
51.55,11.76,-1.691,-1.344,19070.0
51.6,11.65,-1.572,-1.432,19120.0
51.65,11.71,-1.418,-1.449,19160.0
51.7,11.77,-1.265,-1.467,19160.0
51.75,11.96,-1.079,-1.247,19100.0
51.8,12.15,-0.8933,-1.027,19040.0
51.85,12.24,-0.9544,-0.8964,18990.0
51.9,12.33,-1.016,-0.7655,18960.0
51.95,12.3,-0.8796,-0.6168,18930.0
52.0,12.27,-0.7436,-0.468,18910.0
52.05,12.14,-0.5788,-0.3003,18920.0
52.1,12.0,-0.414,-0.1327,18950.0
52.15,12.02,-0.589,-0.2627,18980.0
52.2,12.04,-0.7639,-0.3926,18950.0
52.25,12.01,-0.8201,-0.4421,18910.0
52.3,11.98,-0.8762,-0.4917,18880.0
52.35,11.84,-0.8656,-0.4193,18870.0
52.4,11.71,-0.8551,-0.347,18860.0
52.45,11.64,-1.053,-0.5076,18830.0
52.5,11.58,-1.25,-0.6682,18820.0
52.55,11.66,-1.246,-0.7133,18840.0
52.6,11.74,-1.242,-0.7585,18870.0
52.65,11.71,-1.527,-0.6697,18870.0
52.7,11.68,-1.812,-0.5809,18830.0
52.75,11.68,-1.753,-0.4693,18800.0
52.8,11.68,-1.693,-0.3578,18780.0
52.85,11.62,-1.554,-0.4492,18770.0
52.9,11.57,-1.416,-0.5407,18720.0
52.95,11.64,-1.265,-0.7282,18680.0
53.0,11.72,-1.114,-0.9158,18680.0
53.05,11.69,-1.134,-0.8278,18710.0
53.1,11.67,-1.155,-0.7399,18740.0
53.15,11.84,-1.03,-0.6769,18750.0
53.2,12.01,-0.9056,-0.6138,18750.0
53.25,12.02,-0.6682,-0.6989,18750.0
53.3,12.02,-0.4307,-0.7841,18740.0
53.35,11.92,-0.4817,-0.8011,18720.0
53.4,11.82,-0.5326,-0.8182,18680.0
53.45,11.88,-0.7432,-0.6632,18630.0
53.5,11.93,-0.9538,-0.5082,18620.0
53.55,11.66,-0.9552,-0.3706,18610.0
53.6,11.4,-0.9566,-0.2329,18600.0
53.65,11.36,-1.024,-0.3663,18590.0
53.7,11.32,-1.091,-0.4997,18600.0
53.75,11.29,-1.103,-0.7265,18630.0
53.8,11.25,-1.115,-0.9533,18640.0
53.85,11.29,-1.125,-0.8859,18620.0
53.9,11.32,-1.135,-0.8184,18590.0
53.95,11.3,-1.067,-0.8638,18570.0
54.0,11.29,-0.9992,-0.9092,18560.0
54.05,11.21,-0.9216,-1.008,18530.0
54.1,11.14,-0.8439,-1.106,18490.0
54.15,11.04,-0.9253,-1.182,18480.0
54.2,10.93,-1.007,-1.257,18490.0
54.25,11.0,-0.9508,-1.226,18500.0
54.3,11.07,-0.8949,-1.196,18480.0
54.35,11.1,-0.9831,-1.056,18450.0
54.4,11.13,-1.071,-0.9167,18430.0
54.45,11.11,-1.161,-0.8989,18440.0
54.5,11.1,-1.252,-0.8811,18450.0
54.55,11.31,-1.137,-0.7927,18430.0
54.6,11.52,-1.023,-0.7043,18420.0
54.65,11.54,-1.027,-0.6863,18430.0
54.7,11.57,-1.031,-0.6682,18430.0
54.75,11.72,-1.162,-0.6903,18410.0
54.8,11.88,-1.293,-0.7124,18360.0
54.85,11.76,-1.124,-0.7863,18330.0
54.9,11.64,-0.9538,-0.8601,18340.0
54.95,11.67,-0.9321,-0.845,18360.0
55.0,11.69,-0.9104,-0.8299,18340.0
55.05,11.73,-0.8149,-0.8323,18320.0
55.1,11.77,-0.7193,-0.8348,18310.0
55.15,11.81,-0.5247,-0.7889,18330.0
55.2,11.85,-0.33,-0.7431,18340.0
55.25,11.88,-0.2422,-0.6938,18330.0
55.3,11.91,-0.1545,-0.6446,18330.0
55.35,12.02,-0.1738,-0.5347,18350.0
55.4,12.12,-0.1931,-0.4248,18350.0
55.45,12.11,-0.1133,-0.5532,18330.0
55.5,12.1,-0.03344,-0.6816,18290.0
55.55,12.2,-0.1588,-0.6397,18260.0
55.6,12.31,-0.2842,-0.5977,18250.0
55.65,12.24,-0.1813,-0.5658,18260.0
55.7,12.18,-0.07842,-0.5338,18240.0
55.75,12.06,-0.1172,-0.5764,18220.0
55.8,11.94,-0.156,-0.619,18220.0
55.85,11.94,-0.2402,-0.6469,18240.0
55.9,11.94,-0.3244,-0.6748,18250.0
55.95,11.77,-0.2918,-0.7452,18240.0
56.0,11.6,-0.2592,-0.8155,18220.0
56.05,11.62,-0.2912,-0.889,18220.0
56.1,11.65,-0.3232,-0.9626,18220.0
56.15,11.63,-0.3531,-0.8131,18200.0
56.2,11.6,-0.383,-0.6636,18160.0
56.25,11.71,-0.09853,-0.79,18130.0
56.3,11.82,0.1859,-0.9165,18130.0
56.35,11.96,0.1957,-1.088,18130.0
56.4,12.1,0.2054,-1.259,18120.0
56.45,12.17,0.2705,-1.171,18100.0
56.5,12.23,0.3356,-1.083,18090.0
56.55,12.26,0.4472,-0.8786,18110.0
56.6,12.28,0.5589,-0.6738,18120.0
56.65,12.13,0.384,-0.6152,18090.0
56.7,11.98,0.209,-0.5565,18060.0
56.75,11.99,-0.0215,-0.384,18070.0
56.8,11.99,-0.252,-0.2114,18100.0
56.85,12.01,-0.2418,-0.07645,18110.0
56.9,12.03,-0.2317,0.05853,18100.0
56.95,12.01,-0.1278,-0.006463,18090.0
57.0,11.99,-0.02388,-0.07146,18100.0
57.05,12.15,0.07146,-0.09475,18100.0
57.1,12.3,0.1668,-0.118,18060.0
57.15,12.26,-0.01473,-0.2606,18010.0
57.2,12.22,-0.1963,-0.4031,17990.0
57.25,12.33,-0.1592,-0.5213,18030.0
57.3,12.43,-0.1222,-0.6394,18070.0
57.35,12.33,-0.239,-0.6409,18100.0
57.4,12.22,-0.3559,-0.6424,18110.0
57.45,12.45,-0.3141,-0.7121,18130.0
57.5,12.67,-0.2723,-0.7819,18150.0
57.55,12.8,-0.1915,-0.7355,18140.0
57.6,12.93,-0.1107,-0.6892,18100.0
57.65,12.82,-0.2178,-0.558,18070.0
57.7,12.7,-0.3248,-0.4268,18070.0
57.75,12.8,-0.3818,-0.5396,18080.0
57.8,12.89,-0.4387,-0.6524,18080.0
57.85,13.19,-0.3764,-0.5815,18070.0
57.9,13.49,-0.3141,-0.5107,18050.0
57.95,13.56,-0.4134,-0.752,18040.0
58.0,13.64,-0.5127,-0.9933,18050.0
58.05,13.77,-0.8298,-0.899,18040.0
58.1,13.9,-1.147,-0.8048,18030.0
58.15,14.04,-1.156,-0.6344,18040.0
58.2,14.17,-1.164,-0.4641,18080.0
58.25,14.2,-1.155,-0.2306,18100.0
58.3,14.23,-1.145,0.002927,18090.0
58.35,14.26,-1.222,-0.1158,18050.0
58.4,14.28,-1.299,-0.2346,18020.0
58.45,14.15,-1.25,-0.1129,18010.0
58.5,14.01,-1.201,0.00878,17980.0
58.55,14.04,-1.252,-0.01488,17940.0
58.6,14.07,-1.303,-0.03853,17920.0
58.65,14.37,-1.144,-0.1155,17930.0
58.7,14.67,-0.9853,-0.1924,17950.0
58.75,14.64,-1.125,-0.1478,17960.0
58.8,14.61,-1.264,-0.1032,17960.0
58.85,14.57,-1.329,-0.2267,17980.0
58.9,14.53,-1.395,-0.3502,18010.0
58.95,14.41,-1.339,-0.3837,18040.0
59.0,14.29,-1.283,-0.4173,18040.0
59.05,14.28,-1.191,-0.2948,18010.0
59.1,14.28,-1.099,-0.1724,17970.0
59.15,14.26,-1.155,-0.1707,17940.0
59.2,14.25,-1.211,-0.169,17910.0
59.25,14.23,-1.144,-0.242,17870.0
59.3,14.22,-1.077,-0.3151,17860.0
59.35,14.24,-1.254,-0.2146,17870.0
59.4,14.25,-1.432,-0.1141,17920.0
59.45,14.11,-1.36,-0.2539,17970.0
59.5,13.97,-1.289,-0.3936,18000.0
59.55,13.74,-1.354,-0.4258,18030.0
59.6,13.5,-1.42,-0.458,18040.0
59.65,13.31,-1.412,-0.3574,18030.0
59.7,13.13,-1.404,-0.2568,17990.0
59.75,13.17,-1.231,-0.3274,17940.0
59.8,13.22,-1.058,-0.398,17890.0
59.85,13.32,-0.9644,-0.3928,17860.0
59.9,13.41,-0.8706,-0.3875,17860.0
59.95,13.4,-0.5625,-0.4347,17870.0
60.0,13.38,-0.2544,-0.4819,17890.0
60.05,13.53,-0.3388,-0.3558,17920.0
60.1,13.68,-0.4232,-0.2297,17960.0
60.15,13.7,-0.3515,-0.1897,17980.0
60.2,13.73,-0.2799,-0.1497,17970.0
60.25,13.75,-0.4248,-0.2286,17940.0
60.3,13.78,-0.5697,-0.3075,17890.0
60.35,13.72,-0.6732,-0.1541,17860.0
60.4,13.66,-0.7767,-0.0007316,17830.0
60.45,13.56,-0.9839,0.1284,17810.0
60.5,13.47,-1.191,0.2575,17800.0
60.55,13.34,-1.22,0.191,17820.0
60.6,13.21,-1.25,0.1244,17860.0
60.65,13.19,-1.274,-0.07865,17890.0
60.7,13.17,-1.299,-0.2817,17900.0
60.75,13.32,-1.252,-0.3402,17890.0
60.8,13.48,-1.205,-0.3987,17890.0
60.85,13.51,-1.178,-0.4579,17860.0
60.9,13.54,-1.151,-0.517,17800.0
60.95,13.57,-1.182,-0.3654,17750.0
61.0,13.6,-1.213,-0.2139,17720.0
61.05,13.56,-1.063,-0.1889,17730.0
61.1,13.51,-0.9132,-0.1639,17750.0
61.15,13.48,-0.8812,0.04743,17790.0
61.2,13.46,-0.8491,0.2588,17840.0
61.25,13.35,-0.8563,0.2257,17900.0
61.3,13.25,-0.8634,0.1927,17930.0
61.35,13.45,-0.9502,0.2544,17920.0
61.4,13.65,-1.037,0.3161,17870.0
61.45,13.75,-1.007,0.1814,17810.0
61.5,13.84,-0.9773,0.04682,17760.0
61.55,13.8,-0.9407,0.1208,17730.0
61.6,13.77,-0.904,0.1949,17710.0
61.65,13.74,-0.8953,0.1578,17720.0
61.7,13.7,-0.8865,0.1207,17770.0
61.75,13.71,-0.9602,0.2267,17850.0
61.8,13.71,-1.034,0.3326,17910.0
61.85,13.69,-1.21,0.1756,17930.0
61.9,13.66,-1.386,0.01853,17930.0
61.95,13.5,-1.317,-0.02707,17910.0
62.0,13.33,-1.248,-0.07267,17870.0
62.05,13.19,-1.061,0.05926,17800.0
62.1,13.06,-0.8746,0.1912,17740.0
62.15,13.21,-0.9904,0.2908,17700.0
62.2,13.36,-1.106,0.3904,17710.0
62.25,13.6,-1.061,0.3903,17750.0
62.3,13.83,-1.016,0.3902,17810.0
62.35,13.82,-0.9763,0.3773,17860.0
62.4,13.82,-0.9371,0.3644,17890.0
62.45,13.82,-0.879,0.2957,17890.0
62.5,13.82,-0.8208,0.227,17860.0
62.55,13.87,-0.7227,0.2123,17800.0
62.6,13.91,-0.6246,0.1975,17740.0
62.65,13.63,-0.5468,0.03719,17710.0
62.7,13.35,-0.4689,-0.1232,17720.0
62.75,13.26,-0.4974,-0.07267,17740.0
62.8,13.18,-0.5259,-0.02219,17780.0
62.85,13.08,-0.4948,-0.03219,17820.0
62.9,12.97,-0.4638,-0.04219,17840.0
62.95,13.01,-0.3467,-0.05243,17850.0
63.0,13.05,-0.2297,-0.06268,17820.0
63.05,12.92,-0.4285,0.06329,17790.0
63.1,12.78,-0.6274,0.1892,17750.0
63.15,12.73,-0.5547,0.3709,17730.0
63.2,12.69,-0.4821,0.5526,17730.0
63.25,12.63,-0.6123,0.4787,17740.0
63.3,12.57,-0.7424,0.4048,17770.0
63.35,12.72,-0.8306,0.3307,17820.0
63.4,12.87,-0.9188,0.2566,17850.0
63.45,12.78,-0.8427,0.06121,17870.0
63.5,12.69,-0.7667,-0.1341,17870.0
63.55,12.72,-0.5699,-0.09292,17860.0
63.6,12.76,-0.373,-0.0517,17840.0
63.65,12.66,-0.3296,0.09962,17790.0
63.7,12.56,-0.2862,0.2509,17750.0
63.75,12.48,-0.4894,0.3313,17720.0
63.8,12.39,-0.6927,0.4117,17710.0
63.85,12.31,-0.7532,0.3848,17730.0
63.9,12.23,-0.8137,0.358,17770.0
63.95,12.01,-0.799,0.3368,17810.0
64.0,11.8,-0.7842,0.3156,17840.0
64.05,11.81,-0.8909,0.4875,17860.0
64.1,11.82,-0.9976,0.6594,17860.0
64.15,11.83,-0.8276,0.6469,17840.0
64.2,11.84,-0.6576,0.6343,17800.0
64.25,11.77,-0.544,0.5031,17760.0
64.3,11.7,-0.4303,0.3719,17720.0
64.35,11.58,-0.4425,0.2617,17700.0
64.4,11.46,-0.4546,0.1514,17680.0
64.45,11.64,-0.5456,0.128,17670.0
64.5,11.82,-0.6365,0.1046,17700.0
64.55,11.62,-0.5589,0.0745,17750.0
64.6,11.42,-0.4813,0.04439,17780.0
64.65,11.57,-0.4152,0.0656,17800.0
64.7,11.72,-0.3491,0.08682,17810.0
64.75,11.74,-0.1682,0.05012,17800.0
64.8,11.76,0.01274,0.01341,17780.0
64.85,11.94,0.0824,0.06182,17740.0
64.9,12.13,0.1521,0.1102,17700.0
64.95,12.13,0.2888,0.2,17680.0
65.0,12.14,0.4256,0.2897,17690.0
65.05,12.02,0.4725,0.104,17710.0
65.1,11.9,0.5195,-0.0817,17720.0
65.15,11.82,0.5697,-0.1129,17730.0
65.2,11.74,0.6198,-0.1441,17770.0
65.25,11.74,0.3499,-0.1949,17810.0
65.3,11.74,0.08001,-0.2456,17820.0
65.35,11.92,0.09116,-0.2107,17810.0
65.4,12.1,0.1023,-0.1758,17790.0
65.45,11.99,0.02787,-0.0489,17790.0
65.5,11.88,-0.04658,0.07804,17780.0
65.55,11.84,-0.1073,0.1503,17760.0
65.6,11.79,-0.168,0.2227,17740.0
65.65,11.63,-0.06349,0.2509,17750.0
65.7,11.46,0.041,0.2792,17780.0
65.75,11.34,-0.06389,0.2767,17800.0
65.8,11.22,-0.1688,0.2741,17790.0
65.85,11.26,-0.1809,0.5481,17780.0
65.9,11.3,-0.1931,0.8221,17780.0
65.95,11.26,-0.1069,0.722,17790.0
66.0,11.22,-0.0207,0.6219,17780.0
66.05,11.02,-0.07524,0.4514,17760.0
66.1,10.82,-0.1298,0.2809,17750.0
66.15,10.85,-0.1188,0.2418,17780.0
66.2,10.88,-0.1079,0.2027,17800.0
66.25,11.12,-0.1252,-0.121,17810.0
66.3,11.36,-0.1425,-0.4446,17800.0
66.35,11.25,-0.12,-0.4898,17790.0
66.4,11.14,-0.09753,-0.5351,17790.0
66.45,11.04,-0.1557,-0.38,17780.0
66.5,10.93,-0.2138,-0.2249,17740.0
66.55,10.95,-0.165,-0.2429,17720.0
66.6,10.97,-0.1162,-0.2609,17730.0
66.65,11.14,-0.1767,-0.2601,17760.0
66.7,11.31,-0.2373,-0.2592,17780.0
66.75,11.16,-0.448,-0.3647,17800.0
66.8,11.02,-0.6588,-0.4702,17810.0
66.85,11.08,-0.5742,-0.4452,17840.0
66.9,11.13,-0.4896,-0.4202,17850.0
66.95,11.18,-0.4238,-0.3851,17830.0
67.0,11.23,-0.3579,-0.35,17800.0
67.05,11.33,-0.367,-0.3417,17780.0
67.1,11.44,-0.3762,-0.3334,17770.0
67.15,11.38,-0.134,-0.2857,17760.0
67.2,11.32,0.1083,-0.238,17740.0
67.25,11.42,0.2992,-0.2417,17740.0
67.3,11.53,0.49,-0.2453,17770.0
67.35,11.53,0.2683,-0.3952,17820.0
67.4,11.53,0.04658,-0.5451,17870.0
67.45,11.47,0.02289,-0.5896,17900.0
67.5,11.41,-0.0007962,-0.6341,17910.0
67.55,11.22,0.1861,-0.5942,17910.0
67.6,11.03,0.373,-0.5543,17880.0
67.65,11.16,0.4906,-0.6981,17850.0
67.7,11.28,0.6083,-0.8419,17830.0
67.75,11.57,0.4994,-0.82,17830.0
67.8,11.87,0.3905,-0.7982,17850.0
67.85,11.91,0.3565,-0.757,17870.0
67.9,11.95,0.3224,-0.7158,17870.0
67.95,11.97,0.5153,-0.5627,17870.0
68.0,11.98,0.7082,-0.4097,17860.0
68.05,12.19,0.627,-0.2783,17850.0
68.1,12.39,0.5458,-0.1468,17860.0
68.15,12.37,0.6162,-0.2203,17880.0
68.2,12.35,0.6867,-0.2939,17910.0
68.25,12.43,0.9036,-0.1177,17940.0
68.3,12.51,1.121,0.05853,17970.0
68.35,12.62,1.226,0.007194,17980.0
68.4,12.73,1.331,-0.04414,17960.0
68.45,12.72,1.381,-0.02024,17930.0
68.5,12.71,1.431,0.003658,17890.0
68.55,12.83,1.286,-0.06938,17870.0
68.6,12.95,1.141,-0.1424,17850.0
68.65,13.08,1.084,-0.1842,17850.0
68.7,13.21,1.028,-0.2261,17870.0
68.75,13.25,1.068,0.01427,17890.0
68.8,13.3,1.109,0.2546,17920.0
68.85,13.15,1.1,0.0695,17950.0
68.9,13.01,1.091,-0.1156,17980.0
68.95,13.1,1.167,-0.159,18000.0
69.0,13.18,1.242,-0.2024,18020.0
69.05,13.08,1.303,-0.2455,18020.0
69.1,12.97,1.363,-0.2885,18020.0
69.15,12.92,1.276,-0.422,18010.0
69.2,12.87,1.189,-0.5555,17990.0
69.25,12.64,1.033,-0.3319,17970.0
69.3,12.41,0.8762,-0.1083,17960.0
69.35,12.59,0.8875,-0.1491,17950.0
69.4,12.76,0.8989,-0.19,17950.0
69.45,13.07,0.8338,-0.3053,17980.0
69.5,13.38,0.7687,-0.4207,18020.0
69.55,13.36,0.6966,-0.2558,18080.0
69.6,13.34,0.6246,-0.09097,18120.0
69.65,13.28,0.498,0.01756,18140.0
69.7,13.23,0.3714,0.1261,18140.0
69.75,13.2,0.3816,-0.02841,18130.0
69.8,13.17,0.3917,-0.1829,18110.0
69.85,13.16,0.3857,-0.08572,18090.0
69.9,13.15,0.3798,0.01146,18080.0
69.95,13.11,0.4136,-0.1349,18090.0
70.0,13.08,0.4474,-0.2812,18100.0
70.05,13.17,0.5018,-0.215,18110.0
70.1,13.27,0.5561,-0.1488,18110.0
70.15,13.3,0.4037,-0.2203,18100.0
70.2,13.32,0.2512,-0.2919,18080.0
70.25,13.22,-0.0207,-0.203,18080.0
70.3,13.11,-0.2926,-0.1141,18100.0
70.35,13.31,-0.3527,-0.1038,18140.0
70.4,13.5,-0.4128,-0.0934,18190.0
70.45,13.55,-0.3497,0.04658,18260.0
70.5,13.6,-0.2866,0.1866,18310.0
70.55,13.64,-0.2321,0.308,18300.0
70.6,13.67,-0.1775,0.4295,18250.0
70.65,13.81,-0.0822,0.3313,18190.0
70.7,13.94,0.01314,0.2331,18120.0
70.75,14.07,0.1797,0.3189,18060.0
70.8,14.2,0.3463,0.4046,18030.0
70.85,13.98,0.5121,0.3573,18040.0
70.9,13.75,0.6779,0.31,18110.0
70.95,13.81,0.825,0.2166,18220.0
71.0,13.87,0.9721,0.1232,18310.0
71.05,13.86,1.224,0.0328,18360.0
71.1,13.85,1.475,-0.05755,18390.0
71.15,13.85,1.273,-0.02829,18380.0
71.2,13.85,1.072,0.0009755,18350.0
71.25,13.89,1.133,-0.09389,18300.0
71.3,13.93,1.193,-0.1888,18270.0
71.35,13.92,1.178,-0.119,18250.0
71.4,13.92,1.163,-0.04926,18240.0
71.45,13.93,1.065,-0.0239,18240.0
71.5,13.95,0.9677,0.001463,18250.0
71.55,13.89,1.168,-0.183,18270.0
71.6,13.82,1.369,-0.3675,18310.0
71.65,13.77,1.199,-0.2822,18360.0
71.7,13.73,1.029,-0.1968,18410.0
71.75,13.79,0.7755,-0.09304,18440.0
71.8,13.86,0.5215,0.01073,18470.0
71.85,13.87,0.8274,0.1193,18470.0
71.9,13.88,1.133,0.2278,18460.0
71.95,13.97,1.246,0.09414,18440.0
72.0,14.06,1.359,-0.03951,18420.0
72.05,14.13,1.232,-0.00817,18410.0
72.1,14.2,1.105,0.02317,18410.0
72.15,14.06,0.9031,0.05121,18410.0
72.2,13.92,0.7006,0.07926,18420.0
72.25,13.77,0.6658,-0.1343,18430.0
72.3,13.62,0.631,-0.3478,18430.0
72.35,13.61,0.6734,-0.4512,18450.0
72.4,13.59,0.7158,-0.5546,18490.0
72.45,13.55,0.8441,-0.3951,18530.0
72.5,13.51,0.9725,-0.2356,18570.0
72.55,13.53,0.9325,-0.2585,18600.0
72.6,13.54,0.8925,-0.2814,18640.0
72.65,13.56,0.6964,-0.2919,18650.0
72.7,13.58,0.5004,-0.3024,18630.0
72.75,13.65,0.3828,-0.3262,18590.0
72.8,13.72,0.2651,-0.35,18560.0
72.85,13.78,0.4094,-0.1105,18540.0
72.9,13.84,0.5537,0.129,18530.0
72.95,13.86,0.6572,-0.06658,18520.0
73.0,13.88,0.7607,-0.2622,18530.0
73.05,13.84,0.7233,-0.2068,18570.0
73.1,13.8,0.6859,-0.1514,18630.0
73.15,13.98,0.5099,-0.1207,18690.0
73.2,14.15,0.334,-0.08999,18730.0
73.25,14.09,0.4164,-0.1234,18760.0
73.3,14.02,0.4988,-0.1568,18780.0
73.35,14.16,0.5113,-0.1266,18780.0
73.4,14.3,0.5239,-0.09633,18750.0
73.45,14.35,0.7765,-0.0467,18710.0
73.5,14.41,1.029,0.002927,18670.0
73.55,14.36,0.9829,-0.1493,18640.0
73.6,14.32,0.9367,-0.3014,18630.0
73.65,14.36,0.7828,-0.3703,18640.0
73.7,14.4,0.629,-0.4392,18680.0
73.75,14.54,0.7237,-0.3891,18740.0
73.8,14.67,0.8185,-0.339,18800.0
73.85,14.7,0.7412,-0.2485,18840.0
73.9,14.74,0.664,-0.158,18870.0
73.95,14.62,0.7581,0.006829,18880.0
74.0,14.5,0.8523,0.1717,18880.0
74.05,14.66,0.6821,0.2033,18850.0
74.1,14.81,0.5119,0.2349,18800.0
74.15,14.75,0.5649,0.2533,18760.0
74.2,14.69,0.6178,0.2717,18750.0
74.25,14.75,0.5036,0.4078,18760.0
74.3,14.82,0.3893,0.5438,18770.0
74.35,14.84,0.5653,0.3436,18780.0
74.4,14.86,0.7412,0.1434,18820.0
74.45,14.66,0.9281,0.1284,18870.0
74.5,14.47,1.115,0.1134,18910.0
74.55,14.51,1.354,-0.08914,18940.0
74.6,14.55,1.592,-0.2917,18960.0
74.65,14.45,1.693,-0.2958,18970.0
74.7,14.34,1.794,-0.3,18970.0
74.75,14.32,1.855,-0.5047,18960.0
74.8,14.31,1.916,-0.7094,18920.0
74.85,14.35,2.016,-0.7096,18880.0
74.9,14.38,2.117,-0.7097,18850.0
74.95,14.32,2.077,-0.6249,18830.0
75.0,14.25,2.037,-0.5402,18840.0
75.05,14.09,2.136,-0.6215,18870.0
75.1,13.93,2.236,-0.7028,18920.0
75.15,13.87,2.057,-0.6353,18990.0
75.2,13.82,1.879,-0.5677,19030.0
75.25,13.67,1.919,-0.4679,19030.0
75.3,13.52,1.959,-0.368,19010.0
75.35,13.39,2.25,-0.1425,18970.0
75.4,13.27,2.54,0.08292,18950.0
75.45,13.4,2.495,0.04841,18940.0
75.5,13.53,2.45,0.0139,18940.0
75.55,13.52,2.477,0.04853,18950.0
75.6,13.51,2.504,0.08316,18970.0
75.65,13.43,2.442,-0.0378,18970.0
75.7,13.36,2.38,-0.1588,18970.0
75.75,13.27,2.149,-0.1557,18970.0
75.8,13.18,1.918,-0.1527,18960.0
75.85,13.15,1.818,-0.07267,18960.0
75.9,13.12,1.718,0.007316,18990.0
75.95,12.97,1.403,0.1447,19020.0
76.0,12.83,1.088,0.2822,19060.0
76.05,12.85,1.103,0.2594,19080.0
76.1,12.87,1.117,0.2366,19090.0
76.15,12.94,1.132,0.3278,19070.0
76.2,13.0,1.146,0.419,19050.0
76.25,13.02,1.194,0.2937,19020.0
76.3,13.05,1.243,0.1685,18990.0
76.35,13.17,1.095,0.1254,18970.0
76.4,13.29,0.9462,0.08219,18980.0
76.45,13.39,0.945,0.3107,19000.0
76.5,13.5,0.9439,0.5392,19020.0
76.55,13.66,0.9938,0.345,19050.0
76.6,13.83,1.044,0.1507,19090.0
76.65,13.92,0.9994,0.1622,19120.0
76.7,14.02,0.955,0.1736,19130.0
76.75,13.96,1.028,0.2374,19120.0
76.8,13.91,1.101,0.3012,19090.0
76.85,13.67,1.089,0.05938,19070.0
76.9,13.44,1.076,-0.1824,19050.0
76.95,13.48,1.038,-0.09975,19010.0
77.0,13.52,1.001,-0.01707,18980.0
77.05,13.56,1.026,-0.06243,18980.0
77.1,13.59,1.052,-0.1078,19000.0
77.15,13.65,0.8859,-0.2623,19030.0
77.2,13.71,0.7201,-0.4168,19070.0
77.25,13.75,0.7731,-0.2792,19100.0
77.3,13.79,0.826,-0.1417,19130.0
77.35,13.73,0.9733,-0.003414,19140.0
77.4,13.68,1.121,0.1349,19130.0
77.45,13.78,1.095,0.1661,19090.0
77.5,13.89,1.069,0.1973,19040.0
77.55,14.05,0.9685,0.07487,19010.0
77.6,14.22,0.8678,-0.04756,19010.0
77.65,14.07,0.8276,0.03756,19010.0
77.7,13.91,0.7874,0.1227,19010.0
77.75,13.96,0.7508,0.0817,19040.0
77.8,14.01,0.7142,0.04073,19080.0
77.85,14.03,0.6063,0.09218,19100.0
77.9,14.05,0.4984,0.1436,19110.0
77.95,13.98,0.4234,0.114,19100.0
78.0,13.92,0.3483,0.08438,19090.0
78.05,14.03,0.5293,-0.08414,19080.0
78.1,14.15,0.7102,-0.2527,19080.0
78.15,14.17,0.6481,-0.1236,19080.0
78.2,14.2,0.586,0.005365,19080.0
78.25,14.27,0.4795,0.06194,19090.0
78.3,14.35,0.373,0.1185,19110.0
78.35,14.34,0.4122,-0.0328,19120.0
78.4,14.34,0.4514,-0.1841,19120.0
78.45,14.43,0.3796,0.03902,19110.0
78.5,14.52,0.3077,0.2622,19110.0
78.55,14.42,-0.03364,0.2902,19110.0
78.6,14.31,-0.375,0.3183,19100.0
78.65,14.33,-0.4023,0.2311,19100.0
78.7,14.35,-0.4295,0.1439,19100.0
78.75,14.54,-0.3704,0.2212,19110.0
78.8,14.73,-0.3113,0.2985,19110.0
78.85,14.79,-0.3107,0.3287,19110.0
78.9,14.85,-0.3101,0.359,19120.0
78.95,14.88,-0.1425,0.3153,19140.0
79.0,14.92,0.02508,0.2717,19160.0
79.05,14.92,0.08877,0.02829,19150.0
79.1,14.93,0.1525,-0.2151,19120.0
79.15,14.93,0.1079,-0.0706,19090.0
79.2,14.92,0.0633,0.07389,19060.0
79.25,14.84,-0.06548,0.1061,19050.0
79.3,14.77,-0.1943,0.1383,19040.0
79.35,14.74,-0.2253,0.1479,19040.0
79.4,14.71,-0.2564,0.1575,19060.0
79.45,14.55,-0.1017,0.09133,19070.0
79.5,14.4,0.05295,0.02512,19060.0
79.55,14.28,0.1162,-0.1367,19060.0
79.6,14.15,0.1795,-0.2985,19070.0
79.65,13.94,0.2283,-0.3029,19080.0
79.7,13.73,0.2771,-0.3073,19090.0
79.75,13.62,0.09076,-0.2679,19090.0
79.8,13.51,-0.09554,-0.2285,19080.0
79.85,13.67,0.1075,-0.1068,19050.0
79.9,13.82,0.3105,0.01488,19030.0
79.95,14.01,0.3443,-0.203,19000.0
80.0,14.2,0.3782,-0.4209,18980.0
80.05,14.01,0.4309,-0.8838,18970.0
80.1,13.83,0.4837,-1.347,18990.0
80.15,13.84,0.5314,-1.267,19030.0
80.2,13.85,0.5792,-1.186,19080.0
80.25,13.85,0.4429,-1.03,19110.0
80.3,13.85,0.3065,-0.8733,19120.0
80.35,13.93,0.09634,-0.7711,19130.0
80.4,14.02,-0.1139,-0.669,19120.0
80.45,14.11,-0.05892,-0.5625,19100.0
80.5,14.21,-0.003981,-0.456,19050.0
80.55,14.48,0.04598,-0.6241,19010.0
80.6,14.76,0.09594,-0.7921,19000.0
80.65,14.79,-0.07683,-0.9173,19000.0
80.7,14.82,-0.2496,-1.043,19000.0
80.75,14.82,-0.3149,-1.027,19000.0
80.8,14.82,-0.3802,-1.012,19020.0
80.85,14.73,-0.3563,-0.8709,19040.0
80.9,14.63,-0.3324,-0.7299,19060.0
80.95,14.73,-0.242,-0.594,19050.0
81.0,14.83,-0.1517,-0.458,19030.0
81.05,14.8,-0.1471,-0.5794,19030.0
81.1,14.78,-0.1425,-0.7009,19020.0
81.15,14.91,-0.205,-0.8128,19000.0
81.2,15.04,-0.2675,-0.9248,18970.0
81.25,15.2,-0.2514,-1.013,18950.0
81.3,15.37,-0.2353,-1.102,18960.0
81.35,15.4,-0.2954,-1.214,18950.0
81.4,15.44,-0.3555,-1.326,18940.0
81.45,15.53,-0.1853,-1.45,18910.0
81.5,15.63,-0.01513,-1.574,18890.0
81.55,15.63,-0.03025,-1.603,18880.0
81.6,15.63,-0.04538,-1.631,18850.0
81.65,15.54,-0.06867,-1.492,18840.0
81.7,15.45,-0.09196,-1.354,18860.0
81.75,15.35,-0.06071,-1.222,18910.0
81.8,15.26,-0.02946,-1.091,18960.0
81.85,15.2,0.0613,-1.269,18970.0
81.9,15.14,0.1521,-1.447,18950.0
81.95,15.08,0.1202,-1.348,18920.0
82.0,15.02,0.08837,-1.249,18880.0
82.05,15.08,0.1481,-1.217,18840.0
82.1,15.14,0.2078,-1.185,18780.0
82.15,15.21,0.323,-0.9694,18760.0
82.2,15.28,0.4383,-0.7541,18770.0
82.25,15.43,0.3824,-0.9772,18800.0
82.3,15.57,0.3264,-1.2,18830.0
82.35,15.6,0.2914,-1.169,18860.0
82.4,15.62,0.2564,-1.138,18900.0
82.45,15.6,0.1845,-1.102,18950.0
82.5,15.57,0.1127,-1.067,18980.0
82.55,15.54,0.124,-1.024,18970.0
82.6,15.52,0.1353,-0.9804,18940.0
82.65,15.65,0.2086,-0.9907,18910.0
82.7,15.77,0.2818,-1.001,18860.0
82.75,15.91,0.07962,-1.151,18790.0
82.8,16.04,-0.1226,-1.302,18720.0
82.85,16.0,-0.1578,-1.254,18680.0
82.9,15.96,-0.1931,-1.206,18700.0
82.95,15.84,-0.07026,-1.129,18760.0
83.0,15.71,0.05255,-1.052,18830.0
83.05,15.62,-0.05135,-0.863,18900.0
83.1,15.53,-0.1553,-0.6736,18940.0
83.15,15.4,-0.1988,-0.7296,18950.0
83.2,15.27,-0.2424,-0.7855,18920.0
83.25,15.16,-0.09554,-0.817,18840.0
83.3,15.05,0.05135,-0.8484,18750.0
83.35,15.07,0.1865,-0.833,18670.0
83.4,15.1,0.3217,-0.8175,18640.0
83.45,15.2,0.2854,-0.9051,18630.0
83.5,15.29,0.2492,-0.9928,18640.0
83.55,15.34,0.01174,-0.9732,18660.0
83.6,15.38,-0.2257,-0.9536,18700.0
83.65,15.16,-0.2444,-0.9751,18740.0
83.7,14.93,-0.2631,-0.9967,18740.0
83.75,14.93,-0.2832,-0.806,18720.0
83.8,14.93,-0.3033,-0.6153,18700.0
83.85,14.8,-0.3427,-0.5559,18690.0
83.9,14.67,-0.3822,-0.4965,18690.0
83.95,14.58,-0.5637,-0.2581,18680.0
84.0,14.49,-0.7452,-0.01975,18680.0
84.05,14.59,-0.5366,-0.154,18680.0
84.1,14.7,-0.328,-0.2883,18680.0
84.15,14.57,-0.3294,-0.4013,18660.0
84.2,14.43,-0.3308,-0.5143,18620.0
84.25,14.39,-0.4186,-0.5762,18590.0
84.3,14.34,-0.5064,-0.638,18590.0
84.35,14.47,-0.6339,-0.6093,18610.0
84.4,14.6,-0.7615,-0.5807,18630.0
84.45,14.63,-0.8081,-0.4534,18660.0
84.5,14.67,-0.8547,-0.3261,18690.0
84.55,14.69,-1.045,-0.299,18720.0
84.6,14.7,-1.235,-0.2719,18730.0
84.65,14.68,-1.042,-0.3389,18720.0
84.7,14.66,-0.8483,-0.4058,18710.0
84.75,14.72,-0.7301,-0.2961,18700.0
84.8,14.78,-0.6119,-0.1863,18680.0
84.85,14.84,-0.7267,-0.2987,18630.0
84.9,14.89,-0.8415,-0.4112,18590.0
84.95,14.85,-0.6716,-0.383,18560.0
85.0,14.81,-0.5016,-0.3548,18550.0
85.05,14.94,-0.5273,-0.1405,18560.0
85.1,15.07,-0.5529,0.07389,18580.0
85.15,15.05,-0.5959,-0.07487,18610.0
85.2,15.04,-0.6389,-0.2236,18650.0
85.25,15.14,-0.7438,-0.09365,18680.0
85.3,15.25,-0.8487,0.03634,18700.0
85.35,15.04,-0.8346,0.02634,18680.0
85.4,14.84,-0.8204,0.01634,18630.0
85.45,15.06,-0.7536,-0.1818,18560.0
85.5,15.28,-0.6867,-0.38,18500.0
85.55,15.19,-0.6413,-0.5582,18450.0
85.6,15.1,-0.5959,-0.7365,18430.0
85.65,15.14,-0.3579,-0.4371,18440.0
85.7,15.17,-0.1198,-0.1378,18480.0
85.75,15.24,-0.009355,-0.24,18520.0
85.8,15.31,0.1011,-0.3422,18550.0
85.85,15.4,0.124,-0.5752,18560.0
85.9,15.49,0.1469,-0.8082,18560.0
85.95,15.41,0.2283,-0.6699,18550.0
86.0,15.33,0.3097,-0.5316,18530.0
86.05,15.18,0.3623,-0.5524,18500.0
86.1,15.03,0.4148,-0.5731,18480.0
86.15,15.23,0.3979,-0.6986,18470.0
86.2,15.44,0.381,-0.8241,18480.0
86.25,15.33,0.4142,-0.6644,18470.0
86.3,15.22,0.4474,-0.5048,18450.0
86.35,14.91,0.4992,-0.6301,18440.0
86.4,14.61,0.5509,-0.7553,18440.0
86.45,14.59,0.4996,-0.8163,18440.0
86.5,14.57,0.4482,-0.8772,18460.0
86.55,14.48,0.405,-0.6626,18480.0
86.6,14.39,0.3619,-0.448,18520.0
86.65,14.25,0.325,-0.4003,18550.0
86.7,14.11,0.2882,-0.3526,18560.0
86.75,14.18,0.1503,-0.2651,18530.0
86.8,14.25,0.01234,-0.1775,18490.0
86.85,14.28,-0.1656,-0.2085,18470.0
86.9,14.32,-0.3435,-0.2395,18450.0
86.95,14.37,-0.3183,-0.1683,18430.0
87.0,14.43,-0.293,-0.09706,18420.0
87.05,14.48,-0.2442,-0.3166,18430.0
87.1,14.53,-0.1955,-0.536,18460.0
87.15,14.44,-0.09375,-0.3442,18480.0
87.2,14.35,0.007962,-0.1524,18500.0
87.25,14.38,-0.007365,-0.237,18510.0
87.3,14.42,-0.02269,-0.3217,18500.0
87.35,14.38,-0.4279,-0.2409,18480.0
87.4,14.35,-0.8332,-0.1602,18460.0
87.45,14.5,-0.6537,-0.1847,18430.0
87.5,14.64,-0.4741,-0.2092,18400.0
87.55,14.57,-0.5314,-0.2628,18400.0
87.6,14.5,-0.5888,-0.3163,18410.0
87.65,14.48,-0.4662,-0.3281,18430.0
87.7,14.47,-0.3435,-0.34,18450.0
87.75,14.4,-0.3623,-0.2764,18460.0
87.8,14.32,-0.381,-0.2129,18460.0
87.85,14.16,-0.4447,-0.1799,18450.0
87.9,14.0,-0.5084,-0.1468,18420.0
87.95,13.99,-0.5203,-0.1916,18370.0
88.0,13.99,-0.5322,-0.2363,18330.0
88.05,14.21,-0.4815,-0.3265,18330.0
88.1,14.43,-0.4307,-0.4168,18350.0
88.15,14.51,-0.5488,-0.3176,18390.0
88.2,14.59,-0.6668,-0.2185,18420.0
88.25,14.59,-0.6793,-0.1349,18450.0
88.3,14.59,-0.6919,-0.05121,18480.0
88.35,14.51,-0.6935,-0.2213,18470.0
88.4,14.42,-0.6951,-0.3914,18420.0
88.45,14.56,-0.5752,-0.4269,18370.0
88.5,14.71,-0.4554,-0.4624,18330.0
88.55,14.67,-0.3298,-0.4392,18310.0
88.6,14.64,-0.2042,-0.4161,18310.0
88.65,14.58,-0.1338,-0.497,18320.0
88.7,14.52,-0.0633,-0.578,18350.0
88.75,14.69,0.1861,-0.5445,18410.0
88.8,14.87,0.4355,-0.5109,18450.0
88.85,14.68,0.6708,-0.4786,18470.0
88.9,14.49,0.906,-0.4463,18450.0
88.95,14.5,0.8953,-0.5919,18420.0
89.0,14.52,0.8845,-0.7375,18400.0
89.05,14.5,0.7882,-0.5474,18370.0
89.1,14.49,0.6919,-0.3573,18340.0
89.15,14.52,0.6499,-0.253,18330.0
89.2,14.55,0.6079,-0.1488,18350.0
89.25,14.71,0.6316,-0.02878,18380.0
89.3,14.88,0.6552,0.09121,18400.0
89.35,14.93,0.365,0.1034,18400.0
89.4,14.99,0.07484,0.1156,18380.0
89.45,14.98,0.04379,0.01244,18360.0
89.5,14.97,0.01274,-0.09072,18350.0
89.55,14.86,0.03224,0.01293,18330.0
89.6,14.75,0.05175,0.1166,18320.0
89.65,14.83,0.01851,0.1555,18320.0
89.7,14.91,-0.01473,0.1944,18340.0
89.75,14.86,-0.01115,0.3524,18350.0
89.8,14.8,-0.007564,0.5104,18360.0
89.85,14.79,0.08121,0.7553,18370.0
89.9,14.77,0.17,1.0,18350.0
89.95,14.89,0.2004,0.8384,18330.0
90.0,15.01,0.2309,0.6768,18290.0
90.05,14.95,0.03702,0.5413,18260.0
90.1,14.88,-0.1568,0.4058,18230.0
90.15,14.82,-0.2343,0.4135,18220.0
90.2,14.76,-0.3117,0.4212,18220.0
90.25,14.84,-0.3326,0.4018,18240.0
90.3,14.91,-0.3535,0.3824,18260.0
90.35,14.85,-0.3342,0.2261,18290.0
90.4,14.78,-0.3149,0.06975,18320.0
90.45,14.71,-0.5776,0.06816,18330.0
90.5,14.65,-0.8404,0.06658,18320.0
90.55,14.45,-0.8384,0.1127,18290.0
90.6,14.25,-0.8364,0.1588,18240.0
90.65,14.22,-0.8404,0.2302,18200.0
90.7,14.19,-0.8443,0.3017,18150.0
90.75,14.18,-0.8443,0.3006,18120.0
90.8,14.17,-0.8443,0.2995,18110.0
90.85,14.12,-0.7285,0.2807,18130.0
90.9,14.07,-0.6127,0.2619,18170.0
90.95,14.1,-0.6831,0.3459,18210.0
91.0,14.13,-0.7536,0.43,18250.0
91.05,14.26,-0.8726,0.372,18270.0
91.1,14.38,-0.9916,0.3141,18290.0
91.15,14.36,-0.9343,0.4079,18290.0
91.2,14.34,-0.877,0.5017,18250.0
91.25,14.22,-0.9454,0.3309,18190.0
91.3,14.1,-1.014,0.1602,18140.0
91.35,14.24,-0.9367,0.1061,18100.0
91.4,14.37,-0.8595,0.05195,18080.0
91.45,14.45,-1.158,0.06743,18070.0
91.5,14.52,-1.456,0.08292,18080.0
91.55,14.29,-1.362,0.01036,18110.0
91.6,14.06,-1.267,-0.06219,18150.0
91.65,14.11,-1.192,-0.004999,18190.0
91.7,14.16,-1.117,0.05219,18200.0
91.75,14.31,-0.904,0.2091,18190.0
91.8,14.45,-0.6907,0.3661,18180.0
91.85,14.48,-0.7968,0.1732,18160.0
91.9,14.5,-0.9029,-0.01975,18110.0
91.95,14.48,-0.9162,-0.08584,18050.0
92.0,14.46,-0.9295,-0.1519,18010.0
92.05,14.23,-0.9359,-0.03231,17990.0
92.1,14.0,-0.9423,0.08731,17980.0
92.15,14.13,-1.018,-0.2334,17980.0
92.2,14.27,-1.094,-0.5541,18000.0
92.25,14.27,-1.246,-0.4885,18030.0
92.3,14.26,-1.398,-0.4229,18060.0
92.35,14.3,-1.516,-0.3007,18070.0
92.4,14.35,-1.633,-0.1785,18070.0
92.45,14.25,-1.517,0.0128,18060.0
92.5,14.15,-1.401,0.2041,18050.0
92.55,14.08,-1.469,0.06316,18020.0
92.6,14.01,-1.537,-0.0778,17970.0
92.65,14.02,-1.478,0.1285,17940.0
92.7,14.03,-1.419,0.3348,17930.0
92.75,14.12,-1.271,0.388,17930.0
92.8,14.21,-1.123,0.4412,17920.0
92.85,14.29,-1.057,0.4048,17920.0
92.9,14.37,-0.9896,0.3685,17930.0
92.95,14.39,-0.7946,0.5555,17940.0
93.0,14.42,-0.5995,0.7426,17950.0
93.05,14.54,-0.8193,0.768,17950.0
93.1,14.65,-1.039,0.7933,17950.0
93.15,14.71,-0.8155,0.5854,17960.0
93.2,14.77,-0.5919,0.3775,17960.0
93.25,14.64,-0.5507,0.1967,17950.0
93.3,14.51,-0.5095,0.01585,17930.0
93.35,14.47,-0.5141,0.08536,17900.0
93.4,14.44,-0.5187,0.1549,17880.0
93.45,14.28,-0.7394,0.4857,17870.0
93.5,14.11,-0.9602,0.8165,17860.0
93.55,14.06,-0.914,0.6537,17840.0
93.6,14.0,-0.8678,0.4909,17840.0
93.65,13.85,-0.788,0.4764,17870.0
93.7,13.7,-0.7082,0.4619,17890.0
93.75,13.76,-0.5191,0.3333,17890.0
93.8,13.83,-0.33,0.2046,17880.0
93.85,13.71,-0.4005,0.2853,17880.0
93.9,13.6,-0.4709,0.3661,17880.0
93.95,13.55,-0.58,0.3294,17860.0
94.0,13.5,-0.6891,0.2927,17840.0
94.05,13.48,-0.7086,0.2789,17820.0
94.1,13.46,-0.7281,0.2651,17810.0
94.15,13.56,-0.8206,0.2325,17820.0
94.2,13.67,-0.9132,0.2,17820.0
94.25,13.89,-0.7452,0.2662,17800.0
94.3,14.12,-0.5772,0.3324,17780.0
94.35,14.24,-0.3822,0.3222,17770.0
94.4,14.36,-0.1871,0.3119,17780.0
94.45,14.35,-0.1756,0.5641,17780.0
94.5,14.34,-0.164,0.8163,17770.0
94.55,14.48,-0.1467,0.7715,17780.0
94.6,14.61,-0.1294,0.7267,17800.0
94.65,14.75,0.2353,0.6793,17800.0
94.7,14.89,0.5999,0.6319,17780.0
94.75,14.76,0.5959,0.5154,17740.0
94.8,14.62,0.5919,0.399,17720.0
94.85,14.71,0.5245,0.4184,17710.0
94.9,14.79,0.457,0.4378,17700.0
94.95,14.68,0.5026,0.3693,17670.0
95.0,14.56,0.5482,0.3009,17640.0
95.05,14.63,0.5762,0.2802,17640.0
95.1,14.71,0.6043,0.2595,17660.0
95.15,14.62,0.5032,0.2875,17680.0
95.2,14.53,0.4021,0.3156,17680.0
95.25,14.67,0.08419,0.1202,17680.0
95.3,14.81,-0.2337,-0.07511,17700.0
95.35,14.82,-0.04359,0.02061,17710.0
95.4,14.84,0.1465,0.1163,17680.0
95.45,14.88,0.1779,-0.2079,17630.0
95.5,14.92,0.2094,-0.5321,17590.0
95.55,14.99,0.3447,-0.3689,17580.0
95.6,15.05,0.4801,-0.2056,17570.0
95.65,14.93,0.3756,-0.3114,17560.0
95.7,14.81,0.2711,-0.4173,17560.0
95.75,14.83,0.175,-0.3319,17570.0
95.8,14.85,0.07882,-0.2466,17590.0
95.85,14.83,0.2046,-0.2207,17600.0
95.9,14.81,0.3304,-0.1949,17580.0
95.95,14.66,0.5179,-0.1895,17550.0
96.0,14.5,0.7054,-0.1841,17540.0
96.05,14.59,0.5846,-0.1328,17540.0
96.1,14.69,0.4638,-0.08145,17530.0
96.15,14.73,0.5072,-0.08231,17520.0
96.2,14.78,0.5505,-0.08316,17510.0
96.25,14.89,0.632,0.0917,17510.0
96.3,15.0,0.7134,0.2666,17520.0
96.35,15.01,0.6427,0.2457,17500.0
96.4,15.02,0.572,0.2249,17480.0
96.45,14.94,0.6742,0.3033,17470.0
96.5,14.86,0.7763,0.3817,17480.0
96.55,14.88,0.9823,0.3398,17480.0
96.6,14.91,1.188,0.298,17470.0
96.65,14.71,1.144,0.2149,17450.0
96.7,14.52,1.101,0.1317,17450.0
96.75,14.51,1.138,0.2279,17460.0
96.8,14.5,1.174,0.3241,17480.0
96.85,14.49,0.9122,0.2841,17480.0
96.9,14.48,0.6501,0.2441,17470.0
96.95,14.48,0.5084,0.1892,17450.0
97.0,14.47,0.3666,0.1344,17440.0
97.05,14.5,0.4741,0.2028,17410.0
97.1,14.53,0.5816,0.2712,17380.0
97.15,14.62,0.491,0.1593,17360.0
97.2,14.7,0.4005,0.04731,17370.0
97.25,14.61,0.41,0.04707,17390.0
97.3,14.51,0.4196,0.04682,17410.0
97.35,14.47,0.3939,0.06255,17410.0
97.4,14.43,0.3682,0.07828,17400.0
97.45,14.46,0.4532,-0.02292,17390.0
97.5,14.49,0.5382,-0.1241,17380.0
97.55,14.5,0.6158,-0.006219,17370.0
97.6,14.5,0.6935,0.1117,17340.0
97.65,14.61,0.8408,-0.09853,17320.0
97.7,14.72,0.988,-0.3087,17320.0
97.75,14.63,0.9707,-0.3583,17330.0
97.8,14.54,0.9534,-0.4078,17340.0
97.85,14.35,0.9713,-0.3798,17340.0
97.9,14.15,0.9892,-0.3519,17340.0
97.95,14.24,1.177,-0.2688,17340.0
98.0,14.32,1.364,-0.1856,17340.0
98.05,14.51,1.369,-0.0189,17320.0
98.1,14.7,1.374,0.1478,17300.0
98.15,14.65,1.257,-0.0161,17290.0
98.2,14.6,1.14,-0.18,17290.0
98.25,14.53,1.046,-0.07731,17290.0
98.3,14.46,0.9526,0.02536,17270.0
98.35,14.53,0.7691,-0.01268,17260.0
98.4,14.6,0.5856,-0.05073,17250.0
98.45,14.75,0.6634,0.05902,17260.0
98.5,14.9,0.7412,0.1688,17270.0
98.55,14.64,0.5945,0.1749,17260.0
98.6,14.38,0.4478,0.181,17260.0
98.65,14.44,0.1353,0.1624,17250.0
98.7,14.5,-0.1771,0.1439,17240.0
98.75,14.59,-0.162,-0.01683,17210.0
98.8,14.68,-0.1469,-0.1775,17170.0
98.85,14.7,-0.2687,-0.159,17140.0
98.9,14.71,-0.3905,-0.1405,17140.0
98.95,14.7,-0.4375,-0.03902,17150.0
99.0,14.69,-0.4845,0.06243,17170.0
99.05,14.72,-0.5537,-0.07475,17180.0
99.1,14.75,-0.623,-0.2119,17180.0
99.15,14.72,-0.6168,-0.1444,17180.0
99.2,14.69,-0.6107,-0.07682,17160.0
99.25,14.63,-0.4996,-0.02683,17130.0
99.3,14.58,-0.3885,0.02317,17090.0
99.35,14.48,-0.2659,0.1071,17070.0
99.4,14.37,-0.1433,0.191,17060.0
99.45,14.62,-0.1974,0.2273,17070.0
99.5,14.87,-0.2516,0.2636,17080.0
99.55,14.85,-0.4498,0.1907,17100.0
99.6,14.83,-0.6481,0.1178,17120.0
99.65,14.55,-1.014,0.2084,17140.0
99.7,14.27,-1.379,0.299,17150.0
99.75,14.15,-1.308,0.4081,17140.0
99.8,14.04,-1.238,0.5173,17110.0
99.85,13.97,-1.187,0.5321,17080.0
99.9,13.91,-1.137,0.547,17030.0
99.95,13.85,-1.181,0.5299,17000.0
100.0,13.79,-1.225,0.5129,16990.0
100.05,13.94,-1.12,0.3857,17010.0
100.1,14.09,-1.016,0.2585,17060.0
100.15,14.24,-0.947,0.2685,17130.0
100.2,14.39,-0.8786,0.2785,17190.0
100.25,14.41,-0.6994,0.3472,17210.0
100.3,14.43,-0.5203,0.4158,17210.0
100.35,14.44,-0.5056,0.221,17180.0
100.4,14.46,-0.4908,0.02609,17120.0
100.45,14.21,-0.6984,0.129,17060.0
100.5,13.97,-0.906,0.2319,17000.0
100.55,13.9,-1.022,0.2079,16970.0
100.6,13.83,-1.138,0.1839,16970.0
100.65,13.99,-1.097,0.04585,17010.0
100.7,14.15,-1.055,-0.09218,17060.0
100.75,14.36,-0.7956,-0.02951,17130.0
100.8,14.56,-0.5358,0.03317,17180.0
100.85,14.51,-0.6021,0.01841,17200.0
100.9,14.46,-0.6684,0.003658,17170.0
100.95,14.51,-0.7687,0.05438,17120.0
101.0,14.57,-0.869,0.1051,17040.0
101.05,14.38,-0.9174,0.1461,16970.0
101.1,14.19,-0.9658,0.1871,16910.0
101.15,14.43,-1.049,0.2461,16880.0
101.2,14.67,-1.131,0.3051,16870.0
101.25,14.69,-1.012,0.3267,16890.0
101.3,14.71,-0.8933,0.3483,16940.0
101.35,14.57,-0.7882,0.1968,16990.0
101.4,14.44,-0.6831,0.04536,17030.0
101.45,14.42,-0.5139,0.2238,17040.0
101.5,14.41,-0.3447,0.4022,17030.0
101.55,14.56,-0.5971,0.3835,16990.0
101.6,14.72,-0.8495,0.3648,16930.0
101.65,14.58,-0.9082,0.3305,16860.0
101.7,14.44,-0.9669,0.2961,16810.0
101.75,14.14,-0.8119,0.2444,16780.0
101.8,13.84,-0.6568,0.1927,16790.0
101.85,13.95,-0.6943,0.1997,16830.0
101.9,14.07,-0.7317,0.2068,16880.0
101.95,13.94,-0.6578,0.09133,16940.0
102.0,13.81,-0.584,-0.02414,16970.0
102.05,13.71,-0.424,0.1408,16990.0
102.1,13.62,-0.2639,0.3058,16970.0
102.15,13.5,-0.06847,0.5648,16930.0
102.2,13.39,0.127,0.8238,16880.0
102.25,13.5,0.1555,0.9244,16830.0
102.3,13.61,0.1839,1.025,16820.0
102.35,13.69,0.1855,0.9594,16820.0
102.4,13.77,0.1871,0.8938,16850.0
102.45,13.98,0.03901,0.8217,16900.0
102.5,14.19,-0.1091,0.7497,16970.0
102.55,14.51,-0.2335,0.614,17030.0
102.6,14.83,-0.3579,0.4782,17050.0
102.65,14.94,-0.3292,0.4459,17010.0
102.7,15.05,-0.3006,0.4136,16960.0
102.75,14.89,-0.3441,0.4859,16900.0
102.8,14.73,-0.3877,0.5582,16840.0
102.85,14.74,-0.4305,0.4198,16800.0
102.9,14.76,-0.4733,0.2814,16810.0
102.95,14.82,-0.622,0.1713,16890.0
103.0,14.89,-0.7707,0.06121,17000.0
103.05,15.05,-0.6337,0.03048,17080.0
103.1,15.22,-0.4968,-0.0002439,17100.0
103.15,15.32,-0.5921,-0.01439,17090.0
103.2,15.43,-0.6875,-0.02853,17040.0
103.25,15.43,-0.6543,0.07597,16960.0
103.3,15.43,-0.621,0.1805,16850.0
103.35,15.54,-0.5689,0.1929,16780.0
103.4,15.65,-0.5167,0.2053,16780.0
103.45,15.68,-0.4662,0.13,16830.0
103.5,15.71,-0.4156,0.05463,16900.0
103.55,15.61,-0.2679,0.03695,16950.0
103.6,15.52,-0.1202,0.01927,17000.0
103.65,15.49,0.07982,-0.05877,17040.0
103.7,15.46,0.2799,-0.1368,17040.0
103.75,15.3,0.202,-0.2362,16990.0
103.8,15.15,0.1242,-0.3356,16920.0
103.85,14.91,0.04259,-0.1307,16860.0
103.9,14.68,-0.03901,0.07414,16820.0
103.95,14.51,0.1385,0.3602,16800.0
104.0,14.33,0.3161,0.6463,16790.0
104.05,14.36,0.3418,0.6027,16800.0
104.1,14.39,0.3674,0.5592,16840.0
104.15,14.3,0.3845,0.6472,16900.0
104.2,14.2,0.4017,0.7353,16940.0
104.25,13.97,0.4007,0.6814,16950.0
104.3,13.75,0.3997,0.6275,16940.0
104.35,13.89,0.3943,0.478,16930.0
104.4,14.03,0.3889,0.3285,16900.0
104.45,13.98,0.4084,0.2513,16840.0
104.5,13.94,0.4279,0.1741,16790.0
104.55,14.03,0.417,-0.01573,16770.0
104.6,14.13,0.406,-0.2056,16780.0
104.65,13.92,0.4652,-0.2294,16810.0
104.7,13.72,0.5243,-0.2531,16840.0
104.75,13.61,0.5275,-0.2286,16880.0
104.8,13.51,0.5306,-0.2041,16930.0
104.85,13.71,0.4819,-0.2057,16960.0
104.9,13.92,0.4331,-0.2073,16930.0
104.95,14.15,0.5259,-0.1296,16880.0
105.0,14.37,0.6186,-0.05195,16820.0
105.05,14.26,0.2665,-0.1845,16780.0
105.1,14.14,-0.08559,-0.317,16760.0
105.15,14.11,-0.1586,-0.3308,16760.0
105.2,14.07,-0.2317,-0.3446,16790.0
105.25,14.04,-0.1481,-0.4362,16850.0
105.3,14.02,-0.06449,-0.5277,16930.0
105.35,14.08,-0.0625,-0.5207,16980.0
105.4,14.14,-0.06051,-0.5136,16980.0
105.45,14.3,-0.1883,-0.4247,16950.0
105.5,14.46,-0.3161,-0.3358,16890.0
105.55,14.51,-0.2886,-0.3197,16820.0
105.6,14.57,-0.2611,-0.3036,16740.0
105.65,14.44,-0.1712,-0.3462,16690.0
105.7,14.32,-0.08121,-0.3887,16690.0
105.75,14.24,-0.1594,-0.2717,16740.0
105.8,14.17,-0.2377,-0.1546,16810.0
105.85,14.11,-0.3023,-0.07524,16870.0
105.9,14.04,-0.367,0.004146,16900.0
105.95,14.17,-0.2974,-0.2053,16910.0
106.0,14.3,-0.2277,-0.4148,16890.0
106.05,14.21,-0.1672,-0.3882,16830.0
106.1,14.12,-0.1067,-0.3617,16750.0
106.15,14.16,-0.2285,-0.5218,16680.0
106.2,14.21,-0.3503,-0.6819,16640.0
106.25,14.19,-0.335,-0.6199,16630.0
106.3,14.17,-0.3197,-0.558,16650.0
106.35,14.03,-0.62,-0.592,16690.0
106.4,13.88,-0.9204,-0.626,16750.0
106.45,14.0,-1.053,-0.7403,16810.0
106.5,14.11,-1.185,-0.8545,16840.0
106.55,14.33,-1.039,-0.6526,16830.0
106.6,14.55,-0.8921,-0.4507,16770.0
106.65,14.64,-0.7504,-0.4718,16710.0
106.7,14.74,-0.6087,-0.4929,16660.0
106.75,14.83,-0.8559,-0.4412,16620.0
106.8,14.91,-1.103,-0.3895,16590.0
106.85,14.92,-1.305,-0.4958,16590.0
106.9,14.93,-1.506,-0.6021,16630.0
106.95,14.89,-1.402,-0.4409,16680.0
107.0,14.85,-1.297,-0.2797,16720.0
107.05,15.0,-1.088,-0.1897,16730.0
107.1,15.14,-0.8778,-0.09975,16730.0
107.15,15.08,-0.84,0.09548,16730.0
107.2,15.02,-0.8021,0.2907,16710.0
107.25,15.02,-0.8153,0.2267,16650.0
107.3,15.02,-0.8284,0.1627,16590.0
107.35,15.01,-0.8477,0.2987,16540.0
107.4,15.0,-0.867,0.4348,16520.0
107.45,14.82,-0.6387,0.6069,16520.0
107.5,14.65,-0.4104,0.7789,16540.0
107.55,14.49,-0.3642,0.8497,16580.0
107.6,14.33,-0.3181,0.9204,16650.0
107.65,14.34,-0.1939,1.021,16710.0
107.7,14.35,-0.06966,1.123,16730.0
107.75,14.11,0.05374,0.8491,16680.0
107.8,13.87,0.1771,0.5755,16600.0
107.85,13.87,-0.042,0.5547,16510.0
107.9,13.87,-0.2611,0.5338,16440.0
107.95,13.81,-0.367,0.5723,16390.0
108.0,13.75,-0.4729,0.6107,16390.0
108.05,13.74,-0.3398,0.7189,16440.0
108.1,13.74,-0.2066,0.8272,16520.0
108.15,13.75,-0.2609,0.7358,16590.0
108.2,13.76,-0.3153,0.6443,16610.0
108.25,13.75,-0.3754,0.4097,16580.0
108.3,13.73,-0.4355,0.1751,16530.0
108.35,13.69,-0.4646,0.07841,16460.0
108.4,13.64,-0.4936,-0.01829,16380.0
108.45,13.59,-0.5324,-0.1057,16320.0
108.5,13.53,-0.5712,-0.1931,16290.0
108.55,13.55,-0.6057,0.09158,16310.0
108.6,13.56,-0.6401,0.3763,16350.0
108.65,13.67,-0.5979,0.5285,16400.0
108.7,13.78,-0.5557,0.6807,16440.0
108.75,13.85,-0.4644,0.7021,16460.0
108.8,13.92,-0.373,0.7236,16470.0
108.85,13.96,-0.6405,0.6008,16440.0
108.9,14.0,-0.908,0.478,16380.0
108.95,13.99,-0.7922,0.4102,16320.0
109.0,13.99,-0.6763,0.3424,16280.0
109.05,13.99,-0.5645,0.3329,16270.0
109.1,14.0,-0.4526,0.3234,16270.0
109.15,13.88,-0.5641,0.449,16280.0
109.2,13.76,-0.6755,0.5746,16310.0
109.25,13.61,-0.5253,0.5508,16350.0
109.3,13.47,-0.375,0.527,16360.0
109.35,13.48,-0.5293,0.4135,16350.0
109.4,13.5,-0.6835,0.3,16320.0
109.45,13.41,-0.6791,0.3518,16280.0
109.5,13.31,-0.6748,0.4036,16250.0
109.55,13.23,-0.5951,0.3203,16230.0
109.6,13.16,-0.5155,0.237,16210.0
109.65,13.17,-0.5997,0.198,16200.0
109.7,13.19,-0.6839,0.159,16210.0
109.75,13.24,-0.4441,0.03122,16220.0
109.8,13.29,-0.2042,-0.09657,16210.0
109.85,13.24,-0.2406,-0.05609,16200.0
109.9,13.18,-0.2771,-0.01561,16170.0
109.95,13.28,-0.2761,0.05634,16150.0
110.0,13.37,-0.2751,0.1283,16140.0
110.05,13.39,-0.3143,0.06243,16130.0
110.1,13.4,-0.3535,-0.003414,16130.0
110.15,13.29,-0.1174,0.1095,16130.0
110.2,13.18,0.1186,0.2224,16150.0
110.25,13.13,0.1706,0.3554,16150.0
110.3,13.09,0.2225,0.4885,16130.0
110.35,13.09,0.3483,0.5315,16100.0
110.4,13.09,0.4741,0.5746,16060.0
110.45,12.85,0.4459,0.5636,16030.0
110.5,12.61,0.4176,0.5526,16010.0
110.55,12.35,0.3406,0.7326,15990.0
110.6,12.1,0.2635,0.9126,16000.0
110.65,12.05,0.3597,1.035,16010.0
110.7,12.0,0.4558,1.158,16030.0
110.75,12.13,0.3203,1.072,16040.0
110.8,12.25,0.1847,0.986,16040.0
110.85,12.29,0.3145,0.838,16030.0
110.9,12.32,0.4443,0.6899,16030.0
110.95,12.3,0.3427,0.4324,16010.0
111.0,12.29,0.2412,0.1749,16000.0
111.05,12.29,0.1103,0.1202,15970.0
111.1,12.28,-0.0207,0.0656,15960.0
111.15,12.34,0.03662,0.1884,15940.0
111.2,12.4,0.09395,0.3112,15930.0
111.25,12.38,-0.04877,0.1751,15930.0
111.3,12.36,-0.1915,0.03902,15930.0
111.35,12.44,-0.1939,0.02963,15950.0
111.4,12.51,-0.1963,0.02024,15980.0
111.45,12.61,-0.1083,0.0528,16000.0
111.5,12.71,-0.0203,0.08536,16020.0
111.55,12.7,-0.05195,0.1782,16020.0
111.6,12.7,-0.0836,0.2709,16020.0
111.65,12.68,-0.2745,0.352,15990.0
111.7,12.66,-0.4654,0.4331,15950.0
111.75,12.72,-0.3326,0.3735,15900.0
111.8,12.78,-0.1998,0.3139,15870.0
111.85,13.18,-0.2058,0.1669,15860.0
111.9,13.58,-0.2118,0.02,15880.0
111.95,13.64,-0.1258,-0.01146,15910.0
112.0,13.7,-0.03981,-0.04292,15950.0
112.05,13.74,-0.2066,0.02768,15970.0
112.1,13.77,-0.3734,0.09828,15970.0
112.15,13.79,-0.4904,0.02122,15940.0
112.2,13.8,-0.6075,-0.05585,15890.0
112.25,13.93,-0.4658,-0.237,15830.0
112.3,14.05,-0.324,-0.4182,15790.0
112.35,13.99,-0.2392,-0.3422,15770.0
112.4,13.94,-0.1545,-0.2661,15780.0
112.45,13.83,-0.1765,-0.3575,15800.0
112.5,13.71,-0.1986,-0.449,15820.0
112.55,13.63,-0.2353,-0.4515,15850.0
112.6,13.54,-0.2719,-0.4541,15860.0
112.65,13.51,-0.3794,-0.6043,15850.0
112.7,13.48,-0.4869,-0.7546,15830.0
112.75,13.59,-0.6576,-0.7205,15800.0
112.8,13.7,-0.8284,-0.6865,15760.0
112.85,13.7,-0.8304,-0.6844,15730.0
112.9,13.69,-0.8324,-0.6824,15700.0
112.95,13.61,-0.8171,-0.7431,15690.0
113.0,13.52,-0.8017,-0.8038,15700.0
113.05,13.55,-0.6839,-0.7358,15730.0
113.1,13.58,-0.5661,-0.6677,15760.0
113.15,13.59,-0.5579,-0.4618,15780.0
113.2,13.6,-0.5498,-0.2558,15790.0
113.25,13.5,-0.5014,-0.315,15790.0
113.3,13.4,-0.453,-0.3741,15780.0
113.35,13.24,-0.3527,-0.3074,15750.0
113.4,13.08,-0.2524,-0.2407,15730.0
113.45,13.15,-0.2701,-0.3202,15720.0
113.5,13.22,-0.2878,-0.3997,15740.0
113.55,13.37,-0.3157,-0.4792,15760.0
113.6,13.52,-0.3435,-0.5587,15770.0
113.65,13.36,-0.5183,-0.5857,15770.0
113.7,13.2,-0.6931,-0.6126,15770.0
113.75,12.98,-0.6437,-0.263,15770.0
113.8,12.77,-0.5943,0.08658,15760.0
113.85,12.92,-0.6017,-0.002805,15750.0
113.9,13.07,-0.6091,-0.09218,15750.0
113.95,13.06,-0.5631,-0.2045,15770.0
114.0,13.05,-0.5171,-0.3168,15800.0
114.05,13.34,-0.544,-0.2197,15820.0
114.1,13.64,-0.5709,-0.1227,15840.0
114.15,13.87,-0.2808,-0.1753,15850.0
114.2,14.1,0.009156,-0.228,15840.0
114.25,14.2,0.1491,-0.3062,15820.0
114.3,14.31,0.289,-0.3843,15780.0
114.35,14.45,0.08001,-0.3289,15740.0
114.4,14.59,-0.129,-0.2734,15720.0
114.45,14.76,-0.1308,-0.08499,15720.0
114.5,14.93,-0.1326,0.1034,15740.0
114.55,14.83,-0.09216,0.4028,15770.0
114.6,14.74,-0.05175,0.7021,15800.0
114.65,14.72,-0.02787,0.5362,15830.0
114.7,14.7,-0.003981,0.3702,15840.0
114.75,14.75,-0.12,0.2588,15820.0
114.8,14.81,-0.2361,0.1473,15790.0
114.85,14.91,-0.1845,0.1529,15760.0
114.9,15.02,-0.133,0.1585,15750.0
114.95,15.26,-0.06628,0.1514,15730.0
115.0,15.5,0.0003981,0.1444,15720.0
115.05,15.53,-0.01353,0.2844,15710.0
115.1,15.56,-0.02747,0.4243,15710.0
115.15,15.52,0.02408,0.257,15720.0
115.2,15.49,0.07564,0.08975,15710.0
115.25,15.43,-0.09753,0.1539,15700.0
115.3,15.37,-0.2707,0.218,15690.0
115.35,15.52,-0.1879,0.2672,15690.0
115.4,15.68,-0.1051,0.3163,15700.0
115.45,15.68,-0.08141,0.3631,15700.0
115.5,15.69,-0.05772,0.41,15700.0
115.55,15.82,0.01055,0.4031,15710.0
115.6,15.95,0.07882,0.3963,15720.0
115.65,15.92,0.04717,0.3258,15710.0
115.7,15.9,0.01553,0.2553,15680.0
115.75,15.73,0.07524,0.1295,15660.0
115.8,15.57,0.135,0.003658,15640.0
115.85,15.45,-0.09136,0.1985,15640.0
115.9,15.32,-0.3177,0.3934,15630.0
115.95,15.28,-0.1441,0.2522,15620.0
116.0,15.24,0.02946,0.111,15630.0
116.05,15.0,0.001194,0.04695,15660.0
116.1,14.75,-0.02707,-0.01707,15700.0
116.15,14.83,-0.09634,-0.00378,15720.0
116.2,14.91,-0.1656,0.009511,15730.0
116.25,14.97,-0.1463,0.1572,15720.0
116.3,15.02,-0.127,0.3048,15710.0
116.35,15.05,-0.2908,0.4176,15680.0
116.4,15.07,-0.4546,0.5304,15640.0
116.45,15.15,-0.3774,0.5859,15610.0
116.5,15.23,-0.3002,0.6414,15600.0
116.55,15.22,-0.3382,0.4879,15630.0
116.6,15.21,-0.3762,0.3344,15660.0
116.65,15.19,-0.4952,0.6108,15680.0
116.7,15.16,-0.6142,0.8872,15710.0
116.75,15.12,-0.5703,1.04,15750.0
116.8,15.09,-0.5263,1.193,15770.0
116.85,15.07,-0.3519,1.095,15750.0
116.9,15.06,-0.1775,0.9977,15700.0
116.95,15.12,-0.1837,0.9201,15650.0
117.0,15.19,-0.1899,0.8426,15620.0
117.05,15.15,0.041,0.8658,15600.0
117.1,15.12,0.2719,0.8889,15590.0
117.15,15.18,0.05314,0.7288,15610.0
117.2,15.25,-0.1656,0.5687,15660.0
117.25,15.21,-0.1748,0.5538,15710.0
117.3,15.18,-0.1839,0.539,15730.0
117.35,15.09,-0.1433,0.3657,15730.0
117.4,15.01,-0.1027,0.1924,15710.0
117.45,15.03,-0.2615,0.1936,15700.0
117.5,15.06,-0.4204,0.1949,15670.0
117.55,15.12,-0.4841,0.07414,15630.0
117.6,15.18,-0.5478,-0.04658,15600.0
117.65,15.26,-0.3943,-0.01524,15600.0
117.7,15.34,-0.2408,0.0161,15610.0
117.75,15.33,-0.204,-0.09999,15630.0
117.8,15.33,-0.1672,-0.2161,15620.0
117.85,15.45,-0.168,-0.2444,15630.0
117.9,15.58,-0.1688,-0.2727,15650.0
117.95,15.6,-0.2028,-0.2333,15670.0
118.0,15.62,-0.2369,-0.1939,15670.0
118.05,15.5,-0.4337,-0.1449,15660.0
118.1,15.37,-0.6306,-0.09584,15660.0
118.15,15.37,-0.667,-0.1797,15660.0
118.2,15.37,-0.7034,-0.2636,15650.0
118.25,15.24,-0.7496,-0.1822,15640.0
118.3,15.11,-0.7958,-0.1007,15630.0
118.35,15.38,-0.8214,-0.1457,15620.0
118.4,15.66,-0.8471,-0.1907,15630.0
118.45,15.62,-0.6919,-0.3107,15620.0
118.5,15.58,-0.5366,-0.4307,15620.0
118.55,15.44,-0.3045,-0.2861,15620.0
118.6,15.3,-0.07245,-0.1414,15630.0
118.65,15.39,-0.1551,-0.2596,15660.0
118.7,15.47,-0.2377,-0.3778,15680.0
118.75,15.51,0.04598,-0.446,15700.0
118.8,15.56,0.3296,-0.5143,15720.0
118.85,15.62,0.4216,-0.6487,15740.0
118.9,15.69,0.5135,-0.7831,15740.0
118.95,15.84,0.2231,-0.6331,15710.0
119.0,16.0,-0.06728,-0.4831,15680.0
119.05,16.02,-0.3316,-0.444,15650.0
119.1,16.04,-0.5959,-0.4048,15640.0
119.15,16.06,-0.6029,-0.1639,15640.0
119.2,16.09,-0.6099,0.07706,15660.0
119.25,16.05,-0.6334,-0.08621,15700.0
119.3,16.01,-0.6568,-0.2495,15750.0
119.35,15.91,-0.6744,-0.29,15800.0
119.4,15.81,-0.6919,-0.3305,15820.0
119.45,15.83,-0.8589,-0.2072,15820.0
119.5,15.85,-1.026,-0.08389,15810.0
119.55,16.02,-1.093,-0.1049,15780.0
119.6,16.19,-1.16,-0.1258,15750.0
119.65,16.31,-1.112,-0.09097,15730.0
119.7,16.44,-1.064,-0.05609,15730.0
119.75,16.4,-1.287,-0.05036,15750.0
119.8,16.36,-1.51,-0.04463,15780.0
119.85,16.43,-1.388,0.3063,15820.0
119.9,16.51,-1.267,0.6572,15840.0
119.95,16.48,-1.388,0.4901,15860.0
120.0,16.45,-1.509,0.3229,15860.0
120.05,16.46,-1.564,0.1339,15840.0
120.1,16.46,-1.62,-0.05512,15830.0
120.15,16.43,-1.337,-0.3415,15820.0
120.2,16.4,-1.055,-0.628,15820.0
120.25,16.27,-1.101,-0.6037,15820.0
120.3,16.15,-1.148,-0.5794,15810.0
120.35,16.05,-1.023,-0.5518,15810.0
120.4,15.94,-0.8981,-0.5241,15830.0
120.45,15.91,-0.965,-0.5625,15840.0
120.5,15.88,-1.032,-0.6009,15850.0
120.55,15.68,-0.9811,-0.7064,15850.0
120.6,15.47,-0.9303,-0.8119,15850.0
120.65,15.55,-1.09,-0.6505,15830.0
120.7,15.63,-1.249,-0.4892,15800.0
120.75,15.67,-1.267,-0.1757,15780.0
120.8,15.71,-1.286,0.1378,15760.0
120.85,15.67,-1.034,0.1849,15760.0
120.9,15.64,-0.783,0.2319,15790.0
120.95,15.76,-0.9709,0.2659,15810.0
121.0,15.88,-1.159,0.3,15830.0
121.05,16.01,-1.012,0.4317,15840.0
121.1,16.15,-0.8654,0.5634,15850.0
121.15,15.98,-0.9793,0.507,15830.0
121.2,15.81,-1.093,0.4507,15800.0
121.25,15.9,-1.08,0.4201,15770.0
121.3,16.0,-1.068,0.3895,15750.0
121.35,16.03,-1.043,0.4363,15770.0
121.4,16.07,-1.018,0.4831,15790.0
121.45,15.92,-1.031,0.5637,15820.0
121.5,15.77,-1.044,0.6443,15850.0
121.55,15.76,-1.125,0.6599,15870.0
121.6,15.76,-1.207,0.6755,15880.0
121.65,15.81,-1.121,0.6309,15860.0
121.7,15.86,-1.035,0.5863,15840.0
121.75,15.69,-0.9086,0.7933,15840.0
121.8,15.51,-0.7826,1.0,15840.0
121.85,15.58,-0.7621,0.9621,15850.0
121.9,15.65,-0.7416,0.9238,15850.0
121.95,15.44,-0.8368,0.8508,15860.0
122.0,15.22,-0.9319,0.7777,15860.0
122.05,15.21,-0.8545,0.7647,15870.0
122.1,15.19,-0.7771,0.7516,15870.0
122.15,15.15,-0.7717,0.7263,15880.0
122.2,15.11,-0.7663,0.7009,15910.0
122.25,14.97,-0.741,0.5307,15930.0
122.3,14.82,-0.7158,0.3604,15930.0
122.35,14.76,-0.6481,0.1813,15910.0
122.4,14.7,-0.5804,0.002195,15890.0
122.45,14.7,-0.425,0.07267,15880.0
122.5,14.69,-0.2695,0.1432,15870.0
122.55,14.76,-0.2,0.121,15860.0
122.6,14.82,-0.1306,0.09877,15860.0
122.65,14.72,-0.06887,0.004878,15870.0
122.7,14.61,-0.007166,-0.08901,15890.0
122.75,14.6,-0.1224,-0.1569,15890.0
122.8,14.58,-0.2377,-0.2249,15890.0
122.85,14.61,-0.2311,0.008658,15880.0
122.9,14.65,-0.2245,0.2422,15880.0
122.95,14.59,-0.1067,0.1958,15870.0
123.0,14.54,0.01115,0.1495,15860.0
123.05,14.53,-0.04916,0.2362,15850.0
123.1,14.52,-0.1095,0.3229,15850.0
123.15,14.58,-0.202,0.2591,15850.0
123.2,14.65,-0.2946,0.1953,15850.0
123.25,14.46,-0.3583,0.1671,15830.0
123.3,14.28,-0.422,0.1388,15800.0
123.35,14.19,-0.6236,-0.1179,15790.0
123.4,14.1,-0.8252,-0.3746,15780.0
123.45,14.03,-0.7994,-0.2696,15790.0
123.5,13.96,-0.7735,-0.1646,15790.0
123.55,13.89,-0.7723,-0.004999,15800.0
123.6,13.83,-0.7711,0.1546,15820.0
123.65,14.11,-0.8915,0.1196,15820.0
123.7,14.4,-1.012,0.08462,15820.0
123.75,14.08,-0.9218,0.398,15810.0
123.8,13.76,-0.8316,0.7114,15810.0
123.85,13.79,-0.8581,0.4069,15810.0
123.9,13.83,-0.8845,0.1024,15820.0
123.95,13.98,-0.9725,0.1019,15820.0
124.0,14.13,-1.06,0.1015,15820.0
124.05,14.23,-0.9092,0.1858,15820.0
124.1,14.34,-0.758,0.2702,15820.0
124.15,14.64,-0.84,0.2645,15810.0
124.2,14.94,-0.922,0.2588,15800.0
124.25,14.74,-0.8288,0.3489,15810.0
124.3,14.54,-0.7357,0.439,15820.0
124.35,14.59,-0.7701,0.4941,15840.0
124.4,14.65,-0.8045,0.5492,15860.0
124.45,14.45,-0.9506,0.2764,15880.0
124.5,14.25,-1.097,0.003658,15900.0
124.55,14.19,-1.007,0.1578,15900.0
124.6,14.13,-0.9176,0.3119,15880.0
124.65,14.06,-1.121,0.07304,15850.0
124.7,13.99,-1.324,-0.1658,15830.0
124.75,13.89,-1.324,-0.2536,15820.0
124.8,13.79,-1.324,-0.3414,15800.0
124.85,13.74,-1.339,-0.3292,15770.0
124.9,13.68,-1.353,-0.317,15760.0
124.95,13.93,-1.245,-0.1324,15760.0
125.0,14.18,-1.137,0.05219,15780.0
125.05,14.23,-1.092,0.004756,15810.0
125.1,14.28,-1.047,-0.04268,15840.0
125.15,14.23,-1.123,-0.05536,15860.0
125.2,14.18,-1.199,-0.06804,15870.0
125.25,14.1,-1.394,-0.1191,15870.0
125.3,14.03,-1.588,-0.1702,15840.0
125.35,14.2,-1.516,-0.2902,15780.0
125.4,14.38,-1.443,-0.4102,15730.0
125.45,14.32,-1.158,-0.1016,15690.0
125.5,14.26,-0.873,0.2071,15660.0
125.55,14.3,-0.8203,0.01049,15650.0
125.6,14.34,-0.7675,-0.1861,15660.0
125.65,14.51,-0.8445,-0.2017,15700.0
125.7,14.69,-0.9216,-0.2173,15740.0
125.75,14.66,-1.077,-0.2813,15770.0
125.8,14.64,-1.233,-0.3453,15770.0
125.85,14.48,-1.411,-0.4541,15740.0
125.9,14.32,-1.59,-0.5629,15700.0
125.95,14.37,-1.5,-0.4102,15660.0
126.0,14.43,-1.411,-0.2575,15630.0
126.05,14.48,-1.155,-0.3157,15600.0
126.1,14.53,-0.8985,-0.3739,15600.0
126.15,14.52,-0.9886,-0.4292,15620.0
126.2,14.51,-1.079,-0.4846,15630.0
126.25,14.64,-0.9361,-0.5142,15640.0
126.3,14.77,-0.7934,-0.5438,15640.0
126.35,14.78,-0.9803,-0.5358,15640.0
126.4,14.79,-1.167,-0.5277,15630.0
126.45,14.63,-1.271,-0.4025,15610.0
126.5,14.46,-1.374,-0.2773,15600.0
126.55,14.46,-1.213,-0.3094,15600.0
126.6,14.45,-1.052,-0.3414,15610.0
126.65,14.36,-0.8611,-0.3181,15620.0
126.7,14.28,-0.6704,-0.2948,15620.0
126.75,14.08,-0.7677,-0.2423,15610.0
126.8,13.87,-0.865,-0.1897,15610.0
126.85,13.92,-0.9178,-0.1407,15590.0
126.9,13.97,-0.9705,-0.0917,15580.0
126.95,13.88,-1.077,-0.1705,15570.0
127.0,13.78,-1.183,-0.2492,15560.0
127.05,13.8,-1.284,-0.3626,15540.0
127.1,13.82,-1.386,-0.476,15520.0
127.15,13.78,-1.378,-0.4813,15510.0
127.2,13.74,-1.369,-0.4865,15520.0
127.25,13.69,-1.353,-0.4948,15540.0
127.3,13.64,-1.337,-0.5031,15560.0
127.35,13.49,-1.138,-0.5627,15570.0
127.4,13.34,-0.9391,-0.6224,15570.0
127.45,13.57,-1.051,-0.7463,15560.0
127.5,13.8,-1.163,-0.8701,15540.0
127.55,13.56,-1.193,-0.9525,15510.0
127.6,13.33,-1.223,-1.035,15480.0
127.65,13.31,-1.273,-1.023,15450.0
127.7,13.29,-1.323,-1.011,15440.0
127.75,13.45,-1.398,-0.8715,15440.0
127.8,13.62,-1.473,-0.7316,15450.0
127.85,13.59,-1.537,-0.6988,15460.0
127.9,13.55,-1.6,-0.666,15470.0
127.95,13.33,-1.712,-0.7822,15490.0
128.0,13.11,-1.823,-0.8984,15490.0
128.05,13.2,-1.791,-0.7787,15480.0
128.1,13.29,-1.76,-0.659,15460.0
128.15,13.11,-1.564,-0.5246,15430.0
128.2,12.92,-1.369,-0.3902,15410.0
128.25,12.93,-1.556,-0.4986,15390.0
128.3,12.95,-1.744,-0.607,15380.0
128.35,12.86,-1.71,-0.4167,15370.0
128.4,12.77,-1.676,-0.2263,15370.0
128.45,12.71,-1.562,-0.1997,15370.0
128.5,12.65,-1.448,-0.1732,15380.0
128.55,12.75,-1.58,-0.1806,15390.0
128.6,12.85,-1.713,-0.188,15400.0
128.65,12.98,-1.777,-0.12,15400.0
128.7,13.1,-1.841,-0.05195,15400.0
128.75,13.04,-1.858,-0.03195,15390.0
128.8,12.97,-1.875,-0.01195,15380.0
128.85,12.77,-1.884,0.1796,15360.0
128.9,12.58,-1.892,0.3712,15350.0
128.95,12.57,-1.87,0.1925,15340.0
129.0,12.55,-1.847,0.0139,15350.0
129.05,12.62,-1.947,0.09206,15340.0
129.1,12.68,-2.048,0.1702,15340.0
129.15,12.58,-2.003,0.1086,15320.0
129.2,12.49,-1.958,0.04707,15320.0
129.25,12.41,-1.789,-0.1767,15320.0
129.3,12.33,-1.619,-0.4004,15330.0
129.35,12.37,-1.421,-0.4595,15330.0
129.4,12.42,-1.222,-0.5185,15330.0
129.45,12.49,-1.473,-0.3662,15330.0
129.5,12.56,-1.724,-0.2139,15320.0
129.55,12.57,-1.772,-0.3405,15310.0
129.6,12.59,-1.82,-0.467,15280.0
129.65,12.49,-1.727,-0.4328,15260.0
129.7,12.38,-1.635,-0.3985,15240.0
129.75,12.33,-1.707,-0.3131,15230.0
129.8,12.27,-1.78,-0.2278,15230.0
129.85,12.4,-1.859,-0.3312,15230.0
129.9,12.53,-1.939,-0.4346,15230.0
129.95,12.62,-1.903,-0.3506,15230.0
130.0,12.7,-1.867,-0.2666,15250.0
130.05,12.67,-1.816,-0.3735,15260.0
130.1,12.64,-1.765,-0.4804,15260.0
130.15,12.65,-1.812,-0.4265,15250.0
130.2,12.66,-1.859,-0.3726,15230.0
130.25,12.73,-1.631,-0.4002,15210.0
130.3,12.79,-1.402,-0.4278,15190.0
130.35,12.85,-1.225,-0.4788,15170.0
130.4,12.91,-1.047,-0.5299,15160.0
130.45,12.76,-1.335,-0.5865,15160.0
130.5,12.6,-1.622,-0.6431,15180.0
130.55,12.6,-1.808,-0.512,15190.0
130.6,12.61,-1.994,-0.3809,15190.0
130.65,12.64,-2.005,-0.3213,15200.0
130.7,12.68,-2.016,-0.2617,15210.0
130.75,12.68,-1.834,-0.2291,15220.0
130.8,12.68,-1.652,-0.1966,15220.0
130.85,12.75,-1.629,-0.2281,15220.0
130.9,12.81,-1.605,-0.2597,15230.0
130.95,12.94,-1.664,-0.08523,15240.0
131.0,13.08,-1.723,0.08926,15240.0
131.05,13.1,-1.548,-0.1155,15230.0
131.1,13.12,-1.373,-0.3202,15230.0
131.15,13.02,-1.513,-0.2333,15220.0
131.2,12.93,-1.652,-0.1463,15200.0
131.25,12.82,-1.392,-0.248,15190.0
131.3,12.71,-1.133,-0.3497,15200.0
131.35,12.63,-0.989,-0.3234,15220.0
131.4,12.56,-0.8455,-0.297,15250.0
131.45,12.38,-0.8885,-0.4491,15270.0
131.5,12.2,-0.9315,-0.6012,15290.0
131.55,12.25,-0.8855,-0.4551,15310.0
131.6,12.29,-0.8396,-0.309,15310.0
131.65,12.22,-0.8808,-0.07572,15290.0
131.7,12.16,-0.922,0.1575,15270.0
131.75,12.33,-1.055,0.08816,15240.0
131.8,12.51,-1.188,0.01878,15230.0
131.85,12.6,-1.192,-0.1821,15210.0
131.9,12.68,-1.195,-0.3829,15190.0
131.95,12.73,-1.197,-0.3887,15180.0
132.0,12.77,-1.199,-0.3946,15170.0
132.05,12.62,-1.245,-0.4182,15190.0
132.1,12.46,-1.292,-0.4419,15210.0
132.15,12.41,-1.288,-0.3892,15220.0
132.2,12.35,-1.284,-0.3365,15230.0
132.25,12.55,-1.416,-0.4135,15240.0
132.3,12.75,-1.549,-0.4904,15260.0
132.35,12.96,-1.483,-0.4008,15250.0
132.4,13.17,-1.418,-0.3112,15220.0
132.45,13.25,-1.284,-0.2027,15190.0
132.5,13.33,-1.149,-0.09414,15170.0
132.55,13.32,-1.121,0.06658,15150.0
132.6,13.32,-1.094,0.2273,15130.0
132.65,13.38,-1.231,0.156,15120.0
132.7,13.44,-1.369,0.08462,15130.0
132.75,13.46,-1.098,0.06633,15160.0
132.8,13.47,-0.8264,0.04804,15200.0
132.85,13.47,-0.7928,-0.06048,15210.0
132.9,13.47,-0.7591,-0.169,15220.0
132.95,13.45,-0.6152,-0.2783,15210.0
133.0,13.43,-0.4713,-0.3875,15190.0
133.05,13.48,-0.4001,-0.2438,15180.0
133.1,13.54,-0.3288,-0.09999,15160.0
133.15,13.48,-0.1716,-0.1469,15160.0
133.2,13.42,-0.01433,-0.1939,15170.0
133.25,13.5,-0.04817,-0.09487,15180.0
133.3,13.59,-0.08201,0.004146,15180.0
133.35,13.54,-0.02349,-0.005853,15180.0
133.4,13.48,0.03503,-0.01585,15190.0
133.45,13.56,0.2084,-0.1747,15200.0
133.5,13.63,0.3818,-0.3336,15220.0
133.55,13.79,0.45,-0.2697,15240.0
133.6,13.95,0.5183,-0.2058,15250.0
133.65,13.95,0.2806,-0.1968,15250.0
133.7,13.95,0.04299,-0.1878,15260.0
133.75,13.88,0.2016,-0.3019,15250.0
133.8,13.81,0.3603,-0.4161,15250.0
133.85,14.21,0.1634,-0.2592,15250.0
133.9,14.61,-0.03344,-0.1024,15260.0
133.95,14.51,-0.201,-0.002439,15270.0
134.0,14.41,-0.3686,0.09755,15290.0
134.05,14.34,-0.3748,0.1229,15310.0
134.1,14.26,-0.381,0.1483,15330.0
134.15,14.28,-0.3573,0.3036,15330.0
134.2,14.31,-0.3336,0.459,15330.0
134.25,14.24,-0.3047,0.249,15330.0
134.3,14.18,-0.2759,0.03902,15340.0
134.35,14.27,-0.4705,-0.02146,15350.0
134.4,14.36,-0.6652,-0.08194,15360.0
134.45,14.22,-0.8579,-0.07389,15370.0
134.5,14.08,-1.051,-0.06585,15370.0
134.55,14.15,-1.198,-0.08194,15350.0
134.6,14.22,-1.346,-0.09804,15320.0
134.65,14.26,-1.166,-0.1918,15300.0
134.7,14.31,-0.9861,-0.2856,15300.0
134.75,14.33,-1.131,-0.2286,15320.0
134.8,14.35,-1.277,-0.1717,15350.0
134.85,14.31,-1.07,-0.09597,15370.0
134.9,14.26,-0.863,-0.02024,15400.0
134.95,14.4,-0.6469,-0.04353,15420.0
135.0,14.54,-0.4307,-0.06682,15410.0
135.05,14.48,-0.4299,0.08511,15380.0
135.1,14.42,-0.4291,0.237,15350.0
135.15,14.48,-0.5117,0.07524,15310.0
135.2,14.54,-0.5943,-0.08658,15290.0
135.25,14.56,-0.6636,-0.1389,15280.0
135.3,14.59,-0.7329,-0.1912,15270.0
135.35,14.66,-0.4998,-0.1583,15290.0
135.4,14.73,-0.2667,-0.1254,15310.0
135.45,14.58,-0.1051,-0.2068,15340.0
135.5,14.43,0.05653,-0.2883,15350.0
135.55,14.48,-0.01453,-0.1233,15350.0
135.6,14.54,-0.08559,0.0417,15340.0
135.65,14.57,-0.2172,0.2558,15330.0
135.7,14.6,-0.3487,0.4699,15300.0
135.75,14.83,-0.3851,0.4512,15280.0
135.8,15.06,-0.4216,0.4324,15260.0
135.85,15.1,-0.4212,0.4273,15250.0
135.9,15.13,-0.4208,0.4221,15240.0
135.95,15.18,-0.4403,0.3509,15240.0
136.0,15.23,-0.4598,0.2797,15250.0
136.05,15.13,-0.5945,0.2075,15270.0
136.1,15.04,-0.7293,0.1354,15300.0
136.15,15.23,-0.7249,0.004024,15310.0
136.2,15.42,-0.7205,-0.1273,15310.0
136.25,15.56,-0.5754,-0.1986,15310.0
136.3,15.69,-0.4303,-0.27,15310.0
136.35,15.63,-0.3435,-0.02927,15300.0
136.4,15.56,-0.2568,0.2114,15290.0
136.45,15.64,-0.3559,0.2006,15270.0
136.5,15.73,-0.455,0.1897,15270.0
136.55,15.67,-0.6748,-0.02695,15290.0
136.6,15.61,-0.8945,-0.2436,15310.0
136.65,15.66,-0.6755,-0.15,15330.0
136.7,15.7,-0.4566,-0.05634,15350.0
136.75,15.78,-0.384,0.006829,15350.0
136.8,15.86,-0.3113,0.06999,15360.0
136.85,15.78,-0.3437,0.08194,15350.0
136.9,15.71,-0.3762,0.09389,15340.0
136.95,15.69,-0.1258,0.04439,15330.0
137.0,15.67,0.1246,-0.005121,15330.0
137.05,15.45,0.03085,0.001585,15330.0
137.1,15.23,-0.0629,0.008292,15340.0
137.15,15.19,-0.1965,0.08487,15360.0
137.2,15.16,-0.33,0.1614,15390.0
137.25,15.3,-0.3027,-0.03707,15400.0
137.3,15.45,-0.2755,-0.2356,15380.0
137.35,15.59,-0.4994,-0.2661,15340.0
137.4,15.74,-0.7233,-0.2966,15300.0
137.45,15.72,-0.7412,-0.3236,15270.0
137.5,15.71,-0.7591,-0.3507,15250.0
137.55,15.68,-0.5549,-0.4118,15270.0
137.6,15.64,-0.3507,-0.4729,15310.0
137.65,15.69,-0.2,-0.4562,15360.0
137.7,15.74,-0.04936,-0.4395,15410.0
137.75,15.74,-0.09116,-0.547,15430.0
137.8,15.74,-0.133,-0.6546,15420.0
137.85,15.68,-0.2028,-0.7385,15370.0
137.9,15.62,-0.2727,-0.8223,15320.0
137.95,15.61,-0.1863,-0.7941,15260.0
138.0,15.6,-0.09992,-0.7658,15210.0
138.05,15.48,0.1156,-0.7388,15190.0
138.1,15.35,0.3312,-0.7119,15200.0
138.15,15.41,0.4459,-0.9282,15250.0
138.2,15.47,0.5605,-1.145,15310.0
138.25,15.44,0.4437,-1.045,15360.0
138.3,15.4,0.3268,-0.9445,15400.0
138.35,15.53,0.2908,-0.7593,15420.0
138.4,15.66,0.2548,-0.5741,15410.0
138.45,15.8,0.1714,-0.4763,15380.0
138.5,15.94,0.08798,-0.3785,15320.0
138.55,15.72,0.128,-0.5776,15260.0
138.6,15.5,0.168,-0.7767,15230.0
138.65,15.55,0.09853,-0.743,15230.0
138.7,15.61,0.02906,-0.7092,15260.0
138.75,15.48,0.2084,-0.5929,15300.0
138.8,15.35,0.3877,-0.4765,15360.0
138.85,15.57,0.497,-0.4454,15420.0
138.9,15.78,0.6063,-0.4143,15460.0
138.95,15.8,0.3943,-0.3681,15470.0
139.0,15.82,0.1823,-0.3219,15460.0
139.05,15.7,0.1262,-0.09365,15440.0
139.1,15.57,0.07006,0.1346,15420.0
139.15,15.41,0.2611,0.1634,15380.0
139.2,15.24,0.4522,0.1922,15350.0
139.25,15.2,0.4132,0.3247,15350.0
139.3,15.15,0.3742,0.4573,15370.0
139.35,15.19,0.4881,0.3954,15420.0
139.4,15.22,0.6019,0.3336,15460.0
139.45,15.27,0.4721,0.3942,15490.0
139.5,15.31,0.3424,0.4548,15520.0
139.55,15.27,0.4683,0.4148,15550.0
139.6,15.23,0.5943,0.3748,15540.0
139.65,15.32,0.3736,0.3976,15510.0
139.7,15.41,0.1529,0.4204,15480.0
139.75,15.44,0.2148,0.1779,15460.0
139.8,15.48,0.2767,-0.06463,15470.0
139.85,15.34,0.2341,-0.02792,15470.0
139.9,15.19,0.1915,0.00878,15470.0
139.95,15.16,0.1473,-0.1618,15490.0
140.0,15.12,0.1031,-0.3324,15520.0
140.05,15.15,0.05792,-0.333,15540.0
140.1,15.17,0.01274,-0.3336,15530.0
140.15,15.39,-0.03842,-0.1997,15520.0
140.2,15.6,-0.08957,-0.06585,15510.0
140.25,15.67,-0.08658,-0.1445,15510.0
140.3,15.74,-0.0836,-0.2231,15510.0
140.35,15.82,-0.1809,-0.2588,15500.0
140.4,15.9,-0.2783,-0.2944,15490.0
140.45,15.93,-0.2605,-0.09987,15480.0
140.5,15.96,-0.2428,0.09462,15490.0
140.55,16.02,-0.05673,0.2168,15490.0
140.6,16.08,0.1294,0.339,15490.0
140.65,16.04,0.2454,0.1994,15500.0
140.7,16.0,0.3615,0.05975,15520.0
140.75,16.12,0.4757,-0.02707,15530.0
140.8,16.23,0.59,-0.1139,15530.0
140.85,16.22,0.6929,0.02536,15500.0
140.9,16.2,0.7958,0.1646,15470.0
140.95,16.17,0.9082,0.01232,15470.0
141.0,16.14,1.021,-0.14,15480.0
141.05,16.26,0.909,-0.2762,15490.0
141.1,16.39,0.7974,-0.4124,15500.0
141.15,16.43,0.8905,-0.3963,15540.0
141.2,16.48,0.9837,-0.3802,15570.0
141.25,16.55,0.7994,-0.5798,15590.0
141.3,16.63,0.615,-0.7794,15590.0
141.35,16.5,0.7534,-0.7321,15580.0
141.4,16.38,0.8917,-0.6848,15580.0
141.45,16.63,0.8318,-0.4586,15570.0
141.5,16.88,0.7719,-0.2324,15540.0
141.55,16.8,0.8077,-0.2901,15520.0
141.6,16.73,0.8435,-0.3478,15530.0
141.65,16.58,0.9078,-0.374,15550.0
141.7,16.43,0.9721,-0.4002,15580.0
141.75,16.34,1.103,-0.3576,15620.0
141.8,16.25,1.234,-0.3151,15670.0
141.85,16.27,1.223,-0.2902,15710.0
141.9,16.29,1.212,-0.2653,15740.0
141.95,16.39,1.288,-0.1739,15730.0
142.0,16.48,1.365,-0.08243,15700.0
142.05,16.41,1.35,-0.002927,15650.0
142.1,16.33,1.334,0.07658,15610.0
142.15,16.31,1.213,-0.03731,15580.0
142.2,16.29,1.091,-0.1512,15550.0
142.25,16.29,1.23,-0.2216,15560.0
142.3,16.29,1.369,-0.2919,15610.0
142.35,16.2,1.49,-0.1991,15670.0
142.4,16.11,1.611,-0.1063,15730.0
142.45,16.1,1.683,-0.2247,15770.0
142.5,16.1,1.755,-0.3431,15790.0
142.55,16.12,1.789,-0.4565,15790.0
142.6,16.14,1.824,-0.5699,15760.0
142.65,16.14,1.575,-0.592,15720.0
142.7,16.14,1.326,-0.6141,15670.0
142.75,16.09,1.253,-0.5781,15640.0
142.8,16.05,1.179,-0.5421,15640.0
142.85,16.24,1.189,-0.3245,15660.0
142.9,16.43,1.2,-0.1068,15680.0
142.95,16.38,1.241,-0.07463,15700.0
143.0,16.33,1.282,-0.04243,15730.0
143.05,16.44,1.171,0.08499,15760.0
143.1,16.55,1.059,0.2124,15780.0
143.15,16.62,1.068,-0.001219,15780.0
143.2,16.69,1.078,-0.2149,15790.0
143.25,16.66,1.022,-0.3048,15800.0
143.3,16.63,0.9658,-0.3948,15820.0
143.35,16.41,1.036,-0.5613,15830.0
143.4,16.19,1.107,-0.7277,15810.0
143.45,16.28,1.188,-0.8333,15790.0
143.5,16.36,1.269,-0.9389,15780.0
143.55,16.42,1.111,-0.668,15780.0
143.6,16.48,0.9534,-0.397,15760.0
143.65,16.46,0.9387,-0.5835,15750.0
143.7,16.45,0.924,-0.7699,15780.0
143.75,16.41,1.084,-0.7374,15830.0
143.8,16.37,1.245,-0.7048,15870.0
143.85,16.25,1.33,-0.4367,15900.0
143.9,16.13,1.415,-0.1685,15910.0
143.95,16.03,1.509,-0.08462,15920.0
144.0,15.92,1.603,-0.0007316,15920.0
144.05,15.79,1.382,0.13,15890.0
144.1,15.66,1.16,0.2607,15850.0
144.15,15.52,0.9445,0.2077,15830.0
144.2,15.38,0.7289,0.1546,15820.0
144.25,15.55,0.6489,0.09572,15820.0
144.3,15.72,0.5689,0.03683,15820.0
144.35,15.8,0.5764,0.1086,15830.0
144.4,15.88,0.584,0.1805,15860.0
144.45,15.75,0.5898,0.2974,15920.0
144.5,15.63,0.5955,0.4143,15980.0
144.55,15.43,0.625,0.4193,16010.0
144.6,15.24,0.6544,0.4243,16010.0
144.65,15.25,0.5649,0.3807,15990.0
144.7,15.26,0.4753,0.337,15960.0
144.75,15.18,0.3557,0.1734,15920.0
144.8,15.11,0.2361,0.009755,15870.0
144.85,15.05,0.3039,-0.2759,15850.0
144.9,15.0,0.3718,-0.5616,15880.0
144.95,15.1,0.4936,-0.8558,15940.0
145.0,15.21,0.6154,-1.15,15990.0
145.05,15.15,0.6696,-0.9955,16010.0
145.1,15.09,0.7237,-0.8411,16030.0
145.15,15.31,0.6632,-0.7431,16030.0
145.2,15.53,0.6027,-0.6451,16010.0
145.25,15.47,0.3181,-0.5692,15970.0
145.3,15.41,0.03344,-0.4934,15940.0
145.35,15.35,0.02289,-0.5559,15930.0
145.4,15.3,0.01234,-0.6185,15960.0
145.45,15.4,-0.005573,-0.2786,15990.0
145.5,15.49,-0.02349,0.06121,16000.0
145.55,15.39,0.08738,-0.0628,16020.0
145.6,15.28,0.1982,-0.1868,16040.0
145.65,15.56,0.1236,-0.11,16060.0
145.7,15.83,0.04896,-0.03317,16050.0
145.75,15.93,0.258,-0.1485,16040.0
145.8,16.03,0.467,-0.2639,16020.0
145.85,16.05,0.3211,-0.0767,16010.0
145.9,16.07,0.1752,0.1105,16020.0
145.95,16.16,0.2633,0.05438,16030.0
146.0,16.24,0.3515,-0.001707,16040.0
146.05,16.22,0.4395,-0.1322,16080.0
146.1,16.2,0.5275,-0.2627,16140.0
146.15,16.32,0.4733,-0.2472,16180.0
146.2,16.44,0.4192,-0.2317,16190.0
146.25,16.65,0.4783,-0.2962,16160.0
146.3,16.86,0.5374,-0.3607,16130.0
146.35,16.82,0.7253,-0.186,16110.0
146.4,16.79,0.9132,-0.01122,16080.0
146.45,16.85,0.9148,0.05353,16050.0
146.5,16.91,0.9164,0.1183,16050.0
146.55,17.06,0.9602,0.2756,16090.0
146.6,17.2,1.004,0.4329,16130.0
146.65,17.0,0.8611,0.2407,16160.0
146.7,16.8,0.7181,0.04853,16180.0
146.75,16.77,0.8129,0.08231,16190.0
146.8,16.73,0.9076,0.1161,16210.0
146.85,16.99,1.158,0.1396,16220.0
146.9,17.25,1.409,0.1632,16210.0
146.95,17.03,1.372,0.1695,16180.0
147.0,16.81,1.335,0.1758,16150.0
147.05,16.75,1.308,0.1458,16140.0
147.1,16.68,1.28,0.1158,16120.0
147.15,16.61,1.426,0.1883,16100.0
147.2,16.53,1.572,0.2607,16110.0
147.25,16.54,1.498,0.2433,16150.0
147.3,16.55,1.423,0.2258,16200.0
147.35,16.64,1.322,0.05195,16240.0
147.4,16.73,1.222,-0.1219,16250.0
147.45,16.71,1.29,-0.1795,16260.0
147.5,16.7,1.359,-0.237,16260.0
147.55,16.86,1.451,-0.2636,16240.0
147.6,17.02,1.543,-0.2902,16200.0
147.65,16.96,1.616,-0.1733,16150.0
147.7,16.9,1.689,-0.05634,16130.0
147.75,16.71,1.512,-0.1134,16130.0
147.8,16.52,1.336,-0.1705,16150.0
147.85,16.58,1.274,-0.1679,16160.0
147.9,16.64,1.212,-0.1653,16190.0
147.95,16.67,0.947,-0.2506,16220.0
148.0,16.7,0.6823,-0.3358,16240.0
148.05,16.78,0.8029,-0.3444,16230.0
148.1,16.86,0.9236,-0.3529,16200.0
148.15,16.82,0.9188,-0.5636,16180.0
148.2,16.78,0.914,-0.7743,16180.0
148.25,16.59,0.832,-0.7488,16180.0
148.3,16.39,0.75,-0.7233,16190.0
148.35,16.23,0.5939,-0.757,16200.0
148.4,16.06,0.4379,-0.7906,16220.0
148.45,16.07,0.422,-0.8928,16230.0
148.5,16.08,0.406,-0.995,16230.0
148.55,16.12,0.3636,-0.9183,16220.0
148.6,16.16,0.3213,-0.8416,16220.0
148.65,16.08,0.2367,-0.6368,16210.0
148.7,15.99,0.1521,-0.4319,16220.0
148.75,16.04,0.05792,-0.2964,16220.0
148.8,16.09,-0.03623,-0.161,16230.0
148.85,15.95,0.0406,-0.1811,16250.0
148.9,15.81,0.1174,-0.2012,16270.0
148.95,15.81,0.1953,-0.2866,16280.0
149.0,15.82,0.2731,-0.3719,16270.0
149.05,15.9,0.04279,-0.2851,16250.0
149.1,15.99,-0.1875,-0.1983,16230.0
149.15,15.89,-0.162,-0.4168,16220.0
149.2,15.79,-0.1365,-0.6353,16200.0
149.25,15.87,-0.02607,-0.7291,16200.0
149.3,15.94,0.08439,-0.8228,16210.0
149.35,15.98,-0.1139,-0.8467,16230.0
149.4,16.01,-0.3121,-0.8706,16250.0
149.45,15.99,-0.12,-1.009,16260.0
149.5,15.97,0.07205,-1.148,16250.0
149.55,15.9,0.1109,-1.088,16230.0
149.6,15.84,0.1497,-1.028,16210.0
149.65,16.01,0.1198,-0.8878,16200.0
149.7,16.17,0.08997,-0.7477,16200.0
149.75,16.02,0.1845,-0.665,16210.0
149.8,15.86,0.2791,-0.5824,16220.0
149.85,15.73,0.29,-0.5201,16240.0
149.9,15.59,0.301,-0.4578,16240.0
149.95,15.65,0.1897,-0.7381,16230.0
150.0,15.72,0.07842,-1.018,16210.0
150.05,15.7,0.1238,-1.142,16190.0
150.1,15.67,0.1692,-1.265,16180.0
150.15,15.68,0.2582,-1.115,16180.0
150.2,15.68,0.3471,-0.9662,16180.0
150.25,15.4,0.3619,-0.8619,16200.0
150.3,15.11,0.3766,-0.7575,16220.0
150.35,15.19,0.3384,-0.5974,16230.0
150.4,15.28,0.3002,-0.4373,16220.0
150.45,15.16,0.2112,-0.434,16200.0
150.5,15.05,0.1222,-0.4307,16180.0
150.55,15.1,0.09136,-0.531,16170.0
150.6,15.14,0.06051,-0.6314,16160.0
150.65,15.06,-0.04021,-0.5765,16170.0
150.7,14.97,-0.1409,-0.5216,16180.0
150.75,15.01,-0.04578,-0.2548,16190.0
150.8,15.04,0.04936,0.01195,16190.0
150.85,15.13,0.1019,-0.1535,16190.0
150.9,15.21,0.1545,-0.319,16180.0
150.95,15.2,0.283,-0.5063,16180.0
151.0,15.18,0.4116,-0.6936,16190.0
151.05,15.2,0.1405,-0.5958,16190.0
151.1,15.22,-0.1306,-0.498,16190.0
151.15,15.15,-0.01075,-0.299,16200.0
151.2,15.09,0.1091,-0.09999,16190.0
151.25,15.12,0.2902,-0.1718,16170.0
151.3,15.15,0.4713,-0.2436,16160.0
151.35,15.14,0.3983,-0.1913,16150.0
151.4,15.13,0.3252,-0.139,16150.0
151.45,15.15,0.121,-0.2451,16160.0
151.5,15.16,-0.0832,-0.3512,16170.0
151.55,14.94,-0.1722,-0.3863,16180.0
151.6,14.71,-0.2611,-0.4214,16200.0
151.65,14.74,-0.1773,-0.3339,16200.0
151.7,14.76,-0.09355,-0.2463,16190.0
151.75,14.74,-0.1477,-0.1107,16160.0
151.8,14.72,-0.2018,0.02488,16140.0
151.85,14.69,-0.2576,-0.1133,16130.0
151.9,14.65,-0.3133,-0.2514,16110.0
151.95,14.45,-0.06429,-0.2891,16100.0
152.0,14.25,0.1847,-0.3268,16100.0
152.05,14.27,-0.07703,-0.2974,16100.0
152.1,14.29,-0.3388,-0.268,16100.0
152.15,14.05,-0.3067,-0.2223,16100.0
152.2,13.81,-0.2747,-0.1766,16120.0
152.25,13.97,-0.1133,-0.0767,16140.0
152.3,14.12,0.04817,0.02317,16160.0
152.35,14.16,0.06409,-0.03609,16160.0
152.4,14.21,0.08001,-0.09536,16130.0
152.45,14.42,0.169,-0.1356,16090.0
152.5,14.64,0.258,-0.1758,16060.0
152.55,14.77,0.01931,-0.07072,16030.0
152.6,14.91,-0.2193,0.03439,16020.0
152.65,14.93,-0.1929,0.08901,16030.0
152.7,14.94,-0.1664,0.1436,16060.0
152.75,14.99,-0.2339,0.2224,16100.0
152.8,15.04,-0.3013,0.3012,16120.0
152.85,15.03,-0.1777,0.1955,16100.0
152.9,15.02,-0.05414,0.08975,16070.0
152.95,14.91,-0.2978,-0.03963,16040.0
153.0,14.79,-0.5414,-0.169,16010.0
153.05,14.62,-0.504,-0.1377,15990.0
153.1,14.45,-0.4666,-0.1063,15990.0
153.15,14.35,-0.6244,-0.1302,16000.0
153.2,14.25,-0.7822,-0.1541,16030.0
153.25,14.17,-0.6626,-0.1106,16040.0
153.3,14.1,-0.543,-0.06707,16040.0
153.35,14.07,-0.675,-0.0456,16030.0
153.4,14.04,-0.8069,-0.02414,16010.0
153.45,14.03,-0.6759,0.01158,15980.0
153.5,14.01,-0.545,0.04731,15950.0
153.55,14.03,-0.1266,0.1522,15920.0
153.6,14.05,0.2918,0.257,15890.0
153.65,14.1,0.1586,0.2692,15890.0
153.7,14.16,0.02548,0.2814,15910.0
153.75,14.19,0.1164,0.2444,15940.0
153.8,14.21,0.2074,0.2073,15980.0
153.85,14.15,0.2488,0.1469,16020.0
153.9,14.08,0.2902,0.08658,16030.0
153.95,13.98,0.3525,0.07963,16000.0
154.0,13.87,0.4148,0.07267,15950.0
154.05,13.8,0.5842,-0.01927,15890.0
154.1,13.72,0.7536,-0.1112,15840.0
154.15,13.47,0.7102,-0.1314,15810.0
154.2,13.23,0.6668,-0.1517,15810.0
154.25,13.19,0.6316,-0.3781,15840.0
154.3,13.15,0.5963,-0.6046,15900.0
154.35,13.27,0.5933,-0.4507,15960.0
154.4,13.38,0.5904,-0.2968,16000.0
154.45,13.21,0.7932,-0.2185,16000.0
154.5,13.05,0.996,-0.1402,15970.0
154.55,13.04,0.7972,-0.1963,15910.0
154.6,13.03,0.5983,-0.2524,15850.0
154.65,12.98,0.7739,-0.1853,15810.0
154.7,12.93,0.9494,-0.1183,15790.0
154.75,12.89,0.8412,0.07219,15800.0
154.8,12.85,0.7329,0.2627,15830.0
154.85,12.97,0.6642,0.4386,15850.0
154.9,13.1,0.5955,0.6146,15870.0
154.95,13.08,0.6268,0.3055,15880.0
155.0,13.05,0.658,-0.003658,15880.0
155.05,13.21,0.4863,-0.1189,15860.0
155.1,13.36,0.3145,-0.2341,15840.0
155.15,13.21,0.3501,-0.2783,15820.0
155.2,13.06,0.3857,-0.3224,15810.0
155.25,13.11,0.4984,-0.3014,15800.0
155.3,13.16,0.6111,-0.2805,15780.0
155.35,13.09,0.6005,-0.2803,15760.0
155.4,13.02,0.59,-0.2802,15740.0
155.45,12.86,0.5649,-0.2596,15740.0
155.5,12.69,0.5398,-0.239,15740.0
155.55,12.76,0.7106,-0.3418,15750.0
155.6,12.82,0.8814,-0.4446,15770.0
155.65,12.77,1.057,-0.5685,15790.0
155.7,12.71,1.232,-0.6924,15800.0
155.75,12.47,1.198,-0.7914,15780.0
155.8,12.22,1.163,-0.8904,15740.0
155.85,12.27,1.194,-0.711,15690.0
155.9,12.32,1.226,-0.5316,15650.0
155.95,12.35,1.289,-0.5447,15620.0
156.0,12.37,1.352,-0.5577,15610.0
156.05,12.35,1.39,-0.3155,15630.0
156.1,12.34,1.428,-0.07316,15650.0
156.15,12.41,1.409,-0.05609,15670.0
156.2,12.48,1.391,-0.03902,15680.0
156.25,12.43,1.35,-0.06133,15680.0
156.3,12.38,1.309,-0.08365,15670.0
156.35,12.47,1.156,-0.06816,15650.0
156.4,12.56,1.004,-0.05268,15630.0
156.45,12.64,0.748,0.02622,15610.0
156.5,12.72,0.4916,0.1051,15590.0
156.55,12.74,0.1851,0.09804,15580.0
156.6,12.77,-0.1214,0.09097,15570.0
156.65,13.03,-0.08081,0.1569,15560.0
156.7,13.28,-0.04021,0.2229,15570.0
156.75,13.38,0.2245,0.3774,15580.0
156.8,13.48,0.4892,0.5319,15600.0
156.85,13.47,0.4357,0.2897,15600.0
156.9,13.47,0.3822,0.04756,15600.0
156.95,13.39,0.2528,-0.09438,15580.0
157.0,13.32,0.1234,-0.2363,15550.0
157.05,13.34,-0.05633,-0.03548,15530.0
157.1,13.36,-0.2361,0.1653,15520.0
157.15,13.47,0.02926,0.1341,15520.0
157.2,13.59,0.2946,0.1029,15520.0
157.25,13.69,0.2231,-0.118,15530.0
157.3,13.78,0.1517,-0.339,15540.0
157.35,13.84,-0.1529,-0.3351,15530.0
157.4,13.9,-0.4574,-0.3312,15520.0
157.45,13.99,-0.3252,-0.106,15500.0
157.5,14.08,-0.1931,0.1193,15480.0
157.55,14.0,-0.3923,-0.06402,15470.0
157.6,13.92,-0.5916,-0.2473,15470.0
157.65,13.92,-0.7679,-0.1931,15470.0
157.7,13.93,-0.9443,-0.139,15480.0
157.75,13.83,-0.7615,-0.03085,15480.0
157.8,13.73,-0.5788,0.07731,15480.0
157.85,13.64,-0.5215,0.1351,15480.0
157.9,13.56,-0.4642,0.1929,15480.0
157.95,13.58,-0.3967,0.3448,15460.0
158.0,13.61,-0.3292,0.4968,15440.0
158.05,13.43,-0.2645,0.6076,15420.0
158.1,13.26,-0.1998,0.7185,15410.0
158.15,13.39,-0.2914,0.593,15410.0
158.2,13.53,-0.383,0.4675,15400.0
158.25,13.82,-0.2221,0.557,15410.0
158.3,14.11,-0.0613,0.6465,15430.0
158.35,14.11,0.02428,0.5688,15440.0
158.4,14.1,0.1099,0.4912,15430.0
158.45,14.0,0.1083,0.2472,15420.0
158.5,13.89,0.1067,0.00317,15400.0
158.55,13.76,0.1385,0.2306,15380.0
158.6,13.62,0.1704,0.458,15360.0
158.65,13.67,0.1915,0.4232,15330.0
158.7,13.73,0.2126,0.3885,15310.0
158.75,13.81,0.04996,0.345,15320.0
158.8,13.89,-0.1127,0.3014,15340.0
158.85,13.8,-0.1051,0.06121,15370.0
158.9,13.71,-0.09753,-0.179,15400.0
158.95,13.75,-0.05613,-0.2208,15420.0
159.0,13.78,-0.01473,-0.2627,15430.0
159.05,13.73,0.127,-0.06524,15420.0
159.1,13.67,0.2687,0.1322,15390.0
159.15,13.65,0.4381,0.2646,15350.0
159.2,13.62,0.6075,0.397,15320.0
159.25,13.54,0.4391,0.3878,15310.0
159.3,13.45,0.2707,0.3785,15320.0
159.35,13.53,0.09494,0.5227,15350.0
159.4,13.62,-0.08081,0.667,15380.0
159.45,13.55,-0.135,0.6085,15420.0
159.5,13.49,-0.1891,0.5499,15440.0
159.55,13.31,-0.1049,0.2397,15440.0
159.6,13.13,-0.0207,-0.07048,15420.0
159.65,13.19,-0.08718,-0.1564,15400.0
159.7,13.25,-0.1537,-0.2424,15380.0
159.75,13.24,-0.2026,-0.2492,15370.0
159.8,13.23,-0.2516,-0.2561,15360.0
159.85,13.46,-0.2134,-0.3136,15360.0
159.9,13.7,-0.1752,-0.3712,15370.0
159.95,13.73,0.05971,-0.3169,15400.0
160.0,13.75,0.2946,-0.2627,15430.0
160.05,13.65,0.3744,-0.007682,15440.0
160.1,13.54,0.4542,0.2473,15440.0
160.15,13.39,0.4898,0.1534,15430.0
160.2,13.23,0.5255,0.05951,15410.0
160.25,13.26,0.284,0.1394,15380.0
160.3,13.29,0.04259,0.2192,15340.0
160.35,13.32,0.02607,0.1857,15340.0
160.4,13.35,0.009554,0.1522,15360.0
160.45,13.27,0.1172,0.1516,15370.0
160.5,13.19,0.2249,0.151,15370.0
160.55,13.17,0.2197,0.1211,15370.0
160.6,13.15,0.2146,0.09121,15390.0
160.65,13.16,0.1154,0.0007316,15400.0
160.7,13.17,0.01632,-0.08975,15400.0
160.75,13.28,0.005772,0.2114,15380.0
160.8,13.4,-0.004777,0.5126,15360.0
160.85,13.42,-0.01652,0.6486,15350.0
160.9,13.45,-0.02826,0.7845,15330.0
160.95,13.44,0.1618,0.7411,15310.0
161.0,13.44,0.3519,0.6977,15290.0
161.05,13.29,0.1899,0.4937,15290.0
161.1,13.14,0.02787,0.2897,15310.0
161.15,13.11,-0.1298,0.2647,15320.0
161.2,13.08,-0.2874,0.2397,15300.0
161.25,13.22,-0.2597,0.2245,15290.0
161.3,13.36,-0.2321,0.2092,15280.0
161.35,13.45,-0.2164,0.3515,15280.0
161.4,13.53,-0.2006,0.4938,15270.0
161.45,13.59,-0.2245,0.5273,15270.0
161.5,13.64,-0.2484,0.5607,15280.0
161.55,13.87,-0.001592,0.468,15320.0
161.6,14.1,0.2452,0.3753,15350.0
161.65,14.24,0.3443,0.3146,15360.0
161.7,14.38,0.4435,0.2539,15340.0
161.75,14.41,0.3581,0.3106,15310.0
161.8,14.45,0.2727,0.3673,15280.0
161.85,14.51,0.2243,0.3358,15250.0
161.9,14.56,0.176,0.3044,15220.0
161.95,14.63,0.2032,0.06682,15220.0
162.0,14.71,0.2305,-0.1707,15250.0
162.05,14.88,-0.02647,-0.1333,15310.0
162.1,15.06,-0.2834,-0.09584,15360.0
162.15,15.16,-0.08499,-0.05036,15410.0
162.2,15.25,0.1135,-0.004878,15430.0
162.25,15.12,0.2064,-0.1461,15440.0
162.3,14.98,0.2994,-0.2873,15410.0
162.35,15.04,0.1017,-0.2545,15350.0
162.4,15.1,-0.09594,-0.2217,15280.0
162.45,15.22,0.03563,-0.2361,15250.0
162.5,15.33,0.1672,-0.2505,15240.0
162.55,15.53,0.1901,-0.05109,15260.0
162.6,15.73,0.213,0.1483,15280.0
162.65,15.79,0.1706,0.05304,15320.0
162.7,15.85,0.1282,-0.04219,15370.0
162.75,15.72,0.3983,-0.2364,15420.0
162.8,15.6,0.6684,-0.4307,15430.0
162.85,15.64,0.5382,-0.4034,15420.0
162.9,15.69,0.408,-0.3761,15390.0
162.95,15.78,0.3977,-0.4269,15370.0
163.0,15.88,0.3873,-0.4778,15340.0
163.05,15.83,0.5,-0.3752,15290.0
163.1,15.78,0.6127,-0.2727,15250.0
163.15,15.88,0.6063,-0.1165,15250.0
163.2,15.98,0.5999,0.03975,15290.0
163.25,15.95,0.4825,-0.07255,15340.0
163.3,15.92,0.365,-0.1849,15360.0
163.35,15.88,0.4504,-0.1171,15380.0
163.4,15.84,0.5358,-0.04926,15400.0
163.45,15.93,0.4954,-0.1507,15400.0
163.5,16.03,0.455,-0.2522,15380.0
163.55,15.83,0.5464,-0.3315,15340.0
163.6,15.63,0.6377,-0.4109,15300.0
163.65,15.55,0.7731,-0.4203,15280.0
163.7,15.48,0.9084,-0.4297,15270.0
163.75,15.41,0.8561,-0.4626,15260.0
163.8,15.35,0.8037,-0.4956,15250.0
163.85,15.46,0.6005,-0.5447,15270.0
163.9,15.56,0.3973,-0.5938,15320.0
163.95,15.55,0.4076,-0.4628,15360.0
164.0,15.53,0.418,-0.3317,15370.0
164.05,15.56,0.3328,-0.3552,15360.0
164.1,15.59,0.2476,-0.3787,15340.0
164.15,15.44,0.257,-0.2358,15320.0
164.2,15.28,0.2663,-0.09292,15290.0
164.25,15.35,0.3828,-0.07731,15260.0
164.3,15.42,0.4992,-0.0617,15260.0
164.35,15.55,0.6182,-0.06841,15280.0
164.4,15.68,0.7373,-0.07511,15310.0
164.45,15.72,0.6751,-0.1547,15340.0
164.5,15.76,0.613,-0.2344,15350.0
164.55,15.76,0.7994,-0.1091,15350.0
164.6,15.76,0.9857,0.0161,15350.0
164.65,15.64,0.9681,-0.1768,15340.0
164.7,15.52,0.9506,-0.3697,15310.0
164.75,15.71,1.036,-0.427,15290.0
164.8,15.89,1.122,-0.4843,15300.0
164.85,15.91,1.223,-0.5112,15330.0
164.9,15.93,1.323,-0.538,15350.0
164.95,15.76,1.427,-0.5146,15360.0
165.0,15.6,1.531,-0.4912,15350.0
165.05,15.62,1.208,-0.5466,15350.0
165.1,15.65,0.8853,-0.6021,15360.0
165.15,15.65,0.9494,-0.5215,15340.0
165.2,15.66,1.014,-0.4409,15320.0
165.25,15.73,1.135,-0.4651,15300.0
165.3,15.81,1.256,-0.4892,15300.0
165.35,15.89,1.24,-0.4126,15310.0
165.4,15.97,1.225,-0.3361,15290.0
165.45,15.86,1.12,-0.1717,15280.0
165.5,15.74,1.016,-0.007316,15310.0
165.55,15.58,1.042,0.1152,15360.0
165.6,15.42,1.068,0.2378,15400.0
165.65,15.48,0.9019,0.1645,15400.0
165.7,15.55,0.7357,0.09121,15380.0
165.75,15.45,0.7649,-0.0906,15360.0
165.8,15.35,0.7942,-0.2724,15330.0
165.85,15.41,0.7247,-0.5077,15310.0
165.9,15.47,0.6552,-0.7431,15280.0
165.95,15.5,0.5939,-0.8376,15280.0
166.0,15.53,0.5326,-0.9321,15310.0
166.05,15.37,0.5734,-0.922,15340.0
166.1,15.21,0.6142,-0.9119,15360.0
166.15,15.25,0.6819,-1.102,15350.0
166.2,15.29,0.7496,-1.292,15360.0
166.25,15.31,0.9604,-1.196,15370.0
166.3,15.32,1.171,-1.1,15370.0
166.35,15.21,1.157,-1.104,15360.0
166.4,15.09,1.143,-1.108,15350.0
166.45,14.94,1.317,-1.099,15350.0
166.5,14.8,1.49,-1.09,15350.0
166.55,14.77,1.757,-1.087,15330.0
166.6,14.74,2.023,-1.085,15310.0
166.65,14.6,1.915,-1.07,15290.0
166.7,14.46,1.808,-1.055,15310.0
166.75,14.38,1.803,-0.9048,15340.0
166.8,14.3,1.799,-0.7541,15350.0
166.85,14.21,1.642,-0.7854,15360.0
166.9,14.12,1.486,-0.8167,15360.0
166.95,14.13,1.463,-0.6692,15370.0
167.0,14.14,1.439,-0.5216,15360.0
167.05,14.01,1.51,-0.393,15320.0
167.1,13.87,1.58,-0.2644,15280.0
167.15,13.88,1.614,-0.3068,15280.0
167.2,13.89,1.649,-0.3492,15300.0
167.25,13.9,1.374,-0.5671,15320.0
167.3,13.92,1.1,-0.785,15340.0
167.35,13.87,0.8666,-0.591,15360.0
167.4,13.82,0.6337,-0.397,15380.0
167.45,13.81,0.7802,-0.3194,15380.0
167.5,13.8,0.9267,-0.2417,15340.0
167.55,13.91,0.8638,-0.4332,15290.0
167.6,14.02,0.8009,-0.6248,15260.0
167.65,14.01,0.964,-0.6685,15250.0
167.7,14.0,1.127,-0.7121,15260.0
167.75,14.08,1.252,-0.6776,15270.0
167.8,14.16,1.377,-0.6431,15300.0
167.85,14.19,1.321,-0.5757,15350.0
167.9,14.21,1.266,-0.5082,15380.0
167.95,14.16,1.176,-0.4235,15370.0
168.0,14.1,1.086,-0.3387,15340.0
168.05,14.18,0.8939,-0.3262,15300.0
168.1,14.25,0.7018,-0.3136,15280.0
168.15,14.36,0.5816,-0.2166,15250.0
168.2,14.46,0.4614,-0.1195,15230.0
168.25,14.34,0.161,-0.2253,15230.0
168.3,14.21,-0.1393,-0.3312,15270.0
168.35,14.26,0.05016,-0.06999,15310.0
168.4,14.32,0.2396,0.1912,15350.0
168.45,14.48,0.4904,0.3558,15360.0
168.5,14.65,0.7412,0.5204,15370.0
168.55,14.68,0.5918,0.4915,15360.0
168.6,14.72,0.4423,0.4626,15340.0
168.65,14.83,0.4486,0.4625,15310.0
168.7,14.94,0.455,0.4624,15270.0
168.75,14.9,0.1417,0.3719,15250.0
168.8,14.86,-0.1716,0.2814,15250.0
168.85,14.86,-0.2136,0.1907,15270.0
168.9,14.86,-0.2556,0.09999,15290.0
168.95,14.86,-0.1236,0.04329,15300.0
169.0,14.85,0.00836,-0.01341,15330.0
169.05,14.8,-0.09614,-0.1273,15360.0
169.1,14.75,-0.2006,-0.2412,15370.0
169.15,14.77,-0.217,-0.1863,15360.0
169.2,14.79,-0.2333,-0.1314,15340.0
169.25,14.93,-0.02607,0.1141,15320.0
169.3,15.06,0.1811,0.3597,15290.0
169.35,15.18,0.2269,0.1836,15270.0
169.4,15.31,0.2727,0.00756,15240.0
169.45,15.35,0.2486,-0.07146,15240.0
169.5,15.4,0.2245,-0.1505,15270.0
169.55,15.43,0.1256,-0.1171,15300.0
169.6,15.46,0.02667,-0.08365,15320.0
169.65,15.41,-0.04538,-0.2272,15330.0
169.7,15.35,-0.1174,-0.3707,15350.0
169.75,15.14,-0.1377,-0.2133,15360.0
169.8,14.93,-0.158,-0.05585,15350.0
169.85,14.9,-0.1682,-0.09292,15340.0
169.9,14.87,-0.1783,-0.13,15320.0
169.95,14.9,-0.1137,-0.1823,15330.0
170.0,14.93,-0.04896,-0.2346,15330.0
170.05,14.87,-0.2245,-0.1603,15330.0
170.1,14.82,-0.4001,-0.08609,15330.0
170.15,14.74,-0.4711,-0.1456,15340.0
170.2,14.67,-0.5422,-0.2051,15350.0
170.25,14.73,-0.4092,-0.268,15360.0
170.3,14.8,-0.2763,-0.3309,15370.0
170.35,14.82,-0.2321,-0.5192,15380.0
170.4,14.83,-0.1879,-0.7075,15380.0
170.45,14.79,-0.05135,-0.7875,15400.0
170.5,14.75,0.08519,-0.8675,15420.0
170.55,14.66,0.2142,-0.4707,15430.0
170.6,14.57,0.3431,-0.07389,15420.0
170.65,14.69,0.1742,-0.02683,15410.0
170.7,14.82,0.005175,0.02024,15410.0
170.75,14.78,-0.03921,-0.09011,15400.0
170.8,14.74,-0.0836,-0.2005,15360.0
170.85,14.61,-0.1899,-0.2112,15330.0
170.9,14.47,-0.2962,-0.2219,15340.0
170.95,14.42,-0.2486,-0.09499,15370.0
171.0,14.36,-0.201,0.03195,15410.0
171.05,14.12,0.2319,0.1661,15440.0
171.1,13.88,0.6648,0.3002,15460.0
171.15,13.93,0.6477,0.1742,15470.0
171.2,13.97,0.6306,0.04829,15460.0
171.25,13.91,0.6433,-0.1235,15420.0
171.3,13.85,0.656,-0.2953,15370.0
171.35,13.8,0.5494,-0.1561,15340.0
171.4,13.74,0.4427,-0.01683,15330.0
171.45,14.02,0.6214,-0.191,15330.0
171.5,14.29,0.8001,-0.3651,15330.0
171.55,14.16,0.7538,-0.1514,15340.0
171.6,14.03,0.7074,0.06219,15370.0
171.65,13.9,0.4988,0.1371,15410.0
171.7,13.77,0.2902,0.2119,15440.0
171.75,13.66,0.2568,0.1077,15440.0
171.8,13.55,0.2233,0.003414,15440.0
171.85,13.73,0.1324,0.07207,15430.0
171.9,13.91,0.0414,0.1407,15400.0
171.95,13.74,0.08977,0.2807,15360.0
172.0,13.58,0.1381,0.4207,15320.0
172.05,13.6,0.2392,0.2779,15300.0
172.1,13.61,0.3404,0.1351,15310.0
172.15,13.65,0.3975,0.1892,15330.0
172.2,13.69,0.4546,0.2434,15360.0
172.25,13.63,0.4896,0.3344,15390.0
172.3,13.57,0.5247,0.4253,15410.0
172.35,13.63,0.4771,0.4323,15430.0
172.4,13.69,0.4295,0.4392,15430.0
172.45,13.76,0.4244,0.3061,15400.0
172.5,13.83,0.4192,0.1729,15370.0
172.55,13.87,0.3903,0.289,15350.0
172.6,13.92,0.3615,0.4051,15350.0
172.65,13.85,0.3893,0.193,15350.0
172.7,13.78,0.4172,-0.01902,15360.0
172.75,13.61,0.4168,-0.1227,15380.0
172.8,13.45,0.4164,-0.2263,15400.0
172.85,13.45,0.3121,-0.2458,15420.0
172.9,13.45,0.2078,-0.2653,15410.0
172.95,13.48,0.05434,-0.04743,15390.0
173.0,13.52,-0.09912,0.1705,15360.0
173.05,13.65,0.07842,0.1728,15340.0
173.1,13.77,0.256,0.1751,15320.0
173.15,13.65,0.2048,0.1372,15320.0
173.2,13.53,0.1537,0.09926,15340.0
173.25,13.51,0.2142,0.0884,15380.0
173.3,13.48,0.2747,0.07755,15450.0
173.35,13.43,0.3105,0.1647,15490.0
173.4,13.39,0.3463,0.2519,15500.0
173.45,13.52,0.08937,0.2584,15470.0
173.5,13.66,-0.1676,0.2648,15420.0
173.55,13.71,-0.06349,0.3342,15360.0
173.6,13.76,0.0406,0.4036,15300.0
173.65,13.91,0.08758,0.4115,15250.0
173.7,14.05,0.1346,0.4195,15260.0
173.75,14.09,0.1443,0.3763,15310.0
173.8,14.13,0.1541,0.3331,15380.0
173.85,14.11,0.2392,0.2479,15440.0
173.9,14.1,0.3244,0.1627,15480.0
173.95,13.99,0.3258,0.04548,15510.0
174.0,13.87,0.3272,-0.0717,15510.0
174.05,13.91,0.4287,-0.1239,15470.0
174.1,13.94,0.5302,-0.1761,15410.0
174.15,14.06,0.3636,0.0004878,15340.0
174.2,14.17,0.1971,0.1771,15290.0
174.25,14.34,0.1192,0.2524,15260.0
174.3,14.5,0.0414,0.3278,15260.0
174.35,14.32,0.1939,0.3813,15290.0
174.4,14.15,0.3463,0.4348,15350.0
174.45,14.14,0.3875,0.5163,15430.0
174.5,14.13,0.4287,0.5977,15490.0
174.55,13.86,0.38,0.2419,15530.0
174.6,13.59,0.3312,-0.1139,15520.0
174.65,13.77,0.4132,0.01658,15490.0
174.7,13.95,0.4952,0.1471,15450.0
174.75,14.31,0.7464,0.2269,15390.0
174.8,14.67,0.9976,0.3068,15330.0
174.85,14.62,0.8133,0.2706,15290.0
174.9,14.58,0.629,0.2344,15300.0
174.95,14.53,0.867,0.2711,15350.0
175.0,14.48,1.105,0.3078,15410.0
175.05,14.64,1.179,0.3425,15470.0
175.1,14.8,1.253,0.3773,15530.0
175.15,14.79,1.29,0.427,15570.0
175.2,14.77,1.327,0.4768,15580.0
175.25,14.67,1.315,0.3636,15540.0
175.3,14.56,1.304,0.2505,15480.0
175.35,14.52,1.255,0.09889,15430.0
175.4,14.48,1.206,-0.05268,15390.0
175.45,14.76,1.107,-0.04512,15370.0
175.5,15.05,1.007,-0.03756,15370.0
175.55,14.89,0.7785,0.0139,15400.0
175.6,14.73,0.5498,0.06536,15460.0
175.65,14.88,0.537,-0.1212,15510.0
175.7,15.04,0.5243,-0.3078,15530.0
175.75,15.07,0.4689,-0.3098,15540.0
175.8,15.1,0.4136,-0.3119,15540.0
175.85,14.98,0.5064,-0.1182,15530.0
175.9,14.86,0.5991,0.0756,15510.0
175.95,15.0,0.6073,-0.001097,15470.0
176.0,15.14,0.6154,-0.0778,15430.0
176.05,15.13,0.6099,-0.3244,15420.0
176.1,15.12,0.6043,-0.5709,15420.0
176.15,15.06,0.3601,-0.5314,15430.0
176.2,15.0,0.1158,-0.4919,15450.0
176.25,15.11,0.2104,-0.3896,15480.0
176.3,15.22,0.3049,-0.2873,15510.0
176.35,15.25,0.3778,-0.4311,15520.0
176.4,15.27,0.4506,-0.5748,15500.0
176.45,15.17,0.3384,-0.5098,15460.0
176.5,15.06,0.2261,-0.4448,15420.0
176.55,14.99,0.124,-0.4211,15400.0
176.6,14.91,0.02189,-0.3973,15390.0
176.65,15.03,0.02408,-0.3909,15370.0
176.7,15.15,0.02627,-0.3846,15370.0
176.75,15.25,0.04737,-0.4246,15400.0
176.8,15.35,0.06847,-0.4646,15430.0
176.85,15.25,-0.1367,-0.442,15440.0
176.9,15.15,-0.342,-0.4195,15430.0
176.95,15.04,-0.5072,-0.1997,15420.0
177.0,14.93,-0.6724,0.02,15410.0
177.05,15.04,-0.5826,-0.04804,15400.0
177.1,15.15,-0.4928,-0.1161,15380.0
177.15,15.13,-0.5296,-0.009023,15370.0
177.2,15.11,-0.5665,0.09804,15380.0
177.25,15.08,-0.5768,-0.1238,15420.0
177.3,15.04,-0.5872,-0.3456,15440.0
177.35,15.11,-0.5923,-0.2651,15450.0
177.4,15.18,-0.5975,-0.1846,15440.0
177.45,15.21,-0.6413,-0.1692,15430.0
177.5,15.24,-0.6851,-0.1539,15430.0
177.55,15.27,-0.7946,-0.1323,15420.0
177.6,15.3,-0.904,-0.1107,15410.0
177.65,15.29,-0.9445,-0.264,15400.0
177.7,15.28,-0.9849,-0.4173,15420.0
177.75,15.08,-1.052,-0.5553,15440.0
177.8,14.89,-1.118,-0.6933,15450.0
177.85,15.04,-1.188,-0.6248,15470.0
177.9,15.2,-1.258,-0.5563,15480.0
177.95,14.95,-1.272,-0.4269,15490.0
178.0,14.71,-1.286,-0.2975,15480.0
178.05,14.7,-1.283,-0.1857,15450.0
178.1,14.69,-1.279,-0.07389,15410.0
178.15,14.71,-1.107,-0.1619,15390.0
178.2,14.74,-0.9355,-0.25,15370.0
178.25,14.77,-0.7205,-0.4018,15370.0
178.3,14.8,-0.5056,-0.5536,15380.0
178.35,14.92,-0.6455,-0.6186,15420.0
178.4,15.03,-0.7854,-0.6836,15460.0
178.45,14.84,-0.7812,-0.5085,15490.0
178.5,14.64,-0.7771,-0.3334,15480.0
178.55,14.75,-0.7685,-0.4073,15450.0
178.6,14.85,-0.7599,-0.4812,15400.0
178.65,14.7,-0.7711,-0.489,15350.0
178.7,14.54,-0.7822,-0.4968,15300.0
178.75,14.48,-0.8849,-0.4534,15270.0
178.8,14.42,-0.9876,-0.41,15280.0
178.85,14.55,-0.9464,-0.3019,15310.0
178.9,14.69,-0.9052,-0.1939,15370.0
178.95,14.59,-0.8364,-0.1691,15420.0
179.0,14.49,-0.7675,-0.1444,15450.0
179.05,14.42,-0.6632,-0.01585,15450.0
179.1,14.36,-0.5589,0.1127,15420.0
179.15,14.23,-0.5293,0.1156,15380.0
179.2,14.1,-0.4996,0.1185,15340.0
179.25,14.02,-0.5864,0.1094,15290.0
179.3,13.93,-0.6732,0.1002,15270.0
179.35,13.87,-0.5151,-0.02658,15270.0
179.4,13.82,-0.3571,-0.1534,15280.0
179.45,13.89,-0.5754,-0.0528,15320.0
179.5,13.97,-0.7938,0.0478,15360.0
179.55,14.11,-0.8752,0.1612,15410.0
179.6,14.25,-0.9566,0.2746,15460.0
179.65,14.07,-0.8728,0.2489,15480.0
179.7,13.89,-0.789,0.2231,15480.0
179.75,13.81,-0.8175,0.101,15450.0
179.8,13.74,-0.8459,-0.02122,15410.0
179.85,13.81,-0.7932,-0.17,15380.0
179.9,13.88,-0.7404,-0.3187,15350.0
179.95,13.91,-0.8965,-0.3262,15330.0
180.0,13.94,-1.053,-0.3336,15340.0
180.05,13.85,-1.052,-0.201,15360.0
180.1,13.75,-1.052,-0.06829,15410.0
180.15,13.69,-1.012,-0.235,15460.0
180.2,13.63,-0.9721,-0.4017,15500.0
180.25,13.67,-0.8539,-0.4874,15520.0
180.3,13.72,-0.7357,-0.5731,15520.0
180.35,13.75,-0.6226,-0.6857,15490.0
180.4,13.78,-0.5095,-0.7982,15440.0
180.45,13.68,-0.4908,-1.012,15380.0
180.5,13.59,-0.4721,-1.226,15350.0
180.55,13.59,-0.3955,-1.23,15350.0
180.6,13.59,-0.3189,-1.234,15350.0
180.65,13.84,-0.08479,-1.134,15360.0
180.7,14.09,0.1493,-1.034,15380.0
180.75,14.02,0.1511,-0.9329,15420.0
180.8,13.94,0.1529,-0.8316,15460.0
180.85,13.89,-0.002588,-0.7053,15480.0
180.9,13.83,-0.158,-0.579,15470.0
180.95,13.78,-0.2787,-0.6724,15440.0
181.0,13.73,-0.3993,-0.7658,15390.0
181.05,13.57,-0.4154,-0.5225,15330.0
181.1,13.4,-0.4315,-0.2792,15280.0
181.15,13.57,-0.7052,-0.5032,15240.0
181.2,13.74,-0.9789,-0.7272,15240.0
181.25,13.83,-1.086,-0.7509,15280.0
181.3,13.91,-1.193,-0.7745,15320.0
181.35,13.97,-1.071,-0.5936,15360.0
181.4,14.03,-0.9502,-0.4126,15400.0
181.45,14.14,-0.836,-0.3536,15420.0
181.5,14.26,-0.7217,-0.2946,15410.0
181.55,14.43,-0.6702,-0.4392,15370.0
181.6,14.6,-0.6186,-0.5838,15310.0
181.65,14.73,-0.5394,-0.6126,15270.0
181.7,14.85,-0.4602,-0.6414,15250.0
181.75,14.76,-0.4918,-0.6477,15260.0
181.8,14.66,-0.5235,-0.6541,15280.0
181.85,14.64,-0.582,-0.5875,15310.0
181.9,14.62,-0.6405,-0.5209,15330.0
181.95,14.53,-0.7074,-0.593,15350.0
182.0,14.44,-0.7743,-0.665,15360.0
182.05,14.4,-0.9367,-0.8637,15350.0
182.1,14.35,-1.099,-1.062,15350.0
182.15,14.38,-0.8662,-0.7797,15350.0
182.2,14.41,-0.6334,-0.497,15350.0
182.25,14.44,-0.5878,-0.3522,15350.0
182.3,14.46,-0.5422,-0.2073,15360.0
182.35,14.45,-0.6037,-0.3861,15360.0
182.4,14.44,-0.6652,-0.5648,15360.0
182.45,14.26,-0.5368,-0.2746,15340.0
182.5,14.08,-0.4084,0.01561,15320.0
182.55,14.08,-0.4425,-0.02622,15310.0
182.6,14.08,-0.4765,-0.06804,15310.0
182.65,14.0,-0.6308,-0.1594,15310.0
182.7,13.93,-0.785,-0.2507,15330.0
182.75,13.69,-0.8971,-0.1534,15350.0
182.8,13.45,-1.009,-0.05609,15380.0
182.85,13.44,-0.9154,0.04695,15390.0
182.9,13.44,-0.8216,0.15,15400.0
182.95,13.5,-0.5918,-0.07036,15390.0
183.0,13.57,-0.3619,-0.2907,15370.0
183.05,13.7,-0.2377,-0.343,15340.0
183.1,13.83,-0.1135,-0.3953,15320.0
183.15,13.91,-0.2538,-0.1343,15290.0
183.2,14.0,-0.3941,0.1268,15270.0
183.25,14.09,-0.2858,0.178,15260.0
183.3,14.18,-0.1775,0.2292,15260.0
183.35,14.38,-0.2787,-0.0439,15290.0
183.4,14.58,-0.3798,-0.317,15310.0
183.45,14.45,-0.4512,-0.3647,15330.0
183.5,14.32,-0.5227,-0.4124,15340.0
183.55,14.41,-0.5372,-0.4485,15340.0
183.6,14.51,-0.5517,-0.4846,15320.0
183.65,14.49,-0.4078,-0.5452,15290.0
183.7,14.47,-0.2639,-0.6058,15250.0
183.75,14.43,-0.1182,-0.6268,15210.0
183.8,14.39,0.02747,-0.6477,15200.0
183.85,14.37,0.04677,-0.8115,15190.0
183.9,14.36,0.06608,-0.9753,15200.0
183.95,14.44,-0.2428,-0.6872,15200.0
184.0,14.52,-0.5517,-0.3992,15220.0
184.05,14.49,-0.5167,-0.4398,15250.0
184.1,14.47,-0.4817,-0.4804,15280.0
184.15,14.39,-0.6706,-0.4196,15280.0
184.2,14.31,-0.8595,-0.3587,15270.0
184.25,14.23,-0.8147,-0.2895,15260.0
184.3,14.15,-0.7699,-0.2202,15250.0
184.35,14.14,-0.7866,-0.06926,15230.0
184.4,14.13,-0.8033,0.0817,15190.0
184.45,14.07,-0.7175,-0.08219,15180.0
184.5,14.02,-0.6318,-0.2461,15190.0
184.55,13.98,-0.5856,-0.1933,15200.0
184.6,13.95,-0.5394,-0.1405,15220.0
184.65,14.01,-0.5535,-0.1899,15230.0
184.7,14.07,-0.5677,-0.2392,15250.0
184.75,13.91,-0.53,-0.3231,15280.0
184.8,13.75,-0.4924,-0.407,15290.0
184.85,13.68,-0.4962,-0.4486,15270.0
184.9,13.6,-0.5,-0.4902,15250.0
184.95,13.6,-0.3282,-0.3967,15220.0
185.0,13.59,-0.1564,-0.3031,15200.0
185.05,13.57,0.01334,-0.2023,15180.0
185.1,13.54,0.1831,-0.1015,15170.0
185.15,13.67,-0.03921,-0.1401,15170.0
185.2,13.8,-0.2615,-0.1788,15200.0
185.25,13.79,-0.1413,-0.09889,15220.0
185.3,13.79,-0.0211,-0.01902,15230.0
185.35,13.9,0.02747,-0.03573,15220.0
185.4,14.0,0.07603,-0.05243,15200.0
185.45,14.08,0.02408,-0.1138,15200.0
185.5,14.17,-0.02787,-0.1751,15190.0
185.55,13.96,-0.08917,-0.2069,15180.0
185.6,13.75,-0.1505,-0.2388,15170.0
185.65,13.81,-0.07524,-0.3522,15180.0
185.7,13.87,7.451e-09,-0.4656,15190.0
185.75,13.89,0.1435,-0.4034,15190.0
185.8,13.9,0.287,-0.3412,15170.0
185.85,13.84,0.2771,-0.3301,15140.0
185.9,13.78,0.2671,-0.319,15120.0
185.95,13.8,0.4327,-0.4739,15110.0
186.0,13.82,0.5983,-0.6287,15110.0
186.05,13.81,0.6202,-0.629,15120.0
186.1,13.81,0.6421,-0.6292,15140.0
186.15,13.89,0.661,-0.6082,15180.0
186.2,13.98,0.6799,-0.5873,15210.0
186.25,13.81,0.7699,-0.5097,15210.0
186.3,13.64,0.8599,-0.4321,15170.0
186.35,13.78,0.7524,-0.5923,15130.0
186.4,13.92,0.6449,-0.7524,15090.0
186.45,14.18,0.613,-0.7002,15060.0
186.5,14.44,0.5812,-0.648,15040.0
186.55,14.31,0.7221,-0.6721,15040.0
186.6,14.18,0.863,-0.6963,15080.0
186.65,14.21,0.8242,-0.7541,15140.0
186.7,14.25,0.7854,-0.8119,15180.0
186.75,14.13,0.8668,-0.6749,15190.0
186.8,14.01,0.9482,-0.538,15180.0
186.85,13.95,0.9333,-0.6025,15160.0
186.9,13.88,0.9184,-0.667,15140.0
186.95,13.81,0.9508,-0.5488,15100.0
187.0,13.73,0.9833,-0.4307,15060.0
187.05,13.89,0.9275,-0.229,15030.0
187.1,14.05,0.8718,-0.02731,15030.0
187.15,14.0,0.5135,-0.149,15050.0
187.2,13.95,0.1553,-0.2707,15090.0
187.25,14.0,0.1328,-0.3837,15130.0
187.3,14.06,0.1103,-0.4968,15170.0
187.35,14.12,0.1855,-0.5395,15210.0
187.4,14.18,0.2607,-0.5821,15210.0
187.45,14.25,0.1682,-0.7248,15170.0
187.5,14.31,0.07564,-0.8675,15110.0
187.55,14.42,0.07424,-0.823,15060.0
187.6,14.53,0.07285,-0.7785,15030.0
187.65,14.42,-0.1214,-0.6835,15020.0
187.7,14.3,-0.3157,-0.5885,15030.0
187.75,14.42,-0.2988,-0.4525,15060.0
187.8,14.54,-0.2818,-0.3166,15110.0
187.85,14.61,-0.3228,-0.258,15140.0
187.9,14.67,-0.3638,-0.1995,15140.0
187.95,14.84,-0.119,-0.3185,15120.0
188.0,15.0,0.1258,-0.4375,15090.0
188.05,14.84,0.06648,-0.6863,15060.0
188.1,14.67,0.007165,-0.935,15040.0
188.15,14.55,0.2701,-0.7943,15030.0
188.2,14.44,0.533,-0.6536,15030.0
188.25,14.4,0.4391,-0.5081,15040.0
188.3,14.37,0.3451,-0.3626,15060.0
188.35,14.55,0.3724,-0.4301,15080.0
188.4,14.73,0.3997,-0.4975,15070.0
188.45,14.72,0.3123,-0.3879,15050.0
188.5,14.71,0.2249,-0.2783,15020.0
188.55,14.55,0.06947,-0.2909,15000.0
188.6,14.38,-0.08599,-0.3036,14990.0
188.65,14.44,-0.07603,-0.3978,14990.0
188.7,14.51,-0.06608,-0.4919,14990.0
188.75,14.42,0.04618,-0.5442,15010.0
188.8,14.34,0.1584,-0.5965,15030.0
188.85,14.34,0.01752,-0.7661,15040.0
188.9,14.34,-0.1234,-0.9358,15030.0
188.95,14.21,-0.1077,-0.7867,15030.0
189.0,14.09,-0.09196,-0.6377,15030.0
189.05,14.13,-0.08101,-0.5873,15030.0
189.1,14.17,-0.07006,-0.5368,15020.0
189.15,14.1,-0.1192,-0.8045,15000.0
189.2,14.02,-0.1684,-1.072,14980.0
189.25,13.85,-0.2633,-1.116,14980.0
189.3,13.69,-0.3583,-1.159,14980.0
189.35,13.99,-0.3228,-1.19,15000.0
189.4,14.28,-0.2874,-1.22,15020.0
189.45,14.52,-0.2062,-1.041,15030.0
189.5,14.76,-0.125,-0.8623,15040.0
189.55,14.73,-0.09813,-0.8769,15030.0
189.6,14.7,-0.07126,-0.8914,15010.0
189.65,14.71,-0.1869,-1.015,14980.0
189.7,14.71,-0.3025,-1.139,14970.0
189.75,14.69,-0.2986,-1.087,14980.0
189.8,14.66,-0.2946,-1.035,15010.0
189.85,14.85,-0.212,-1.131,15030.0
189.9,15.04,-0.1294,-1.227,15050.0
189.95,15.07,-0.1893,-1.167,15060.0
190.0,15.09,-0.2492,-1.106,15060.0
190.05,15.13,-0.379,-1.021,15050.0
190.1,15.17,-0.5088,-0.9365,15020.0
190.15,15.21,-0.5426,-0.8476,15000.0
190.2,15.25,-0.5764,-0.7587,14990.0
190.25,15.31,-0.3627,-0.6099,15000.0
190.3,15.37,-0.1489,-0.4612,15000.0
190.35,15.42,-0.3378,-0.6059,15010.0
190.4,15.48,-0.5267,-0.7506,15020.0
190.45,15.46,-0.297,-0.5358,15030.0
190.5,15.44,-0.06728,-0.3209,15030.0
190.55,15.36,-0.02647,-0.2639,15030.0
190.6,15.27,0.01433,-0.2068,15030.0
190.65,15.32,0.01533,-0.1363,15030.0
190.7,15.37,0.01632,-0.06585,15040.0
190.75,15.29,0.07305,0.173,15040.0
190.8,15.21,0.1298,0.4119,15030.0
190.85,15.25,0.1248,0.3854,15010.0
190.9,15.29,0.1198,0.359,15000.0
190.95,15.59,-0.08101,0.146,14980.0
191.0,15.88,-0.2818,-0.06707,14970.0
191.05,15.81,-0.2253,-0.215,14970.0
191.1,15.75,-0.1688,-0.3629,14990.0
191.15,15.71,0.1091,-0.3852,15030.0
191.2,15.67,0.3869,-0.4075,15060.0
191.25,15.66,0.5416,-0.4901,15070.0
191.3,15.65,0.6962,-0.5726,15060.0
191.35,15.54,0.6742,-0.5959,15030.0
191.4,15.44,0.6521,-0.6192,14990.0
191.45,15.4,0.6574,-0.5404,14950.0
191.5,15.37,0.6628,-0.4617,14920.0
191.55,15.23,0.7787,-0.4646,14920.0
191.6,15.09,0.8945,-0.4675,14950.0
191.65,15.24,0.7896,-0.581,14990.0
191.7,15.39,0.6847,-0.6946,15020.0
191.75,15.5,0.4986,-0.5852,15030.0
191.8,15.61,0.3125,-0.4758,15020.0
191.85,15.66,0.3851,-0.4754,15010.0
191.9,15.71,0.4578,-0.4751,14980.0
191.95,15.71,0.2838,-0.4092,14950.0
192.0,15.71,0.1099,-0.3434,14930.0
192.05,15.74,0.02627,-0.4259,14920.0
192.1,15.76,-0.05732,-0.5085,14920.0
192.15,15.74,0.03085,-0.6143,14940.0
192.2,15.73,0.119,-0.7202,14960.0
192.25,15.9,0.0213,-0.7142,14980.0
192.3,16.07,-0.07643,-0.7082,15000.0
192.35,15.9,-0.09435,-0.5847,15010.0
192.4,15.73,-0.1123,-0.4612,15010.0
192.45,15.62,-0.1947,-0.5568,14980.0
192.5,15.5,-0.2771,-0.6524,14960.0
192.55,15.68,-0.4011,-0.7155,14950.0
192.6,15.86,-0.5251,-0.7787,14950.0
192.65,15.74,-0.2524,-0.6727,14960.0
192.7,15.61,0.0203,-0.5668,14980.0
192.75,15.64,0.02926,-0.6251,15000.0
192.8,15.66,0.03822,-0.6833,15020.0
192.85,15.86,-0.09494,-0.5347,15040.0
192.9,16.05,-0.2281,-0.3861,15030.0
192.95,16.21,-0.3684,-0.375,15020.0
193.0,16.37,-0.5088,-0.3639,15000.0
193.05,16.25,-0.5824,-0.6066,14990.0
193.1,16.13,-0.656,-0.8494,14990.0
193.15,16.11,-0.5127,-0.6885,14980.0
193.2,16.09,-0.3694,-0.5275,14980.0
193.25,16.31,-0.5551,-0.2544,15000.0
193.3,16.53,-0.7408,0.01878,15020.0
193.35,16.6,-0.5533,-0.08719,15050.0
193.4,16.66,-0.3658,-0.1931,15070.0
193.45,16.63,-0.2619,-0.3958,15080.0
193.5,16.61,-0.158,-0.5985,15080.0
193.55,16.62,-0.05314,-0.4997,15050.0
193.6,16.63,0.05175,-0.4009,14990.0
193.65,16.69,-0.0629,-0.4171,14940.0
193.7,16.75,-0.1775,-0.4334,14900.0
193.75,16.9,-0.2168,-0.357,14900.0
193.8,17.05,-0.256,-0.2807,14930.0
193.85,17.11,-0.2416,-0.2429,14970.0
193.9,17.18,-0.2273,-0.2051,15010.0
193.95,17.08,-0.1927,-0.1723,15040.0
194.0,16.99,-0.158,-0.1395,15050.0
194.05,16.87,-0.3139,-0.2003,15020.0
194.1,16.74,-0.4697,-0.2612,14970.0
194.15,16.85,-0.4246,-0.3023,14910.0
194.2,16.96,-0.3794,-0.3434,14860.0
194.25,16.87,-0.3394,-0.4476,14830.0
194.3,16.78,-0.2994,-0.5519,14840.0
194.35,16.7,-0.3993,-0.5843,14860.0
194.4,16.62,-0.4992,-0.6168,14900.0
194.45,16.76,-0.3901,-0.3754,14960.0
194.5,16.9,-0.281,-0.1341,15000.0
194.55,16.76,-0.2128,-0.1775,15000.0
194.6,16.63,-0.1445,-0.221,14980.0
194.65,16.53,-0.05533,-0.1969,14940.0
194.7,16.44,0.03384,-0.1729,14910.0
194.75,16.35,0.1131,-0.3628,14870.0
194.8,16.26,0.1923,-0.5526,14840.0
194.85,16.07,0.1397,-0.6633,14840.0
194.9,15.87,0.08718,-0.7741,14870.0
194.95,15.85,0.1537,-0.8169,14900.0
195.0,15.82,0.2201,-0.8597,14930.0
195.05,15.88,0.1642,-0.8044,14950.0
195.1,15.95,0.1083,-0.7492,14970.0
195.15,16.02,0.0203,-0.732,14990.0
195.2,16.1,-0.06767,-0.7148,15000.0
195.25,16.14,-0.02289,-0.741,14970.0
195.3,16.17,0.02189,-0.7672,14930.0
195.35,16.19,0.07842,-0.8004,14910.0
195.4,16.22,0.135,-0.8336,14900.0
195.45,16.12,0.1254,-0.79,14910.0
195.5,16.02,0.1158,-0.7465,14920.0
195.55,16.01,0.1373,-0.7169,14950.0
195.6,16.0,0.1588,-0.6872,15000.0
195.65,16.15,-0.05513,-0.7197,15030.0
195.7,16.3,-0.2691,-0.7521,15030.0
195.75,16.19,-0.4009,-0.6753,15000.0
195.8,16.08,-0.5326,-0.5985,14980.0
195.85,15.99,-0.6616,-0.5774,14970.0
195.9,15.89,-0.7906,-0.5563,14980.0
195.95,15.98,-0.8177,-0.4808,14980.0
196.0,16.07,-0.8447,-0.4053,15010.0
196.05,16.03,-0.7729,-0.5031,15050.0
196.1,16.0,-0.701,-0.6009,15080.0
196.15,15.98,-0.5525,-0.5179,15060.0
196.2,15.95,-0.4041,-0.4348,15020.0
196.25,15.86,-0.3465,-0.3823,14980.0
196.3,15.77,-0.289,-0.3297,14950.0
196.35,15.97,-0.2162,-0.2994,14940.0
196.4,16.17,-0.1433,-0.269,14940.0
196.45,16.01,-0.1447,-0.199,14950.0
196.5,15.85,-0.1461,-0.129,14980.0
196.55,15.69,0.1869,-0.2008,15010.0
196.6,15.53,0.5199,-0.2727,15020.0
196.65,15.5,0.4236,-0.4914,14990.0
196.7,15.48,0.3272,-0.7102,14950.0
196.75,15.41,0.4258,-0.7804,14920.0
196.8,15.34,0.5243,-0.8506,14890.0
196.85,15.53,0.3485,-0.6716,14870.0
196.9,15.71,0.1728,-0.4926,14860.0
196.95,15.87,-0.04041,-0.6687,14870.0
197.0,16.03,-0.2536,-0.8448,14890.0
197.05,15.99,-0.05892,-0.8113,14900.0
197.1,15.94,0.1357,-0.7777,14910.0
197.15,15.95,0.1632,-0.8701,14910.0
197.2,15.96,0.1907,-0.9626,14910.0
197.25,15.77,0.1945,-0.9201,14910.0
197.3,15.57,0.1982,-0.8777,14910.0
197.35,15.28,0.2317,-0.812,14910.0
197.4,14.99,0.2651,-0.7463,14910.0
197.45,14.93,0.2625,-0.7008,14910.0
197.5,14.87,0.2599,-0.6553,14900.0
197.55,14.8,0.1903,-0.572,14880.0
197.6,14.72,0.1206,-0.4887,14860.0
197.65,14.8,0.167,-0.5491,14860.0
197.7,14.89,0.2134,-0.6094,14880.0
197.75,14.8,0.3424,-0.6575,14920.0
197.8,14.72,0.4713,-0.7055,14960.0
197.85,14.88,0.6592,-0.8243,15000.0
197.9,15.03,0.8471,-0.9431,15030.0
197.95,14.83,0.6461,-0.7252,15030.0
198.0,14.62,0.4451,-0.5073,15010.0
198.05,14.56,0.2747,-0.4375,14970.0
198.1,14.49,0.1043,-0.3678,14920.0
198.15,14.58,-0.03165,-0.3948,14900.0
198.2,14.67,-0.1676,-0.4219,14900.0
198.25,14.88,-0.2572,-0.457,14920.0
198.3,15.09,-0.3467,-0.4921,14940.0
198.35,15.11,-0.5121,-0.4356,14980.0
198.4,15.13,-0.6775,-0.379,15010.0
198.45,15.34,-0.7036,-0.4921,15020.0
198.5,15.54,-0.7297,-0.6053,15030.0
198.55,15.51,-0.5462,-0.6071,15040.0
198.6,15.47,-0.3627,-0.609,15040.0
198.65,15.5,-0.2379,-0.3519,15030.0
198.7,15.54,-0.1131,-0.09487,15010.0
198.75,15.6,0.2733,-0.2094,14980.0
198.8,15.67,0.6596,-0.3239,14940.0
198.85,15.65,0.8698,-0.4874,14910.0
198.9,15.63,1.08,-0.6509,14890.0
198.95,15.57,0.8163,-0.6151,14900.0
199.0,15.52,0.5525,-0.5792,14910.0
199.05,15.41,0.2799,-0.4902,14920.0
199.1,15.3,0.007165,-0.4012,14930.0
199.15,15.41,0.02707,-0.3585,14950.0
199.2,15.52,0.04697,-0.3158,14950.0
199.25,15.56,0.04658,-0.4799,14940.0
199.3,15.59,0.04618,-0.6441,14920.0
199.35,15.7,0.1338,-0.5932,14900.0
199.4,15.8,0.2213,-0.5424,14880.0
199.45,15.86,0.2253,-0.4838,14850.0
199.5,15.91,0.2293,-0.4253,14820.0
199.55,15.71,0.2753,-0.4078,14800.0
199.6,15.51,0.3213,-0.3902,14810.0
199.65,15.52,0.3531,-0.3629,14830.0
199.7,15.53,0.3849,-0.3356,14850.0
199.75,15.45,0.3642,-0.07597,14860.0
199.8,15.38,0.3435,0.1836,14890.0
199.85,15.32,0.4234,0.01634,14920.0
199.9,15.26,0.5032,-0.151,14940.0
199.95,15.32,0.3857,-0.0817,14930.0
200.0,15.38,0.2683,-0.01244,14920.0
200.05,15.39,0.1513,-0.1561,14910.0
200.1,15.4,0.03424,-0.2997,14910.0
200.15,15.34,0.04757,-0.5406,14910.0
200.2,15.28,0.06091,-0.7814,14890.0
200.25,15.22,-0.04518,-0.5979,14900.0
200.3,15.16,-0.1513,-0.4143,14920.0
200.35,14.99,-0.1825,-0.3536,14960.0
200.4,14.82,-0.2138,-0.2929,14990.0
200.45,14.94,-0.1485,-0.3294,15010.0
200.5,15.07,-0.0832,-0.3658,15040.0
200.55,15.1,-0.121,-0.2324,15060.0
200.6,15.13,-0.1588,-0.09901,15070.0
200.65,15.18,-0.1839,-0.08499,15040.0
200.7,15.24,-0.209,-0.07097,15010.0
200.75,15.21,-0.3055,-0.183,14980.0
200.8,15.18,-0.4021,-0.2951,14980.0
200.85,15.14,-0.3053,-0.3631,14980.0
200.9,15.09,-0.2086,-0.4312,14980.0
200.95,14.81,-0.1208,-0.3265,15010.0
201.0,14.53,-0.03304,-0.2219,15050.0
201.05,14.59,-0.0205,-0.2759,15090.0
201.1,14.64,-0.007962,-0.33,15090.0
201.15,14.78,-0.009156,-0.3822,15070.0
201.2,14.92,-0.01035,-0.4343,15040.0
201.25,14.9,0.01334,-0.3672,15010.0
201.3,14.87,0.03702,-0.3,14990.0
201.35,14.97,-0.1375,-0.2242,14970.0
201.4,15.06,-0.3121,-0.1485,14960.0
201.45,14.94,-0.3465,-0.01158,14970.0
201.5,14.82,-0.381,0.1254,15000.0
201.55,14.77,-0.3382,0.2267,15020.0
201.6,14.73,-0.2954,0.328,15010.0
201.65,14.65,-0.1752,0.4506,14980.0
201.7,14.56,-0.05494,0.5731,14960.0
201.75,14.62,0.02687,0.4828,14940.0
201.8,14.67,0.1087,0.3924,14910.0
201.85,14.73,0.0619,0.1949,14880.0
201.9,14.79,0.01513,-0.002683,14880.0
201.95,14.81,0.007962,0.002073,14900.0
202.0,14.83,0.0007961,0.006829,14930.0
202.05,14.95,-0.06767,0.2342,14950.0
202.1,15.08,-0.1361,0.4617,14950.0
202.15,15.3,-0.1059,0.4358,14960.0
202.2,15.53,-0.07564,0.41,14950.0
202.25,15.51,0.03722,0.2728,14920.0
202.3,15.48,0.1501,0.1356,14860.0
202.35,15.49,0.1957,0.1434,14810.0
202.4,15.51,0.2412,0.1512,14800.0
202.45,15.28,0.3244,0.3942,14820.0
202.5,15.05,0.4076,0.6372,14850.0
202.55,15.0,0.2862,0.8867,14880.0
202.6,14.95,0.1648,1.136,14930.0
202.65,15.06,0.3985,1.272,14980.0
202.7,15.17,0.6322,1.408,15000.0
202.75,15.13,0.6955,1.191,14980.0
202.8,15.08,0.7587,0.9745,14940.0
202.85,14.86,0.5597,0.7794,14900.0
202.9,14.64,0.3607,0.5843,14870.0
202.95,14.27,0.6509,0.5857,14830.0
203.0,13.89,0.9411,0.587,14800.0
203.05,14.13,0.9972,0.5037,14800.0
203.1,14.36,1.053,0.4204,14840.0
203.15,14.5,0.8045,0.5108,14900.0
203.2,14.65,0.5557,0.6012,14940.0
203.25,14.54,0.4996,0.633,14970.0
203.3,14.44,0.4435,0.6648,14980.0
203.35,14.39,0.3424,0.6414,14980.0
203.4,14.33,0.2412,0.618,14960.0
203.45,14.22,0.08738,0.7283,14910.0
203.5,14.11,-0.06648,0.8387,14850.0
203.55,13.97,-0.06429,0.8452,14820.0
203.6,13.84,-0.0621,0.8516,14820.0
203.65,13.87,0.04677,0.8462,14820.0
203.7,13.9,0.1557,0.8409,14820.0
203.75,13.86,0.2321,0.7077,14840.0
203.8,13.82,0.3085,0.5746,14880.0
203.85,13.84,0.2257,0.5732,14900.0
203.9,13.87,0.1429,0.5719,14890.0
203.95,13.72,0.1803,0.5458,14850.0
204.0,13.57,0.2178,0.5197,14820.0
204.05,13.55,0.09036,0.6622,14790.0
204.1,13.53,-0.03702,0.8048,14770.0
204.15,13.66,0.09415,0.8394,14740.0
204.2,13.79,0.2253,0.874,14730.0
204.25,13.82,0.05394,0.8714,14720.0
204.3,13.85,-0.1174,0.8687,14730.0
204.35,13.83,-0.1477,0.7391,14720.0
204.4,13.81,-0.1779,0.6094,14710.0
204.45,13.81,-0.02707,0.5814,14700.0
204.5,13.81,0.1238,0.5534,14690.0
204.55,13.88,-0.01871,0.4308,14680.0
204.6,13.95,-0.1612,0.3083,14670.0
204.65,14.01,-0.1716,0.2136,14650.0
204.7,14.06,-0.1819,0.119,14640.0
204.75,14.13,-0.1135,0.07463,14640.0
204.8,14.2,-0.04498,0.03024,14650.0
204.85,14.15,-0.1523,0.4108,14640.0
204.9,14.1,-0.2596,0.7914,14620.0
204.95,14.03,-0.4673,0.8228,14600.0
205.0,13.95,-0.6751,0.8543,14590.0
205.05,13.88,-0.58,0.7456,14590.0
205.1,13.81,-0.4849,0.637,14580.0
205.15,13.88,-0.4116,0.487,14570.0
205.2,13.96,-0.3384,0.337,14570.0
205.25,13.92,-0.2703,0.5199,14590.0
205.3,13.87,-0.2022,0.7028,14610.0
205.35,13.67,0.0633,0.4923,14610.0
205.4,13.47,0.3288,0.2817,14610.0
205.45,13.45,0.2512,0.2709,14620.0
205.5,13.43,0.1736,0.2602,14630.0
205.55,13.48,0.0633,-0.07267,14630.0
205.6,13.52,-0.04697,-0.4056,14620.0
205.65,13.39,0.1491,-0.463,14590.0
205.7,13.26,0.3451,-0.5204,14570.0
205.75,13.04,0.2874,-0.334,14570.0
205.8,12.82,0.2297,-0.1475,14560.0
205.85,12.88,0.1799,-0.1299,14550.0
205.9,12.93,0.1302,-0.1122,14550.0
205.95,12.99,0.1809,-0.1045,14570.0
206.0,13.05,0.2317,-0.09682,14600.0
206.05,13.01,0.2968,-0.1234,14610.0
206.1,12.97,0.3619,-0.15,14610.0
206.15,12.87,0.4088,-0.2386,14610.0
206.2,12.78,0.4558,-0.3273,14600.0
206.25,12.83,0.5454,-0.3992,14570.0
206.3,12.89,0.6349,-0.4712,14530.0
206.35,12.92,0.5406,-0.3728,14490.0
206.4,12.95,0.4463,-0.2744,14450.0
206.45,13.03,0.6043,-0.1875,14440.0
206.5,13.12,0.7623,-0.1007,14430.0
206.55,12.9,0.66,-0.17,14420.0
206.6,12.68,0.5577,-0.2392,14420.0
206.65,12.78,0.5241,-0.3173,14440.0
206.7,12.88,0.4904,-0.3953,14460.0
206.75,13.0,0.5985,-0.2133,14460.0
206.8,13.12,0.7066,-0.03122,14450.0
206.85,13.1,0.6465,-0.1082,14430.0
206.9,13.07,0.5864,-0.1851,14410.0
206.95,13.22,0.4984,-0.3268,14380.0
207.0,13.38,0.4104,-0.4685,14320.0
207.05,13.24,0.4668,-0.3347,14260.0
207.1,13.1,0.5231,-0.201,14220.0
207.15,12.86,0.3292,-0.2801,14230.0
207.2,12.61,0.1353,-0.3592,14240.0
207.25,12.5,0.1686,-0.3491,14260.0
207.3,12.39,0.2018,-0.339,14270.0
207.35,12.26,0.3141,-0.2324,14290.0
207.4,12.12,0.4263,-0.1258,14300.0
207.45,12.1,0.3244,-0.1396,14270.0
207.5,12.07,0.2225,-0.1534,14220.0
207.55,12.08,0.1736,-0.3708,14170.0
207.6,12.08,0.1246,-0.5882,14150.0
207.65,11.89,0.07166,-0.3633,14140.0
207.7,11.7,0.01871,-0.1383,14130.0
207.75,11.75,0.2199,-0.04634,14130.0
207.8,11.81,0.4212,0.0456,14150.0
207.85,11.65,0.6272,0.1884,14190.0
207.9,11.48,0.8332,0.3312,14200.0
207.95,11.61,0.7452,0.4781,14180.0
208.0,11.73,0.6572,0.6251,14150.0
208.05,11.57,0.6853,0.4337,14130.0
208.1,11.41,0.7134,0.2424,14120.0
208.15,11.5,0.574,0.01561,14100.0
208.2,11.6,0.4347,-0.2112,14080.0
208.25,11.73,0.1793,-0.3102,14080.0
208.3,11.86,-0.07603,-0.4092,14110.0
208.35,11.82,-0.1137,-0.05073,14140.0
208.4,11.78,-0.1513,0.3078,14150.0
208.45,11.69,-0.162,0.3134,14140.0
208.5,11.61,-0.1728,0.319,14120.0
208.55,11.51,-0.08041,0.2997,14090.0
208.6,11.42,0.01194,0.2805,14050.0
208.65,11.42,-0.04936,0.4079,13990.0
208.7,11.41,-0.1107,0.5353,13960.0
208.75,11.59,0.05155,0.5625,13960.0
208.8,11.77,0.2138,0.5897,14000.0
208.85,11.78,-0.02528,0.3184,14030.0
208.9,11.79,-0.2643,0.04707,14060.0
208.95,11.71,-0.1728,0.01049,14080.0
209.0,11.63,-0.08121,-0.02609,14080.0
209.05,11.6,-0.1879,-0.002561,14060.0
209.1,11.56,-0.2946,0.02097,14000.0
209.15,11.62,-0.3017,0.004756,13920.0
209.2,11.67,-0.3089,-0.01146,13870.0
209.25,11.77,-0.2946,-0.05012,13850.0
209.3,11.86,-0.2803,-0.08877,13860.0
209.35,12.01,-0.2321,-0.1122,13880.0
209.4,12.15,-0.1839,-0.1356,13920.0
209.45,12.15,-0.1799,-0.2505,13980.0
209.5,12.15,-0.176,-0.3653,14020.0
209.55,12.07,-0.124,-0.3536,14030.0
209.6,11.98,-0.07205,-0.3419,13990.0
209.65,12.18,-0.03682,-0.2434,13940.0
209.7,12.37,-0.001592,-0.1449,13880.0
209.75,12.48,0.1361,0.0328,13820.0
209.8,12.59,0.2739,0.2105,13760.0
209.85,12.74,0.0412,0.2346,13740.0
209.9,12.89,-0.1915,0.2588,13750.0
209.95,13.02,-0.2373,0.3641,13800.0
210.0,13.15,-0.283,0.4695,13840.0
210.05,13.27,-0.01274,0.3712,13880.0
210.1,13.39,0.2576,0.2729,13880.0
210.15,13.48,0.3226,0.3941,13870.0
210.2,13.58,0.3877,0.5153,13830.0
210.25,13.51,0.171,0.5143,13770.0
210.3,13.43,-0.04578,0.5134,13710.0
210.35,13.33,0.05872,0.2692,13670.0
210.4,13.23,0.1632,0.02512,13660.0
210.45,13.17,0.08738,0.183,13670.0
210.5,13.11,0.01154,0.3409,13700.0
210.55,12.94,-0.0199,0.2811,13730.0
210.6,12.76,-0.05135,0.2212,13760.0
210.65,12.63,0.2659,0.3061,13780.0
210.7,12.49,0.5832,0.3909,13770.0
210.75,12.5,0.6618,0.2745,13730.0
210.8,12.51,0.7404,0.158,13680.0
210.85,12.48,0.7004,-0.1923,13650.0
210.9,12.45,0.6604,-0.5426,13630.0
210.95,12.48,0.7313,-0.6558,13630.0
211.0,12.51,0.8021,-0.7689,13640.0
211.05,12.43,0.8959,-0.7183,13670.0
211.1,12.35,0.9896,-0.6677,13700.0
211.15,12.43,0.9922,-0.4356,13730.0
211.2,12.5,0.9948,-0.2034,13720.0
211.25,12.64,0.9667,-0.1945,13700.0
211.3,12.77,0.9387,-0.1856,13670.0
211.35,12.67,0.9132,-0.1433,13640.0
211.4,12.57,0.8877,-0.101,13620.0
211.45,12.55,1.056,-0.153,13610.0
211.5,12.53,1.225,-0.2051,13610.0
211.55,12.37,1.043,-0.1482,13630.0
211.6,12.2,0.8611,-0.09121,13670.0
211.65,12.19,0.7289,0.01463,13700.0
211.7,12.17,0.5967,0.1205,13710.0
211.75,12.1,0.7964,0.1634,13710.0
211.8,12.02,0.996,0.2063,13690.0
211.85,11.97,0.874,0.3619,13670.0
211.9,11.92,0.752,0.5175,13640.0
211.95,11.8,0.839,0.2644,13610.0
212.0,11.69,0.9259,0.01122,13600.0
212.05,11.7,0.7371,-0.01963,13610.0
212.1,11.72,0.5482,-0.05048,13620.0
212.15,11.76,0.5054,-0.1341,13640.0
212.2,11.8,0.4626,-0.2178,13660.0
212.25,11.71,0.4299,-0.004268,13680.0
212.3,11.63,0.3973,0.2092,13700.0
212.35,11.53,0.4524,0.2331,13690.0
212.4,11.44,0.5076,0.257,13660.0
212.45,11.4,0.4267,0.2678,13630.0
212.5,11.36,0.3459,0.2785,13590.0
212.55,11.4,0.2168,0.367,13560.0
212.6,11.44,0.08758,0.4556,13540.0
212.65,11.81,0.07842,0.427,13530.0
212.7,12.18,0.06927,0.3985,13540.0
212.75,12.13,-0.0631,0.3498,13570.0
212.8,12.08,-0.1955,0.3012,13590.0
212.85,12.12,-0.1499,0.2645,13590.0
212.9,12.17,-0.1043,0.2278,13570.0
212.95,12.23,-0.01971,0.0211,13550.0
213.0,12.29,0.06489,-0.1856,13520.0
213.05,12.41,0.1736,-0.3116,13480.0
213.1,12.53,0.2822,-0.4375,13450.0
213.15,12.44,0.2006,-0.4579,13440.0
213.2,12.35,0.119,-0.4782,13450.0
213.25,12.38,0.2229,-0.4599,13470.0
213.3,12.42,0.3268,-0.4417,13490.0
213.35,12.52,0.3521,-0.3985,13490.0
213.4,12.62,0.3774,-0.3553,13480.0
213.45,12.58,0.3923,-0.3385,13470.0
213.5,12.55,0.4072,-0.3217,13440.0
213.55,12.54,0.2797,-0.186,13400.0
213.6,12.53,0.1521,-0.05024,13370.0
213.65,12.43,0.1276,-0.0806,13350.0
213.7,12.33,0.1031,-0.111,13370.0
213.75,12.29,0.245,-0.09694,13390.0
213.8,12.24,0.3869,-0.08292,13420.0
213.85,12.28,0.499,-0.1567,13450.0
213.9,12.33,0.6111,-0.2305,13480.0
213.95,12.42,0.6077,-0.288,13480.0
214.0,12.51,0.6043,-0.3456,13460.0
214.05,12.5,0.7177,-0.3361,13430.0
214.1,12.48,0.8312,-0.3265,13400.0
214.15,12.55,0.9166,-0.365,13380.0
214.2,12.61,1.002,-0.4034,13380.0
214.25,12.75,1.032,-0.2645,13390.0
214.3,12.88,1.062,-0.1256,13410.0
214.35,13.03,1.104,-0.2455,13450.0
214.4,13.17,1.147,-0.3653,13490.0
214.45,13.08,1.004,-0.1507,13510.0
214.5,12.99,0.8615,0.0639,13520.0
214.55,13.0,0.9534,-0.1219,13510.0
214.6,13.01,1.045,-0.3078,13500.0
214.65,12.92,0.8724,-0.1136,13490.0
214.7,12.83,0.6994,0.08048,13470.0
214.75,12.96,0.8129,-0.0328,13460.0
214.8,13.08,0.9263,-0.1461,13460.0
214.85,13.14,0.8899,-0.1468,13480.0
214.9,13.2,0.8535,-0.1475,13500.0
214.95,13.42,0.7804,-0.1013,13530.0
215.0,13.63,0.7074,-0.05512,13550.0
215.05,13.72,0.745,-0.28,13560.0
215.1,13.81,0.7826,-0.5048,13570.0
215.15,13.71,0.7251,-0.4929,13570.0
215.2,13.6,0.6676,-0.4809,13560.0
215.25,13.69,0.6144,-0.4017,13530.0
215.3,13.78,0.5613,-0.3224,13500.0
215.35,14.07,0.4309,-0.4159,13490.0
215.4,14.35,0.3006,-0.5095,13490.0
215.45,14.31,0.1764,-0.405,13500.0
215.5,14.27,0.05215,-0.3005,13520.0
215.55,14.32,-0.007166,-0.2013,13540.0
215.6,14.36,-0.06648,-0.1022,13550.0
215.65,14.29,-0.1403,-0.1888,13560.0
215.7,14.21,-0.2142,-0.2753,13550.0
215.75,14.32,-0.2176,-0.3708,13530.0
215.8,14.44,-0.2209,-0.4663,13510.0
215.85,14.34,-0.1363,-0.5481,13490.0
215.9,14.24,-0.05175,-0.6299,13470.0
215.95,14.25,0.002986,-0.6347,13450.0
216.0,14.25,0.05772,-0.6394,13450.0
216.05,14.4,0.1738,-0.5588,13460.0
216.1,14.54,0.2898,-0.4782,13490.0
216.15,14.55,0.2689,-0.3591,13520.0
216.2,14.56,0.248,-0.24,13540.0
216.25,14.42,0.293,-0.1786,13540.0
216.3,14.27,0.338,-0.1173,13520.0
216.35,14.3,0.3609,-0.3237,13500.0
216.4,14.33,0.3838,-0.5302,13450.0
216.45,14.37,0.3784,-0.5019,13410.0
216.5,14.4,0.373,-0.4736,13390.0
216.55,14.33,0.5024,-0.3112,13410.0
216.6,14.27,0.6318,-0.1488,13460.0
216.65,14.36,0.6288,-0.212,13500.0
216.7,14.46,0.6258,-0.2753,13540.0
216.75,14.55,0.6188,-0.39,13560.0
216.8,14.65,0.6119,-0.5046,13550.0
216.85,14.51,0.5607,-0.7185,13520.0
216.9,14.36,0.5095,-0.9323,13470.0
216.95,14.41,0.5312,-1.003,13440.0
217.0,14.45,0.5529,-1.074,13440.0
217.05,14.47,0.5557,-1.014,13450.0
217.1,14.5,0.5585,-0.9543,13470.0
217.15,14.59,0.6525,-0.996,13500.0
217.2,14.69,0.7464,-1.038,13550.0
217.25,14.6,0.8386,-0.8771,13590.0
217.3,14.5,0.9307,-0.7165,13620.0
217.35,14.73,1.173,-0.5803,13620.0
217.4,14.95,1.414,-0.4441,13590.0
217.45,14.91,1.53,-0.6368,13560.0
217.5,14.88,1.646,-0.8294,13520.0
217.55,14.65,1.497,-0.8673,13490.0
217.6,14.43,1.348,-0.9053,13470.0
217.65,14.35,1.583,-0.8681,13490.0
217.7,14.27,1.817,-0.8309,13530.0
217.75,14.54,1.704,-0.7886,13590.0
217.8,14.81,1.592,-0.7463,13640.0
217.85,14.78,1.548,-0.6655,13670.0
217.9,14.74,1.505,-0.5848,13680.0
217.95,14.8,1.536,-0.5325,13680.0
218.0,14.86,1.567,-0.4802,13640.0
218.05,14.74,1.46,-0.5474,13590.0
218.1,14.61,1.353,-0.6146,13540.0
218.15,14.38,1.645,-0.441,13510.0
218.2,14.14,1.938,-0.2675,13520.0
218.25,14.06,2.118,-0.238,13550.0
218.3,13.97,2.299,-0.2085,13590.0
218.35,14.15,2.242,-0.3069,13630.0
218.4,14.34,2.185,-0.4053,13670.0
218.45,14.34,2.232,-0.1928,13680.0
218.5,14.35,2.279,0.01975,13660.0
218.55,14.34,1.923,0.1497,13630.0
218.6,14.33,1.567,0.2797,13590.0
218.65,14.47,1.643,0.2125,13560.0
218.7,14.61,1.72,0.1453,13540.0
218.75,14.63,1.693,0.1805,13520.0
218.8,14.66,1.666,0.2156,13520.0
218.85,14.49,1.548,0.217,13540.0
218.9,14.32,1.431,0.2185,13570.0
218.95,14.55,1.55,0.218,13600.0
219.0,14.78,1.668,0.2175,13630.0
219.05,14.95,1.616,0.04329,13640.0
219.1,15.13,1.564,-0.131,13640.0
219.15,15.11,1.615,-0.06658,13630.0
219.2,15.1,1.667,-0.002195,13600.0
219.25,14.99,1.557,0.06877,13570.0
219.3,14.88,1.447,0.1397,13540.0
219.35,14.96,1.291,0.1699,13540.0
219.4,15.03,1.135,0.2,13550.0
219.45,14.87,1.35,0.2505,13570.0
219.5,14.71,1.566,0.3009,13610.0
219.55,14.58,1.305,0.2901,13640.0
219.6,14.45,1.045,0.2792,13660.0
219.65,14.31,0.9932,0.2062,13670.0
219.7,14.17,0.9419,0.1332,13660.0
219.75,14.28,1.103,0.2189,13640.0
219.8,14.39,1.265,0.3046,13630.0
219.85,14.33,1.3,0.1294,13620.0
219.9,14.27,1.334,-0.04585,13630.0
219.95,14.34,1.483,-0.06292,13650.0
220.0,14.4,1.631,-0.07999,13670.0
220.05,14.44,1.762,0.02134,13700.0
220.1,14.47,1.892,0.1227,13720.0
220.15,14.44,1.698,0.3196,13730.0
220.2,14.41,1.504,0.5165,13720.0
220.25,14.48,1.352,0.4593,13700.0
220.3,14.55,1.2,0.4022,13700.0
220.35,14.58,1.201,0.3979,13700.0
220.4,14.62,1.201,0.3936,13710.0
220.45,14.68,1.299,0.2884,13720.0
220.5,14.75,1.396,0.1832,13740.0
220.55,14.64,1.409,0.1241,13760.0
220.6,14.53,1.422,0.06511,13780.0
220.65,14.46,1.478,0.1286,13790.0
220.7,14.39,1.535,0.1922,13800.0
220.75,14.28,1.537,0.2446,13800.0
220.8,14.16,1.54,0.297,13800.0
220.85,14.18,1.687,0.04219,13790.0
220.9,14.19,1.834,-0.2127,13780.0
220.95,14.08,1.696,-0.1047,13770.0
221.0,13.97,1.558,0.00317,13770.0
221.05,14.13,1.641,0.1718,13780.0
221.1,14.29,1.723,0.3405,13800.0
221.15,14.16,1.704,0.3437,13810.0
221.2,14.03,1.684,0.347,13820.0
221.25,13.91,1.938,0.4095,13820.0
221.3,13.79,2.192,0.4719,13820.0
221.35,13.89,2.251,0.2439,13810.0
221.4,13.98,2.31,0.01585,13800.0
221.45,13.88,2.414,0.143,13790.0
221.5,13.78,2.517,0.2702,13790.0
221.55,13.79,2.556,0.4076,13780.0
221.6,13.8,2.595,0.5451,13770.0
221.65,13.64,2.346,0.4191,13770.0
221.7,13.49,2.097,0.2931,13780.0
221.75,13.43,2.099,0.3034,13790.0
221.8,13.36,2.101,0.3136,13820.0
221.85,13.29,2.081,0.3437,13840.0
221.9,13.21,2.061,0.3739,13840.0
221.95,13.26,1.929,0.4342,13830.0
222.0,13.3,1.796,0.4946,13810.0
222.05,13.27,1.955,0.4529,13790.0
222.1,13.24,2.114,0.4112,13770.0
222.15,13.21,2.214,0.3317,13770.0
222.2,13.18,2.313,0.2522,13790.0
222.25,13.17,2.175,0.146,13820.0
222.3,13.16,2.037,0.03975,13840.0
222.35,13.15,2.123,0.1488,13870.0
222.4,13.14,2.209,0.2578,13890.0
222.45,13.25,2.283,0.2246,13900.0
222.5,13.37,2.357,0.1914,13900.0
222.55,13.22,2.189,0.2334,13900.0
222.6,13.08,2.021,0.2753,13890.0
222.65,12.88,1.986,0.1803,13890.0
222.7,12.68,1.951,0.08536,13880.0
222.75,12.6,1.973,-0.02146,13890.0
222.8,12.53,1.995,-0.1283,13910.0
222.85,12.66,1.926,-0.04073,13940.0
222.9,12.79,1.857,0.04682,13970.0
222.95,12.72,1.87,0.09828,13990.0
223.0,12.64,1.883,0.1497,14010.0
223.05,12.65,1.729,0.2983,14010.0
223.1,12.66,1.576,0.4468,14010.0
223.15,12.86,1.661,0.3217,14000.0
223.2,13.05,1.747,0.1966,13990.0
223.25,12.94,1.898,0.1623,14000.0
223.3,12.83,2.048,0.128,14010.0
223.35,12.79,2.018,0.1367,14030.0
223.4,12.75,1.988,0.1453,14030.0
223.45,12.61,1.75,0.1906,14040.0
223.5,12.46,1.513,0.2358,14050.0
223.55,12.52,1.629,0.244,14050.0
223.6,12.57,1.744,0.2522,14060.0
223.65,12.58,1.78,0.2431,14060.0
223.7,12.59,1.816,0.2341,14050.0
223.75,12.59,1.949,0.1141,14050.0
223.8,12.6,2.082,-0.005853,14050.0
223.85,12.58,2.186,0.06511,14050.0
223.9,12.56,2.289,0.1361,14050.0
223.95,12.61,2.069,0.2188,14060.0
224.0,12.66,1.849,0.3014,14080.0
224.05,12.53,1.837,0.1603,14090.0
224.1,12.39,1.826,0.01927,14070.0
224.15,12.2,1.849,0.04036,14060.0
224.2,12.01,1.873,0.06146,14050.0
224.25,12.1,1.899,0.2711,14050.0
224.3,12.19,1.924,0.4807,14050.0
224.35,12.33,1.978,0.4708,14050.0
224.4,12.46,2.031,0.4609,14060.0
224.45,12.39,1.918,0.4531,14070.0
224.5,12.32,1.805,0.4453,14080.0
224.55,12.15,1.696,0.6468,14080.0
224.6,11.97,1.587,0.8482,14070.0
224.65,11.84,1.713,0.8125,14060.0
224.7,11.71,1.839,0.7767,14060.0
224.75,11.71,1.908,0.8428,14040.0
224.8,11.7,1.977,0.9089,14030.0
224.85,11.72,1.846,0.9003,14020.0
224.9,11.74,1.715,0.8916,14030.0
224.95,11.75,1.749,0.8581,14050.0
225.0,11.76,1.783,0.8245,14060.0
225.05,11.71,1.894,0.9155,14080.0
225.1,11.65,2.006,1.006,14090.0
225.15,11.7,1.908,0.9903,14090.0
225.2,11.74,1.809,0.974,14080.0
225.25,11.82,1.929,1.045,14070.0
225.3,11.9,2.049,1.115,14060.0
225.35,11.97,2.071,1.146,14070.0
225.4,12.04,2.093,1.176,14080.0
225.45,12.1,2.05,0.8851,14090.0
225.5,12.16,2.007,0.5941,14100.0
225.55,12.31,1.965,0.4451,14100.0
225.6,12.46,1.924,0.2961,14110.0
225.65,12.4,1.887,0.2983,14110.0
225.7,12.33,1.851,0.3005,14110.0
225.75,12.29,1.778,0.3305,14110.0
225.8,12.25,1.705,0.3604,14130.0
225.85,12.29,1.394,0.4442,14150.0
225.9,12.32,1.083,0.528,14160.0
225.95,12.37,1.22,0.3476,14180.0
226.0,12.41,1.357,0.1673,14180.0
226.05,12.57,1.194,0.218,14190.0
226.1,12.74,1.032,0.2688,14190.0
226.15,12.81,1.024,0.1132,14180.0
226.2,12.87,1.016,-0.04243,14150.0
226.25,12.81,0.8736,-0.1864,14130.0
226.3,12.75,0.7317,-0.3305,14130.0
226.35,12.76,0.5589,-0.3333,14140.0
226.4,12.76,0.3861,-0.3361,14150.0
226.45,12.87,0.411,-0.312,14170.0
226.5,12.98,0.4359,-0.288,14200.0
226.55,12.99,0.7191,-0.1562,14240.0
226.6,12.99,1.002,-0.02439,14270.0
226.65,13.16,1.135,-0.03414,14270.0
226.7,13.32,1.268,-0.0439,14250.0
226.75,13.5,1.196,-0.1201,14230.0
226.8,13.67,1.124,-0.1963,14210.0
226.85,13.46,1.079,-0.2474,14170.0
226.9,13.25,1.034,-0.2985,14150.0
226.95,13.24,1.079,-0.2484,14140.0
227.0,13.24,1.124,-0.1983,14170.0
227.05,13.33,1.128,-0.1739,14220.0
227.1,13.43,1.132,-0.1495,14260.0
227.15,13.39,1.053,-0.3009,14280.0
227.2,13.35,0.9749,-0.4524,14280.0
227.25,13.49,1.148,-0.4743,14280.0
227.3,13.62,1.32,-0.4963,14260.0
227.35,13.7,1.369,-0.4818,14220.0
227.4,13.78,1.418,-0.4673,14180.0
227.45,13.73,1.355,-0.6259,14170.0
227.5,13.68,1.293,-0.7845,14180.0
227.55,13.81,1.388,-0.7817,14190.0
227.6,13.94,1.483,-0.7789,14190.0
227.65,13.89,1.481,-0.7333,14210.0
227.7,13.84,1.479,-0.6877,14220.0
227.75,13.9,1.476,-0.5552,14220.0
227.8,13.95,1.472,-0.4226,14210.0
227.85,13.91,1.48,-0.2972,14190.0
227.9,13.86,1.488,-0.1717,14170.0
227.95,13.87,1.471,-0.09401,14170.0
228.0,13.89,1.453,-0.01634,14180.0
228.05,13.76,1.594,0.04951,14190.0
228.1,13.63,1.734,0.1154,14200.0
228.15,13.73,1.53,0.2206,14210.0
228.2,13.82,1.326,0.3258,14230.0
228.25,13.78,1.31,0.273,14220.0
228.3,13.74,1.294,0.2202,14200.0
228.35,13.64,1.264,0.1849,14170.0
228.4,13.53,1.235,0.1495,14160.0
228.45,13.53,1.275,0.0856,14160.0
228.5,13.52,1.316,0.0217,14180.0
228.55,13.52,1.359,0.09828,14210.0
228.6,13.52,1.403,0.1749,14240.0
228.65,13.45,1.33,0.01695,14290.0
228.7,13.38,1.257,-0.141,14320.0
228.75,13.39,1.274,-0.1969,14320.0
228.8,13.41,1.292,-0.2529,14300.0
228.85,13.42,1.35,-0.3022,14260.0
228.9,13.43,1.408,-0.3514,14230.0
228.95,13.25,1.293,-0.4093,14220.0
229.0,13.06,1.178,-0.4673,14210.0
229.05,13.21,1.123,-0.3908,14230.0
229.1,13.36,1.069,-0.3144,14270.0
229.15,13.3,1.034,-0.4703,14320.0
229.2,13.25,0.9996,-0.6263,14370.0
229.25,13.17,0.7709,-0.7118,14410.0
229.3,13.09,0.5422,-0.7972,14420.0
229.35,13.17,0.5832,-0.6315,14420.0
229.4,13.25,0.6242,-0.4658,14400.0
229.45,13.17,0.7763,-0.4903,14360.0
229.5,13.1,0.9283,-0.5148,14330.0
229.55,13.07,1.019,-0.7294,14310.0
229.6,13.04,1.109,-0.944,14300.0
229.65,13.12,1.153,-0.8113,14310.0
229.7,13.2,1.196,-0.6785,14340.0
229.75,13.43,1.06,-0.5968,14380.0
229.8,13.66,0.9236,-0.5151,14420.0
229.85,13.69,1.034,-0.5302,14450.0
229.9,13.72,1.145,-0.5453,14470.0
229.95,13.66,0.9172,-0.4532,14470.0
230.0,13.61,0.6895,-0.3612,14450.0
230.05,13.41,0.7048,-0.4767,14420.0
230.1,13.21,0.7201,-0.5921,14380.0
230.15,13.27,0.5225,-0.4424,14340.0
230.2,13.33,0.3248,-0.2927,14330.0
230.25,13.51,0.1049,-0.3575,14340.0
230.3,13.69,-0.115,-0.4224,14370.0
230.35,13.6,-0.0627,-0.7178,14420.0
230.4,13.5,-0.01035,-1.013,14460.0
230.45,13.45,-0.02687,-0.7642,14470.0
230.5,13.4,-0.04339,-0.5151,14460.0
230.55,13.33,-0.05971,-0.4147,14430.0
230.6,13.26,-0.07603,-0.3144,14390.0
230.65,13.28,-0.1943,-0.1655,14360.0
230.7,13.29,-0.3125,-0.01658,14360.0
230.75,13.31,-0.134,-0.1762,14380.0
230.8,13.33,0.04459,-0.3358,14420.0
230.85,13.37,0.2267,-0.2916,14460.0
230.9,13.42,0.4088,-0.2473,14480.0
230.95,13.34,0.2054,-0.2805,14490.0
231.0,13.27,0.00199,-0.3136,14490.0
231.05,13.18,0.1883,-0.2834,14470.0
231.1,13.08,0.3746,-0.2531,14450.0
231.15,13.27,0.202,-0.3285,14440.0
231.2,13.45,0.02946,-0.4039,14450.0
231.25,13.54,0.1702,-0.2484,14470.0
231.3,13.64,0.3109,-0.09292,14490.0
231.35,13.72,0.3135,0.06146,14520.0
231.4,13.8,0.3161,0.2158,14560.0
231.45,13.88,0.1316,0.2924,14590.0
231.5,13.96,-0.05295,0.369,14620.0
231.55,14.02,0.166,0.5382,14630.0
231.6,14.09,0.3849,0.7075,14620.0
231.65,14.07,0.4709,0.6154,14600.0
231.7,14.06,0.5569,0.5234,14570.0
231.75,13.95,0.628,0.5585,14540.0
231.8,13.84,0.699,0.5936,14540.0
231.85,14.02,0.5858,0.5634,14550.0
231.9,14.21,0.4725,0.5331,14600.0
231.95,14.28,0.5838,0.2679,14650.0
232.0,14.34,0.6951,0.002683,14710.0
232.05,14.25,0.5358,0.2787,14750.0
232.1,14.16,0.3766,0.5548,14770.0
232.15,14.15,0.4035,0.7253,14750.0
232.2,14.15,0.4303,0.8958,14710.0
232.25,14.24,0.4751,0.5943,14660.0
232.3,14.33,0.5199,0.2929,14620.0
232.35,14.41,0.6357,0.004146,14600.0
232.4,14.48,0.7516,-0.2846,14610.0
232.45,14.58,0.8427,-0.1424,14650.0
232.5,14.68,0.9339,-0.0002439,14700.0
232.55,14.54,1.04,0.09279,14760.0
232.6,14.41,1.146,0.1858,14800.0
232.65,14.48,1.133,0.1921,14830.0
232.7,14.56,1.119,0.1983,14830.0
232.75,14.59,1.212,0.2303,14810.0
232.8,14.63,1.304,0.2624,14780.0
232.85,14.72,1.216,0.2529,14730.0
232.9,14.82,1.127,0.2434,14690.0
232.95,14.94,1.214,0.05585,14660.0
233.0,15.07,1.3,-0.1317,14650.0
233.05,15.23,1.317,-0.04353,14660.0
233.1,15.39,1.334,0.04463,14680.0
233.15,15.43,1.484,-0.009145,14720.0
233.2,15.47,1.635,-0.06292,14770.0
233.25,15.52,1.502,0.1197,14800.0
233.3,15.57,1.369,0.3024,14810.0
233.35,15.59,1.493,0.003536,14800.0
233.4,15.6,1.617,-0.2953,14780.0
233.45,15.53,1.476,-0.2716,14730.0
233.5,15.47,1.335,-0.2478,14690.0
233.55,15.46,1.278,-0.05829,14650.0
233.6,15.45,1.221,0.1312,14640.0
233.65,15.53,1.34,0.1032,14650.0
233.7,15.61,1.46,0.07511,14690.0
233.75,15.59,1.292,0.09743,14730.0
233.8,15.58,1.125,0.1197,14780.0
233.85,15.49,1.149,0.3036,14800.0
233.9,15.39,1.174,0.4875,14820.0
233.95,15.45,1.37,0.4468,14810.0
234.0,15.51,1.566,0.4061,14790.0
234.05,15.51,1.397,0.5204,14770.0
234.1,15.52,1.227,0.6348,14770.0
234.15,15.59,1.146,0.4365,14780.0
234.2,15.66,1.064,0.2383,14790.0
234.25,15.79,1.07,0.2496,14800.0
234.3,15.92,1.076,0.2609,14820.0
234.35,15.81,1.221,0.2127,14830.0
234.4,15.71,1.367,0.1644,14840.0
234.45,15.57,1.269,0.3067,14850.0
234.5,15.42,1.171,0.449,14860.0
234.55,15.5,1.225,0.4519,14870.0
234.6,15.59,1.279,0.4548,14890.0
234.65,15.72,1.192,0.4254,14900.0
234.7,15.85,1.106,0.3961,14900.0
234.75,15.89,1.115,0.4045,14900.0
234.8,15.93,1.124,0.4129,14910.0
234.85,16.02,1.137,0.44,14930.0
234.9,16.11,1.15,0.467,14950.0
234.95,16.17,0.9888,0.711,14960.0
235.0,16.22,0.828,0.955,14960.0
235.05,16.27,0.5814,0.8148,14940.0
235.1,16.33,0.3348,0.6746,14930.0
235.15,16.34,0.1921,0.7355,14920.0
235.2,16.36,0.04936,0.7965,14910.0
235.25,16.21,0.08599,0.6169,14920.0
235.3,16.07,0.1226,0.4373,14940.0
235.35,16.01,0.2546,0.4629,14980.0
235.4,15.95,0.3865,0.4885,15030.0
235.45,16.12,0.5456,0.5398,15060.0
235.5,16.3,0.7046,0.5912,15080.0
235.55,16.46,0.5221,0.643,15080.0
235.6,16.62,0.3396,0.6948,15070.0
235.65,16.79,0.453,0.5107,15040.0
235.7,16.97,0.5665,0.3265,14990.0
235.75,17.01,0.2765,0.1613,14950.0
235.8,17.05,-0.01353,-0.003902,14940.0
235.85,17.02,-0.05036,-0.0417,14960.0
235.9,16.99,-0.08718,-0.0795,14990.0
235.95,16.85,-0.2406,0.01146,15030.0
236.0,16.72,-0.3941,0.1024,15070.0
236.05,16.56,-0.3559,0.1519,15110.0
236.1,16.39,-0.3177,0.2014,15130.0
236.15,16.4,-0.419,0.2778,15120.0
236.2,16.41,-0.5203,0.3541,15090.0
236.25,16.54,-0.4677,0.2064,15050.0
236.3,16.66,-0.4152,0.05877,15020.0
236.35,16.51,-0.3175,-0.1174,15000.0
236.4,16.36,-0.2197,-0.2936,14990.0
236.45,16.44,-0.06509,-0.2985,14990.0
236.5,16.51,0.08957,-0.3034,15020.0
236.55,16.49,0.1937,-0.4136,15070.0
236.6,16.47,0.2978,-0.5238,15110.0
236.65,16.42,0.1917,-0.4817,15140.0
236.7,16.37,0.08559,-0.4395,15150.0
236.75,16.28,0.2257,-0.3481,15150.0
236.8,16.19,0.3658,-0.2568,15120.0
236.85,16.2,0.3666,-0.2486,15100.0
236.9,16.21,0.3674,-0.2405,15070.0
236.95,16.04,0.4415,-0.2212,15050.0
237.0,15.87,0.5155,-0.2019,15050.0
237.05,15.69,0.6825,-0.2329,15070.0
237.1,15.5,0.8495,-0.2639,15090.0
237.15,15.41,0.7036,-0.3042,15120.0
237.2,15.32,0.5577,-0.3446,15140.0
237.25,15.33,0.2078,-0.222,15160.0
237.3,15.34,-0.1421,-0.0995,15160.0
237.35,15.23,-0.1891,-0.01244,15150.0
237.4,15.12,-0.2361,0.07463,15140.0
237.45,14.97,-0.2896,0.1599,15140.0
237.5,14.82,-0.3431,0.2451,15140.0
237.55,14.56,-0.2377,0.2756,15160.0
237.6,14.3,-0.1322,0.3061,15170.0
237.65,14.31,-0.06529,0.4374,15170.0
237.7,14.32,0.001592,0.5687,15160.0
237.75,14.28,0.08818,0.5938,15160.0
237.8,14.23,0.1748,0.619,15160.0
237.85,14.17,0.2994,0.6131,15150.0
237.9,14.11,0.424,0.6073,15160.0
237.95,13.98,0.3071,0.5254,15170.0
238.0,13.86,0.1903,0.4436,15200.0
238.05,14.03,0.2494,0.2247,15220.0
238.1,14.2,0.3085,0.005853,15230.0
238.15,14.09,0.3481,0.1662,15230.0
238.2,13.97,0.3877,0.3265,15230.0
238.25,13.88,0.2886,0.322,15230.0
238.3,13.8,0.1895,0.3175,15220.0
238.35,13.79,0.3402,0.1132,15200.0
238.4,13.79,0.4908,-0.09121,15180.0
238.45,13.86,0.5748,-0.08097,15160.0
238.5,13.93,0.6588,-0.07072,15160.0
238.55,14.06,0.7699,0.03048,15170.0
238.6,14.19,0.881,0.1317,15180.0
238.65,14.24,0.8694,0.109,15190.0
238.7,14.29,0.8579,0.08633,15220.0
238.75,14.09,0.9478,0.2272,15240.0
238.8,13.89,1.038,0.368,15240.0
238.85,13.85,0.9914,0.2629,15230.0
238.9,13.81,0.945,0.1578,15220.0
238.95,13.77,0.949,0.09426,15200.0
239.0,13.72,0.953,0.03073,15170.0
239.05,13.82,0.9456,0.01012,15150.0
239.1,13.91,0.9383,-0.01049,15140.0
239.15,13.74,0.791,-0.08414,15140.0
239.2,13.57,0.6437,-0.1578,15160.0
239.25,13.64,0.6646,-0.2861,15180.0
239.3,13.71,0.6855,-0.4143,15200.0
239.35,13.58,0.4636,-0.4593,15210.0
239.4,13.44,0.2416,-0.5043,15210.0
239.45,13.26,0.2207,-0.5175,15200.0
239.5,13.08,0.1998,-0.5307,15180.0
239.55,13.07,0.2002,-0.3042,15160.0
239.6,13.06,0.2006,-0.0778,15150.0
239.65,13.21,0.2154,-0.05414,15160.0
239.7,13.35,0.2301,-0.03048,15170.0
239.75,13.35,0.01393,-0.05694,15190.0
239.8,13.35,-0.2022,-0.08341,15200.0
239.85,13.48,-0.2711,-0.1302,15200.0
239.9,13.6,-0.34,-0.1771,15190.0
239.95,13.62,-0.2106,-0.2392,15180.0
240.0,13.63,-0.08121,-0.3014,15160.0
240.05,13.5,-0.08081,-0.1677,15150.0
240.1,13.36,-0.08041,-0.0339,15150.0
240.15,13.58,-0.1746,0.08036,15170.0
240.2,13.8,-0.2687,0.1946,15180.0
240.25,14.1,-0.2709,0.07658,15200.0
240.3,14.4,-0.2731,-0.04146,15210.0
240.35,14.42,-0.3853,-0.0417,15220.0
240.4,14.45,-0.4976,-0.04195,15230.0
240.45,14.41,-0.4023,0.07304,15230.0
240.5,14.37,-0.3069,0.188,15200.0
240.55,14.44,-0.3728,0.1894,15180.0
240.6,14.52,-0.4387,0.1907,15160.0
240.65,14.58,-0.4799,0.2379,15150.0
240.7,14.64,-0.5211,0.2851,15150.0
240.75,14.73,-0.4033,0.3522,15160.0
240.8,14.83,-0.2854,0.4192,15170.0
240.85,14.71,-0.3374,0.4096,15190.0
240.9,14.58,-0.3893,0.4,15210.0
240.95,14.57,-0.3967,0.2889,15220.0
241.0,14.55,-0.4041,0.1778,15230.0
241.05,14.61,-0.4238,-0.009389,15220.0
241.1,14.67,-0.4435,-0.1966,15210.0
241.15,14.65,-0.6085,0.1227,15200.0
241.2,14.63,-0.7735,0.4419,15170.0
241.25,14.48,-0.7038,0.5664,15130.0
241.3,14.33,-0.6341,0.6909,15110.0
241.35,14.29,-0.7647,0.7517,15100.0
241.4,14.25,-0.8953,0.8126,15100.0
241.45,14.52,-0.8282,0.9253,15110.0
241.5,14.78,-0.7611,1.038,15130.0
241.55,14.78,-0.8101,1.039,15150.0
241.6,14.77,-0.8591,1.04,15170.0
241.65,14.62,-1.044,1.073,15180.0
241.7,14.46,-1.228,1.105,15180.0
241.75,14.61,-1.23,1.117,15160.0
241.8,14.77,-1.232,1.129,15150.0
241.85,14.82,-1.137,1.119,15140.0
241.9,14.86,-1.042,1.108,15120.0
241.95,14.88,-0.8133,1.071,15100.0
242.0,14.89,-0.5844,1.034,15090.0
242.05,15.03,-0.6429,0.8064,15090.0
242.1,15.16,-0.7014,0.5785,15090.0
242.15,15.0,-0.9343,0.5652,15100.0
242.2,14.84,-1.167,0.5519,15110.0
242.25,14.67,-0.9474,0.4747,15120.0
242.3,14.51,-0.7277,0.3975,15130.0
242.35,14.44,-0.7599,0.4491,15140.0
242.4,14.38,-0.7922,0.5007,15150.0
242.45,14.4,-0.7667,0.7018,15140.0
242.5,14.43,-0.7412,0.9028,15130.0
242.55,14.52,-0.8061,0.7792,15110.0
242.6,14.62,-0.871,0.6555,15080.0
242.65,14.71,-0.9578,0.5863,15050.0
242.7,14.8,-1.045,0.517,15030.0
242.75,14.66,-1.144,0.4651,15010.0
242.8,14.52,-1.244,0.4131,15010.0
242.85,14.42,-1.089,0.3678,15030.0
242.9,14.32,-0.9331,0.3224,15050.0
242.95,14.25,-0.9701,0.2846,15060.0
243.0,14.18,-1.007,0.2468,15070.0
243.05,13.93,-0.9863,0.2347,15070.0
243.1,13.69,-0.9654,0.2227,15060.0
243.15,13.63,-0.7619,0.2267,15030.0
243.2,13.58,-0.5585,0.2307,15000.0
243.25,13.57,-0.5627,0.4113,14980.0
243.3,13.57,-0.5669,0.5919,14970.0
243.35,13.58,-0.58,0.4348,14960.0
243.4,13.59,-0.5931,0.2778,14960.0
243.45,13.54,-0.7382,0.3328,14950.0
243.5,13.49,-0.8833,0.3878,14950.0
243.55,13.57,-0.9876,0.3241,14950.0
243.6,13.65,-1.092,0.2605,14940.0
243.65,13.48,-0.9265,0.3697,14940.0
243.7,13.32,-0.7611,0.479,14950.0
243.75,13.05,-1.041,0.6086,14950.0
243.8,12.79,-1.322,0.7382,14940.0
243.85,12.7,-1.206,0.7398,14920.0
243.9,12.61,-1.091,0.7414,14890.0
243.95,12.62,-1.011,0.667,14880.0
244.0,12.64,-0.9315,0.5926,14860.0
244.05,12.79,-0.95,0.6949,14840.0
244.1,12.93,-0.9685,0.7972,14810.0
244.15,13.0,-0.9176,0.7933,14780.0
244.2,13.06,-0.8666,0.7894,14760.0
244.25,13.17,-0.7842,0.9019,14760.0
244.3,13.28,-0.7018,1.014,14760.0
244.35,13.5,-0.7794,0.8919,14770.0
244.4,13.73,-0.8571,0.7694,14800.0
244.45,13.81,-1.099,0.5523,14820.0
244.5,13.89,-1.341,0.3351,14830.0
244.55,13.77,-1.625,0.1308,14820.0
244.6,13.66,-1.909,-0.07341,14790.0
244.65,13.69,-1.935,-0.1457,14740.0
244.7,13.73,-1.962,-0.218,14700.0
244.75,13.44,-1.969,-0.1383,14660.0
244.8,13.15,-1.976,-0.05853,14620.0
244.85,12.94,-1.921,-0.004634,14610.0
244.9,12.73,-1.865,0.04926,14620.0
244.95,12.97,-1.597,-0.09316,14660.0
245.0,13.22,-1.328,-0.2356,14690.0
245.05,13.25,-1.096,-0.4498,14700.0
245.1,13.28,-0.8634,-0.6641,14710.0
245.15,13.5,-0.9218,-0.6993,14710.0
245.2,13.73,-0.9801,-0.7346,14700.0
245.25,13.58,-0.9745,-0.5545,14670.0
245.3,13.44,-0.9689,-0.3743,14620.0
245.35,13.22,-0.8772,-0.3575,14570.0
245.4,13.0,-0.7854,-0.3407,14550.0
245.45,13.13,-0.656,-0.257,14530.0
245.5,13.27,-0.5267,-0.1734,14520.0
245.55,13.14,-0.5517,-0.1662,14510.0
245.6,13.01,-0.5768,-0.159,14520.0
245.65,13.02,-0.41,-0.1493,14540.0
245.7,13.03,-0.2432,-0.1395,14540.0
245.75,12.91,-0.2181,-0.272,14520.0
245.8,12.78,-0.1931,-0.4046,14500.0
245.85,12.76,-0.4379,-0.4036,14490.0
245.9,12.73,-0.6827,-0.4026,14490.0
245.95,12.87,-0.7273,-0.5481,14490.0
246.0,13.0,-0.7719,-0.6936,14470.0
246.05,13.04,-0.8099,-0.493,14460.0
246.1,13.07,-0.8479,-0.2924,14450.0
246.15,13.02,-0.7842,-0.3356,14430.0
246.2,12.96,-0.7205,-0.3787,14380.0
246.25,12.94,-0.7227,-0.374,14340.0
246.3,12.91,-0.7249,-0.3692,14310.0
246.35,12.67,-0.8935,-0.3007,14310.0
246.4,12.42,-1.062,-0.2322,14320.0
246.45,12.38,-1.054,-0.144,14340.0
246.5,12.35,-1.045,-0.05585,14360.0
246.55,12.5,-0.9652,-0.1158,14380.0
246.6,12.66,-0.8849,-0.1758,14400.0
246.65,12.69,-0.9148,-0.1899,14390.0
246.7,12.72,-0.9447,-0.2039,14350.0
246.75,12.59,-0.8778,-0.3414,14300.0
246.8,12.46,-0.8109,-0.479,14250.0
246.85,12.56,-0.7486,-0.4682,14210.0
246.9,12.65,-0.6863,-0.4575,14180.0
246.95,12.61,-0.5615,-0.4028,14160.0
247.0,12.56,-0.4367,-0.348,14160.0
247.05,12.39,-0.3358,-0.4471,14190.0
247.1,12.22,-0.2349,-0.5463,14230.0
247.15,12.27,-0.4285,-0.3213,14260.0
247.2,12.33,-0.6222,-0.09633,14270.0
247.25,12.16,-0.6835,-0.1884,14280.0
247.3,12.0,-0.7448,-0.2805,14260.0
247.35,11.97,-0.5545,-0.4346,14230.0
247.4,11.94,-0.3642,-0.5887,14170.0
247.45,12.05,-0.4646,-0.4032,14110.0
247.5,12.15,-0.5649,-0.2178,14060.0
247.55,12.17,-0.7498,-0.3422,14050.0
247.6,12.19,-0.9347,-0.4665,14050.0
247.65,12.41,-0.8443,-0.3185,14050.0
247.7,12.62,-0.754,-0.1705,14070.0
247.75,12.58,-0.9618,-0.205,14100.0
247.8,12.53,-1.17,-0.2395,14110.0
247.85,12.62,-1.038,-0.2903,14090.0
247.9,12.72,-0.9072,-0.3412,14050.0
247.95,12.78,-1.067,-0.3144,14000.0
248.0,12.84,-1.226,-0.2875,13960.0
248.05,12.68,-1.301,-0.2336,13930.0
248.1,12.52,-1.375,-0.1797,13900.0
248.15,12.56,-1.373,-0.3292,13880.0
248.2,12.59,-1.371,-0.4787,13890.0
248.25,12.69,-1.35,-0.3962,13890.0
248.3,12.79,-1.329,-0.3136,13880.0
248.35,12.88,-1.097,-0.2345,13860.0
248.4,12.97,-0.865,-0.1553,13830.0
248.45,13.06,-0.799,-0.07243,13810.0
248.5,13.16,-0.7329,0.01049,13790.0
248.55,13.25,-0.8384,-0.02024,13760.0
248.6,13.35,-0.9439,-0.05097,13740.0
248.65,13.38,-0.9837,0.1471,13740.0
248.7,13.41,-1.023,0.3451,13740.0
248.75,13.21,-0.9984,0.3932,13730.0
248.8,13.01,-0.9733,0.4414,13720.0
248.85,12.94,-0.6755,0.437,13700.0
248.9,12.86,-0.3778,0.4326,13690.0
248.95,12.81,-0.3597,0.3394,13670.0
249.0,12.75,-0.3416,0.2461,13640.0
249.05,12.78,-0.4731,0.5382,13610.0
249.1,12.81,-0.6047,0.8304,13580.0
249.15,12.46,-0.6365,0.7225,13560.0
249.2,12.11,-0.6684,0.6146,13550.0
249.25,12.09,-0.7373,0.4639,13550.0
249.3,12.08,-0.8061,0.3131,13550.0
249.35,12.33,-0.6839,0.4217,13550.0
249.4,12.58,-0.5617,0.5302,13550.0
249.45,12.75,-0.5593,0.6303,13540.0
249.5,12.92,-0.5569,0.7304,13530.0
249.55,12.87,-0.6909,0.7322,13510.0
249.6,12.82,-0.8248,0.7341,13490.0
249.65,12.78,-0.7082,0.4579,13470.0
249.7,12.75,-0.5916,0.1817,13450.0
249.75,12.78,-0.7597,0.267,13440.0
249.8,12.82,-0.9279,0.3524,13430.0
249.85,12.84,-0.7785,0.2206,13420.0
249.9,12.86,-0.629,0.08877,13440.0
249.95,12.87,-0.4763,0.08292,13460.0
250.0,12.88,-0.3236,0.07706,13470.0
250.05,13.03,-0.3035,0.1816,13470.0
250.1,13.19,-0.2834,0.2861,13460.0
250.15,13.22,-0.2816,0.5445,13440.0
250.2,13.26,-0.2799,0.8028,13400.0
250.25,13.23,-0.252,0.8584,13350.0
250.3,13.21,-0.2241,0.914,13310.0
250.35,13.27,-0.2476,0.8814,13290.0
250.4,13.33,-0.2711,0.8487,13310.0
250.45,13.43,-0.5117,0.7966,13330.0
250.5,13.52,-0.7524,0.7446,13350.0
250.55,13.54,-0.9074,0.6479,13360.0
250.6,13.56,-1.062,0.5512,13360.0
250.65,13.45,-0.92,0.7328,13350.0
250.7,13.35,-0.7775,0.9145,13310.0
250.75,13.36,-0.6632,0.9162,13270.0
250.8,13.38,-0.549,0.9179,13240.0
250.85,13.53,-0.5251,0.7726,13230.0
250.9,13.67,-0.5012,0.6272,13230.0
250.95,13.65,-0.1889,0.6198,13230.0
251.0,13.64,0.1234,0.6124,13230.0
251.05,13.59,-0.01811,0.7092,13230.0
251.1,13.55,-0.1596,0.806,13220.0
251.15,13.53,-0.2916,0.7216,13210.0
251.2,13.51,-0.4236,0.6372,13190.0
251.25,13.42,-0.376,0.6665,13170.0
251.3,13.33,-0.3284,0.6958,13170.0
251.35,13.44,-0.4556,0.5915,13160.0
251.4,13.54,-0.5828,0.4873,13160.0
251.45,13.38,-0.7269,0.5168,13140.0
251.5,13.21,-0.871,0.5463,13130.0
251.55,13.04,-0.9166,0.399,13110.0
251.6,12.88,-0.9622,0.2517,13090.0
251.65,12.84,-0.7271,0.224,13080.0
251.7,12.81,-0.492,0.1963,13060.0
251.75,12.7,-0.6326,0.4417,13060.0
251.8,12.6,-0.7731,0.687,13060.0
251.85,12.63,-0.6429,0.513,13060.0
251.9,12.66,-0.5127,0.339,13060.0
251.95,12.65,-0.3519,0.2817,13050.0
252.0,12.64,-0.1911,0.2244,13030.0
252.05,12.71,-0.2237,0.1449,13000.0
252.1,12.77,-0.2564,0.06536,12970.0
252.15,12.93,-0.2942,0.1627,12950.0
252.2,13.09,-0.332,0.26,12940.0
252.25,13.02,-0.4029,0.35,12930.0
252.3,12.94,-0.4737,0.44,12920.0
252.35,13.09,-0.5048,0.3542,12920.0
252.4,13.23,-0.5358,0.2685,12920.0
252.45,13.24,-0.3433,0.1689,12910.0
252.5,13.24,-0.1509,0.06926,12900.0
252.55,13.28,-0.1955,0.3062,12890.0
252.6,13.32,-0.24,0.5431,12890.0
252.65,13.38,-0.2998,0.4531,12890.0
252.7,13.44,-0.3595,0.3631,12880.0
252.75,13.31,-0.199,0.4009,12870.0
252.8,13.19,-0.03861,0.4387,12860.0
252.85,13.04,-0.03742,0.2603,12850.0
252.9,12.89,-0.03623,0.08194,12830.0
252.95,12.85,-0.1019,0.1591,12810.0
253.0,12.82,-0.1676,0.2363,12800.0
253.05,12.92,-0.1342,0.452,12800.0
253.1,13.02,-0.1007,0.6677,12810.0
253.15,13.05,-0.1361,0.4675,12820.0
253.2,13.09,-0.1716,0.2673,12820.0
253.25,13.03,-0.1791,0.3556,12820.0
253.3,12.97,-0.1867,0.4439,12820.0
253.35,13.03,-0.2307,0.4506,12810.0
253.4,13.08,-0.2747,0.4573,12790.0
253.45,13.03,-0.4043,0.3858,12780.0
253.5,12.98,-0.5338,0.3144,12770.0
253.55,12.9,-0.6316,0.1283,12750.0
253.6,12.81,-0.7293,-0.0578,12740.0
253.65,12.8,-0.8117,-0.1653,12730.0
253.7,12.79,-0.8941,-0.2729,12720.0
253.75,12.65,-0.8157,-0.268,12720.0
253.8,12.52,-0.7373,-0.2631,12720.0
253.85,12.49,-0.9498,-0.3784,12720.0
253.9,12.47,-1.162,-0.4936,12730.0
253.95,12.62,-1.257,-0.6146,12740.0
254.0,12.78,-1.351,-0.7355,12740.0
254.05,12.8,-1.402,-0.738,12750.0
254.1,12.82,-1.452,-0.7404,12740.0
254.15,12.78,-1.475,-0.73,12730.0
254.2,12.74,-1.498,-0.7197,12710.0
254.25,12.6,-1.672,-0.6519,12680.0
254.3,12.46,-1.845,-0.5841,12650.0
254.35,12.6,-1.828,-0.4623,12630.0
254.4,12.73,-1.812,-0.3405,12630.0
254.45,12.56,-1.962,-0.1707,12650.0
254.5,12.39,-2.112,-0.0009755,12670.0
254.55,12.33,-2.134,-0.08877,12690.0
254.6,12.27,-2.155,-0.1766,12700.0
254.65,12.39,-2.09,0.1221,12690.0
254.7,12.52,-2.024,0.4207,12680.0
254.75,12.48,-2.07,0.5298,12660.0
254.8,12.44,-2.115,0.639,12640.0
254.85,12.41,-2.21,0.5786,12620.0
254.9,12.38,-2.304,0.5182,12610.0
254.95,12.23,-2.274,0.4024,12590.0
255.0,12.08,-2.243,0.2866,12580.0
255.05,12.17,-2.177,0.1636,12560.0
255.1,12.27,-2.111,0.04073,12550.0
255.15,12.53,-2.072,0.04,12540.0
255.2,12.79,-2.034,0.03926,12540.0
255.25,12.61,-1.77,-0.01414,12560.0
255.3,12.43,-1.506,-0.06755,12570.0
255.35,12.36,-1.278,-0.1881,12590.0
255.4,12.29,-1.05,-0.3087,12600.0
255.45,12.35,-0.9058,-0.1288,12610.0
255.5,12.41,-0.7619,0.05121,12600.0
255.55,12.46,-0.7367,-0.01622,12580.0
255.6,12.51,-0.7114,-0.08365,12550.0
255.65,12.47,-0.9986,-0.003902,12530.0
255.7,12.43,-1.286,0.07585,12530.0
255.75,12.45,-1.324,0.188,12530.0
255.8,12.46,-1.363,0.3002,12540.0
255.85,12.28,-1.432,0.3823,12550.0
255.9,12.1,-1.5,0.4643,12580.0
255.95,12.21,-1.432,0.303,12620.0
256.0,12.32,-1.364,0.1417,12630.0
256.05,12.16,-1.327,0.385,12640.0
256.1,12.0,-1.29,0.6282,12640.0
256.15,12.06,-1.103,0.5471,12640.0
256.2,12.11,-0.9152,0.466,12620.0
256.25,12.16,-0.7273,0.3409,12590.0
256.3,12.2,-0.5394,0.2158,12560.0
256.35,12.15,-0.5316,0.1122,12550.0
256.4,12.11,-0.5239,0.008536,12550.0
256.45,12.13,-0.7934,-0.08402,12570.0
256.5,12.16,-1.063,-0.1766,12590.0
256.55,12.12,-1.109,-0.2566,12610.0
256.6,12.09,-1.156,-0.3365,12640.0
256.65,12.13,-1.169,-0.3717,12670.0
256.7,12.18,-1.183,-0.4068,12680.0
256.75,12.21,-1.223,-0.4797,12670.0
256.8,12.24,-1.262,-0.5526,12650.0
256.85,12.36,-1.191,-0.6113,12630.0
256.9,12.49,-1.121,-0.6699,12590.0
256.95,12.63,-0.9592,-0.5832,12560.0
257.0,12.77,-0.7978,-0.4965,12540.0
257.05,12.72,-0.8983,-0.4615,12550.0
257.1,12.67,-0.9988,-0.4265,12580.0
257.15,12.59,-1.09,-0.2151,12620.0
257.2,12.5,-1.181,-0.003658,12670.0
257.25,12.52,-0.9751,-0.07085,12700.0
257.3,12.54,-0.7691,-0.138,12720.0
257.35,12.47,-0.6785,-0.204,12720.0
257.4,12.4,-0.588,-0.27,12690.0
257.45,12.43,-0.6286,-0.3384,12640.0
257.5,12.46,-0.6692,-0.4068,12600.0
257.55,12.44,-0.9359,-0.3552,12570.0
257.6,12.42,-1.203,-0.3036,12570.0
257.65,12.32,-1.192,-0.3262,12580.0
257.7,12.22,-1.182,-0.3487,12610.0
257.75,12.13,-1.288,-0.283,12640.0
257.8,12.04,-1.393,-0.2173,12670.0
257.85,11.99,-1.4,0.01427,12680.0
257.9,11.94,-1.407,0.2458,12670.0
257.95,12.19,-1.272,0.1175,12650.0
258.0,12.44,-1.138,-0.01073,12620.0
258.05,12.66,-1.018,0.06097,12590.0
258.1,12.88,-0.8973,0.1327,12570.0
258.15,13.02,-1.064,0.08341,12550.0
258.2,13.15,-1.23,0.03414,12550.0
258.25,13.27,-1.143,-0.03926,12570.0
258.3,13.4,-1.055,-0.1127,12600.0
258.35,13.55,-0.9868,0.08743,12610.0
258.4,13.7,-0.9188,0.2875,12620.0
258.45,13.6,-1.026,0.2225,12610.0
258.5,13.51,-1.133,0.1575,12600.0
258.55,13.54,-1.302,0.1662,12580.0
258.6,13.56,-1.471,0.1749,12560.0
258.65,13.52,-1.423,0.08438,12550.0
258.7,13.48,-1.376,-0.006097,12560.0
258.75,13.39,-1.298,-0.02414,12580.0
258.8,13.29,-1.22,-0.04219,12610.0
258.85,13.31,-1.232,-0.0828,12620.0
258.9,13.33,-1.245,-0.1234,12620.0
258.95,13.39,-1.213,0.1028,12620.0
259.0,13.45,-1.181,0.329,12610.0
259.05,13.26,-1.095,0.3525,12610.0
259.1,13.08,-1.009,0.3761,12610.0
259.15,13.11,-1.074,0.365,12610.0
259.2,13.13,-1.14,0.3539,12620.0
259.25,13.07,-1.109,0.2945,12630.0
259.3,13.01,-1.078,0.2351,12640.0
259.35,13.1,-1.05,0.2756,12640.0
259.4,13.2,-1.021,0.3161,12650.0
259.45,13.11,-0.9622,0.1468,12650.0
259.5,13.01,-0.9033,-0.02244,12660.0
259.55,12.83,-0.8726,-0.1313,12670.0
259.6,12.65,-0.8419,-0.2402,12680.0
259.65,12.62,-0.7595,-0.2481,12680.0
259.7,12.6,-0.6771,-0.2561,12680.0
259.75,12.5,-0.6867,-0.2313,12680.0
259.8,12.41,-0.6962,-0.2066,12660.0
259.85,12.53,-0.7962,-0.1093,12650.0
259.9,12.65,-0.8961,-0.01195,12640.0
259.95,12.62,-0.8873,-0.2607,12650.0
260.0,12.59,-0.8786,-0.5095,12670.0
260.05,12.49,-0.7191,-0.4817,12690.0
260.1,12.39,-0.5597,-0.4539,12720.0
260.15,12.45,-0.5199,-0.3818,12750.0
260.2,12.51,-0.4801,-0.3097,12760.0
260.25,12.62,-0.4522,-0.1379,12750.0
260.3,12.72,-0.4244,0.0339,12730.0
260.35,12.38,-0.4252,0.009023,12710.0
260.4,12.03,-0.4259,-0.01585,12690.0
260.45,11.93,-0.6216,-0.1706,12680.0
260.5,11.82,-0.8173,-0.3253,12680.0
260.55,11.77,-1.077,-0.3629,12680.0
260.6,11.72,-1.337,-0.4004,12710.0
260.65,11.72,-1.181,-0.4786,12730.0
260.7,11.73,-1.024,-0.5568,12760.0
260.75,11.64,-0.959,-0.6544,12770.0
260.8,11.56,-0.8937,-0.7521,12780.0
260.85,11.5,-0.826,-0.8421,12790.0
260.9,11.45,-0.7583,-0.9321,12790.0
260.95,11.46,-0.9202,-0.7148,12780.0
261.0,11.47,-1.082,-0.4975,12770.0
261.05,11.53,-1.009,-0.8036,12750.0
261.1,11.59,-0.9355,-1.11,12740.0
261.15,11.75,-0.6809,-0.9138,12720.0
261.2,11.91,-0.4263,-0.718,12710.0
261.25,11.88,-0.3636,-0.7974,12710.0
261.3,11.85,-0.301,-0.8767,12740.0
261.35,11.61,-0.2532,-0.7261,12770.0
261.4,11.36,-0.2054,-0.5755,12800.0
261.45,11.33,-0.1067,-0.587,12820.0
261.5,11.3,-0.007962,-0.5985,12820.0
261.55,11.39,-0.288,-0.6113,12810.0
261.6,11.49,-0.5681,-0.6241,12790.0
261.65,11.65,-0.4703,-0.5752,12770.0
261.7,11.8,-0.3726,-0.5263,12750.0
261.75,12.09,-0.2221,-0.363,12750.0
261.8,12.38,-0.07165,-0.1997,12740.0
261.85,12.4,-0.1479,-0.06694,12730.0
261.9,12.41,-0.2241,0.06585,12730.0
261.95,12.34,-0.1879,0.005487,12750.0
262.0,12.27,-0.1517,-0.05487,12770.0
262.05,12.23,-0.01254,-0.08938,12790.0
262.1,12.2,0.1266,-0.1239,12800.0
262.15,12.32,0.1292,-0.04573,12820.0
262.2,12.45,0.1318,0.03244,12830.0
262.25,12.48,-0.1507,0.01561,12830.0
262.3,12.51,-0.4331,-0.001219,12810.0
262.35,12.56,-0.5539,-0.13,12790.0
262.4,12.62,-0.6748,-0.2588,12780.0
262.45,12.48,-0.7974,-0.249,12780.0
262.5,12.35,-0.92,-0.2392,12780.0
262.55,12.35,-1.033,-0.2025,12780.0
262.6,12.35,-1.146,-0.1658,12780.0
262.65,12.38,-0.9753,-0.04182,12800.0
262.7,12.4,-0.8045,0.08219,12810.0
262.75,12.4,-0.6365,0.08499,12820.0
262.8,12.4,-0.4685,0.0878,12830.0
262.85,12.43,-0.3599,-0.02036,12840.0
262.9,12.45,-0.2512,-0.1285,12850.0
262.95,12.26,-0.2026,-0.1594,12860.0
263.0,12.06,-0.1541,-0.1902,12860.0
263.05,12.18,-0.1777,-0.1491,12850.0
263.1,12.31,-0.2014,-0.108,12840.0
263.15,12.37,-0.1859,-0.2591,12830.0
263.2,12.43,-0.1704,-0.4102,12820.0
263.25,12.34,-0.1437,-0.3336,12800.0
263.3,12.24,-0.117,-0.257,12800.0
263.35,12.21,-0.1897,-0.2158,12810.0
263.4,12.18,-0.2623,-0.1746,12830.0
263.45,12.25,-0.3063,-0.1347,12850.0
263.5,12.31,-0.3503,-0.09487,12860.0
263.55,12.3,-0.3095,-0.1622,12870.0
263.6,12.3,-0.2687,-0.2295,12880.0
263.65,12.19,0.03304,-0.1101,12880.0
263.7,12.09,0.3348,0.009267,12870.0
263.75,12.14,0.1859,-0.158,12850.0
263.8,12.18,0.03702,-0.3253,12850.0
263.85,12.13,0.08539,-0.09048,12850.0
263.9,12.09,0.1338,0.1444,12850.0
263.95,12.13,-0.03205,0.1617,12840.0
264.0,12.17,-0.1978,0.179,12840.0
264.05,12.15,-0.2896,0.2778,12860.0
264.1,12.14,-0.3814,0.3765,12880.0
264.15,12.18,-0.3324,0.3598,12890.0
264.2,12.21,-0.2834,0.3431,12890.0
264.25,12.19,-0.1578,0.4034,12890.0
264.3,12.16,-0.03224,0.4636,12890.0
264.35,12.06,-0.07583,0.43,12880.0
264.4,11.96,-0.1194,0.3963,12850.0
264.45,12.1,0.06529,0.1777,12840.0
264.5,12.24,0.25,-0.04097,12840.0
264.55,12.41,0.2293,0.08072,12870.0
264.6,12.57,0.2086,0.2024,12880.0
264.65,12.63,0.4359,0.108,12880.0
264.7,12.68,0.6632,0.01366,12880.0
264.75,12.8,0.7146,-0.002683,12890.0
264.8,12.91,0.7659,-0.01902,12890.0
264.85,12.83,0.6632,0.05414,12880.0
264.9,12.75,0.5605,0.1273,12870.0
264.95,12.93,0.3853,0.1424,12870.0
265.0,13.1,0.2102,0.1575,12890.0
265.05,13.13,0.2886,0.1902,12900.0
265.1,13.16,0.367,0.2229,12900.0
265.15,13.23,0.4337,0.243,12900.0
265.2,13.3,0.5004,0.2631,12910.0
265.25,13.34,0.53,0.335,12920.0
265.3,13.38,0.5597,0.4068,12920.0
265.35,13.23,0.6833,0.3797,12910.0
265.4,13.09,0.8069,0.3526,12910.0
265.45,13.23,0.6724,0.3494,12930.0
265.5,13.37,0.5378,0.3461,12940.0
265.55,13.52,0.7243,0.4202,12950.0
265.6,13.67,0.9108,0.4943,12940.0
265.65,13.55,0.8272,0.5515,12950.0
265.7,13.43,0.7436,0.6087,12960.0
265.75,13.36,0.6479,0.5663,12960.0
265.8,13.28,0.5521,0.5238,12950.0
265.85,13.25,0.3463,0.558,12950.0
265.9,13.22,0.1405,0.5921,12970.0
265.95,13.33,0.1616,0.841,12990.0
266.0,13.43,0.1827,1.09,13010.0
266.05,13.5,0.253,0.966,13020.0
266.1,13.56,0.3232,0.8421,13020.0
266.15,13.66,0.3332,0.544,13030.0
266.2,13.75,0.3431,0.2458,13030.0
266.25,13.75,0.6304,0.1607,13030.0
266.3,13.75,0.9176,0.0756,13030.0
266.35,13.68,0.786,0.2002,13040.0
266.4,13.61,0.6544,0.3248,13060.0
266.45,13.41,0.6925,0.1213,13070.0
266.5,13.2,0.7305,-0.08219,13080.0
266.55,13.13,0.6017,0.009267,13090.0
266.6,13.05,0.4729,0.1007,13100.0
266.65,13.2,0.3041,0.3852,13110.0
266.7,13.34,0.1353,0.6697,13120.0
266.75,13.09,0.3211,0.9627,13120.0
266.8,12.84,0.5068,1.256,13120.0
266.85,13.02,0.2387,1.17,13130.0
266.9,13.2,-0.02946,1.084,13130.0
266.95,13.22,-0.3344,0.8428,13130.0
267.0,13.24,-0.6393,0.6016,13130.0
267.05,13.14,-0.6453,0.7695,13140.0
267.1,13.04,-0.6513,0.9375,13150.0
267.15,12.79,-0.4761,1.019,13160.0
267.2,12.54,-0.301,1.1,13150.0
267.25,12.52,-0.4236,1.179,13150.0
267.3,12.51,-0.5462,1.258,13150.0
267.35,12.42,-0.5792,1.266,13150.0
267.4,12.34,-0.6123,1.275,13150.0
267.45,12.04,-0.5302,1.089,13150.0
267.5,11.75,-0.4482,0.9036,13140.0
267.55,11.8,-0.4148,0.9895,13140.0
267.6,11.84,-0.3814,1.075,13140.0
267.65,11.94,-0.6276,0.9671,13130.0
267.7,12.03,-0.8738,0.8587,13120.0
267.75,11.94,-0.9236,0.788,13110.0
267.8,11.84,-0.9733,0.7172,13110.0
267.85,12.03,-0.8919,0.8669,13110.0
267.9,12.23,-0.8105,1.016,13110.0
267.95,12.21,-0.779,1.114,13100.0
268.0,12.19,-0.7476,1.211,13110.0
268.05,12.07,-0.6168,1.171,13130.0
268.1,11.94,-0.4861,1.131,13140.0
268.15,11.85,-0.577,1.16,13140.0
268.2,11.76,-0.668,1.188,13150.0
268.25,11.6,-0.6445,1.126,13160.0
268.3,11.44,-0.621,1.063,13160.0
268.35,11.51,-0.7394,1.072,13140.0
268.4,11.58,-0.8579,1.08,13130.0
268.45,11.8,-1.087,0.9571,13130.0
268.5,12.02,-1.315,0.8338,13140.0
268.55,11.96,-1.319,0.6618,13150.0
268.6,11.9,-1.323,0.4897,13160.0
268.65,11.87,-1.137,0.4059,13170.0
268.7,11.85,-0.9502,0.3222,13180.0
268.75,11.62,-1.03,0.3948,13200.0
268.8,11.4,-1.111,0.4675,13210.0
268.85,11.49,-1.205,0.2042,13220.0
268.9,11.59,-1.3,-0.05902,13230.0
268.95,11.57,-1.305,-0.2101,13260.0
269.0,11.55,-1.309,-0.3612,13280.0
269.05,11.46,-1.367,-0.3335,13280.0
269.1,11.38,-1.425,-0.3058,13270.0
269.15,11.21,-1.457,-0.01488,13260.0
269.2,11.05,-1.489,0.2761,13260.0
269.25,10.95,-1.273,0.2228,13260.0
269.3,10.86,-1.058,0.1695,13260.0
269.35,11.09,-1.042,0.3324,13260.0
269.4,11.32,-1.025,0.4953,13280.0
269.45,11.35,-0.9855,0.5174,13310.0
269.5,11.38,-0.9454,0.5395,13330.0
269.55,11.28,-0.993,0.675,13350.0
269.6,11.19,-1.041,0.8106,13360.0
269.65,11.32,-0.877,0.7774,13370.0
269.7,11.46,-0.7134,0.7441,13370.0
269.75,11.47,-0.8173,0.6426,13360.0
269.8,11.48,-0.9212,0.5412,13350.0
269.85,11.56,-0.7832,0.511,13340.0
269.9,11.65,-0.6453,0.4809,13340.0
269.95,11.97,-0.7781,0.6225,13360.0
270.0,12.29,-0.9108,0.7641,13360.0
270.05,12.53,-1.011,0.8186,13370.0
270.1,12.76,-1.112,0.8731,13380.0
270.15,12.57,-1.196,0.5697,13390.0
270.2,12.37,-1.28,0.2663,13400.0
270.25,12.32,-1.354,0.06804,13390.0
270.3,12.26,-1.427,-0.1302,13380.0
270.35,12.33,-1.318,-0.1269,13370.0
270.4,12.39,-1.209,-0.1236,13370.0
270.45,12.43,-1.127,0.06073,13370.0
270.5,12.46,-1.046,0.2451,13370.0
270.55,12.68,-0.8794,0.3144,13370.0
270.6,12.9,-0.713,0.3836,13390.0
270.65,13.03,-0.799,0.3102,13400.0
270.7,13.15,-0.8849,0.2368,13400.0
270.75,13.22,-0.8374,0.2277,13380.0
270.8,13.3,-0.7898,0.2185,13360.0
270.85,13.26,-0.6821,0.2229,13350.0
270.9,13.22,-0.5744,0.2273,13340.0
270.95,13.2,-0.6986,0.1475,13330.0
271.0,13.18,-0.8228,0.0678,13330.0
271.05,13.07,-0.8648,0.09804,13350.0
271.1,12.97,-0.9068,0.1283,13380.0
271.15,13.0,-0.7167,0.1971,13400.0
271.2,13.04,-0.5267,0.2658,13400.0
271.25,13.1,-0.5117,0.1123,13400.0
271.3,13.17,-0.4968,-0.04121,13400.0
271.35,13.04,-0.454,-0.1316,13390.0
271.4,12.92,-0.4112,-0.2219,13370.0
271.45,13.05,-0.6449,-0.2139,13340.0
271.5,13.18,-0.8786,-0.2058,13340.0
271.55,13.29,-0.9763,-0.1551,13350.0
271.6,13.4,-1.074,-0.1044,13370.0
271.65,13.31,-1.353,-0.0567,13380.0
271.7,13.22,-1.632,-0.009023,13400.0
271.75,13.36,-1.478,-0.1032,13430.0
271.8,13.49,-1.325,-0.1973,13450.0
271.85,13.41,-1.533,-0.2634,13470.0
271.9,13.32,-1.742,-0.3295,13470.0
271.95,13.34,-1.749,-0.267,13470.0
272.0,13.35,-1.757,-0.2046,13470.0
272.05,13.55,-1.552,-0.1317,13460.0
272.1,13.74,-1.348,-0.05877,13460.0
272.15,13.84,-1.307,-0.06243,13460.0
272.2,13.93,-1.267,-0.06609,13480.0
272.25,13.8,-1.031,-0.005243,13510.0
272.3,13.67,-0.795,0.0556,13540.0
272.35,13.56,-0.8557,0.09499,13550.0
272.4,13.46,-0.9164,0.1344,13560.0
272.45,13.49,-1.056,0.165,13560.0
272.5,13.52,-1.195,0.1956,13560.0
272.55,13.6,-1.075,0.1603,13560.0
272.6,13.68,-0.9554,0.1251,13560.0
272.65,13.65,-1.075,0.07621,13570.0
272.7,13.62,-1.194,0.02731,13580.0
272.75,13.63,-1.086,-0.1058,13590.0
272.8,13.64,-0.9773,-0.239,13600.0
272.85,13.67,-0.8899,-0.193,13600.0
272.9,13.69,-0.8025,-0.1471,13610.0
272.95,13.61,-0.8861,-0.1374,13630.0
273.0,13.53,-0.9697,-0.1278,13650.0
273.05,13.65,-1.095,-0.06829,13650.0
273.1,13.76,-1.22,-0.00878,13650.0
273.15,13.7,-1.114,0.015,13640.0
273.2,13.65,-1.008,0.03878,13630.0
273.25,13.64,-1.04,-0.01853,13620.0
273.3,13.63,-1.071,-0.07585,13610.0
273.35,13.54,-1.103,-0.2551,13620.0
273.4,13.45,-1.136,-0.4343,13650.0
273.45,13.43,-0.9339,-0.5804,13670.0
273.5,13.41,-0.7317,-0.7265,13680.0
273.55,13.3,-0.6341,-0.6041,13670.0
273.6,13.2,-0.5366,-0.4817,13660.0
273.65,13.09,-0.502,-0.5084,13640.0
273.7,12.98,-0.4673,-0.5351,13620.0
273.75,12.94,-0.371,-0.5225,13610.0
273.8,12.9,-0.2747,-0.5099,13610.0
273.85,12.91,-0.2379,-0.3395,13610.0
273.9,12.93,-0.201,-0.169,13620.0
273.95,12.77,-0.3354,-0.1814,13640.0
274.0,12.62,-0.4697,-0.1939,13660.0
274.05,12.73,-0.3742,-0.4285,13670.0
274.1,12.84,-0.2787,-0.6631,13660.0
274.15,12.94,-0.2613,-0.655,13660.0
274.2,13.04,-0.244,-0.647,13650.0
274.25,13.01,0.06489,-0.6989,13650.0
274.3,12.99,0.3738,-0.7509,13640.0
274.35,13.06,0.3865,-0.6609,13640.0
274.4,13.14,0.3993,-0.5709,13630.0
274.45,13.0,0.537,-0.5409,13630.0
274.5,12.87,0.6748,-0.5109,13620.0
274.55,12.95,0.6923,-0.763,13620.0
274.6,13.03,0.7098,-1.015,13620.0
274.65,12.9,0.5854,-0.9053,13640.0
274.7,12.77,0.461,-0.7955,13660.0
274.75,12.79,0.3714,-0.8241,13690.0
274.8,12.8,0.2818,-0.8526,13710.0
274.85,12.97,0.2552,-0.7409,13720.0
274.9,13.14,0.2285,-0.6292,13710.0
274.95,13.01,0.3561,-0.5702,13690.0
275.0,12.88,0.4837,-0.5112,13670.0
275.05,12.8,0.5207,-0.4143,13660.0
275.1,12.71,0.5577,-0.3175,13660.0
275.15,12.65,0.4542,-0.4531,13690.0
275.2,12.59,0.3507,-0.5887,13720.0
275.25,12.71,0.164,-0.6311,13740.0
275.3,12.83,-0.02269,-0.6736,13770.0
275.35,12.74,-0.1913,-0.891,13800.0
275.4,12.65,-0.3599,-1.108,13810.0
275.45,12.6,-0.3073,-1.025,13800.0
275.5,12.55,-0.2548,-0.9411,13800.0
275.55,12.56,-0.2709,-0.9946,13790.0
275.6,12.57,-0.287,-1.048,13790.0
275.65,12.47,-0.3171,-1.005,13780.0
275.7,12.38,-0.3471,-0.9614,13780.0
275.75,12.41,-0.2542,-1.004,13800.0
275.8,12.45,-0.1612,-1.047,13830.0
275.85,12.52,-0.02687,-0.9645,13860.0
275.9,12.59,0.1075,-0.8823,13880.0
275.95,12.57,0.131,-0.8662,13890.0
276.0,12.55,0.1545,-0.8502,13900.0
276.05,12.58,0.2148,-0.8878,13890.0
276.1,12.61,0.2751,-0.9255,13890.0
276.15,12.5,0.1969,-0.7532,13880.0
276.2,12.39,0.1186,-0.5809,13880.0
276.25,12.41,0.2404,-0.563,13880.0
276.3,12.43,0.3623,-0.5451,13880.0
276.35,12.55,0.4892,-0.5275,13880.0
276.4,12.68,0.6162,-0.5099,13890.0
276.45,12.73,0.4005,-0.643,13900.0
276.5,12.78,0.1847,-0.776,13920.0
276.55,12.61,0.02448,-0.7743,13930.0
276.6,12.43,-0.1357,-0.7726,13930.0
276.65,12.41,0.01592,-0.7168,13930.0
276.7,12.39,0.1676,-0.6609,13910.0
276.75,12.45,0.2054,-0.7577,13900.0
276.8,12.51,0.2432,-0.8545,13900.0
276.85,12.4,0.07166,-0.7703,13910.0
276.9,12.29,-0.09992,-0.686,13930.0
276.95,12.28,0.002986,-0.7027,13940.0
277.0,12.28,0.1059,-0.7194,13940.0
277.05,12.37,0.1861,-0.6513,13930.0
277.1,12.46,0.2663,-0.5831,13920.0
277.15,12.4,0.216,-0.6742,13910.0
277.2,12.35,0.1656,-0.7653,13900.0
277.25,12.43,-0.04677,-0.9071,13890.0
277.3,12.52,-0.2592,-1.049,13900.0
277.35,12.68,-0.03503,-1.053,13900.0
277.4,12.83,0.1891,-1.058,13900.0
277.45,12.89,0.2106,-1.036,13900.0
277.5,12.95,0.2321,-1.015,13910.0
277.55,12.83,0.2974,-0.7977,13920.0
277.6,12.71,0.3627,-0.5807,13930.0
277.65,12.49,0.5179,-0.4143,13950.0
277.7,12.27,0.6732,-0.248,13950.0
277.75,12.34,0.4309,-0.2438,13950.0
277.8,12.41,0.1887,-0.2395,13940.0
277.85,12.57,0.1397,-0.04841,13920.0
277.9,12.73,0.09076,0.1427,13910.0
277.95,12.91,0.1338,0.2422,13910.0
278.0,13.09,0.1767,0.3417,13920.0
278.05,13.13,0.1509,0.385,13950.0
278.1,13.17,0.125,0.4282,13970.0
278.15,13.23,0.08419,0.3447,13990.0
278.2,13.3,0.04339,0.2612,14000.0
278.25,13.23,-0.06827,0.2983,13990.0
278.3,13.16,-0.1799,0.3353,13990.0
278.35,13.32,-0.3531,0.2711,13980.0
278.4,13.48,-0.5263,0.2068,13980.0
278.45,13.54,-0.5066,0.1312,13980.0
278.5,13.6,-0.4869,0.0556,13990.0
278.55,13.51,-0.3949,0.1373,14010.0
278.6,13.43,-0.3029,0.219,14020.0
278.65,13.37,-0.2763,0.3508,14030.0
278.7,13.31,-0.2496,0.4826,14030.0
278.75,13.37,-0.1742,0.393,14030.0
278.8,13.43,-0.09872,0.3034,14030.0
278.85,13.33,-0.02826,0.39,14030.0
278.9,13.23,0.0422,0.4765,14040.0
278.95,13.04,-0.08837,0.3693,14040.0
279.0,12.84,-0.2189,0.2622,14050.0
279.05,12.86,-0.2166,0.2089,14050.0
279.1,12.88,-0.2142,0.1556,14040.0
279.15,12.95,-0.4156,0.1751,14040.0
279.2,13.02,-0.617,0.1946,14050.0
279.25,12.9,-0.8989,0.1846,14080.0
279.3,12.78,-1.181,0.1746,14100.0
279.35,12.8,-1.056,0.198,14120.0
279.4,12.81,-0.9307,0.2214,14120.0
279.45,13.02,-1.017,0.3057,14110.0
279.5,13.24,-1.102,0.39,14090.0
279.55,13.21,-1.219,0.5329,14060.0
279.6,13.19,-1.335,0.6758,14020.0
279.65,13.06,-1.158,0.8063,14010.0
279.7,12.92,-0.9809,0.9367,14020.0
279.75,13.1,-0.991,1.098,14050.0
279.8,13.29,-1.001,1.259,14080.0
279.85,13.26,-0.9715,1.333,14110.0
279.9,13.23,-0.9419,1.406,14140.0
279.95,12.96,-0.8833,1.415,14160.0
280.0,12.69,-0.8248,1.424,14150.0
280.05,12.57,-0.7556,1.164,14120.0
280.1,12.46,-0.6863,0.904,14090.0
280.15,12.58,-0.4186,0.6293,14060.0
280.2,12.71,-0.1509,0.3546,14040.0
280.25,12.58,-0.1385,0.4963,14020.0
280.3,12.45,-0.1262,0.638,14010.0
280.35,12.41,-0.01652,0.4376,14020.0
280.4,12.38,0.09315,0.2373,14050.0
280.45,12.53,0.2621,0.2477,14080.0
280.5,12.69,0.4311,0.258,14110.0
280.55,12.68,0.4226,0.4951,14120.0
280.6,12.66,0.414,0.7321,14120.0
280.65,12.79,0.1503,0.7353,14110.0
280.7,12.93,-0.1135,0.7385,14090.0
280.75,12.99,-0.07106,0.6321,14050.0
280.8,13.04,-0.02866,0.5258,14020.0
280.85,13.24,0.1294,0.3306,14020.0
280.9,13.45,0.2874,0.1354,14020.0
280.95,13.53,0.121,0.06194,14040.0
281.0,13.61,-0.04538,-0.01146,14050.0
281.05,13.78,-0.1676,0.2228,14060.0
281.1,13.94,-0.2898,0.457,14070.0
281.15,13.92,-0.5358,0.397,14070.0
281.2,13.91,-0.7818,0.337,14060.0
281.25,13.8,-0.67,0.2142,14050.0
281.3,13.69,-0.5581,0.09145,14050.0
281.35,13.72,-0.4759,0.1525,14060.0
281.4,13.76,-0.3937,0.2136,14070.0
281.45,13.68,-0.4572,0.3009,14080.0
281.5,13.61,-0.5207,0.3882,14090.0
281.55,13.68,-0.5625,0.727,14100.0
281.6,13.75,-0.6043,1.066,14110.0
281.65,13.8,-0.6154,0.9694,14110.0
281.7,13.84,-0.6266,0.8731,14100.0
281.75,13.86,-0.6568,0.7548,14080.0
281.8,13.87,-0.6871,0.6365,14080.0
281.85,13.85,-0.7052,0.5526,14090.0
281.9,13.83,-0.7233,0.4687,14100.0
281.95,13.79,-0.5444,0.4545,14120.0
282.0,13.75,-0.3654,0.4402,14140.0
282.05,13.8,-0.2058,0.3897,14170.0
282.1,13.86,-0.04618,0.3392,14200.0
282.15,13.83,-0.1883,0.2975,14220.0
282.2,13.81,-0.3304,0.2558,14210.0
282.25,13.71,-0.1994,0.1603,14190.0
282.3,13.61,-0.06847,0.06487,14160.0
282.35,13.55,0.01274,-0.03487,14140.0
282.4,13.5,0.09395,-0.1346,14130.0
282.45,13.53,-0.1779,-0.1651,14130.0
282.5,13.56,-0.4498,-0.1956,14140.0
282.55,13.58,-0.3917,-0.2425,14160.0
282.6,13.6,-0.3336,-0.2895,14190.0
282.65,13.53,-0.33,-0.1345,14230.0
282.7,13.46,-0.3264,0.02049,14250.0
282.75,13.47,-0.3804,0.1784,14270.0
282.8,13.48,-0.4343,0.3363,14270.0
282.85,13.61,-0.5537,0.328,14260.0
282.9,13.74,-0.6732,0.3197,14240.0
282.95,13.68,-0.6986,0.2709,14210.0
283.0,13.63,-0.7241,0.2222,14190.0
283.05,13.89,-0.6264,0.3148,14180.0
283.1,14.15,-0.5287,0.4075,14190.0
283.15,14.32,-0.5689,0.3387,14210.0
283.2,14.48,-0.6091,0.27,14230.0
283.25,14.55,-0.7832,0.2464,14260.0
283.3,14.62,-0.9574,0.2229,14290.0
283.35,14.41,-1.12,0.155,14310.0
283.4,14.2,-1.283,0.08706,14320.0
283.45,14.09,-1.331,-0.05963,14320.0
283.5,13.99,-1.38,-0.2063,14310.0
283.55,14.01,-1.144,-0.05621,14290.0
283.6,14.03,-0.9084,0.09389,14270.0
283.65,14.11,-0.8254,0.06243,14260.0
283.7,14.18,-0.7424,0.03097,14260.0
283.75,14.19,-0.5498,0.1091,14270.0
283.8,14.2,-0.3571,0.1873,14280.0
283.85,14.25,-0.3232,0.07767,14300.0
283.9,14.3,-0.2894,-0.03195,14310.0
283.95,14.33,-0.2767,-0.03475,14310.0
284.0,14.36,-0.2639,-0.03756,14310.0
284.05,14.24,-0.2896,-0.02878,14310.0
284.1,14.11,-0.3153,-0.02,14310.0
284.15,13.93,-0.3788,-0.0628,14300.0
284.2,13.74,-0.4423,-0.1056,14310.0
284.25,14.01,-0.3,-0.01232,14330.0
284.3,14.29,-0.1576,0.08097,14340.0
284.35,14.16,-0.1515,-0.06889,14350.0
284.4,14.02,-0.1453,-0.2188,14350.0
284.45,13.95,-0.172,-0.1165,14340.0
284.5,13.89,-0.1986,-0.01414,14330.0
284.55,13.8,-0.2484,0.2705,14330.0
284.6,13.72,-0.2982,0.5551,14330.0
284.65,13.64,-0.2498,0.6568,14360.0
284.7,13.56,-0.2014,0.7585,14390.0
284.75,13.53,-0.006568,0.8412,14410.0
284.8,13.49,0.1883,0.924,14430.0
284.85,13.37,0.3145,0.8121,14430.0
284.9,13.25,0.4407,0.7002,14430.0
284.95,13.26,0.3111,0.6235,14420.0
285.0,13.28,0.1815,0.5468,14390.0
285.05,13.43,0.2347,0.3611,14370.0
285.1,13.59,0.2878,0.1753,14360.0
285.15,13.5,0.4114,0.319,14370.0
285.2,13.42,0.535,0.4626,14380.0
285.25,13.31,0.4355,0.6587,14400.0
285.3,13.2,0.336,0.8548,14430.0
285.35,13.06,0.4566,0.9579,14470.0
285.4,12.92,0.5772,1.061,14490.0
285.45,12.96,0.585,1.088,14500.0
285.5,13.0,0.5927,1.115,14500.0
285.55,13.23,0.6517,0.8647,14480.0
285.6,13.46,0.7106,0.6146,14450.0
285.65,13.38,0.7818,0.5505,14410.0
285.7,13.3,0.8531,0.4865,14390.0
285.75,13.43,0.7295,0.7408,14370.0
285.8,13.55,0.6059,0.995,14380.0
285.85,13.55,0.4737,1.01,14410.0
285.9,13.55,0.3416,1.025,14440.0
285.95,13.69,0.1863,0.9857,14480.0
286.0,13.83,0.03105,0.947,14510.0
286.05,13.71,0.06568,0.8077,14520.0
286.1,13.59,0.1003,0.6685,14530.0
286.15,13.61,0.1986,0.4832,14520.0
286.2,13.63,0.297,0.298,14500.0
286.25,13.74,0.2002,0.2358,14480.0
286.3,13.85,0.1035,0.1736,14470.0
286.35,13.8,0.09992,-0.01354,14460.0
286.4,13.75,0.09634,-0.2007,14450.0
286.45,13.88,-0.1139,-0.2066,14450.0
286.5,14.01,-0.324,-0.2124,14470.0
286.55,13.85,-0.3167,-0.1616,14490.0
286.6,13.7,-0.3093,-0.1107,14520.0
286.65,13.62,-0.08638,-0.1375,14530.0
286.7,13.54,0.1365,-0.1644,14540.0
286.75,13.46,0.1885,-0.045,14540.0
286.8,13.39,0.2404,0.07438,14540.0
286.85,13.36,0.2187,0.1172,14540.0
286.9,13.33,0.1971,0.16,14540.0
286.95,13.39,0.2743,0.1266,14540.0
287.0,13.44,0.3515,0.09316,14550.0
287.05,13.57,0.4226,-0.04231,14550.0
287.1,13.7,0.4936,-0.1778,14540.0
287.15,13.64,0.3559,-0.1678,14530.0
287.2,13.58,0.2181,-0.1578,14520.0
287.25,13.54,0.3756,0.1079,14530.0
287.3,13.49,0.533,0.3736,14550.0
287.35,13.54,0.5975,0.3801,14580.0
287.4,13.59,0.662,0.3865,14610.0
287.45,13.66,0.749,0.2602,14630.0
287.5,13.73,0.836,0.1339,14650.0
287.55,13.7,0.6746,0.2791,14640.0
287.6,13.66,0.5131,0.4243,14630.0
287.65,13.59,0.3957,0.1229,14610.0
287.7,13.51,0.2783,-0.1785,14580.0
287.75,13.42,0.3266,-0.2034,14570.0
287.8,13.33,0.375,-0.2283,14570.0
287.85,13.51,0.4015,-0.2701,14590.0
287.9,13.7,0.4279,-0.3119,14610.0
287.95,13.59,0.4122,-0.5749,14630.0
288.0,13.48,0.3965,-0.838,14650.0
288.05,13.45,0.4789,-0.7767,14660.0
288.1,13.41,0.5613,-0.7155,14660.0
288.15,13.31,0.6439,-0.5768,14660.0
288.2,13.21,0.7265,-0.438,14650.0
288.25,13.16,0.7267,-0.4407,14650.0
288.3,13.1,0.7269,-0.4434,14650.0
288.35,13.19,0.4254,-0.314,14640.0
288.4,13.27,0.1238,-0.1846,14630.0
288.45,13.25,0.21,-0.3998,14610.0
288.5,13.23,0.2962,-0.6151,14590.0
288.55,13.27,0.3103,-0.6927,14590.0
288.6,13.3,0.3244,-0.7704,14590.0
288.65,13.21,0.4771,-1.02,14600.0
288.7,13.12,0.6298,-1.269,14620.0
288.75,13.12,0.5999,-1.017,14630.0
288.8,13.12,0.5701,-0.7648,14640.0
288.85,13.04,0.6007,-0.7103,14650.0
288.9,12.96,0.6314,-0.6558,14630.0
288.95,13.12,0.6986,-0.7355,14610.0
289.0,13.29,0.7659,-0.8153,14590.0
289.05,13.23,0.757,-0.8231,14590.0
289.1,13.18,0.748,-0.8309,14600.0
289.15,13.01,0.7964,-0.8755,14590.0
289.2,12.83,0.8447,-0.9201,14590.0
289.25,12.96,0.867,-0.845,14590.0
289.3,13.09,0.8893,-0.7699,14580.0
289.35,13.19,0.9104,-0.7122,14570.0
289.4,13.28,0.9315,-0.6546,14550.0
289.45,13.36,0.9106,-0.8608,14550.0
289.5,13.44,0.8897,-1.067,14560.0
289.55,13.5,0.921,-0.985,14600.0
289.6,13.55,0.9522,-0.9031,14630.0
289.65,13.55,0.9502,-0.7608,14640.0
289.7,13.54,0.9482,-0.6185,14630.0
289.75,13.46,0.9277,-0.723,14620.0
289.8,13.38,0.9072,-0.8275,14600.0
289.85,13.55,0.8724,-0.5646,14570.0
289.9,13.71,0.8376,-0.3017,14550.0
289.95,13.82,0.8069,-0.1567,14540.0
290.0,13.92,0.7763,-0.01171,14550.0
290.05,13.88,0.496,-0.1189,14570.0
290.1,13.84,0.2158,-0.2261,14580.0
290.15,13.84,0.2536,-0.138,14600.0
290.2,13.83,0.2914,-0.04999,14610.0
290.25,13.83,0.3611,-0.1782,14630.0
290.3,13.83,0.4307,-0.3063,14640.0
290.35,13.93,0.4616,-0.5265,14650.0
290.4,14.02,0.4924,-0.7467,14640.0
290.45,14.12,0.425,-0.7775,14640.0
290.5,14.22,0.3575,-0.8082,14640.0
290.55,14.23,0.3909,-0.8553,14630.0
290.6,14.24,0.4244,-0.9023,14620.0
290.65,14.35,0.3654,-0.7098,14610.0
290.7,14.46,0.3065,-0.5173,14620.0
290.75,14.44,0.2359,-0.4728,14640.0
290.8,14.43,0.1652,-0.4282,14660.0
290.85,14.43,0.3788,-0.3892,14690.0
290.9,14.44,0.5923,-0.3502,14710.0
290.95,14.52,0.6125,-0.2308,14730.0
291.0,14.61,0.6326,-0.1115,14740.0
291.05,14.29,0.5679,-0.007804,14720.0
291.1,13.97,0.5032,0.09584,14690.0
291.15,13.86,0.5332,0.01378,14650.0
291.2,13.75,0.5633,-0.06829,14640.0
291.25,13.91,0.4064,-0.2397,14630.0
291.3,14.07,0.2496,-0.4112,14640.0
291.35,14.23,0.3583,-0.3356,14650.0
291.4,14.39,0.467,-0.26,14680.0
291.45,14.26,0.3274,-0.2596,14710.0
291.5,14.13,0.1879,-0.2592,14720.0
291.55,14.04,0.1208,-0.2781,14710.0
291.6,13.95,0.05374,-0.297,14670.0
291.65,13.98,0.08957,-0.2131,14650.0
291.7,14.01,0.1254,-0.1293,14630.0
291.75,14.04,0.2351,-0.08158,14620.0
291.8,14.06,0.3447,-0.0339,14620.0
291.85,13.97,0.289,-0.05073,14630.0
291.9,13.87,0.2333,-0.06755,14670.0
291.95,13.72,0.1513,-0.1834,14690.0
292.0,13.58,0.06927,-0.2992,14690.0
292.05,13.69,-0.05275,-0.24,14670.0
292.1,13.79,-0.1748,-0.1807,14650.0
292.15,13.78,-0.1515,-0.5318,14630.0
292.2,13.76,-0.1282,-0.8828,14620.0
292.25,13.85,-0.0623,-0.7987,14620.0
292.3,13.93,0.003583,-0.7146,14630.0
292.35,14.03,-0.03264,-0.7044,14650.0
292.4,14.13,-0.06887,-0.6943,14680.0
292.45,13.92,0.04618,-0.5707,14700.0
292.5,13.71,0.1612,-0.447,14690.0
292.55,13.74,0.167,-0.6342,14670.0
292.6,13.77,0.1728,-0.8214,14660.0
292.65,13.76,0.1371,-0.8886,14650.0
292.7,13.75,0.1015,-0.9557,14650.0
292.75,13.57,0.02189,-0.7364,14640.0
292.8,13.39,-0.05772,-0.517,14640.0
292.85,13.39,-0.1397,-0.4139,14660.0
292.9,13.39,-0.2217,-0.3107,14690.0
292.95,13.44,-0.2948,-0.3411,14700.0
293.0,13.49,-0.3678,-0.3714,14690.0
293.05,13.53,-0.3913,-0.2561,14700.0
293.1,13.57,-0.4148,-0.1407,14700.0
293.15,13.52,-0.3171,-0.1433,14700.0
293.2,13.46,-0.2193,-0.1458,14700.0
293.25,13.51,-0.2138,0.0578,14700.0
293.3,13.55,-0.2082,0.2614,14710.0
293.35,13.59,-0.2568,0.3595,14730.0
293.4,13.63,-0.3053,0.4575,14740.0
293.45,13.68,-0.4068,0.5492,14740.0
293.5,13.73,-0.5084,0.6409,14740.0
293.55,13.63,-0.5623,0.6863,14750.0
293.6,13.52,-0.6162,0.7316,14760.0
293.65,13.58,-0.8135,0.5003,14760.0
293.7,13.65,-1.011,0.269,14740.0
293.75,13.69,-0.9122,0.4564,14730.0
293.8,13.72,-0.8137,0.6438,14720.0
293.85,13.66,-0.6011,0.4779,14710.0
293.9,13.6,-0.3885,0.3119,14700.0
293.95,13.78,-0.3585,0.304,14710.0
294.0,13.95,-0.3284,0.2961,14730.0
294.05,13.86,-0.2273,0.3859,14770.0
294.1,13.78,-0.1262,0.4758,14790.0
294.15,13.65,-0.3288,0.5252,14790.0
294.2,13.52,-0.5314,0.5746,14770.0
294.25,13.59,-0.6334,0.4335,14740.0
294.3,13.65,-0.7353,0.2924,14710.0
294.35,13.5,-0.7974,0.2674,14680.0
294.4,13.34,-0.8595,0.2424,14660.0
294.45,13.46,-0.6678,0.1871,14670.0
294.5,13.58,-0.4761,0.1317,14710.0
294.55,13.6,-0.4968,0.1979,14740.0
294.6,13.61,-0.5175,0.2641,14760.0
294.65,13.71,-0.5237,0.3387,14770.0
294.7,13.81,-0.5298,0.4134,14770.0
294.75,13.81,-0.5225,0.2313,14760.0
294.8,13.81,-0.5151,0.04926,14740.0
294.85,14.01,-0.576,0.03402,14730.0
294.9,14.22,-0.6369,0.01878,14720.0
294.95,14.19,-0.6461,0.04109,14740.0
295.0,14.17,-0.6552,0.06341,14760.0
295.05,14.18,-0.6349,0.00695,14770.0
295.1,14.19,-0.6146,-0.04951,14770.0
295.15,14.17,-0.8461,-0.08072,14770.0
295.2,14.15,-1.078,-0.1119,14770.0
295.25,14.05,-1.425,0.04207,14780.0
295.3,13.95,-1.772,0.1961,14780.0
295.35,13.82,-1.813,-0.01683,14790.0
295.4,13.69,-1.855,-0.2297,14810.0
295.45,13.72,-1.656,-0.02402,14840.0
295.5,13.75,-1.457,0.1817,14860.0
295.55,13.92,-1.411,0.04573,14850.0
295.6,14.09,-1.365,-0.09023,14850.0
295.65,14.05,-1.286,-0.3617,14870.0
295.7,14.01,-1.208,-0.6331,14890.0
295.75,13.97,-1.171,-0.7842,14890.0
295.8,13.93,-1.134,-0.9353,14890.0
295.85,13.78,-1.165,-0.9597,14910.0
295.9,13.63,-1.195,-0.984,14940.0
295.95,13.49,-1.165,-0.8158,14950.0
296.0,13.36,-1.135,-0.6475,14950.0
296.05,13.29,-1.059,-0.6939,14960.0
296.1,13.21,-0.9829,-0.7404,14970.0
296.15,13.02,-0.8742,-0.6553,14990.0
296.2,12.82,-0.7655,-0.5702,14990.0
296.25,12.81,-0.6608,-0.5916,14980.0
296.3,12.79,-0.5561,-0.6131,14990.0
296.35,12.79,-0.4602,-0.537,15010.0
296.4,12.78,-0.3642,-0.4609,15040.0
296.45,12.98,-0.1439,-0.4501,15040.0
296.5,13.17,0.07643,-0.4392,15040.0
296.55,13.19,0.1807,-0.5827,15040.0
296.6,13.21,0.285,-0.7263,15050.0
296.65,13.18,0.3167,-0.9354,15040.0
296.7,13.14,0.3483,-1.145,15020.0
296.75,13.21,0.1831,-0.8488,15010.0
296.8,13.28,0.01791,-0.5531,15020.0
296.85,13.59,-0.003981,-0.5024,15050.0
296.9,13.91,-0.02588,-0.4517,15070.0
296.95,13.96,-0.2291,-0.3813,15090.0
297.0,14.02,-0.4323,-0.3109,15110.0
297.05,13.93,-0.5271,-0.1672,15130.0
297.1,13.83,-0.6218,-0.02341,15140.0
297.15,13.68,-0.5878,-0.2661,15120.0
297.2,13.52,-0.5537,-0.5087,15080.0
297.25,13.73,-0.6156,-0.4091,15050.0
297.3,13.94,-0.6775,-0.3095,15050.0
297.35,13.97,-0.8314,-0.2979,15060.0
297.4,14.0,-0.9853,-0.2863,15080.0
297.45,14.06,-1.182,-0.3348,15090.0
297.5,14.12,-1.379,-0.3834,15120.0
297.55,14.29,-1.223,-0.5466,15160.0
297.6,14.46,-1.067,-0.7099,15190.0
297.65,14.37,-1.113,-0.6162,15190.0
297.7,14.27,-1.158,-0.5224,15180.0
297.75,14.34,-1.039,-0.5429,15170.0
297.8,14.42,-0.9204,-0.5634,15150.0
297.85,14.39,-0.9236,-0.6637,15130.0
297.9,14.37,-0.9267,-0.7641,15110.0
297.95,14.37,-0.9234,-0.6725,15100.0
298.0,14.36,-0.92,-0.5809,15120.0
298.05,14.26,-0.8746,-0.5634,15160.0
298.1,14.15,-0.8292,-0.5458,15210.0
298.15,13.91,-0.8913,-0.657,15250.0
298.2,13.68,-0.9534,-0.7682,15280.0
298.25,13.6,-0.9172,-0.5708,15310.0
298.3,13.52,-0.881,-0.3734,15320.0
298.35,13.66,-0.7181,-0.5156,15300.0
298.4,13.8,-0.5553,-0.6577,15260.0
298.45,13.93,-0.4867,-0.6493,15240.0
298.5,14.05,-0.418,-0.6409,15240.0
298.55,13.93,-0.3113,-0.5844,15250.0
298.6,13.81,-0.2046,-0.528,15260.0
298.65,13.91,-0.423,-0.6449,15290.0
298.7,14.01,-0.6413,-0.7619,15330.0
298.75,14.07,-0.6409,-0.5347,15370.0
298.8,14.14,-0.6405,-0.3075,15390.0
298.85,14.01,-0.5904,-0.3056,15380.0
298.9,13.88,-0.5402,-0.3036,15370.0
298.95,13.84,-0.6007,-0.3023,15370.0
299.0,13.79,-0.6612,-0.3009,15370.0
299.05,13.84,-0.6049,-0.1953,15360.0
299.1,13.88,-0.5486,-0.08975,15350.0
299.15,13.84,-0.5941,0.04646,15360.0
299.2,13.8,-0.6397,0.1827,15380.0
299.25,13.84,-0.745,0.07316,15400.0
299.3,13.88,-0.8503,-0.03634,15400.0
299.35,13.97,-0.8031,-0.31,15380.0
299.4,14.05,-0.756,-0.5836,15390.0
299.45,14.16,-0.6845,-0.6837,15390.0
299.5,14.28,-0.613,-0.7838,15400.0
299.55,14.36,-0.7785,-0.4053,15390.0
299.6,14.44,-0.9439,-0.02683,15400.0
299.65,14.47,-1.048,-0.1924,15420.0
299.7,14.49,-1.152,-0.358,15450.0
299.75,14.27,-1.148,-0.4854,15460.0
299.8,14.06,-1.145,-0.6129,15450.0
299.85,14.28,-1.246,-0.5057,15450.0
299.9,14.5,-1.348,-0.3985,15450.0
299.95,14.43,-1.301,-0.2512,15450.0
300.0,14.36,-1.254,-0.1039,15440.0
300.05,14.4,-1.24,0.005975,15420.0
300.1,14.45,-1.226,0.1158,15420.0
300.15,14.74,-1.383,-0.06207,15430.0
300.2,15.03,-1.541,-0.24,15460.0
300.25,14.87,-1.284,-0.2189,15480.0
300.3,14.71,-1.028,-0.1978,15500.0
300.35,14.75,-0.8702,-0.2918,15530.0
300.4,14.79,-0.7122,-0.3858,15540.0
300.45,14.81,-0.7177,-0.2084,15540.0
300.5,14.82,-0.7233,-0.03097,15530.0
300.55,14.75,-0.7496,0.08853,15520.0
300.6,14.69,-0.7759,0.208,15510.0
300.65,14.61,-0.9003,0.09316,15530.0
300.7,14.53,-1.025,-0.0217,15550.0
300.75,14.41,-0.9711,-0.08487,15580.0
300.8,14.29,-0.9176,-0.148,15610.0
300.85,14.27,-0.7378,-0.2063,15640.0
300.9,14.25,-0.5581,-0.2646,15670.0
300.95,14.39,-0.3105,-0.1707,15690.0
301.0,14.54,-0.0629,-0.07682,15680.0
301.05,14.76,-0.123,-0.1073,15670.0
301.1,14.99,-0.1831,-0.1378,15670.0
301.15,14.68,-0.3804,-0.2047,15670.0
301.2,14.36,-0.5776,-0.2717,15680.0
301.25,14.4,-0.4952,-0.2422,15700.0
301.3,14.44,-0.4128,-0.2127,15730.0
301.35,14.36,-0.2747,-0.3166,15770.0
301.4,14.29,-0.1365,-0.4204,15800.0
301.45,14.39,-0.09474,-0.2184,15810.0
301.5,14.5,-0.05295,-0.01634,15800.0
301.55,14.44,-0.3171,0.005731,15780.0
301.6,14.37,-0.5812,0.0278,15760.0
301.65,14.22,-0.4819,-0.1938,15740.0
301.7,14.08,-0.3826,-0.4153,15730.0
301.75,14.07,-0.2741,-0.3557,15740.0
301.8,14.07,-0.1656,-0.2961,15760.0
301.85,14.05,-0.2223,-0.3586,15800.0
301.9,14.03,-0.2791,-0.4212,15830.0
301.95,14.01,-0.3139,-0.4912,15850.0
302.0,13.99,-0.3487,-0.5612,15860.0
302.05,13.83,-0.1113,-0.4424,15850.0
302.1,13.67,0.1262,-0.3236,15830.0
302.15,13.71,0.1921,-0.3613,15790.0
302.2,13.75,0.258,-0.399,15760.0
302.25,13.74,0.1417,-0.3473,15740.0
302.3,13.73,0.02548,-0.2956,15740.0
302.35,13.76,-0.1917,-0.3723,15740.0
302.4,13.78,-0.4088,-0.449,15760.0
302.45,13.74,-0.3517,-0.4986,15780.0
302.5,13.7,-0.2946,-0.5482,15820.0
302.55,13.74,-0.2641,-0.4426,15850.0
302.6,13.79,-0.2337,-0.337,15870.0
302.65,13.8,-0.1692,-0.2563,15880.0
302.7,13.81,-0.1047,-0.1756,15870.0
302.75,13.61,0.1053,-0.1672,15850.0
302.8,13.42,0.3153,-0.1588,15840.0
302.85,13.46,0.3322,-0.1363,15810.0
302.9,13.49,0.3491,-0.1139,15790.0
302.95,13.62,0.4188,-0.3085,15790.0
303.0,13.76,0.4884,-0.5031,15810.0
303.05,13.7,0.5376,-0.4041,15850.0
303.1,13.65,0.5868,-0.3051,15890.0
303.15,13.61,0.3973,-0.4348,15950.0
303.2,13.58,0.2078,-0.5646,15990.0
303.25,13.66,0.05732,-0.5454,16020.0
303.3,13.75,-0.09315,-0.5263,16020.0
303.35,13.85,0.05076,-0.5455,15980.0
303.4,13.95,0.1947,-0.5648,15950.0
303.45,13.77,-0.03503,-0.5399,15940.0
303.5,13.58,-0.2647,-0.5151,15950.0
303.55,13.47,-0.1819,-0.5825,15950.0
303.6,13.35,-0.09912,-0.6499,15960.0
303.65,13.41,-0.2102,-0.5969,16000.0
303.7,13.46,-0.3213,-0.5438,16040.0
303.75,13.35,-0.467,-0.6663,16070.0
303.8,13.23,-0.6127,-0.7887,16090.0
303.85,13.48,-0.6921,-0.9119,16090.0
303.9,13.73,-0.7715,-1.035,16090.0
303.95,13.55,-0.5939,-0.9286,16080.0
304.0,13.36,-0.4164,-0.8221,16050.0
304.05,13.34,-0.4998,-0.6832,16010.0
304.1,13.32,-0.5832,-0.5443,15990.0
304.15,13.34,-0.584,-0.6237,15990.0
304.2,13.35,-0.5848,-0.7031,16010.0
304.25,13.38,-0.5464,-0.7227,16030.0
304.3,13.42,-0.508,-0.7424,16040.0
304.35,13.48,-0.5818,-0.7471,16060.0
304.4,13.54,-0.6556,-0.7519,16080.0
304.45,13.52,-0.7193,-0.7269,16080.0
304.5,13.5,-0.783,-0.7019,16050.0
304.55,13.58,-0.629,-0.8317,16010.0
304.6,13.66,-0.4749,-0.9616,15980.0
304.65,13.63,-0.5947,-1.193,15950.0
304.7,13.6,-0.7146,-1.424,15920.0
304.75,13.71,-0.7562,-1.205,15900.0
304.8,13.83,-0.7978,-0.9857,15920.0
304.85,13.76,-0.5093,-0.788,15950.0
304.9,13.7,-0.2209,-0.5902,15990.0
304.95,13.67,0.04379,-0.5418,16010.0
305.0,13.65,0.3085,-0.4934,16010.0
305.05,13.81,0.3897,-0.7752,15990.0
305.1,13.98,0.4709,-1.057,15970.0
305.15,14.0,0.2753,-0.8071,15950.0
305.2,14.02,0.07962,-0.5573,15930.0
305.25,13.94,0.08599,-0.6816,15920.0
305.3,13.85,0.09236,-0.806,15940.0
305.35,13.95,0.1978,-0.7042,15960.0
305.4,14.05,0.3033,-0.6024,15970.0
305.45,14.05,0.498,-0.5975,15970.0
305.5,14.04,0.6927,-0.5926,15960.0
305.55,13.89,0.7492,-0.5348,15970.0
305.6,13.73,0.8057,-0.477,15980.0
305.65,13.83,0.8272,-0.7582,15980.0
305.7,13.93,0.8487,-1.039,15980.0
305.75,13.91,0.8043,-1.053,16000.0
305.8,13.89,0.7599,-1.066,16040.0
305.85,13.73,0.7677,-0.9286,16050.0
305.9,13.58,0.7755,-0.7906,16050.0
305.95,13.69,0.5788,-0.5742,16040.0
306.0,13.79,0.3822,-0.3578,16040.0
306.05,13.65,0.4367,-0.4323,16030.0
306.1,13.5,0.4912,-0.5068,16010.0
306.15,13.4,0.4632,-0.596,16000.0
306.2,13.3,0.4351,-0.6853,15990.0
306.25,13.47,0.4709,-0.7321,16010.0
306.3,13.63,0.5068,-0.7789,16040.0
306.35,13.84,0.421,-0.4899,16070.0
306.4,14.06,0.3352,-0.201,16090.0
306.45,14.1,0.4556,-0.01183,16100.0
306.5,14.14,0.576,0.1773,16110.0
306.55,14.02,0.5929,0.2763,16100.0
306.6,13.9,0.6099,0.3753,16060.0
306.65,13.72,0.4273,0.32,16020.0
306.7,13.53,0.2448,0.2646,15980.0
306.75,13.58,0.2468,0.2353,15970.0
306.8,13.63,0.2488,0.2061,15970.0
306.85,13.52,0.1393,0.1892,15990.0
306.9,13.4,0.02986,0.1724,16030.0
306.95,13.45,0.04021,0.302,16070.0
307.0,13.5,0.05056,0.4317,16100.0
307.05,13.31,0.1507,0.277,16090.0
307.1,13.13,0.2508,0.1224,16060.0
307.15,13.11,0.2795,0.02122,16020.0
307.2,13.09,0.3081,-0.07999,15960.0
307.25,13.12,0.3863,-0.0906,15910.0
307.3,13.15,0.4646,-0.1012,15870.0
307.35,13.03,0.4351,-0.05195,15860.0
307.4,12.9,0.4056,-0.002683,15880.0
307.45,13.26,0.5298,0.1641,15920.0
307.5,13.62,0.6541,0.3309,15960.0
307.55,13.54,0.59,0.3295,16000.0
307.6,13.46,0.5259,0.328,16020.0
307.65,13.21,0.5113,0.365,16020.0
307.7,12.96,0.4968,0.4019,15990.0
307.75,12.89,0.4769,0.587,15940.0
307.8,12.82,0.457,0.7721,15880.0
307.85,13.02,0.4393,0.7048,15820.0
307.9,13.22,0.4216,0.6375,15800.0
307.95,13.26,0.4407,0.5258,15810.0
308.0,13.3,0.4598,0.4141,15840.0
308.05,13.37,0.4184,0.3423,15890.0
308.1,13.43,0.377,0.2705,15960.0
308.15,13.5,0.3543,0.3594,16010.0
308.2,13.57,0.3316,0.4482,16040.0
308.25,13.52,0.2199,0.4945,16030.0
308.3,13.47,0.1083,0.5407,15990.0
308.35,13.62,0.1724,0.3893,15930.0
308.4,13.77,0.2365,0.238,15870.0
308.45,13.9,0.2404,0.1896,15820.0
308.5,14.03,0.2444,0.1412,15800.0
308.55,14.08,0.3636,0.1838,15820.0
308.6,14.13,0.4829,0.2263,15880.0
308.65,14.05,0.4745,0.1671,15940.0
308.7,13.96,0.4662,0.1078,16000.0
308.75,13.98,0.4904,-0.02585,16020.0
308.8,14.0,0.5147,-0.1595,16010.0
308.85,13.89,0.4433,-0.1377,15960.0
308.9,13.79,0.3718,-0.1158,15900.0
308.95,13.71,0.5456,-0.1558,15840.0
309.0,13.62,0.7193,-0.1958,15800.0
309.05,13.7,0.7014,-0.1019,15790.0
309.1,13.78,0.6835,-0.008048,15820.0
309.15,13.6,0.495,0.1536,15870.0
309.2,13.43,0.3065,0.3153,15910.0
309.25,13.52,0.2004,0.3106,15940.0
309.3,13.61,0.09435,0.3058,15940.0
309.35,13.81,0.164,0.2824,15920.0
309.4,14.0,0.2337,0.259,15870.0
309.45,13.73,0.1754,0.3522,15820.0
309.5,13.46,0.117,0.4453,15770.0
309.55,13.43,0.156,0.5562,15740.0
309.6,13.39,0.1951,0.667,15750.0
309.65,13.25,0.1742,0.7238,15760.0
309.7,13.11,0.1533,0.7806,15790.0
309.75,13.2,-0.06588,0.7506,15810.0
309.8,13.29,-0.285,0.7207,15820.0
309.85,13.49,-0.3304,0.5902,15820.0
309.9,13.7,-0.3758,0.4597,15800.0
309.95,13.7,-0.5002,0.1236,15770.0
310.0,13.7,-0.6246,-0.2124,15740.0
310.05,13.72,-0.8035,-0.2029,15720.0
310.1,13.74,-0.9825,-0.1934,15700.0
310.15,13.81,-0.9279,-0.4895,15700.0
310.2,13.88,-0.8734,-0.7855,15700.0
310.25,13.93,-0.8425,-0.7897,15710.0
310.3,13.99,-0.8117,-0.7938,15710.0
310.35,13.89,-0.8278,-0.6647,15710.0
310.4,13.8,-0.8439,-0.5356,15710.0
310.45,13.9,-0.7852,-0.4536,15710.0
310.5,13.99,-0.7265,-0.3717,15700.0
310.55,13.94,-0.7171,-0.2801,15690.0
310.6,13.88,-0.7078,-0.1885,15690.0
310.65,13.83,-0.7999,-0.1545,15690.0
310.7,13.78,-0.8921,-0.1205,15700.0
310.75,13.92,-1.043,-0.1204,15700.0
310.8,14.06,-1.194,-0.1202,15700.0
310.85,14.1,-1.135,-0.119,15700.0
310.9,14.13,-1.076,-0.1178,15700.0
310.95,14.1,-0.8529,-0.1869,15690.0
311.0,14.07,-0.6298,-0.2561,15680.0
311.05,14.29,-0.4506,-0.1749,15680.0
311.1,14.51,-0.2715,-0.09365,15680.0
311.15,14.59,-0.3069,-0.1647,15670.0
311.2,14.66,-0.3424,-0.2358,15670.0
311.25,14.78,-0.4946,-0.3179,15660.0
311.3,14.9,-0.6469,-0.4,15670.0
311.35,14.93,-0.7237,-0.4968,15680.0
311.4,14.95,-0.8005,-0.5936,15680.0
311.45,14.98,-0.7215,-0.4537,15680.0
311.5,15.01,-0.6425,-0.3139,15680.0
311.55,15.1,-0.6318,-0.347,15670.0
311.6,15.18,-0.621,-0.3802,15650.0
311.65,15.18,-0.5613,-0.3612,15620.0
311.7,15.18,-0.5016,-0.3422,15600.0
311.75,14.94,-0.4644,-0.4051,15600.0
311.8,14.7,-0.4271,-0.468,15600.0
311.85,14.87,-0.1807,-0.4551,15610.0
311.9,15.04,0.06568,-0.4421,15620.0
311.95,14.83,0.2257,-0.2666,15620.0
312.0,14.62,0.3857,-0.09097,15610.0
312.05,14.73,0.2996,-0.1432,15590.0
312.1,14.84,0.2134,-0.1953,15560.0
312.15,14.76,0.2458,-0.004756,15530.0
312.2,14.67,0.2783,0.1858,15510.0
312.25,14.85,0.3171,-0.007438,15500.0
312.3,15.03,0.3559,-0.2007,15510.0
312.35,15.11,0.3658,-0.05853,15530.0
312.4,15.19,0.3758,0.08365,15540.0
312.45,15.01,0.4208,0.1966,15540.0
312.5,14.82,0.4658,0.3095,15540.0
312.55,14.93,0.5436,0.3374,15540.0
312.6,15.03,0.6214,0.3653,15530.0
312.65,15.12,0.7643,0.2636,15510.0
312.7,15.2,0.9072,0.1619,15490.0
312.75,14.96,0.9015,0.1511,15470.0
312.8,14.72,0.8957,0.1402,15450.0
312.85,14.64,0.6885,0.1895,15420.0
312.9,14.56,0.4813,0.2388,15400.0
312.95,14.55,0.1994,0.1362,15410.0
313.0,14.55,-0.0824,0.03365,15430.0
313.05,14.32,-0.03463,-0.1189,15470.0
313.1,14.09,0.01314,-0.2714,15500.0
313.15,14.23,0.08519,-0.3746,15530.0
313.2,14.38,0.1572,-0.4778,15530.0
313.25,14.31,0.2677,-0.6138,15520.0
313.3,14.25,0.3782,-0.7499,15480.0
313.35,14.07,0.6268,-0.781,15440.0
313.4,13.9,0.8754,-0.8121,15400.0
313.45,13.83,0.8115,-0.7028,15380.0
313.5,13.76,0.7476,-0.5936,15380.0
313.55,13.55,0.7024,-0.5686,15400.0
313.6,13.35,0.6572,-0.5436,15440.0
313.65,13.36,0.6268,-0.2111,15470.0
313.7,13.38,0.5963,0.1215,15490.0
313.75,13.4,0.4701,0.1706,15510.0
313.8,13.42,0.3439,0.2197,15510.0
313.85,13.51,0.2576,0.2051,15510.0
313.9,13.6,0.1712,0.1905,15480.0
313.95,13.64,0.2532,0.07621,15450.0
314.0,13.68,0.3352,-0.03804,15430.0
314.05,13.68,0.2687,-0.05707,15420.0
314.1,13.69,0.2022,-0.07609,15390.0
314.15,13.57,0.2653,0.08523,15370.0
314.2,13.44,0.3284,0.2466,15370.0
314.25,13.55,0.2856,0.115,15380.0
314.3,13.66,0.2428,-0.01658,15410.0
314.35,13.65,0.1095,-0.1522,15420.0
314.4,13.63,-0.02388,-0.2878,15420.0
314.45,13.81,-0.1411,-0.3178,15420.0
314.5,13.99,-0.2584,-0.3478,15410.0
314.55,14.01,-0.3879,-0.2538,15390.0
314.6,14.04,-0.5175,-0.1597,15350.0
314.65,14.01,-0.4466,-0.07194,15330.0
314.7,13.98,-0.3758,0.01585,15320.0
314.75,13.93,-0.1618,-0.03561,15310.0
314.8,13.89,0.05215,-0.08706,15290.0
314.85,13.9,0.1268,-0.1286,15270.0
314.9,13.92,0.2014,-0.1702,15260.0
314.95,14.08,0.2054,-0.1755,15270.0
315.0,14.24,0.2094,-0.1807,15300.0
315.05,14.1,0.1764,-0.2081,15320.0
315.1,13.97,0.1433,-0.2356,15330.0
315.15,13.97,0.07305,-0.0139,15350.0
315.2,13.98,0.002787,0.2078,15360.0
315.25,13.97,0.09036,0.1691,15340.0
315.3,13.96,0.1779,0.1305,15290.0
315.35,13.85,0.1969,-0.002317,15250.0
315.4,13.74,0.2158,-0.1351,15240.0
315.45,13.9,0.2713,-0.2527,15240.0
315.5,14.05,0.3268,-0.3702,15250.0
315.55,13.93,0.5014,-0.3019,15270.0
315.6,13.8,0.6759,-0.2336,15310.0
315.65,13.84,0.6136,-0.2001,15360.0
315.7,13.88,0.5513,-0.1666,15400.0
315.75,13.77,0.5352,-0.03402,15400.0
315.8,13.66,0.5191,0.09853,15370.0
315.85,13.68,0.5235,0.2617,15340.0
315.9,13.71,0.5279,0.4248,15320.0
315.95,13.81,0.5577,0.4161,15300.0
316.0,13.91,0.5876,0.4073,15280.0
316.05,14.1,0.6226,0.3614,15290.0
316.1,14.29,0.6576,0.3156,15340.0
316.15,14.23,0.5957,0.4902,15390.0
316.2,14.17,0.5338,0.6648,15410.0
316.25,14.27,0.5567,0.7119,15410.0
316.3,14.37,0.5796,0.7589,15400.0
316.35,14.34,0.7958,0.7293,15390.0
316.4,14.32,1.012,0.6997,15380.0
316.45,14.33,0.9144,0.8704,15360.0
316.5,14.33,0.8169,1.041,15350.0
316.55,14.44,0.6242,0.8593,15340.0
316.6,14.55,0.4315,0.6775,15360.0
316.65,14.47,0.502,0.695,15360.0
316.7,14.4,0.5724,0.7126,15360.0
316.75,14.38,0.6111,0.6954,15350.0
316.8,14.36,0.6497,0.6782,15360.0
316.85,14.46,0.5141,0.8806,15370.0
316.9,14.57,0.3786,1.083,15370.0
316.95,14.47,0.3435,0.9226,15360.0
317.0,14.37,0.3085,0.7621,15350.0
317.05,14.31,0.3603,0.7122,15350.0
317.1,14.26,0.412,0.6624,15350.0
317.15,14.36,0.4029,0.7185,15340.0
317.2,14.46,0.3937,0.7745,15330.0
317.25,14.39,0.4307,0.7389,15340.0
317.3,14.32,0.4677,0.7033,15350.0
317.35,14.26,0.6033,0.7732,15360.0
317.4,14.2,0.7388,0.8431,15340.0
317.45,14.48,0.9056,0.8136,15320.0
317.5,14.77,1.072,0.7841,15300.0
317.55,14.81,0.9263,0.7993,15290.0
317.6,14.86,0.7802,0.8145,15290.0
317.65,14.92,0.7353,0.656,15290.0
317.7,14.99,0.6903,0.4975,15310.0
317.75,15.08,0.339,0.4491,15340.0
317.8,15.18,-0.01234,0.4007,15360.0
317.85,15.22,-0.1144,0.4167,15360.0
317.9,15.27,-0.2166,0.4326,15340.0
317.95,15.18,-0.1413,0.2851,15320.0
318.0,15.1,-0.06608,0.1375,15310.0
318.05,15.08,-0.08778,0.1339,15310.0
318.1,15.06,-0.1095,0.1302,15310.0
318.15,14.94,-0.04558,0.09316,15320.0
318.2,14.82,0.01831,0.05609,15330.0
318.25,14.84,0.04797,-0.1349,15340.0
318.3,14.86,0.07763,-0.3258,15350.0
318.35,14.95,0.3053,-0.2851,15340.0
318.4,15.04,0.533,-0.2444,15330.0
318.45,15.2,0.6885,-0.3596,15330.0
318.5,15.36,0.8439,-0.4748,15350.0
318.55,15.61,0.8814,-0.3725,15370.0
318.6,15.85,0.9188,-0.2702,15390.0
318.65,15.97,0.7428,-0.1514,15410.0
318.7,16.08,0.5669,-0.03268,15420.0
318.75,16.07,0.658,0.1512,15420.0
318.8,16.06,0.7492,0.3351,15410.0
318.85,15.98,0.6383,0.4407,15390.0
318.9,15.9,0.5275,0.5463,15380.0
318.95,15.89,0.4472,0.4485,15380.0
319.0,15.87,0.367,0.3507,15380.0
319.05,15.94,0.4419,0.319,15390.0
319.1,16.0,0.5167,0.2873,15400.0
319.15,15.98,0.5466,0.3064,15420.0
319.2,15.96,0.5764,0.3256,15430.0
319.25,15.92,0.3869,0.3164,15440.0
319.3,15.88,0.1974,0.3073,15450.0
319.35,15.82,0.08439,0.2373,15460.0
319.4,15.75,-0.02866,0.1673,15460.0
319.45,15.56,-0.1549,0.07719,15460.0
319.5,15.37,-0.281,-0.01293,15460.0
319.55,15.46,-0.2671,0.133,15460.0
319.6,15.55,-0.2532,0.279,15450.0
319.65,15.49,-0.3547,0.3714,15430.0
319.7,15.43,-0.4562,0.4639,15420.0
319.75,15.47,-0.327,0.2747,15410.0
319.8,15.51,-0.1978,0.0856,15420.0
319.85,15.37,-0.2096,0.1785,15430.0
319.9,15.22,-0.2213,0.2714,15460.0
319.95,15.28,-0.167,0.2911,15490.0
320.0,15.34,-0.1127,0.3107,15510.0
320.05,15.3,0.05613,0.4628,15510.0
320.1,15.27,0.2249,0.6148,15500.0
320.15,15.28,0.1043,0.7181,15480.0
320.2,15.28,-0.01632,0.8214,15460.0
320.25,15.43,-0.01135,0.8506,15430.0
320.3,15.59,-0.006369,0.8799,15410.0
320.35,15.62,-0.06847,0.9186,15410.0
320.4,15.64,-0.1306,0.9572,15430.0
320.45,15.54,-0.3364,0.8203,15460.0
320.5,15.44,-0.5422,0.6833,15480.0
320.55,15.51,-0.4337,0.6724,15510.0
320.6,15.57,-0.3252,0.6614,15530.0
320.65,15.66,-0.2168,0.7686,15540.0
320.7,15.76,-0.1083,0.8758,15540.0
320.75,15.56,-0.2014,0.6718,15520.0
320.8,15.37,-0.2946,0.4678,15500.0
320.85,15.41,-0.09017,0.5121,15490.0
320.9,15.45,0.1142,0.5565,15480.0
320.95,15.49,0.01672,0.5318,15480.0
321.0,15.53,-0.08081,0.507,15490.0
321.05,15.5,0.04757,0.5018,15520.0
321.1,15.47,0.176,0.4965,15550.0
321.15,15.55,0.1127,0.3598,15580.0
321.2,15.62,0.04936,0.2231,15590.0
321.25,15.63,0.2299,0.2608,15580.0
321.3,15.63,0.4104,0.2985,15580.0
321.35,15.82,0.6357,0.4485,15570.0
321.4,16.01,0.8611,0.5985,15560.0
321.45,16.01,0.8887,0.5575,15560.0
321.5,16.01,0.9164,0.5165,15560.0
321.55,16.28,0.8993,0.5271,15580.0
321.6,16.56,0.8822,0.5377,15610.0
321.65,16.58,0.7605,0.3206,15640.0
321.7,16.59,0.6389,0.1034,15650.0
321.75,16.68,0.704,0.05597,15640.0
321.8,16.76,0.7691,0.008536,15620.0
321.85,16.73,0.7347,0.002073,15600.0
321.9,16.69,0.7002,-0.00439,15590.0
321.95,16.57,0.7984,0.02951,15580.0
322.0,16.45,0.8965,0.06341,15580.0
322.05,16.45,1.062,0.09036,15600.0
322.1,16.44,1.227,0.1173,15640.0
322.15,16.41,1.08,0.1354,15680.0
322.2,16.37,0.9331,0.1534,15700.0
322.25,16.46,0.908,0.2244,15710.0
322.3,16.54,0.8829,0.2953,15700.0
322.35,16.47,0.9044,0.1769,15680.0
322.4,16.4,0.9259,0.05853,15660.0
322.45,16.5,0.8173,0.007926,15620.0
322.5,16.6,0.7086,-0.04268,15600.0
322.55,16.53,0.7064,-0.3656,15600.0
322.6,16.47,0.7042,-0.6885,15630.0
322.65,16.39,0.6881,-0.5018,15670.0
322.7,16.3,0.672,-0.3151,15700.0
322.75,16.2,0.5036,-0.3425,15730.0
322.8,16.09,0.3352,-0.37,15750.0
322.85,16.07,0.2962,-0.4637,15770.0
322.9,16.05,0.2572,-0.5575,15760.0
322.95,16.26,0.3286,-0.3535,15740.0
323.0,16.47,0.4001,-0.1495,15720.0
323.05,16.47,0.7369,-0.146,15720.0
323.1,16.46,1.074,-0.1424,15710.0
323.15,16.52,0.9986,-0.1929,15700.0
323.2,16.57,0.9236,-0.2434,15710.0
323.25,16.59,0.7331,-0.2366,15730.0
323.3,16.6,0.5426,-0.2297,15760.0
323.35,16.34,0.4751,-0.3484,15790.0
323.4,16.08,0.4076,-0.467,15810.0
323.45,16.18,0.467,-0.4698,15830.0
323.5,16.27,0.5263,-0.4726,15840.0
323.55,16.46,0.8143,-0.4582,15850.0
323.6,16.65,1.102,-0.4439,15840.0
323.65,16.65,0.9773,-0.2903,15830.0
323.7,16.66,0.8523,-0.1368,15820.0
323.75,16.65,0.8193,-0.1684,15820.0
323.8,16.64,0.7862,-0.2,15810.0
323.85,16.74,0.6061,-0.4754,15790.0
323.9,16.83,0.4259,-0.7509,15780.0
323.95,16.77,0.3788,-0.6127,15800.0
324.0,16.71,0.3316,-0.4746,15830.0
324.05,17.02,0.4508,-0.3913,15860.0
324.1,17.33,0.5701,-0.308,15880.0
324.15,17.29,0.5189,-0.5315,15900.0
324.2,17.24,0.4677,-0.755,15910.0
324.25,17.2,0.3644,-0.8706,15910.0
324.3,17.16,0.2611,-0.9862,15880.0
324.35,17.25,0.3577,-0.9522,15840.0
324.4,17.34,0.4542,-0.9182,15810.0
324.45,17.4,0.3706,-0.9279,15810.0
324.5,17.46,0.287,-0.9377,15830.0
324.55,17.49,0.2578,-0.8417,15850.0
324.6,17.52,0.2285,-0.7458,15860.0
324.65,17.51,0.2906,-0.5681,15890.0
324.7,17.49,0.3527,-0.3904,15910.0
324.75,17.46,0.3662,-0.258,15910.0
324.8,17.43,0.3798,-0.1256,15890.0
324.85,17.5,0.252,-0.1417,15870.0
324.9,17.56,0.1242,-0.1578,15870.0
324.95,17.69,0.02488,-0.3089,15870.0
325.0,17.81,-0.07444,-0.4599,15870.0
325.05,17.7,0.1465,-0.2696,15870.0
325.1,17.58,0.3674,-0.07926,15880.0
325.15,17.73,0.1712,-0.06146,15900.0
325.2,17.88,-0.02508,-0.04365,15930.0
325.25,17.84,0.1584,0.04573,15930.0
325.3,17.81,0.342,0.1351,15920.0
325.35,17.58,0.5105,0.1085,15910.0
325.4,17.36,0.6791,0.08194,15910.0
325.45,17.31,0.4287,0.09328,15920.0
325.5,17.26,0.1783,0.1046,15920.0
325.55,17.43,0.2426,-0.02475,15940.0
325.6,17.6,0.3069,-0.1541,15980.0
325.65,17.69,0.1218,-0.3275,16010.0
325.7,17.77,-0.0633,-0.5009,16020.0
325.75,17.76,-0.135,-0.4595,16010.0
325.8,17.75,-0.2066,-0.418,15990.0
325.85,17.65,-0.2952,-0.4959,15980.0
325.9,17.55,-0.3838,-0.5738,15990.0
325.95,17.43,-0.2882,-0.4525,15990.0
326.0,17.3,-0.1927,-0.3312,16000.0
326.05,17.31,-0.03185,-0.3851,16020.0
326.1,17.33,0.129,-0.439,16050.0
326.15,17.27,0.1041,-0.3658,16070.0
326.2,17.21,0.07922,-0.2927,16070.0
326.25,17.29,0.1676,-0.2064,16060.0
326.3,17.36,0.256,-0.1202,16070.0
326.35,17.1,0.2279,-0.0217,16080.0
326.4,16.84,0.1998,0.07682,16100.0
326.45,16.84,0.03324,0.001219,16100.0
326.5,16.84,-0.1334,-0.07438,16100.0
326.55,16.93,-0.3302,-0.2073,16100.0
326.6,17.01,-0.5271,-0.3402,16100.0
326.65,16.93,-0.2512,-0.2303,16090.0
326.7,16.85,0.02468,-0.1205,16070.0
326.75,16.87,0.2663,0.03219,16070.0
326.8,16.89,0.508,0.1849,16100.0
326.85,16.88,0.4865,0.249,16120.0
326.9,16.86,0.465,0.3131,16140.0
326.95,16.87,0.6238,0.1067,16150.0
327.0,16.88,0.7826,-0.09975,16160.0
327.05,16.97,0.8595,0.1885,16160.0
327.1,17.05,0.9363,0.4768,16150.0
327.15,17.13,1.079,0.4724,16140.0
327.2,17.21,1.223,0.468,16120.0
327.25,17.25,1.003,0.4418,16110.0
327.3,17.3,0.7842,0.4156,16110.0
327.35,17.28,0.7108,0.4173,16110.0
327.4,17.26,0.6373,0.419,16130.0
327.45,17.17,0.5995,0.449,16140.0
327.5,17.09,0.5617,0.479,16160.0
327.55,17.15,0.4721,0.4303,16170.0
327.6,17.22,0.3826,0.3817,16170.0
327.65,17.1,0.6441,0.4041,16170.0
327.7,16.98,0.9056,0.4265,16170.0
327.75,17.01,0.998,0.4503,16160.0
327.8,17.05,1.09,0.4741,16160.0
327.85,17.18,1.086,0.5531,16170.0
327.9,17.31,1.081,0.6321,16180.0
327.95,16.99,1.094,0.5356,16210.0
328.0,16.67,1.106,0.439,16240.0
328.05,16.73,0.9353,0.2674,16260.0
328.1,16.78,0.7647,0.09584,16280.0
328.15,16.88,0.7854,0.195,16270.0
328.2,16.97,0.8061,0.2941,16260.0
328.25,16.92,0.7438,0.06085,16250.0
328.3,16.88,0.6815,-0.1724,16240.0
328.35,16.76,0.5249,-0.1586,16240.0
328.4,16.64,0.3682,-0.1449,16250.0
328.45,16.56,0.3171,-0.3005,16270.0
328.5,16.49,0.2659,-0.456,16300.0
328.55,16.38,0.3961,-0.5137,16330.0
328.6,16.27,0.5263,-0.5714,16340.0
328.65,16.25,0.6013,-0.6792,16350.0
328.7,16.22,0.6763,-0.787,16360.0
328.75,16.24,0.6031,-0.7426,16360.0
328.8,16.26,0.5298,-0.6982,16350.0
328.85,16.32,0.4052,-0.6266,16320.0
328.9,16.39,0.2806,-0.5551,16310.0
328.95,16.31,0.2986,-0.315,16300.0
329.0,16.22,0.3165,-0.07487,16300.0
329.05,16.14,0.3481,-0.2131,16310.0
329.1,16.06,0.3798,-0.3514,16330.0
329.15,16.18,0.1951,-0.3174,16360.0
329.2,16.31,0.01035,-0.2834,16390.0
329.25,16.31,0.1493,-0.419,16410.0
329.3,16.31,0.2882,-0.5546,16410.0
329.35,16.26,0.2468,-0.562,16400.0
329.4,16.21,0.2054,-0.5694,16380.0
329.45,16.13,0.3109,-0.4225,16350.0
329.5,16.06,0.4164,-0.2756,16320.0
329.55,15.95,0.5225,-0.1869,16310.0
329.6,15.85,0.6286,-0.09828,16300.0
329.65,15.97,0.3796,0.06036,16310.0
329.7,16.09,0.1306,0.219,16330.0
329.75,16.12,0.2164,0.2723,16360.0
329.8,16.16,0.3021,0.3256,16380.0
329.85,16.16,0.2731,0.3511,16390.0
329.9,16.16,0.244,0.3765,16390.0
329.95,15.75,-0.08579,0.2435,16380.0
330.0,15.34,-0.4156,0.1105,16340.0
330.05,15.28,-0.2621,0.1247,16310.0
330.1,15.23,-0.1087,0.139,16290.0
330.15,15.15,-0.1328,0.2228,16300.0
330.2,15.07,-0.1568,0.3066,16330.0
330.25,15.25,-0.2592,0.3714,16360.0
330.3,15.42,-0.3615,0.4363,16380.0
330.35,15.42,-0.4232,0.2301,16410.0
330.4,15.42,-0.4849,0.0239,16420.0
330.45,15.35,-0.4725,-0.1318,16410.0
330.5,15.28,-0.4602,-0.2875,16370.0
330.55,15.19,-0.5263,-0.4275,16340.0
330.6,15.09,-0.5923,-0.5675,16340.0
330.65,15.16,-0.6793,-0.5538,16360.0
330.7,15.23,-0.7663,-0.5402,16380.0
330.75,15.19,-0.9813,-0.3685,16410.0
330.8,15.16,-1.196,-0.1968,16430.0
330.85,15.04,-1.045,0.0795,16450.0
330.9,14.93,-0.8929,0.3558,16450.0
330.95,14.86,-0.5496,0.3696,16440.0
331.0,14.79,-0.2062,0.3834,16410.0
331.05,14.79,-0.2408,0.5454,16390.0
331.1,14.79,-0.2755,0.7075,16380.0
331.15,14.99,-0.08141,0.6513,16370.0
331.2,15.19,0.1127,0.5951,16370.0
331.25,15.1,-0.1467,0.5108,16380.0
331.3,15.01,-0.406,0.4265,16410.0
331.35,14.98,-0.5072,0.2178,16440.0
331.4,14.95,-0.6083,0.009023,16450.0
331.45,15.02,-0.4942,0.03536,16450.0
331.5,15.1,-0.3802,0.0617,16450.0
331.55,14.96,-0.3127,0.1023,16450.0
331.6,14.82,-0.2452,0.1429,16440.0
331.65,14.83,-0.2259,0.2961,16410.0
331.7,14.85,-0.2066,0.4492,16390.0
331.75,15.0,-0.08698,0.4756,16370.0
331.8,15.16,0.03264,0.5019,16360.0
331.85,15.13,0.03523,0.4493,16360.0
331.9,15.09,0.03782,0.3968,16370.0
331.95,15.16,0.1947,0.5677,16390.0
332.0,15.23,0.3515,0.7387,16410.0
332.05,15.54,0.4094,0.7794,16430.0
332.1,15.86,0.4673,0.8202,16430.0
332.15,15.84,0.6455,0.6507,16410.0
332.2,15.83,0.8236,0.4812,16390.0
332.25,15.74,0.9988,0.4153,16370.0
332.3,15.66,1.174,0.3495,16360.0
332.35,15.73,1.057,0.4008,16350.0
332.4,15.81,0.9399,0.4521,16350.0
332.45,15.7,1.021,0.403,16350.0
332.5,15.59,1.103,0.3539,16370.0
332.55,15.6,0.8519,0.2236,16380.0
332.6,15.62,0.6011,0.0934,16380.0
332.65,15.52,0.668,0.2379,16360.0
332.7,15.43,0.7349,0.3824,16360.0
332.75,15.29,0.8457,0.4478,16370.0
332.8,15.15,0.9566,0.5131,16380.0
332.85,15.25,1.012,0.4653,16390.0
332.9,15.36,1.067,0.4175,16390.0
332.95,15.38,1.091,0.2018,16400.0
333.0,15.39,1.115,-0.0139,16420.0
333.05,15.34,1.085,-0.1753,16420.0
333.1,15.28,1.054,-0.3368,16410.0
333.15,15.3,1.24,-0.3986,16380.0
333.2,15.32,1.426,-0.4604,16360.0
333.25,15.4,1.563,-0.5937,16360.0
333.3,15.48,1.7,-0.727,16350.0
333.35,15.4,1.69,-0.4829,16350.0
333.4,15.32,1.68,-0.2388,16370.0
333.45,15.46,1.577,-0.1512,16420.0
333.5,15.6,1.474,-0.06365,16450.0
333.55,15.45,1.45,-0.1717,16470.0
333.6,15.31,1.427,-0.2797,16450.0
333.65,15.49,1.258,-0.5416,16440.0
333.7,15.68,1.088,-0.8036,16430.0
333.75,15.69,1.116,-0.6871,16410.0
333.8,15.69,1.144,-0.5707,16380.0
333.85,15.49,1.137,-0.7096,16360.0
333.9,15.29,1.131,-0.8484,16350.0
333.95,15.42,1.042,-0.8619,16380.0
334.0,15.56,0.953,-0.8753,16420.0
334.05,15.69,0.8477,-0.7322,16460.0
334.1,15.81,0.7424,-0.5892,16490.0
334.15,15.85,0.6951,-0.4751,16520.0
334.2,15.89,0.6477,-0.3609,16520.0
334.25,15.83,0.715,-0.2689,16500.0
334.3,15.76,0.7822,-0.1768,16450.0
334.35,15.69,0.7235,-0.1533,16420.0
334.4,15.62,0.6648,-0.1297,16410.0
334.45,15.77,0.6347,-0.03207,16420.0
334.5,15.92,0.6047,0.0656,16440.0
334.55,15.89,0.7524,0.09718,16470.0
334.6,15.85,0.9001,0.1288,16520.0
334.65,15.7,0.7938,0.2381,16560.0
334.7,15.55,0.6875,0.3475,16580.0
334.75,15.69,0.6268,0.4659,16550.0
334.8,15.82,0.5661,0.5843,16500.0
334.85,16.1,0.4317,0.5218,16470.0
334.9,16.37,0.2974,0.4592,16440.0
334.95,16.36,0.2599,0.3722,16420.0
335.0,16.36,0.2225,0.2851,16410.0
335.05,16.36,0.2783,0.2929,16440.0
335.1,16.37,0.334,0.3007,16480.0
335.15,16.4,0.5894,0.3106,16540.0
335.2,16.43,0.8447,0.3205,16570.0
335.25,16.45,0.9289,0.3331,16580.0
335.3,16.47,1.013,0.3458,16560.0
335.35,16.27,0.831,0.4995,16540.0
335.4,16.08,0.6489,0.6531,16510.0
335.45,16.24,0.6459,0.5968,16460.0
335.5,16.4,0.6429,0.5404,16430.0
335.55,16.45,0.6272,0.3604,16420.0
335.6,16.5,0.6115,0.1805,16450.0
335.65,16.25,0.4337,0.254,16480.0
335.7,16.01,0.256,0.3275,16520.0
335.75,16.06,0.166,0.4574,16570.0
335.8,16.12,0.07603,0.5873,16620.0
335.85,16.01,0.1266,0.5538,16650.0
335.9,15.91,0.1771,0.5204,16630.0
335.95,15.91,0.122,0.5992,16570.0
336.0,15.9,0.06688,0.678,16530.0
336.05,15.91,-0.08758,0.579,16490.0
336.1,15.91,-0.242,0.4799,16460.0
336.15,15.88,-0.1385,0.4464,16440.0
336.2,15.85,-0.03503,0.4129,16450.0
336.25,15.8,0.1811,0.4928,16510.0
336.3,15.75,0.3973,0.5726,16590.0
336.35,15.63,0.3346,0.3664,16650.0
336.4,15.51,0.2719,0.1602,16680.0
336.45,15.64,0.2207,0.1821,16690.0
336.5,15.78,0.1696,0.2039,16690.0
336.55,15.76,0.0615,0.298,16640.0
336.6,15.75,-0.04658,0.3922,16570.0
336.65,15.77,0.03842,0.3559,16520.0
336.7,15.78,0.1234,0.3197,16500.0
336.75,15.8,0.1224,0.3925,16540.0
336.8,15.81,0.1214,0.4653,16590.0
336.85,15.93,0.2004,0.2608,16640.0
336.9,16.05,0.2795,0.05634,16710.0
336.95,16.1,0.3768,0.1141,16770.0
337.0,16.15,0.4741,0.1719,16810.0
337.05,16.21,0.4861,0.304,16800.0
337.1,16.26,0.498,0.436,16740.0
337.15,16.22,0.295,0.3633,16680.0
337.2,16.18,0.09196,0.2905,16650.0
337.25,16.13,0.2245,0.4053,16630.0
337.3,16.08,0.3571,0.5202,16620.0
337.35,16.33,0.2916,0.4731,16650.0
337.4,16.59,0.2261,0.4261,16710.0
337.45,16.39,0.06369,0.235,16790.0
337.5,16.19,-0.09872,0.0439,16840.0
337.55,16.12,-0.1644,-0.07377,16850.0
337.6,16.05,-0.2301,-0.1914,16840.0
337.65,16.03,-0.3392,-0.2367,16810.0
337.7,16.0,-0.4482,-0.2819,16770.0
337.75,15.99,-0.537,-0.2197,16730.0
337.8,15.99,-0.6258,-0.1575,16710.0
337.85,15.82,-0.6079,-0.06304,16720.0
337.9,15.66,-0.59,0.03146,16760.0
337.95,15.75,-0.3523,-0.2113,16820.0
338.0,15.84,-0.1146,-0.4541,16860.0
338.05,15.96,-0.07583,-0.3311,16880.0
338.1,16.09,-0.03702,-0.208,16890.0
338.15,16.17,0.01095,-0.1412,16890.0
338.2,16.25,0.05892,-0.07438,16870.0
338.25,16.27,-0.02349,0.1175,16830.0
338.3,16.29,-0.1059,0.3095,16810.0
338.35,16.38,-0.2504,0.2423,16810.0
338.4,16.48,-0.3949,0.1751,16830.0
338.45,16.45,-0.2657,0.1566,16850.0
338.5,16.42,-0.1365,0.138,16870.0
338.55,16.36,-0.1976,0.1134,16900.0
338.6,16.3,-0.2588,0.08877,16920.0
338.65,16.22,-0.6343,-0.02658,16940.0
338.7,16.14,-1.01,-0.1419,16930.0
338.75,16.01,-1.133,0.01268,16920.0
338.8,15.88,-1.256,0.1673,16920.0
338.85,15.69,-1.25,0.3595,16930.0
338.9,15.5,-1.244,0.5516,16930.0
338.95,15.49,-1.025,0.5032,16910.0
339.0,15.48,-0.8065,0.4548,16890.0
339.05,15.49,-0.4516,0.2519,16880.0
339.1,15.51,-0.09673,0.04902,16900.0
339.15,15.55,-0.03165,0.09097,16930.0
339.2,15.6,0.03344,0.1329,16970.0
339.25,15.56,-0.08141,0.1913,17040.0
339.3,15.53,-0.1963,0.2497,17090.0
339.35,15.49,-0.2178,0.22,17120.0
339.4,15.46,-0.2392,0.1902,17100.0
339.45,15.56,-0.5908,0.1703,17050.0
339.5,15.66,-0.9423,0.1505,16990.0
339.55,16.01,-0.7245,0.2351,16940.0
339.6,16.36,-0.5068,0.3197,16900.0
339.65,16.2,-0.407,0.2061,16890.0
339.7,16.04,-0.3073,0.09243,16930.0
339.75,15.98,-0.368,-0.1201,17020.0
339.8,15.91,-0.4287,-0.3326,17110.0
339.85,15.89,-0.3756,-0.4686,17170.0
339.9,15.86,-0.3224,-0.6046,17200.0
339.95,15.86,-0.1839,-0.4993,17210.0
340.0,15.85,-0.04538,-0.3941,17180.0
340.05,15.92,-0.03463,-0.618,17120.0
340.1,15.99,-0.02389,-0.8419,17050.0
340.15,15.9,-0.2199,-0.7448,17000.0
340.2,15.82,-0.416,-0.6477,16980.0
340.25,15.75,-0.3867,-0.6386,17000.0
340.3,15.67,-0.3575,-0.6294,17030.0
340.35,15.72,-0.2227,-0.6212,17080.0
340.4,15.78,-0.08798,-0.6129,17130.0
340.45,15.82,-0.05533,-0.497,17180.0
340.5,15.87,-0.02269,-0.3812,17210.0
340.55,15.68,0.1037,-0.1107,17200.0
340.6,15.49,0.2301,0.1597,17180.0
340.65,15.41,0.3354,0.1877,17150.0
340.7,15.33,0.4407,0.2156,17110.0
340.75,15.34,0.2428,0.118,17070.0
340.8,15.35,0.04498,0.02049,17040.0
340.85,15.33,-0.212,0.004999,17030.0
340.9,15.31,-0.4689,-0.01049,17050.0
340.95,15.45,-0.2476,-0.2613,17070.0
341.0,15.58,-0.02627,-0.5121,17100.0
341.05,15.48,-0.01115,-0.6602,17130.0
341.1,15.39,0.003981,-0.8082,17150.0
341.15,15.46,-0.08101,-0.8691,17150.0
341.2,15.53,-0.166,-0.9299,17130.0
341.25,15.44,-0.03981,-0.7761,17110.0
341.3,15.35,0.08638,-0.6224,17080.0
341.35,15.19,0.2733,-0.7624,17080.0
341.4,15.04,0.4602,-0.9023,17080.0
341.45,15.05,0.6238,-0.862,17080.0
341.5,15.07,0.7874,-0.8216,17090.0
341.55,15.2,0.8678,-0.6786,17110.0
341.6,15.33,0.9482,-0.5356,17110.0
341.65,15.39,0.5414,-0.4867,17110.0
341.7,15.45,0.1346,-0.4378,17110.0
341.75,15.43,0.2213,-0.3567,17110.0
341.8,15.41,0.3081,-0.2756,17110.0
341.85,15.31,0.3103,-0.248,17110.0
341.9,15.21,0.3125,-0.2205,17120.0
341.95,15.2,0.533,-0.1906,17130.0
342.0,15.2,0.7536,-0.1607,17150.0
342.05,15.17,0.8417,-0.2089,17160.0
342.1,15.14,0.9299,-0.257,17180.0
342.15,15.1,0.8195,-0.2153,17180.0
342.2,15.05,0.709,-0.1736,17190.0
342.25,15.01,0.7396,-0.2016,17180.0
342.3,14.97,0.7703,-0.2295,17180.0
342.35,15.16,1.017,-0.1824,17190.0
342.4,15.36,1.263,-0.1354,17220.0
342.45,15.4,1.095,-0.224,17240.0
342.5,15.44,0.9271,-0.3126,17260.0
342.55,15.38,1.05,-0.4959,17260.0
342.6,15.33,1.172,-0.6792,17250.0
342.65,15.36,1.092,-0.9132,17240.0
342.7,15.4,1.012,-1.147,17230.0
342.75,15.39,0.9084,-1.142,17230.0
342.8,15.39,0.8045,-1.136,17250.0
342.85,15.66,0.7966,-1.051,17280.0
342.9,15.93,0.7886,-0.967,17300.0
342.95,16.01,0.873,-0.9029,17310.0
343.0,16.1,0.9574,-0.8389,17290.0
343.05,16.21,0.9112,-0.6208,17260.0
343.1,16.32,0.865,-0.4026,17230.0
343.15,16.09,0.6517,-0.3765,17220.0
343.2,15.86,0.4383,-0.3504,17210.0
343.25,15.94,0.3601,-0.3497,17200.0
343.3,16.02,0.2818,-0.349,17210.0
343.35,16.0,0.1996,-0.4067,17240.0
343.4,15.97,0.1174,-0.4643,17260.0
343.45,15.93,-0.04439,-0.5151,17270.0
343.5,15.89,-0.2062,-0.5658,17270.0
343.55,16.08,-0.09594,-0.622,17250.0
343.6,16.26,0.01433,-0.6782,17230.0
343.65,16.24,0.007365,-0.7992,17200.0
343.7,16.22,0.0003981,-0.9201,17180.0
343.75,16.19,0.02249,-1.117,17180.0
343.8,16.15,0.04459,-1.314,17180.0
343.85,16.08,-0.1371,-1.393,17180.0
343.9,16.0,-0.3189,-1.472,17180.0
343.95,16.07,-0.1935,-1.464,17180.0
344.0,16.14,-0.06807,-1.457,17190.0
344.05,16.28,0.01413,-1.3,17200.0
344.1,16.42,0.09634,-1.144,17220.0
344.15,16.48,0.2607,-1.036,17230.0
344.2,16.54,0.4252,-0.9284,17240.0
344.25,16.63,0.2655,-0.8231,17240.0
344.3,16.72,0.1059,-0.7177,17220.0
344.35,16.83,0.09355,-0.8348,17190.0
344.4,16.95,0.08121,-0.9518,17180.0
344.45,16.96,-0.1385,-1.093,17170.0
344.5,16.97,-0.3583,-1.233,17180.0
344.55,16.88,-0.1419,-1.313,17210.0
344.6,16.79,0.07444,-1.394,17250.0
344.65,16.96,-0.1079,-1.236,17300.0
344.7,17.12,-0.2902,-1.079,17340.0
344.75,17.33,-0.1994,-0.9678,17340.0
344.8,17.53,-0.1087,-0.8565,17330.0
344.85,17.6,-0.2508,-0.8519,17300.0
344.9,17.68,-0.3929,-0.8472,17270.0
344.95,17.61,-0.6258,-0.9008,17240.0
345.0,17.54,-0.8587,-0.9543,17230.0
345.05,17.55,-0.7775,-0.8938,17240.0
345.1,17.57,-0.6962,-0.8333,17290.0
345.15,17.46,-0.5625,-0.9638,17340.0
345.2,17.36,-0.4287,-1.094,17380.0
345.25,17.37,-0.2749,-1.199,17400.0
345.3,17.39,-0.121,-1.303,17390.0
345.35,17.23,-0.169,-1.228,17360.0
345.4,17.07,-0.217,-1.154,17310.0
345.45,16.93,-0.3093,-1.166,17250.0
345.5,16.79,-0.4017,-1.179,17210.0
345.55,16.87,-0.3199,-1.05,17210.0
345.6,16.95,-0.2381,-0.9201,17240.0
345.65,17.15,-0.09534,-0.9014,17270.0
345.7,17.34,0.04737,-0.8826,17300.0
345.75,17.39,0.02528,-0.9067,17320.0
345.8,17.44,0.003185,-0.9309,17340.0
345.85,17.46,0.03165,-0.8482,17320.0
345.9,17.47,0.06011,-0.7655,17280.0
345.95,17.43,-0.03722,-0.7803,17240.0
346.0,17.39,-0.1346,-0.795,17220.0
346.05,17.11,-0.1887,-0.798,17230.0
346.1,16.84,-0.2428,-0.8009,17240.0
346.15,16.85,-0.2623,-0.7338,17230.0
346.2,16.85,-0.2818,-0.6668,17240.0
346.25,16.95,-0.2454,-0.5093,17250.0
346.3,17.04,-0.209,-0.3519,17270.0
346.35,17.1,-0.04757,-0.403,17260.0
346.4,17.17,0.1139,-0.4541,17230.0
346.45,17.06,0.2532,-0.5804,17220.0
346.5,16.95,0.3925,-0.7068,17220.0
346.55,16.88,0.08837,-0.6281,17220.0
346.6,16.82,-0.2158,-0.5495,17210.0
346.65,16.66,-0.2665,-0.633,17200.0
346.7,16.5,-0.3173,-0.7165,17230.0
346.75,16.43,-0.1967,-0.7831,17270.0
346.8,16.36,-0.07603,-0.8497,17300.0
346.85,16.4,-0.1447,-0.8825,17300.0
346.9,16.45,-0.2134,-0.9153,17300.0
346.95,16.42,0.008957,-0.9012,17320.0
347.0,16.4,0.2313,-0.8872,17320.0
347.05,16.27,0.1186,-0.9078,17290.0
347.1,16.13,0.005971,-0.9284,17260.0
347.15,16.06,-0.02647,-0.8594,17260.0
347.2,15.99,-0.05892,-0.7904,17280.0
347.25,15.91,-0.04001,-0.6911,17310.0
347.3,15.84,-0.0211,-0.5919,17330.0
347.35,15.71,-0.1491,-0.6779,17360.0
347.4,15.57,-0.2771,-0.7638,17400.0
347.45,15.75,-0.3857,-0.5766,17430.0
347.5,15.93,-0.4944,-0.3895,17430.0
347.55,15.83,-0.4094,-0.04195,17410.0
347.6,15.73,-0.3244,0.3056,17370.0
347.65,15.77,-0.1905,0.2203,17350.0
347.7,15.81,-0.05653,0.1351,17320.0
347.75,15.88,-0.005971,-0.2107,17290.0
347.8,15.95,0.04459,-0.5565,17280.0
347.85,15.87,0.1493,-0.4706,17290.0
347.9,15.78,0.254,-0.3846,17330.0
347.95,15.8,0.1602,-0.2702,17370.0
348.0,15.81,0.06648,-0.1558,17400.0
348.05,15.85,-0.03662,0.04207,17420.0
348.1,15.89,-0.1397,0.24,17420.0
348.15,15.91,-0.1009,0.2278,17390.0
348.2,15.93,-0.0621,0.2156,17330.0
348.25,16.12,0.03065,0.4887,17260.0
348.3,16.31,0.1234,0.7619,17210.0
348.35,16.22,0.05553,0.6065,17200.0
348.4,16.13,-0.01234,0.4512,17210.0
348.45,16.22,0.1061,0.3265,17250.0
348.5,16.31,0.2245,0.2019,17300.0
348.55,16.16,0.3153,0.1508,17340.0
348.6,16.02,0.406,0.09975,17350.0
348.65,15.91,0.4363,0.07914,17330.0
348.7,15.8,0.4666,0.05853,17300.0
348.75,15.82,0.3477,-0.04134,17260.0
348.8,15.83,0.2289,-0.1412,17230.0
348.85,16.02,0.1385,-0.01219,17220.0
348.9,16.21,0.04817,0.1168,17220.0
348.95,16.1,-0.08579,0.1225,17220.0
349.0,15.99,-0.2197,0.1283,17240.0
349.05,15.99,-0.2492,0.1674,17270.0
349.1,15.99,-0.2787,0.2066,17290.0
349.15,16.08,-0.5888,0.09889,17300.0
349.2,16.17,-0.8989,-0.00878,17300.0
349.25,16.32,-0.8479,-0.0628,17300.0
349.3,16.48,-0.797,-0.1168,17300.0
349.35,16.47,-0.7458,-0.2051,17300.0
349.4,16.47,-0.6947,-0.2934,17300.0
349.45,16.53,-0.7144,-0.534,17310.0
349.5,16.58,-0.7341,-0.7745,17320.0
349.55,16.56,-0.7685,-0.8242,17330.0
349.6,16.55,-0.8029,-0.8738,17340.0
349.65,16.45,-0.9538,-0.7938,17360.0
349.7,16.35,-1.105,-0.7138,17370.0
349.75,16.24,-1.032,-0.4164,17360.0
349.8,16.14,-0.9602,-0.119,17350.0
349.85,16.24,-0.878,-0.04402,17340.0
349.9,16.34,-0.7958,0.03097,17340.0
349.95,16.3,-0.6919,0.1035,17320.0
350.0,16.26,-0.588,0.1761,17310.0
350.05,16.18,-0.5714,0.3009,17320.0
350.1,16.09,-0.5549,0.4258,17340.0
350.15,16.1,-0.738,0.3109,17370.0
350.2,16.1,-0.9212,0.1961,17400.0
350.25,16.01,-0.9819,0.2163,17410.0
350.3,15.92,-1.043,0.2366,17410.0
350.35,15.86,-1.21,0.1313,17400.0
350.4,15.8,-1.377,0.02609,17370.0
350.45,15.76,-1.215,0.2413,17320.0
350.5,15.72,-1.053,0.4565,17280.0
350.55,15.59,-1.185,0.582,17250.0
350.6,15.47,-1.318,0.7075,17250.0
350.65,15.33,-1.398,0.7689,17260.0
350.7,15.19,-1.478,0.8304,17290.0
350.75,15.36,-1.527,0.8372,17320.0
350.8,15.52,-1.575,0.8441,17360.0
350.85,15.52,-1.436,0.8132,17370.0
350.9,15.52,-1.298,0.7824,17350.0
350.95,15.61,-1.398,0.7465,17330.0
351.0,15.7,-1.499,0.7107,17300.0
351.05,15.61,-1.568,0.7926,17270.0
351.1,15.53,-1.637,0.8745,17240.0
351.15,15.48,-1.655,0.763,17200.0
351.2,15.44,-1.674,0.6514,17170.0
351.25,15.62,-1.759,0.438,17170.0
351.3,15.8,-1.845,0.2246,17190.0
351.35,16.09,-1.841,0.2188,17210.0
351.4,16.38,-1.836,0.2129,17230.0
351.45,16.29,-1.756,0.2845,17250.0
351.5,16.2,-1.676,0.3561,17270.0
351.55,16.13,-1.712,0.3808,17260.0
351.6,16.07,-1.748,0.4056,17240.0
351.65,16.11,-1.555,0.3379,17210.0
351.7,16.15,-1.361,0.2702,17200.0
351.75,16.15,-1.434,0.3647,17200.0
351.8,16.15,-1.506,0.4592,17200.0
351.85,16.12,-1.294,0.5805,17190.0
351.9,16.09,-1.081,0.7019,17190.0
351.95,16.0,-1.068,0.6044,17200.0
352.0,15.9,-1.055,0.507,17200.0
352.05,15.74,-1.175,0.2852,17200.0
352.1,15.58,-1.295,0.06341,17190.0
352.15,15.64,-0.9474,0.1221,17190.0
352.2,15.7,-0.6003,0.1807,17200.0
352.25,15.61,-0.7816,0.2475,17200.0
352.3,15.52,-0.963,0.3144,17210.0
352.35,15.54,-1.008,0.4231,17200.0
352.4,15.56,-1.053,0.5319,17200.0
352.45,15.56,-0.9136,0.5159,17210.0
352.5,15.56,-0.7739,0.4999,17220.0
352.55,15.58,-0.7685,0.2495,17220.0
352.6,15.61,-0.7631,-0.0009755,17220.0
352.65,15.46,-0.8662,-0.005243,17230.0
352.7,15.31,-0.9693,-0.009511,17220.0
352.75,15.3,-0.8642,-0.1394,17200.0
352.8,15.29,-0.7591,-0.2692,17180.0
352.85,15.22,-0.7253,-0.3187,17160.0
352.9,15.14,-0.6915,-0.3683,17160.0
352.95,15.15,-0.7472,-0.1306,17190.0
353.0,15.16,-0.8029,0.1071,17220.0
353.05,15.1,-0.7064,0.05414,17250.0
353.1,15.03,-0.6099,0.001219,17280.0
353.15,15.17,-0.5983,0.03768,17290.0
353.2,15.31,-0.5868,0.07414,17260.0
353.25,15.42,-0.6471,-0.1699,17200.0
353.3,15.52,-0.7074,-0.4139,17140.0
353.35,15.35,-0.7876,-0.3885,17090.0
353.4,15.17,-0.8678,-0.3631,17080.0
353.45,15.26,-0.9015,-0.4321,17090.0
353.5,15.34,-0.9351,-0.5012,17110.0
353.55,15.35,-1.049,-0.2046,17150.0
353.6,15.36,-1.164,0.09194,17190.0
353.65,15.41,-1.075,0.1624,17230.0
353.7,15.46,-0.9868,0.2329,17220.0
353.75,15.41,-0.8149,0.3079,17190.0
353.8,15.36,-0.6429,0.3829,17140.0
353.85,15.34,-0.5543,0.3178,17080.0
353.9,15.32,-0.4658,0.2527,17040.0
353.95,15.48,-0.5983,0.2145,17010.0
354.0,15.65,-0.7309,0.1763,17000.0
354.05,15.67,-0.6767,0.03975,17030.0
354.1,15.69,-0.6226,-0.09682,17070.0
354.15,15.76,-0.6875,-0.1458,17110.0
354.2,15.83,-0.7524,-0.1949,17120.0
354.25,15.8,-0.8045,-0.2158,17100.0
354.3,15.78,-0.8567,-0.2368,17060.0
354.35,15.66,-0.9174,-0.15,17010.0
354.4,15.55,-0.9781,-0.06316,16980.0
354.45,15.43,-1.195,-0.1193,16950.0
354.5,15.32,-1.411,-0.1753,16950.0
354.55,15.29,-1.385,-0.1827,16970.0
354.6,15.26,-1.359,-0.19,17010.0
354.65,15.39,-1.161,0.01073,17030.0
354.7,15.52,-0.9634,0.2114,17020.0
354.75,15.52,-0.9365,-0.03219,17010.0
354.8,15.51,-0.9096,-0.2758,17000.0
354.85,15.47,-1.019,-0.2955,16970.0
354.9,15.42,-1.129,-0.3151,16940.0
354.95,15.38,-0.9799,-0.1191,16910.0
355.0,15.34,-0.8304,0.07682,16910.0
355.05,15.3,-0.8033,0.1485,16930.0
355.1,15.26,-0.7763,0.2202,16950.0
355.15,15.31,-0.7546,0.08962,16960.0
355.2,15.36,-0.7329,-0.04097,16980.0
355.25,15.44,-0.6877,0.1902,17000.0
355.3,15.52,-0.6425,0.4214,17000.0
355.35,15.59,-0.632,0.504,16980.0
355.4,15.65,-0.6214,0.5865,16930.0
355.45,15.67,-0.5818,0.7183,16890.0
355.5,15.68,-0.5422,0.8502,16860.0
355.55,15.55,-0.4741,0.6702,16830.0
355.6,15.41,-0.406,0.4902,16820.0
355.65,15.44,-0.6037,0.4509,16820.0
355.7,15.47,-0.8013,0.4117,16850.0
355.75,15.48,-0.8332,0.3708,16870.0
355.8,15.5,-0.865,0.33,16890.0
355.85,15.47,-0.989,0.3261,16880.0
355.9,15.43,-1.113,0.3222,16870.0
355.95,15.34,-1.043,0.3969,16840.0
356.0,15.24,-0.9737,0.4717,16800.0
356.05,15.33,-1.054,0.3083,16740.0
356.1,15.42,-1.135,0.1449,16680.0
356.15,15.63,-1.043,0.2242,16650.0
356.2,15.83,-0.9522,0.3036,16650.0
356.25,15.83,-1.419,0.3413,16670.0
356.3,15.82,-1.885,0.379,16720.0
356.35,15.84,-1.664,0.3375,16760.0
356.4,15.87,-1.443,0.2961,16780.0
356.45,15.93,-1.274,0.4965,16790.0
356.5,16.0,-1.106,0.697,16760.0
356.55,16.16,-1.213,0.6874,16700.0
356.6,16.32,-1.32,0.6777,16640.0
356.65,16.04,-1.299,0.7028,16580.0
356.7,15.75,-1.279,0.728,16560.0
356.75,15.54,-1.402,0.5684,16550.0
356.8,15.33,-1.526,0.4087,16550.0
356.85,15.32,-1.485,0.4296,16570.0
356.9,15.31,-1.445,0.4504,16600.0
356.95,15.37,-1.375,0.264,16630.0
357.0,15.42,-1.305,0.07755,16630.0
357.05,15.32,-1.326,0.1543,16620.0
357.1,15.22,-1.346,0.231,16590.0
357.15,15.16,-1.377,0.4462,16570.0
357.2,15.11,-1.408,0.6614,16530.0
357.25,15.01,-1.399,0.4938,16480.0
357.3,14.92,-1.39,0.3263,16450.0
357.35,14.82,-1.09,0.3233,16440.0
357.4,14.72,-0.7902,0.3202,16450.0
357.45,14.69,-0.7084,0.6729,16460.0
357.5,14.66,-0.6266,1.025,16470.0
357.55,14.59,-0.581,1.17,16480.0
357.6,14.51,-0.5354,1.314,16490.0
357.65,14.49,-0.5163,1.197,16480.0
357.7,14.46,-0.4972,1.08,16440.0
357.75,14.61,-0.6401,0.8071,16390.0
357.8,14.76,-0.783,0.5341,16360.0
357.85,14.78,-0.7669,0.4074,16340.0
357.9,14.79,-0.7508,0.2807,16350.0
357.95,14.65,-0.8232,0.3763,16360.0
358.0,14.5,-0.8957,0.4719,16390.0
358.05,14.6,-0.8563,0.6349,16400.0
358.1,14.7,-0.8169,0.798,16390.0
358.15,14.8,-0.8203,0.7709,16350.0
358.2,14.9,-0.8236,0.7438,16290.0
358.25,14.79,-0.7595,0.7704,16230.0
358.3,14.67,-0.6955,0.797,16200.0
358.35,14.7,-0.7848,0.6965,16190.0
358.4,14.72,-0.8742,0.596,16190.0
358.45,14.72,-0.8776,0.5476,16220.0
358.5,14.73,-0.881,0.4992,16270.0
358.55,14.93,-1.016,0.4339,16310.0
358.6,15.13,-1.15,0.3685,16330.0
358.65,15.16,-1.174,0.2195,16330.0
358.7,15.18,-1.197,0.07048,16310.0
358.75,15.08,-1.302,0.2012,16270.0
358.8,14.99,-1.407,0.3319,16190.0
358.85,14.9,-1.411,0.4163,16110.0
358.9,14.82,-1.415,0.5007,16050.0
358.95,14.75,-1.394,0.4569,16030.0
359.0,14.67,-1.373,0.4131,16040.0
359.05,14.64,-1.298,0.5012,16080.0
359.1,14.6,-1.223,0.5892,16150.0
359.15,14.54,-1.219,0.6347,16220.0
359.2,14.48,-1.214,0.6802,16270.0
359.25,14.61,-1.354,0.5776,16280.0
359.3,14.74,-1.494,0.4751,16240.0
359.35,14.91,-1.521,0.4219,16160.0
359.4,15.08,-1.548,0.3687,16050.0
359.45,15.28,-1.562,0.1873,15950.0
359.5,15.48,-1.577,0.005853,15880.0
359.55,15.53,-1.611,0.1912,15870.0
359.6,15.58,-1.644,0.3765,15900.0
359.65,15.47,-1.681,0.08523,15970.0
359.7,15.35,-1.717,-0.2061,16040.0
359.75,15.4,-1.721,-0.005853,16090.0
359.8,15.46,-1.724,0.1944,16110.0
359.85,15.46,-1.714,0.3239,16090.0
359.9,15.46,-1.704,0.4534,16040.0
359.95,15.67,-1.598,0.3106,15970.0
360.0,15.88,-1.492,0.1678,15910.0
360.05,15.65,-1.411,0.1154,15850.0
360.1,15.43,-1.33,0.06292,15810.0
360.15,15.42,-1.356,0.02268,15790.0
360.2,15.41,-1.382,-0.01756,15790.0
360.25,15.45,-1.138,-0.09962,15820.0
360.3,15.49,-0.8941,-0.1817,15860.0
360.35,15.47,-0.7215,-0.04012,15910.0
360.4,15.45,-0.549,0.1015,15940.0
360.45,15.35,-0.5836,0.01293,15930.0
360.5,15.24,-0.6182,-0.0756,15900.0
360.55,15.18,-0.6958,-0.1583,15840.0
360.6,15.11,-0.7735,-0.2409,15760.0
360.65,15.13,-0.8169,-0.3394,15690.0
360.7,15.15,-0.8603,-0.4378,15650.0
360.75,15.08,-0.9357,-0.481,15650.0
360.8,15.01,-1.011,-0.5243,15680.0
360.85,14.88,-0.795,-0.1797,15720.0
360.9,14.74,-0.5788,0.1649,15760.0
360.95,14.9,-0.4538,0.1068,15780.0
361.0,15.06,-0.3288,0.04878,15770.0
361.05,15.13,0.1137,-0.01585,15740.0
361.1,15.19,0.5561,-0.08048,15710.0
361.15,15.16,0.4654,-0.003902,15680.0
361.2,15.12,0.3746,0.07267,15670.0
361.25,14.93,0.367,0.01183,15650.0
361.3,14.73,0.3595,-0.04902,15640.0
361.35,14.64,0.3557,0.0317,15640.0
361.4,14.56,0.3519,0.1124,15650.0
361.45,14.58,0.4606,0.1377,15660.0
361.5,14.61,0.5693,0.1629,15670.0
361.55,14.49,0.5452,0.02792,15690.0
361.6,14.38,0.5211,-0.1071,15700.0
361.65,14.43,0.3153,-0.08584,15710.0
361.7,14.48,0.1095,-0.06463,15700.0
361.75,14.63,-0.1302,-0.1563,15670.0
361.8,14.78,-0.3698,-0.248,15640.0
361.85,14.83,-0.4164,-0.3606,15600.0
361.9,14.87,-0.463,-0.4731,15570.0
361.95,14.97,-0.7351,-0.4645,15560.0
362.0,15.07,-1.007,-0.4558,15580.0
362.05,14.99,-1.041,-0.4069,15610.0
362.1,14.92,-1.074,-0.358,15660.0
362.15,14.75,-1.328,-0.274,15690.0
362.2,14.58,-1.583,-0.19,15700.0
362.25,14.56,-1.597,-0.1495,15680.0
362.3,14.54,-1.611,-0.109,15620.0
362.35,14.48,-1.685,-0.1977,15550.0
362.4,14.41,-1.759,-0.2863,15490.0
362.45,14.49,-1.564,-0.4728,15460.0
362.5,14.57,-1.369,-0.6592,15460.0
362.55,14.59,-1.302,-0.6199,15500.0
362.6,14.61,-1.234,-0.5807,15550.0
362.65,14.59,-1.227,-0.5653,15600.0
362.7,14.58,-1.22,-0.5499,15630.0
362.75,14.48,-1.077,-0.4639,15620.0
362.8,14.37,-0.9343,-0.3778,15600.0
362.85,14.3,-0.8417,-0.4179,15570.0
362.9,14.23,-0.7492,-0.458,15530.0
362.95,14.46,-0.9333,-0.5068,15480.0
363.0,14.69,-1.117,-0.5555,15430.0
363.05,14.74,-1.07,-0.5462,15400.0
363.1,14.78,-1.023,-0.5368,15400.0
363.15,14.63,-1.127,-0.4112,15410.0
363.2,14.47,-1.23,-0.2856,15430.0
363.25,14.39,-1.217,-0.2063,15470.0
363.3,14.32,-1.205,-0.1271,15510.0
363.35,14.35,-1.23,-0.03061,15550.0
363.4,14.39,-1.256,0.06585,15550.0
363.45,14.42,-1.591,0.0328,15530.0
363.5,14.44,-1.926,-0.0002439,15500.0
363.55,14.5,-1.829,-0.08353,15460.0
363.6,14.55,-1.732,-0.1668,15430.0
363.65,14.63,-1.774,-0.374,15400.0
363.7,14.72,-1.815,-0.5812,15390.0
363.75,14.79,-1.868,-0.4678,15400.0
363.8,14.87,-1.921,-0.3544,15440.0
363.85,14.8,-1.675,-0.2969,15480.0
363.9,14.72,-1.429,-0.2395,15530.0
363.95,14.68,-1.558,-0.1829,15560.0
364.0,14.65,-1.688,-0.1263,15580.0
364.05,14.72,-1.593,-0.2417,15580.0
364.1,14.79,-1.498,-0.357,15560.0
364.15,14.77,-1.419,-0.4265,15530.0
364.2,14.75,-1.339,-0.496,15520.0
364.25,14.86,-1.325,-0.5638,15520.0
364.3,14.97,-1.312,-0.6316,15530.0
364.35,14.99,-1.415,-0.5019,15540.0
364.4,15.02,-1.518,-0.3722,15550.0
364.45,15.04,-1.544,-0.3589,15550.0
364.5,15.07,-1.569,-0.3456,15530.0
364.55,15.0,-1.598,-0.3917,15520.0
364.6,14.92,-1.627,-0.4378,15510.0
364.65,15.02,-1.671,-0.3181,15510.0
364.7,15.11,-1.716,-0.1985,15520.0
364.75,15.19,-1.574,-0.1474,15540.0
364.8,15.27,-1.432,-0.09633,15560.0
364.85,15.47,-1.273,-0.2184,15570.0
364.9,15.66,-1.113,-0.3405,15550.0
364.95,15.73,-1.087,-0.394,15520.0
365.0,15.79,-1.06,-0.4475,15490.0
365.05,15.8,-1.058,-0.2172,15450.0
365.1,15.81,-1.056,0.01317,15420.0
365.15,15.49,-0.9855,0.08158,15390.0
365.2,15.17,-0.9148,0.15,15390.0
365.25,15.06,-1.141,-0.1881,15410.0
365.3,14.94,-1.366,-0.5263,15430.0
365.35,15.12,-1.505,-0.4948,15450.0
365.4,15.31,-1.644,-0.4634,15470.0
365.45,15.35,-1.557,-0.3378,15490.0
365.5,15.4,-1.469,-0.2122,15490.0
365.55,15.45,-1.381,-0.1097,15470.0
365.6,15.51,-1.292,-0.007316,15440.0
365.65,15.49,-1.282,-0.0767,15410.0
365.7,15.48,-1.272,-0.1461,15370.0
365.75,15.53,-1.371,0.02866,15340.0
365.8,15.58,-1.469,0.2034,15320.0
365.85,15.6,-1.559,0.1488,15330.0
365.9,15.61,-1.649,0.09414,15360.0
365.95,15.6,-1.802,-0.0178,15400.0
366.0,15.58,-1.955,-0.1297,15430.0
366.05,15.61,-1.824,-0.1594,15460.0
366.1,15.64,-1.693,-0.189,15480.0
366.15,15.64,-1.582,-0.1445,15490.0
366.2,15.65,-1.47,-0.09999,15480.0
366.25,15.75,-1.599,0.04353,15440.0
366.3,15.84,-1.728,0.1871,15400.0
366.35,15.98,-1.702,0.4237,15360.0
366.4,16.11,-1.676,0.6604,15360.0
366.45,16.06,-1.612,0.5435,15360.0
366.5,16.02,-1.549,0.4265,15360.0
366.55,16.03,-1.283,0.2102,15390.0
366.6,16.05,-1.018,-0.006097,15420.0
366.65,15.97,-0.8638,0.03451,15450.0
366.7,15.9,-0.7102,0.07511,15470.0
366.75,15.69,-0.6107,0.2149,15460.0
366.8,15.48,-0.5111,0.3546,15440.0
366.85,15.4,-0.7038,0.4151,15430.0
366.9,15.33,-0.8965,0.4756,15400.0
366.95,15.3,-1.089,0.4115,15370.0
367.0,15.28,-1.282,0.3475,15340.0
367.05,15.2,-1.473,0.1469,15330.0
367.1,15.11,-1.663,-0.05365,15330.0
367.15,15.05,-1.69,-0.09572,15350.0
367.2,14.99,-1.718,-0.1378,15360.0
367.25,15.05,-1.717,-0.09938,15370.0
367.3,15.1,-1.716,-0.06097,15390.0
367.35,15.01,-1.761,0.04573,15400.0
367.4,14.92,-1.807,0.1524,15390.0
367.45,15.03,-1.718,0.002195,15370.0
367.5,15.15,-1.63,-0.148,15340.0
367.55,15.27,-1.591,-0.3018,15330.0
367.6,15.39,-1.552,-0.4556,15320.0
367.65,15.21,-1.354,-0.4847,15310.0
367.7,15.02,-1.157,-0.5138,15300.0
367.75,15.05,-1.208,-0.4013,15310.0
367.8,15.08,-1.259,-0.2887,15330.0
367.85,14.99,-1.125,-0.1083,15340.0
367.9,14.91,-0.9904,0.07219,15340.0
367.95,14.91,-1.002,0.2748,15350.0
368.0,14.9,-1.014,0.4775,15350.0
368.05,15.12,-1.005,0.3228,15350.0
368.1,15.35,-0.9968,0.168,15350.0
368.15,15.1,-0.9439,0.2186,15340.0
368.2,14.84,-0.8909,0.2692,15340.0
368.25,14.82,-0.8941,0.5402,15350.0
368.3,14.8,-0.8973,0.8111,15350.0
368.35,14.63,-0.8346,0.7365,15340.0
368.4,14.45,-0.7719,0.6619,15340.0
368.45,14.48,-0.7552,0.5846,15330.0
368.5,14.51,-0.7384,0.5073,15340.0
368.55,14.52,-0.7424,0.5748,15350.0
368.6,14.52,-0.7464,0.6424,15370.0
368.65,14.56,-0.8212,0.6301,15380.0
368.7,14.6,-0.8961,0.6177,15400.0
368.75,14.52,-0.9514,0.6262,15410.0
368.8,14.44,-1.007,0.6346,15400.0
368.85,14.51,-0.8822,0.593,15390.0
368.9,14.58,-0.7576,0.5514,15380.0
368.95,14.47,-0.6781,0.4207,15370.0
369.0,14.36,-0.5987,0.29,15360.0
369.05,14.37,-0.5931,0.2145,15360.0
369.1,14.37,-0.5876,0.139,15350.0
369.15,14.39,-0.7191,0.2399,15360.0
369.2,14.41,-0.8507,0.3407,15370.0
369.25,14.34,-0.9912,0.3167,15400.0
369.3,14.27,-1.132,0.2927,15410.0
369.35,14.35,-1.15,0.4576,15420.0
369.4,14.43,-1.169,0.6226,15420.0
369.45,14.57,-1.156,0.4736,15420.0
369.5,14.7,-1.144,0.3246,15390.0
369.55,14.72,-1.09,0.3062,15350.0
369.6,14.74,-1.036,0.2878,15310.0
369.65,14.91,-0.9142,0.3939,15290.0
369.7,15.08,-0.7926,0.4999,15280.0
369.75,15.06,-0.7808,0.5982,15300.0
369.8,15.03,-0.7691,0.6965,15330.0
369.85,15.11,-0.7681,0.5142,15380.0
369.9,15.18,-0.7671,0.3319,15420.0
369.95,15.01,-0.9082,0.1628,15450.0
370.0,14.83,-1.049,-0.006341,15440.0
370.05,14.69,-0.8334,0.01171,15410.0
370.1,14.55,-0.6174,0.02975,15370.0
370.15,14.55,-0.6722,0.03743,15330.0
370.2,14.56,-0.7269,0.04512,15300.0
370.25,14.68,-0.6399,0.01805,15280.0
370.3,14.79,-0.5529,-0.009023,15280.0
370.35,14.9,-0.3989,-0.105,15300.0
370.4,15.01,-0.2448,-0.201,15320.0
370.45,14.93,-0.4244,-0.1319,15350.0
370.5,14.84,-0.6039,-0.06292,15380.0
370.55,14.81,-0.6972,-0.01524,15400.0
370.6,14.79,-0.7906,0.03244,15420.0
370.65,14.74,-0.8752,0.01158,15420.0
370.7,14.69,-0.9598,-0.009267,15410.0
370.75,14.72,-1.155,-0.008048,15380.0
370.8,14.76,-1.35,-0.006829,15360.0
370.85,14.74,-1.26,-0.2512,15340.0
370.9,14.71,-1.171,-0.4956,15330.0
370.95,14.62,-1.116,-0.4837,15320.0
371.0,14.53,-1.062,-0.4719,15330.0
371.05,14.59,-1.028,-0.4043,15340.0
371.1,14.64,-0.9944,-0.3368,15360.0
371.15,14.56,-0.9242,-0.1762,15380.0
371.2,14.48,-0.8539,-0.01561,15400.0
371.25,14.58,-1.013,-0.1661,15420.0
371.3,14.68,-1.172,-0.3166,15420.0
371.35,14.75,-1.087,-0.1297,15410.0
371.4,14.83,-1.002,0.05707,15400.0
371.45,14.84,-0.9074,-0.006097,15390.0
371.5,14.86,-0.8125,-0.06926,15370.0
371.55,14.9,-0.789,-0.2974,15360.0
371.6,14.94,-0.7655,-0.5256,15350.0
371.65,14.95,-0.948,-0.3993,15350.0
371.7,14.96,-1.131,-0.2731,15340.0
371.75,14.93,-1.109,-0.1852,15350.0
371.8,14.91,-1.087,-0.09731,15360.0
371.85,14.87,-0.9713,0.04938,15380.0
371.9,14.83,-0.8555,0.1961,15410.0
371.95,14.85,-0.8246,0.09353,15430.0
372.0,14.88,-0.7938,-0.009023,15440.0
372.05,14.92,-0.83,0.1002,15440.0
372.1,14.97,-0.8662,0.2095,15420.0
372.15,14.89,-1.02,0.01829,15390.0
372.2,14.82,-1.174,-0.1729,15360.0
372.25,14.91,-1.073,-0.1769,15340.0
372.3,15.01,-0.9717,-0.181,15330.0
372.35,14.89,-0.9038,-0.1523,15340.0
372.4,14.77,-0.836,-0.1236,15360.0
372.45,14.79,-0.706,0.05841,15390.0
372.5,14.81,-0.576,0.2405,15420.0
372.55,14.99,-0.5647,0.1884,15450.0
372.6,15.17,-0.5533,0.1363,15470.0
372.65,15.09,-0.4879,0.1521,15450.0
372.7,15.01,-0.4224,0.1678,15420.0
372.75,15.19,-0.5935,0.09853,15390.0
372.8,15.38,-0.7647,0.02927,15370.0
372.85,15.38,-0.709,-0.1393,15380.0
372.9,15.38,-0.6533,-0.3078,15400.0
372.95,15.36,-0.7177,-0.2753,15430.0
373.0,15.34,-0.7822,-0.2429,15450.0
373.05,15.56,-0.7846,-0.3189,15460.0
373.1,15.78,-0.787,-0.3948,15450.0
373.15,15.9,-0.6517,-0.389,15450.0
373.2,16.02,-0.5163,-0.3831,15440.0
373.25,15.93,-0.5619,-0.398,15450.0
373.3,15.83,-0.6075,-0.4129,15450.0
373.35,15.9,-0.5651,-0.5386,15450.0
373.4,15.97,-0.5227,-0.6643,15450.0
373.45,16.16,-0.5796,-0.4902,15450.0
373.5,16.35,-0.6365,-0.3161,15440.0
373.55,16.3,-0.7311,-0.3962,15440.0
373.6,16.24,-0.8256,-0.4763,15440.0
373.65,16.39,-0.8228,-0.3187,15450.0
373.7,16.55,-0.8201,-0.1612,15450.0
373.75,16.61,-0.6929,-0.08914,15450.0
373.8,16.67,-0.5657,-0.01707,15440.0
373.85,16.57,-0.5846,-0.1407,15430.0
373.9,16.46,-0.6035,-0.2644,15410.0
373.95,16.39,-0.5711,-0.136,15410.0
374.0,16.32,-0.5386,-0.00756,15420.0
374.05,16.38,-0.4673,0.1846,15440.0
374.1,16.44,-0.3961,0.3768,15450.0
374.15,16.45,-0.5776,0.2533,15460.0
374.2,16.46,-0.7591,0.1297,15450.0
374.25,16.57,-0.4666,0.1496,15430.0
374.3,16.68,-0.174,0.1695,15410.0
374.35,16.66,-0.2544,0.1755,15410.0
374.4,16.63,-0.3348,0.1814,15420.0
374.45,16.59,-0.4865,0.3573,15430.0
374.5,16.54,-0.6381,0.5331,15440.0
374.55,16.5,-0.5006,0.4445,15450.0
374.6,16.47,-0.3631,0.3558,15450.0
374.65,16.39,-0.2894,0.3495,15450.0
374.7,16.32,-0.2158,0.3431,15440.0
374.75,16.34,0.006369,0.4352,15430.0
374.8,16.36,0.2285,0.5273,15420.0
374.85,16.5,0.0625,0.3355,15400.0
374.9,16.64,-0.1035,0.1436,15390.0
374.95,16.58,-0.2351,0.05938,15390.0
375.0,16.51,-0.3666,-0.02488,15400.0
375.05,16.73,-0.3248,-0.06841,15420.0
375.1,16.95,-0.283,-0.1119,15430.0
375.15,16.76,-0.2896,0.009023,15430.0
375.2,16.56,-0.2962,0.13,15420.0
375.25,16.68,-0.3004,0.04134,15400.0
375.3,16.8,-0.3045,-0.04731,15390.0
375.35,17.0,-0.2804,-0.08987,15380.0
375.4,17.2,-0.2564,-0.1324,15370.0
375.45,17.22,0.0005971,-0.3262,15370.0
375.5,17.23,0.2576,-0.5199,15380.0
375.55,17.26,0.3501,-0.5099,15380.0
375.6,17.29,0.4427,-0.4999,15370.0
375.65,17.14,0.293,-0.582,15370.0
375.7,16.98,0.1433,-0.6641,15360.0
375.75,16.85,0.2064,-0.4575,15360.0
375.8,16.71,0.2695,-0.2509,15370.0
375.85,16.7,-0.03901,-0.3252,15370.0
375.9,16.69,-0.3475,-0.3995,15370.0
375.95,16.58,-0.3181,-0.2958,15360.0
376.0,16.48,-0.2886,-0.1922,15340.0
376.05,16.36,-0.4114,-0.04792,15330.0
376.1,16.24,-0.5342,0.09633,15320.0
376.15,16.27,-0.5308,0.3957,15320.0
376.2,16.31,-0.5275,0.695,15320.0
376.25,16.22,-0.5683,0.7476,15320.0
376.3,16.14,-0.6091,0.8002,15310.0
376.35,15.99,-0.4198,0.7487,15310.0
376.4,15.85,-0.2305,0.6972,15290.0
376.45,16.08,-0.2504,0.8204,15270.0
376.5,16.31,-0.2703,0.9436,15260.0
376.55,16.14,-0.5241,0.8254,15260.0
376.6,15.97,-0.7779,0.7072,15270.0
376.65,16.01,-0.7695,0.8934,15280.0
376.7,16.05,-0.7611,1.08,15290.0
376.75,16.06,-0.6109,0.9537,15290.0
376.8,16.07,-0.4606,0.8277,15280.0
376.85,16.23,-0.46,0.6409,15260.0
376.9,16.39,-0.4594,0.4541,15240.0
376.95,16.35,-0.7663,0.4856,15210.0
377.0,16.32,-1.073,0.517,15190.0
377.05,16.1,-0.9156,0.5084,15180.0
377.1,15.88,-0.758,0.4997,15180.0
377.15,15.74,-0.5874,0.4465,15190.0
377.2,15.61,-0.4168,0.3934,15210.0
377.25,15.76,-0.4703,0.4003,15230.0
377.3,15.91,-0.5239,0.4073,15230.0
377.35,15.95,-0.548,0.543,15220.0
377.4,15.99,-0.572,0.6787,15190.0
377.45,15.95,-0.4644,0.4864,15150.0
377.5,15.9,-0.3567,0.2941,15110.0
377.55,15.75,-0.2659,0.2734,15090.0
377.6,15.6,-0.1752,0.2527,15080.0
377.65,15.74,-0.2701,0.324,15090.0
377.7,15.88,-0.365,0.3953,15110.0
377.75,15.73,-0.369,0.3457,15130.0
377.8,15.58,-0.373,0.2961,15140.0
377.85,15.6,-0.3847,0.4547,15130.0
377.9,15.63,-0.3965,0.6133,15110.0
377.95,15.66,-0.3824,0.5685,15070.0
378.0,15.69,-0.3682,0.5236,15040.0
378.05,15.68,-0.3451,0.5791,15010.0
378.1,15.66,-0.322,0.6346,15000.0
378.15,15.68,-0.3939,0.5742,15000.0
378.2,15.7,-0.4658,0.5138,15010.0
378.25,15.71,-0.4367,0.4253,15030.0
378.3,15.71,-0.4076,0.3368,15050.0
378.35,15.8,-0.3497,0.3989,15050.0
378.4,15.9,-0.2918,0.4609,15050.0
378.45,16.03,-0.207,0.6212,15030.0
378.5,16.17,-0.1222,0.7814,15000.0
378.55,16.03,-0.1572,0.6857,14960.0
378.6,15.89,-0.1923,0.5899,14910.0
378.65,15.9,-0.2187,0.5052,14880.0
378.7,15.91,-0.2452,0.4204,14870.0
378.75,15.92,-0.06469,0.3601,14870.0
378.8,15.93,0.1158,0.2997,14890.0
378.85,15.82,0.04518,0.2238,14910.0
378.9,15.7,-0.02548,0.1478,14930.0
378.95,15.64,-0.05673,0.1486,14940.0
379.0,15.57,-0.08798,0.1495,14930.0
379.05,15.59,-0.1791,0.1729,14890.0
379.1,15.6,-0.2703,0.1963,14850.0
379.15,15.57,-0.3163,0.06219,14810.0
379.2,15.54,-0.3623,-0.07194,14780.0
379.25,15.55,-0.6314,-0.003048,14750.0
379.3,15.56,-0.9005,0.06585,14730.0
379.35,15.41,-1.049,0.2241,14710.0
379.4,15.27,-1.197,0.3824,14720.0
379.45,15.11,-1.123,0.3016,14740.0
379.5,14.95,-1.048,0.2207,14760.0
379.55,14.8,-1.083,0.2941,14780.0
379.6,14.65,-1.117,0.3675,14790.0
379.65,14.7,-0.8953,0.3009,14790.0
379.7,14.75,-0.6736,0.2344,14760.0
379.75,14.82,-0.5943,0.2513,14710.0
379.8,14.89,-0.5151,0.2683,14650.0
379.85,14.92,-0.6204,0.3408,14600.0
379.9,14.95,-0.7257,0.4134,14570.0
379.95,14.88,-0.6347,0.518,14570.0
380.0,14.8,-0.5438,0.6226,14590.0
380.05,14.76,-0.5748,0.8673,14620.0
380.1,14.72,-0.6059,1.112,14650.0
380.15,14.68,-0.7132,1.05,14670.0
380.2,14.64,-0.8204,0.9882,14660.0
380.25,14.58,-0.6915,0.8871,14640.0
380.3,14.51,-0.5625,0.786,14590.0
380.35,14.39,-0.3041,1.007,14550.0
380.4,14.27,-0.04578,1.228,14520.0
380.45,14.28,-0.2225,1.211,14490.0
380.5,14.29,-0.3993,1.194,14470.0
380.55,14.41,-0.539,1.07,14460.0
380.6,14.54,-0.6787,0.9453,14470.0
380.65,14.53,-0.6057,1.141,14470.0
380.7,14.51,-0.5326,1.336,14470.0
380.75,14.46,-0.703,1.141,14470.0
380.8,14.41,-0.8734,0.9462,14470.0
380.85,14.28,-1.002,1.151,14480.0
380.9,14.16,-1.13,1.356,14460.0
380.95,14.32,-1.222,1.472,14430.0
381.0,14.49,-1.314,1.588,14390.0
381.05,14.51,-1.559,1.538,14350.0
381.1,14.53,-1.804,1.489,14320.0
381.15,14.54,-1.704,1.446,14300.0
381.2,14.54,-1.605,1.404,14290.0
381.25,14.5,-1.611,1.197,14290.0
381.3,14.46,-1.618,0.9904,14300.0
381.35,14.45,-1.612,0.8289,14300.0
381.4,14.44,-1.605,0.6675,14280.0
381.45,14.54,-1.776,0.7176,14250.0
381.5,14.65,-1.947,0.7677,14220.0
381.55,14.71,-1.898,0.5982,14190.0
381.6,14.78,-1.849,0.4287,14160.0
381.65,14.65,-1.895,0.496,14140.0
381.7,14.53,-1.942,0.5634,14120.0
381.75,14.61,-1.877,0.5407,14120.0
381.8,14.68,-1.812,0.518,14120.0
381.85,14.66,-1.63,0.2905,14110.0
381.9,14.64,-1.449,0.06292,14090.0
381.95,14.63,-1.517,0.1462,14060.0
382.0,14.62,-1.586,0.2295,14030.0
382.05,14.63,-1.353,0.4832,13990.0
382.1,14.65,-1.119,0.737,13950.0
382.15,14.75,-1.047,0.7822,13930.0
382.2,14.86,-0.9737,0.8275,13930.0
382.25,14.89,-1.183,0.7013,13950.0
382.3,14.91,-1.393,0.5751,13980.0
382.35,14.77,-1.289,0.6393,14000.0
382.4,14.63,-1.185,0.7036,13990.0
382.45,14.6,-1.49,0.9036,13970.0
382.5,14.57,-1.795,1.104,13920.0
382.55,14.38,-1.69,1.139,13860.0
382.6,14.18,-1.585,1.174,13790.0
382.65,14.21,-1.341,1.067,13740.0
382.7,14.24,-1.097,0.9609,13740.0
382.75,14.3,-0.9785,0.8803,13750.0
382.8,14.37,-0.8599,0.7997,13770.0
382.85,14.53,-0.9108,0.8252,13810.0
382.9,14.69,-0.9618,0.8506,13840.0
382.95,14.67,-0.994,0.8204,13860.0
383.0,14.64,-1.026,0.7902,13850.0
383.05,14.6,-1.001,0.9214,13810.0
383.1,14.56,-0.9753,1.053,13760.0
383.15,14.48,-0.7757,1.141,13710.0
383.2,14.4,-0.576,1.229,13670.0
383.25,14.33,-0.4994,1.137,13640.0
383.3,14.26,-0.4228,1.045,13630.0
383.35,14.13,-0.2844,0.9848,13640.0
383.4,14.0,-0.1461,0.9245,13670.0
383.45,13.98,-0.2363,0.6658,13700.0
383.5,13.96,-0.3264,0.407,13720.0
383.55,13.74,-0.3398,0.464,13730.0
383.6,13.52,-0.3531,0.5209,13720.0
383.65,13.68,-0.4411,0.5987,13690.0
383.7,13.84,-0.5291,0.6765,13650.0
383.75,13.84,-0.6962,0.6187,13610.0
383.8,13.85,-0.8634,0.5609,13600.0
383.85,13.93,-0.8282,0.4225,13590.0
383.9,14.01,-0.793,0.2841,13600.0
383.95,13.82,-0.8037,0.2546,13590.0
384.0,13.64,-0.8145,0.2251,13580.0
384.05,13.71,-0.7271,0.1749,13570.0
384.1,13.78,-0.6397,0.1246,13560.0
384.15,13.97,-0.8185,0.1591,13540.0
384.2,14.16,-0.9972,0.1936,13530.0
384.25,14.14,-1.047,0.05902,13530.0
384.3,14.11,-1.097,-0.0756,13530.0
384.35,14.04,-0.8511,-0.1784,13530.0
384.4,13.97,-0.6055,-0.2812,13520.0
384.45,14.0,-0.5253,-0.05012,13510.0
384.5,14.02,-0.4451,0.181,13500.0
384.55,14.12,-0.4512,0.2528,13490.0
384.6,14.21,-0.4574,0.3246,13460.0
384.65,14.24,-0.5937,0.2346,13430.0
384.7,14.27,-0.7301,0.1446,13420.0
384.75,14.27,-0.6887,0.05609,13410.0
384.8,14.28,-0.6473,-0.03244,13410.0
384.85,14.32,-0.7804,-0.1323,13410.0
384.9,14.36,-0.9136,-0.2322,13420.0
384.95,14.35,-0.6117,-0.1449,13430.0
385.0,14.34,-0.3097,-0.05755,13440.0
385.05,14.31,-0.3859,0.015,13420.0
385.1,14.28,-0.4622,0.08755,13400.0
385.15,14.19,-0.4751,-0.08877,13390.0
385.2,14.11,-0.4881,-0.2651,13380.0
385.25,14.05,-0.4711,-0.09767,13360.0
385.3,13.99,-0.4542,0.06975,13340.0
385.35,13.96,-0.7315,-0.1295,13320.0
385.4,13.92,-1.009,-0.3287,13320.0
385.45,14.02,-1.072,-0.2966,13330.0
385.5,14.12,-1.135,-0.2644,13320.0
385.55,14.13,-1.217,-0.03268,13310.0
385.6,14.14,-1.3,0.199,13310.0
385.65,14.19,-1.301,0.2698,13320.0
385.7,14.23,-1.302,0.3407,13320.0
385.75,14.38,-1.312,0.5109,13300.0
385.8,14.54,-1.322,0.6811,13290.0
385.85,14.54,-1.116,0.5474,13280.0
385.9,14.55,-0.9092,0.4136,13270.0
385.95,14.71,-0.8443,0.347,13250.0
386.0,14.87,-0.7794,0.2805,13220.0
386.05,14.73,-1.06,0.3253,13210.0
386.1,14.58,-1.341,0.3702,13220.0
386.15,14.63,-1.405,0.4596,13230.0
386.2,14.68,-1.468,0.549,13240.0
386.25,14.75,-1.393,0.5598,13240.0
386.3,14.82,-1.318,0.5707,13240.0
386.35,14.81,-1.273,0.6425,13240.0
386.4,14.81,-1.228,0.7143,13230.0
386.45,14.75,-1.352,0.5442,13220.0
386.5,14.69,-1.476,0.3741,13210.0
386.55,14.53,-1.285,0.2822,13210.0
386.6,14.36,-1.094,0.1902,13210.0
386.65,14.38,-0.8489,0.2472,13220.0
386.7,14.41,-0.6035,0.3041,13220.0
386.75,14.51,-0.7339,0.268,13220.0
386.8,14.62,-0.8642,0.2319,13220.0
386.85,14.71,-0.7633,0.3028,13210.0
386.9,14.81,-0.6624,0.3736,13190.0
386.95,14.94,-0.7434,0.2113,13180.0
387.0,15.07,-0.8244,0.04902,13190.0
387.05,15.0,-1.131,0.1178,13200.0
387.1,14.93,-1.437,0.1866,13220.0
387.15,15.03,-1.349,0.2018,13230.0
387.2,15.12,-1.261,0.217,13230.0
387.25,15.29,-1.331,0.05621,13230.0
387.3,15.46,-1.401,-0.1046,13210.0
387.35,15.45,-1.263,-0.05499,13200.0
387.4,15.43,-1.125,-0.005365,13190.0
387.45,15.26,-1.026,0.02268,13190.0
387.5,15.08,-0.9271,0.05073,13200.0
387.55,15.14,-0.9628,-0.1427,13210.0
387.6,15.19,-0.9984,-0.3361,13220.0
387.65,15.19,-0.9325,-0.1766,13240.0
387.7,15.19,-0.8666,-0.01707,13240.0
387.75,15.32,-0.7169,-0.0009755,13250.0
387.8,15.46,-0.5673,0.01512,13260.0
387.85,15.44,-0.6501,-0.255,13270.0
387.9,15.42,-0.7329,-0.5251,13270.0
387.95,15.37,-0.948,-0.4085,13270.0
388.0,15.33,-1.163,-0.2919,13260.0
388.05,15.16,-1.096,-0.2177,13250.0
388.1,14.99,-1.029,-0.1434,13240.0
388.15,14.99,-0.906,-0.2424,13220.0
388.2,14.99,-0.783,-0.3414,13230.0
388.25,15.09,-0.9257,-0.4013,13250.0
388.3,15.19,-1.068,-0.4612,13280.0
388.35,15.17,-0.9371,-0.4831,13310.0
388.4,15.15,-0.8057,-0.5051,13320.0
388.45,15.18,-0.948,-0.7176,13330.0
388.5,15.21,-1.09,-0.9301,13330.0
388.55,15.29,-0.9088,-0.8113,13320.0
388.6,15.38,-0.7273,-0.6924,13310.0
388.65,15.5,-0.5939,-0.8149,13280.0
388.7,15.62,-0.4606,-0.9375,13270.0
388.75,15.56,-0.3553,-0.8259,13270.0
388.8,15.51,-0.25,-0.7143,13270.0
388.85,15.52,-0.2442,-0.7009,13270.0
388.9,15.53,-0.2385,-0.6875,13280.0
388.95,15.51,-0.3668,-0.591,13300.0
389.0,15.49,-0.4952,-0.4946,13330.0
389.05,15.52,-0.5076,-0.5552,13350.0
389.1,15.56,-0.5199,-0.6158,13360.0
389.15,15.58,-0.4502,-0.6309,13350.0
389.2,15.59,-0.3806,-0.646,13340.0
389.25,15.55,-0.4271,-0.6269,13320.0
389.3,15.52,-0.4737,-0.6077,13300.0
389.35,15.7,-0.4206,-0.8045,13280.0
389.4,15.89,-0.3674,-1.001,13290.0
389.45,15.76,-0.3242,-0.8639,13310.0
389.5,15.64,-0.281,-0.7265,13340.0
389.55,15.66,-0.1172,-0.6903,13370.0
389.6,15.69,0.04658,-0.6541,13380.0
389.65,15.93,0.03125,-0.6992,13380.0
389.7,16.17,0.01592,-0.7443,13380.0
389.75,16.31,-0.05633,-0.7628,13370.0
389.8,16.44,-0.1286,-0.7814,13360.0
389.85,16.27,-0.1553,-0.9472,13350.0
389.9,16.09,-0.1819,-1.113,13350.0
389.95,15.85,-0.2727,-1.182,13360.0
390.0,15.61,-0.3635,-1.251,13380.0
390.05,15.68,-0.1815,-1.115,13380.0
390.1,15.75,0.0003981,-0.9796,13390.0
390.15,15.82,-0.05573,-1.081,13400.0
390.2,15.88,-0.1119,-1.183,13410.0
390.25,15.92,-0.3023,-1.105,13410.0
390.3,15.95,-0.4928,-1.026,13400.0
390.35,15.91,-0.6676,-0.9259,13390.0
390.4,15.87,-0.8423,-0.8253,13380.0
390.45,15.75,-1.003,-0.6774,13380.0
390.5,15.62,-1.164,-0.5295,13390.0
390.55,15.61,-1.233,-0.4693,13420.0
390.6,15.59,-1.303,-0.4092,13440.0
390.65,15.47,-1.124,-0.2068,13460.0
390.7,15.34,-0.9454,-0.00439,13470.0
390.75,15.41,-0.88,0.1058,13470.0
390.8,15.49,-0.8145,0.2161,13460.0
390.85,15.46,-0.7199,0.1444,13450.0
390.9,15.42,-0.6254,0.07267,13440.0
390.95,15.67,-0.6722,0.324,13440.0
391.0,15.91,-0.7189,0.5753,13450.0
391.05,16.17,-0.617,0.3739,13470.0
391.1,16.43,-0.5151,0.1724,13490.0
391.15,16.4,-0.531,0.0717,13510.0
391.2,16.36,-0.547,-0.02902,13520.0
391.25,16.51,-0.5804,-0.1635,13530.0
391.3,16.65,-0.6138,-0.298,13530.0
391.35,16.75,-0.5969,-0.4,13520.0
391.4,16.86,-0.58,-0.5019,13510.0
391.45,16.89,-0.5014,-0.3587,13490.0
391.5,16.92,-0.4228,-0.2156,13490.0
391.55,16.92,-0.33,-0.3247,13490.0
391.6,16.92,-0.2373,-0.4339,13510.0
391.65,16.9,-0.3416,-0.4001,13520.0
391.7,16.88,-0.4459,-0.3663,13540.0
391.75,17.03,-0.4441,-0.467,13550.0
391.8,17.18,-0.4423,-0.5677,13560.0
391.85,16.99,-0.613,-0.7016,13560.0
391.9,16.8,-0.7838,-0.8355,13550.0
391.95,16.78,-0.9795,-0.8197,13540.0
392.0,16.77,-1.175,-0.8038,13540.0
392.05,16.77,-1.14,-0.6531,13550.0
392.1,16.77,-1.105,-0.5024,13570.0
392.15,16.82,-1.004,-0.4977,13580.0
392.2,16.87,-0.9021,-0.4931,13590.0
392.25,16.99,-1.074,-0.4792,13600.0
392.3,17.1,-1.247,-0.4653,13600.0
392.35,17.16,-1.214,-0.5086,13580.0
392.4,17.22,-1.181,-0.5519,13560.0
392.45,17.15,-1.089,-0.6857,13570.0
392.5,17.08,-0.998,-0.8194,13590.0
392.55,17.17,-0.8961,-0.7408,13630.0
392.6,17.25,-0.7942,-0.6621,13660.0
392.65,17.15,-0.8356,-0.5549,13680.0
392.7,17.05,-0.877,-0.4478,13680.0
392.75,16.95,-0.965,-0.3403,13670.0
392.8,16.84,-1.053,-0.2329,13650.0
392.85,16.74,-1.118,-0.3186,13620.0
392.9,16.64,-1.182,-0.4043,13610.0
392.95,16.74,-1.244,-0.4226,13620.0
393.0,16.84,-1.307,-0.4409,13660.0
393.05,16.98,-1.375,-0.355,13690.0
393.1,17.12,-1.443,-0.269,13730.0
393.15,17.07,-1.308,-0.2947,13760.0
393.2,17.01,-1.173,-0.3205,13790.0
393.25,16.92,-1.159,-0.2995,13800.0
393.3,16.82,-1.144,-0.2785,13770.0
393.35,16.93,-1.218,-0.173,13740.0
393.4,17.05,-1.292,-0.06755,13720.0
393.45,16.94,-1.218,0.07133,13710.0
393.5,16.83,-1.144,0.2102,13720.0
393.55,16.88,-1.215,0.3335,13740.0
393.6,16.93,-1.285,0.4568,13770.0
393.65,16.88,-1.172,0.5987,13810.0
393.7,16.83,-1.058,0.7407,13840.0
393.75,16.67,-1.169,0.7022,13850.0
393.8,16.51,-1.28,0.6638,13840.0
393.85,16.69,-1.26,0.5424,13820.0
393.9,16.87,-1.24,0.4209,13810.0
393.95,16.72,-1.075,0.4145,13810.0
394.0,16.57,-0.9092,0.408,13810.0
394.05,16.34,-0.8969,0.4587,13810.0
394.1,16.12,-0.8845,0.5095,13830.0
394.15,16.01,-0.9393,0.5912,13860.0
394.2,15.91,-0.994,0.6729,13880.0
394.25,15.81,-0.9369,0.6508,13880.0
394.3,15.72,-0.8798,0.6287,13870.0
394.35,15.56,-1.06,0.592,13870.0
394.4,15.41,-1.241,0.5553,13860.0
394.45,15.27,-1.274,0.3147,13850.0
394.5,15.14,-1.308,0.07414,13820.0
394.55,15.27,-1.069,0.2467,13810.0
394.6,15.4,-0.8308,0.4192,13820.0
394.65,15.27,-0.6885,0.1718,13840.0
394.7,15.13,-0.5462,-0.0756,13880.0
394.75,15.16,-0.633,-0.03804,13910.0
394.8,15.19,-0.7197,-0.0004878,13950.0
394.85,15.27,-0.6017,0.0956,13970.0
394.9,15.35,-0.4837,0.1917,13960.0
394.95,15.24,-0.6889,0.07011,13920.0
395.0,15.13,-0.8941,-0.05146,13850.0
395.05,15.07,-0.9277,-0.007682,13800.0
395.1,15.01,-0.9614,0.03609,13770.0
395.15,15.04,-0.9634,0.07365,13760.0
395.2,15.06,-0.9654,0.1112,13770.0
395.25,14.95,-1.009,0.09718,13820.0
395.3,14.84,-1.052,0.08316,13890.0
395.35,15.03,-1.037,0.08499,13960.0
395.4,15.21,-1.023,0.08682,14000.0
395.45,15.14,-1.076,0.06633,14000.0
395.5,15.06,-1.129,0.04585,13970.0
395.55,15.13,-1.218,-0.02744,13920.0
395.6,15.19,-1.308,-0.1007,13850.0
395.65,15.12,-1.019,-0.2741,13780.0
395.7,15.04,-0.7309,-0.4475,13740.0
395.75,15.18,-0.5133,-0.3873,13750.0
395.8,15.33,-0.2958,-0.327,13800.0
395.85,15.42,-0.08638,-0.3479,13880.0
395.9,15.51,0.123,-0.3687,13960.0
395.95,15.54,0.05613,-0.161,14020.0
396.0,15.57,-0.01075,0.04682,14050.0
396.05,15.49,-0.01851,0.09706,14040.0
396.1,15.4,-0.02627,0.1473,13990.0
396.15,15.32,-0.05951,0.1764,13910.0
396.2,15.23,-0.09275,0.2056,13840.0
396.25,15.24,-0.3256,-0.06511,13800.0
396.3,15.24,-0.5585,-0.3358,13800.0
396.35,15.22,-0.6113,-0.5209,13840.0
396.4,15.2,-0.664,-0.706,13910.0
396.45,15.38,-0.5125,-0.7783,13980.0
396.5,15.56,-0.3611,-0.8506,14060.0
396.55,15.48,-0.3495,-0.8009,14100.0
396.6,15.39,-0.338,-0.7511,14100.0
396.65,15.43,-0.2402,-0.7367,14050.0
396.7,15.46,-0.1425,-0.7224,13970.0
396.75,15.53,0.09096,-0.6587,13900.0
396.8,15.6,0.3244,-0.5951,13840.0
396.85,15.52,-0.007564,-0.5734,13820.0
396.9,15.44,-0.3396,-0.5516,13840.0
396.95,15.48,-0.3465,-0.7681,13900.0
397.0,15.52,-0.3535,-0.9845,13990.0
397.05,15.54,-0.4936,-0.7257,14070.0
397.1,15.56,-0.6337,-0.4668,14120.0
397.15,15.58,-0.4972,-0.3284,14130.0
397.2,15.6,-0.3607,-0.19,14110.0
397.25,15.57,-0.4805,-0.1683,14060.0
397.3,15.54,-0.6003,-0.1466,13980.0
397.35,15.47,-0.5746,-0.04914,13910.0
397.4,15.41,-0.549,0.04829,13870.0
397.45,15.47,-0.4769,-0.1923,13880.0
397.5,15.53,-0.4049,-0.4329,13930.0
397.55,15.44,-0.3682,-0.7235,14000.0
397.6,15.34,-0.3316,-1.014,14070.0
397.65,15.3,-0.3533,-0.9098,14140.0
397.7,15.26,-0.375,-0.8055,14170.0
397.75,15.35,-0.5251,-0.7168,14160.0
397.8,15.45,-0.6751,-0.628,14110.0
397.85,15.38,-0.6945,-0.7046,14030.0
397.9,15.31,-0.7138,-0.7811,13960.0
397.95,15.31,-0.7601,-0.6869,13920.0
398.0,15.32,-0.8065,-0.5926,13910.0
398.05,15.35,-0.6533,-0.7091,13930.0
398.1,15.37,-0.5,-0.8255,13980.0
398.15,15.28,-0.4855,-0.6618,14050.0
398.2,15.18,-0.4709,-0.498,14120.0
398.25,15.09,-0.2594,-0.627,14150.0
398.3,15.0,-0.04777,-0.756,14150.0
398.35,14.99,0.09813,-0.5926,14120.0
398.4,14.97,0.244,-0.4292,14070.0
398.45,14.8,0.1738,-0.3508,14020.0
398.5,14.62,0.1035,-0.2724,13960.0
398.55,14.63,0.1572,-0.2503,13940.0
398.6,14.65,0.211,-0.2283,13940.0
398.65,14.73,0.2739,-0.2358,13980.0
398.7,14.82,0.3368,-0.2434,14040.0
398.75,15.02,0.3635,-0.07194,14100.0
398.8,15.21,0.3901,0.0995,14160.0
398.85,15.2,0.5334,-0.04121,14210.0
398.9,15.18,0.6767,-0.1819,14230.0
398.95,14.96,0.622,-0.08682,14210.0
399.0,14.74,0.5673,0.008292,14160.0
399.05,14.81,0.4335,0.07414,14090.0
399.1,14.88,0.2998,0.14,14030.0
399.15,15.12,0.4433,0.1582,13990.0
399.2,15.35,0.5868,0.1763,13990.0
399.25,15.36,0.6586,0.298,14040.0
399.3,15.38,0.7305,0.4197,14110.0
399.35,15.17,0.6664,0.32,14200.0
399.4,14.95,0.6023,0.2202,14270.0
399.45,14.97,0.5724,0.08304,14300.0
399.5,14.99,0.5426,-0.05414,14280.0
399.55,15.27,0.5066,-0.1204,14230.0
399.6,15.55,0.4705,-0.1866,14160.0
399.65,15.48,0.5145,-0.03536,14100.0
399.7,15.42,0.5585,0.1158,14060.0
399.75,15.33,0.4755,0.1757,14050.0
399.8,15.24,0.3925,0.2356,14100.0
399.85,15.19,0.5014,0.04719,14160.0
399.9,15.13,0.6103,-0.1412,14210.0
399.95,15.14,0.6383,-0.2674,14250.0
400.0,15.16,0.6664,-0.3936,14280.0
400.05,15.08,0.6045,-0.2208,14290.0
400.1,15.01,0.5426,-0.04804,14270.0
400.15,14.93,0.4363,0.1746,14230.0
400.2,14.84,0.33,0.3973,14190.0
400.25,14.68,0.2978,0.5269,14150.0
400.3,14.52,0.2655,0.6565,14130.0
400.35,14.63,0.3276,0.5735,14130.0
400.4,14.75,0.3897,0.4904,14160.0
400.45,14.78,0.09992,0.4353,14220.0
400.5,14.82,-0.1899,0.3802,14300.0
400.55,14.64,-0.2548,0.2994,14370.0
400.6,14.47,-0.3197,0.2185,14410.0
400.65,14.45,-0.1658,0.3483,14400.0
400.7,14.44,-0.01194,0.478,14350.0
400.75,14.51,-0.2938,0.3372,14280.0
400.8,14.59,-0.5756,0.1963,14200.0
400.85,14.56,-0.5523,0.09718,14140.0
400.9,14.53,-0.5291,-0.001951,14120.0
400.95,14.37,-0.7313,-0.07792,14160.0
401.0,14.22,-0.9335,-0.1539,14230.0
401.05,14.36,-0.958,-0.2584,14320.0
401.1,14.51,-0.9825,-0.3629,14400.0
401.15,14.6,-0.9132,-0.4267,14450.0
401.2,14.69,-0.8439,-0.4904,14460.0
401.25,14.8,-0.74,-0.4135,14410.0
401.3,14.91,-0.6361,-0.3365,14340.0
401.35,14.99,-0.7914,-0.1157,14250.0
401.4,15.06,-0.9466,0.1051,14180.0
401.45,15.01,-0.7191,-0.1513,14150.0
401.5,14.97,-0.4916,-0.4078,14150.0
401.55,15.15,-0.379,-0.5074,14200.0
401.6,15.34,-0.2663,-0.607,14270.0
401.65,15.31,-0.3334,-0.3884,14360.0
401.7,15.28,-0.4005,-0.1697,14430.0
401.75,15.09,-0.4912,-0.1444,14460.0
401.8,14.9,-0.582,-0.119,14430.0
401.85,14.98,-0.5671,0.06133,14370.0
401.9,15.05,-0.5521,0.2417,14300.0
401.95,15.13,-0.7144,0.1539,14230.0
402.0,15.2,-0.8766,0.06609,14180.0
402.05,15.26,-0.6298,0.03122,14170.0
402.1,15.31,-0.383,-0.003658,14210.0
402.15,15.32,-0.3993,-0.03609,14270.0
402.2,15.32,-0.4156,-0.06853,14340.0
402.25,15.32,-0.6019,-0.1601,14390.0
402.3,15.33,-0.7882,-0.2517,14420.0
402.35,15.3,-0.5882,-0.2936,14420.0
402.4,15.27,-0.3881,-0.3356,14390.0
402.45,15.3,-0.3256,-0.4576,14340.0
402.5,15.34,-0.2631,-0.5797,14280.0
402.55,15.33,-0.3342,-0.5887,14250.0
402.6,15.31,-0.4052,-0.5977,14250.0
402.65,15.51,-0.281,-0.6125,14270.0
402.7,15.71,-0.1568,-0.6272,14320.0
402.75,15.46,-0.05255,-0.6792,14390.0
402.8,15.21,0.05175,-0.7311,14460.0
402.85,15.13,0.03045,-0.7183,14500.0
402.9,15.06,0.009156,-0.7055,14520.0
402.95,15.1,0.211,-0.6818,14490.0
403.0,15.14,0.4128,-0.658,14430.0
403.05,14.98,0.216,-0.7307,14380.0
403.1,14.82,0.01911,-0.8033,14350.0
403.15,14.94,0.2054,-0.911,14360.0
403.2,15.05,0.3917,-1.019,14390.0
403.25,15.17,0.3491,-1.032,14460.0
403.3,15.29,0.3065,-1.045,14530.0
403.35,15.35,0.2345,-0.9073,14590.0
403.4,15.41,0.1624,-0.7702,14600.0
403.45,15.4,0.2601,-0.836,14570.0
403.5,15.4,0.3579,-0.9019,14520.0
403.55,15.47,0.2854,-1.032,14470.0
403.6,15.54,0.213,-1.163,14440.0
403.65,15.57,0.4673,-0.9887,14430.0
403.7,15.6,0.7217,-0.8143,14450.0
403.75,15.54,0.748,-0.8223,14500.0
403.8,15.49,0.7743,-0.8304,14560.0
403.85,15.37,0.7946,-0.8545,14600.0
403.9,15.25,0.8149,-0.8787,14610.0
403.95,15.4,0.6688,-0.8967,14590.0
404.0,15.54,0.5227,-0.9148,14550.0
404.05,15.79,0.2552,-0.83,14490.0
404.1,16.05,-0.01234,-0.7453,14440.0
404.15,15.98,-0.1377,-0.8584,14400.0
404.2,15.9,-0.2631,-0.9716,14400.0
404.25,15.77,-0.3457,-0.8773,14420.0
404.3,15.63,-0.4283,-0.7831,14470.0
404.35,15.6,-0.3955,-0.6137,14520.0
404.4,15.56,-0.3627,-0.4443,14560.0
404.45,15.36,-0.1572,-0.4673,14590.0
404.5,15.17,0.04817,-0.4902,14590.0
404.55,15.35,-0.1133,-0.4479,14560.0
404.6,15.53,-0.2747,-0.4056,14500.0
404.65,15.54,-0.2968,-0.5618,14440.0
404.7,15.54,-0.3189,-0.718,14400.0
404.75,15.57,-0.1775,-0.7453,14380.0
404.8,15.6,-0.03623,-0.7726,14400.0
404.85,15.42,-0.0629,-0.5626,14430.0
404.9,15.25,-0.08957,-0.3526,14480.0
404.95,15.11,0.002787,-0.3012,14540.0
405.0,14.98,0.09514,-0.2497,14590.0
405.05,14.98,0.1135,-0.3706,14610.0
405.1,14.98,0.1318,-0.4914,14590.0
405.15,14.9,0.2187,-0.4838,14550.0
405.2,14.82,0.3057,-0.4763,14510.0
405.25,14.82,0.286,-0.5275,14470.0
405.3,14.82,0.2663,-0.5787,14450.0
405.35,14.76,0.3573,-0.6353,14450.0
405.4,14.71,0.4482,-0.6919,14490.0
405.45,14.66,0.4415,-0.6482,14540.0
405.5,14.61,0.4347,-0.6046,14600.0
405.55,14.72,0.3053,-0.476,14650.0
405.6,14.84,0.176,-0.3475,14670.0
405.65,14.93,0.04439,-0.2318,14660.0
405.7,15.02,-0.08718,-0.1161,14640.0
405.75,14.95,-0.04618,-0.2167,14600.0
405.8,14.88,-0.005175,-0.3173,14560.0
405.85,14.84,0.08798,-0.1636,14530.0
405.9,14.8,0.1811,-0.009999,14540.0
405.95,14.89,0.2237,-0.2081,14560.0
406.0,14.98,0.2663,-0.4063,14600.0
406.05,14.85,0.3097,-0.4067,14650.0
406.1,14.71,0.3531,-0.407,14680.0
406.15,14.55,0.5225,-0.4625,14690.0
406.2,14.39,0.6919,-0.518,14690.0
406.25,14.4,0.9001,-0.439,14660.0
406.3,14.41,1.108,-0.36,14620.0
406.35,14.42,0.9321,-0.2503,14570.0
406.4,14.42,0.756,-0.1407,14550.0
406.45,14.43,0.5302,-0.1688,14540.0
406.5,14.43,0.3045,-0.1968,14550.0
406.55,14.6,0.2106,-0.2489,14590.0
406.6,14.77,0.1166,-0.3009,14620.0
406.65,14.69,0.05056,-0.2069,14650.0
406.7,14.61,-0.01553,-0.1129,14660.0
406.75,14.56,-0.06807,-0.1508,14640.0
406.8,14.51,-0.1206,-0.1888,14600.0
406.85,14.53,-0.1801,-0.3086,14550.0
406.9,14.55,-0.2396,-0.4285,14500.0
406.95,14.32,-0.1726,-0.4414,14470.0
407.0,14.1,-0.1055,-0.4543,14470.0
407.05,13.98,-0.1373,-0.412,14500.0
407.1,13.86,-0.1692,-0.3697,14530.0
407.15,13.77,-0.2862,-0.4217,14560.0
407.2,13.68,-0.4033,-0.4736,14580.0
407.25,13.86,-0.285,-0.5324,14590.0
407.3,14.05,-0.1668,-0.5912,14590.0
407.35,14.03,0.0414,-0.5758,14570.0
407.4,14.0,0.2496,-0.5604,14540.0
407.45,13.96,0.3909,-0.6131,14520.0
407.5,13.91,0.5322,-0.6658,14500.0
407.55,13.95,0.25,-0.5876,14500.0
407.6,13.99,-0.03224,-0.5095,14510.0
407.65,13.84,0.121,-0.5351,14530.0
407.7,13.69,0.2743,-0.5607,14550.0
407.75,13.55,0.4049,-0.6008,14570.0
407.8,13.4,0.5354,-0.6409,14600.0
407.85,13.41,0.3497,-0.4924,14620.0
407.9,13.41,0.164,-0.3439,14620.0
407.95,13.48,0.1865,-0.2378,14610.0
408.0,13.56,0.209,-0.1317,14580.0
408.05,13.25,0.2357,-0.1899,14560.0
408.1,12.94,0.2623,-0.248,14550.0
408.15,12.83,0.008559,-0.08145,14540.0
408.2,12.72,-0.2452,0.08511,14570.0
408.25,12.79,-0.3219,0.05743,14610.0
408.3,12.87,-0.3985,0.02975,14660.0
408.35,12.92,-0.2693,-0.119,14680.0
408.4,12.97,-0.1401,-0.2678,14690.0
408.45,13.11,-0.1823,-0.215,14680.0
408.5,13.25,-0.2245,-0.1622,14660.0
408.55,13.42,-0.09872,-0.3081,14630.0
408.6,13.58,0.02707,-0.4541,14600.0
408.65,13.56,0.006767,-0.3913,14590.0
408.7,13.54,-0.01353,-0.3285,14610.0
408.75,13.63,0.08141,-0.2531,14650.0
408.8,13.72,0.1764,-0.1778,14690.0
408.85,13.84,0.2789,-0.2117,14710.0
408.9,13.96,0.3814,-0.2456,14720.0
408.95,13.94,0.322,-0.08267,14720.0
409.0,13.93,0.2627,0.08024,14700.0
409.05,14.15,0.2576,0.1306,14670.0
409.1,14.37,0.2524,0.181,14630.0
409.15,14.42,0.008957,0.1251,14620.0
409.2,14.47,-0.2345,0.06926,14620.0
409.25,14.45,-0.2247,-0.003902,14640.0
409.3,14.43,-0.215,-0.07706,14660.0
409.35,14.47,-0.207,-0.2451,14680.0
409.4,14.51,-0.199,-0.4131,14710.0
409.45,14.67,-0.04359,-0.3774,14730.0
409.5,14.84,0.1119,-0.3417,14730.0
409.55,14.86,0.1777,-0.4421,14700.0
409.6,14.88,0.2436,-0.5426,14660.0
409.65,14.91,0.1453,-0.3795,14610.0
409.7,14.94,0.04697,-0.2163,14580.0
409.75,14.98,-0.1298,-0.3503,14560.0
409.8,15.03,-0.3065,-0.4843,14550.0
409.85,14.99,-0.3585,-0.3002,14580.0
409.9,14.96,-0.4104,-0.1161,14620.0
409.95,14.67,-0.3923,-0.04292,14680.0
410.0,14.38,-0.3742,0.03024,14730.0
410.05,14.45,-0.3925,0.09097,14760.0
410.1,14.52,-0.4108,0.1517,14770.0
410.15,14.49,-0.2793,0.278,14740.0
410.2,14.47,-0.1477,0.4043,14670.0
410.25,14.64,-0.1519,0.4345,14600.0
410.3,14.82,-0.156,0.4646,14540.0
410.35,14.92,-0.07763,0.4907,14520.0
410.4,15.03,0.0007961,0.5168,14530.0
410.45,14.94,0.07165,0.5753,14570.0
410.5,14.85,0.1425,0.6338,14650.0
410.55,14.76,0.05235,0.5704,14720.0
410.6,14.68,-0.03782,0.507,14780.0
410.65,14.6,0.06927,0.3911,14790.0
410.7,14.53,0.1764,0.2751,14760.0
410.75,14.51,0.2016,0.3173,14700.0
410.8,14.5,0.2269,0.3595,14630.0
410.85,14.5,0.2064,0.2608,14570.0
410.9,14.5,0.1859,0.1622,14530.0
410.95,14.52,0.408,0.2056,14530.0
411.0,14.55,0.6302,0.249,14560.0
411.05,14.69,0.701,0.3912,14610.0
411.1,14.84,0.7719,0.5334,14660.0
411.15,14.8,0.6475,0.6316,14690.0
411.2,14.76,0.5231,0.7299,14700.0
411.25,14.6,0.4803,0.6191,14690.0
411.3,14.43,0.4375,0.5082,14660.0
411.35,14.44,0.2253,0.636,14630.0
411.4,14.45,0.01314,0.7638,14610.0
411.45,14.53,0.208,0.8519,14600.0
411.5,14.62,0.4029,0.9399,14600.0
411.55,14.5,0.2412,0.7685,14600.0
411.6,14.38,0.07962,0.597,14600.0
411.65,14.54,0.3388,0.5824,14600.0
411.7,14.7,0.5979,0.5677,14600.0
411.75,14.89,0.4496,0.6023,14610.0
411.8,15.08,0.3013,0.6368,14610.0
411.85,15.0,0.3147,0.4887,14600.0
411.9,14.92,0.328,0.3407,14590.0
411.95,14.93,0.1075,0.2083,14580.0
412.0,14.94,-0.1131,0.07585,14580.0
412.05,15.04,-0.0422,0.03183,14590.0
412.1,15.14,0.02866,-0.01219,14600.0
412.15,15.22,0.05573,0.02183,14610.0
412.2,15.3,0.0828,0.05585,14620.0
412.25,15.23,0.05752,0.1511,14600.0
412.3,15.17,0.03224,0.2463,14570.0
412.35,15.12,-0.2148,0.2353,14520.0
412.4,15.07,-0.4618,0.2244,14490.0
412.45,14.96,-0.503,0.3028,14470.0
412.5,14.84,-0.5442,0.3812,14480.0
412.55,14.83,-0.7006,0.4054,14500.0
412.6,14.81,-0.8571,0.4297,14520.0
412.65,14.88,-0.8941,0.4152,14560.0
412.7,14.95,-0.9311,0.4007,14600.0
412.75,15.06,-0.9116,0.2744,14630.0
412.8,15.17,-0.8921,0.148,14620.0
412.85,15.1,-0.6984,-0.001097,14580.0
412.9,15.03,-0.5048,-0.1502,14530.0
412.95,14.95,-0.6128,-0.006707,14490.0
413.0,14.88,-0.7209,0.1368,14460.0
413.05,14.81,-0.5689,0.003536,14440.0
413.1,14.74,-0.4168,-0.1297,14440.0
413.15,14.58,-0.6507,-0.04085,14490.0
413.2,14.42,-0.8845,0.04804,14550.0
413.25,14.39,-1.009,0.06487,14610.0
413.3,14.36,-1.134,0.0817,14650.0
413.35,14.15,-1.144,0.1401,14660.0
413.4,13.94,-1.155,0.1985,14670.0
413.45,14.08,-0.9713,0.3023,14650.0
413.5,14.22,-0.7878,0.4061,14590.0
413.55,14.22,-0.8634,0.4302,14520.0
413.6,14.22,-0.9391,0.4543,14460.0
413.65,14.15,-0.9747,0.4415,14440.0
413.7,14.08,-1.01,0.4287,14460.0
413.75,14.31,-1.188,0.2355,14490.0
413.8,14.54,-1.366,0.04219,14540.0
413.85,14.31,-1.065,0.293,14610.0
413.9,14.09,-0.7647,0.5438,14680.0
413.95,13.87,-0.6771,0.3197,14700.0
414.0,13.66,-0.5896,0.0956,14660.0
414.05,13.62,-0.7874,0.3078,14600.0
414.1,13.59,-0.9853,0.5199,14540.0
414.15,13.53,-0.8511,0.4395,14490.0
414.2,13.46,-0.7169,0.359,14450.0
414.25,13.41,-0.6371,0.3175,14430.0
414.3,13.36,-0.5573,0.2761,14460.0
414.35,13.4,-0.5607,0.1523,14510.0
414.4,13.44,-0.5641,0.02853,14560.0
414.45,13.5,-0.5689,0.01463,14580.0
414.5,13.56,-0.5736,0.0007316,14570.0
414.55,13.38,-0.6284,-0.1095,14550.0
414.6,13.21,-0.6831,-0.2197,14540.0
414.65,13.35,-0.5782,-0.2523,14520.0
414.7,13.48,-0.4733,-0.2848,14480.0
414.75,13.4,-0.5579,-0.2179,14450.0
414.8,13.33,-0.6425,-0.151,14450.0
414.85,13.42,-0.7426,-0.2418,14470.0
414.9,13.51,-0.8427,-0.3326,14480.0
414.95,13.47,-0.8203,-0.2524,14480.0
415.0,13.43,-0.7978,-0.1722,14480.0
415.05,13.51,-0.8569,-0.1116,14500.0
415.1,13.6,-0.916,-0.05097,14500.0
415.15,13.55,-0.8061,0.04987,14480.0
415.2,13.51,-0.6962,0.1507,14450.0
415.25,13.57,-0.8204,0.1839,14420.0
415.3,13.63,-0.9447,0.217,14420.0
415.35,13.62,-0.989,0.3915,14430.0
415.4,13.6,-1.033,0.566,14430.0
415.45,13.58,-0.8843,0.6616,14460.0
415.5,13.57,-0.7353,0.7572,14500.0
415.55,13.5,-0.9188,0.5759,14540.0
415.6,13.44,-1.102,0.3946,14560.0
415.65,13.4,-1.198,0.3417,14540.0
415.7,13.36,-1.293,0.2887,14510.0
415.75,13.49,-1.076,0.3219,14490.0
415.8,13.62,-0.8591,0.3551,14480.0
415.85,13.6,-0.784,0.3984,14450.0
415.9,13.58,-0.709,0.4417,14440.0
415.95,13.38,-0.6978,0.7058,14450.0
416.0,13.18,-0.6867,0.9699,14500.0
416.05,13.28,-0.4813,1.006,14540.0
416.1,13.38,-0.2759,1.043,14560.0
416.15,13.35,-0.1797,0.8623,14570.0
416.2,13.31,-0.0836,0.6819,14570.0
416.25,13.25,0.2205,0.6532,14550.0
416.3,13.2,0.5247,0.6246,14510.0
416.35,13.21,0.544,0.4813,14450.0
416.4,13.22,0.5633,0.338,14420.0
416.45,13.27,0.4578,0.3757,14420.0
416.5,13.33,0.3523,0.4134,14440.0
416.55,13.28,0.3121,0.5581,14470.0
416.6,13.22,0.2719,0.7028,14500.0
416.65,13.4,0.4886,0.855,14530.0
416.7,13.57,0.7054,1.007,14560.0
416.75,13.58,0.7874,0.833,14550.0
416.8,13.58,0.8694,0.6587,14500.0
416.85,13.53,0.7422,0.7192,14430.0
416.9,13.48,0.615,0.7797,14380.0
416.95,13.53,0.5617,0.9626,14360.0
417.0,13.58,0.5084,1.145,14350.0
417.05,13.74,0.4803,0.9294,14350.0
417.1,13.9,0.4522,0.7133,14380.0
417.15,13.88,0.4701,0.506,14430.0
417.2,13.86,0.4881,0.2987,14470.0
417.25,13.99,0.4723,0.3117,14470.0
417.3,14.12,0.4566,0.3246,14450.0
417.35,14.06,0.5018,0.4742,14410.0
417.4,14.0,0.547,0.6238,14380.0
417.45,13.99,0.5412,0.561,14350.0
417.5,13.98,0.5354,0.4982,14300.0
417.55,14.0,0.4719,0.5527,14270.0
417.6,14.01,0.4084,0.6073,14280.0
417.65,14.16,0.2914,0.4106,14310.0
417.7,14.31,0.1744,0.2139,14340.0
417.75,14.21,0.2185,0.2311,14370.0
417.8,14.11,0.2627,0.2483,14410.0
417.85,14.23,0.455,0.3155,14440.0
417.9,14.36,0.6473,0.3826,14440.0
417.95,14.52,0.5921,0.2516,14400.0
418.0,14.69,0.537,0.1205,14350.0
418.05,14.58,0.3481,0.1945,14320.0
418.1,14.47,0.1592,0.2685,14320.0
418.15,14.39,0.126,0.3442,14340.0
418.2,14.31,0.09275,0.42,14350.0
418.25,14.38,0.1606,0.5076,14380.0
418.3,14.46,0.2285,0.5953,14420.0
418.35,14.49,0.2189,0.6076,14450.0
418.4,14.52,0.2094,0.6199,14450.0
418.45,14.64,0.05215,0.6166,14440.0
418.5,14.77,-0.1051,0.6133,14430.0
418.55,14.89,-0.07205,0.456,14440.0
418.6,15.01,-0.03901,0.2987,14450.0
418.65,14.93,-0.03623,0.3262,14450.0
418.7,14.85,-0.03344,0.3536,14460.0
418.75,14.71,-0.1216,0.2547,14460.0
418.8,14.57,-0.2098,0.1558,14470.0
418.85,14.63,-0.1093,-0.0478,14470.0
418.9,14.69,-0.008758,-0.2514,14450.0
418.95,14.61,0.1519,-0.08901,14450.0
419.0,14.53,0.3125,0.07341,14450.0
419.05,14.37,0.4739,-0.09584,14470.0
419.1,14.21,0.6353,-0.2651,14480.0
419.15,14.18,0.5462,-0.252,14480.0
419.2,14.16,0.457,-0.239,14490.0
419.25,14.23,0.2438,-0.2656,14510.0
419.3,14.3,0.03065,-0.2922,14520.0
419.35,14.6,0.1483,-0.3763,14520.0
419.4,14.89,0.2659,-0.4604,14520.0
419.45,14.9,0.5241,-0.3472,14520.0
419.5,14.91,0.7822,-0.2339,14500.0
419.55,15.06,0.7866,-0.2381,14480.0
419.6,15.21,0.791,-0.2424,14450.0
419.65,15.17,0.7834,-0.403,14440.0
419.7,15.13,0.7759,-0.5636,14440.0
419.75,14.95,0.8495,-0.5373,14470.0
419.8,14.78,0.9232,-0.5109,14490.0
419.85,14.68,0.9574,-0.5725,14500.0
419.9,14.57,0.9916,-0.6341,14500.0
419.95,14.47,0.828,-0.7511,14500.0
420.0,14.36,0.6644,-0.8682,14480.0
420.05,14.19,0.5963,-0.9509,14450.0
420.1,14.02,0.5283,-1.034,14420.0
420.15,14.23,0.4894,-0.9934,14410.0
420.2,14.43,0.4506,-0.9533,14420.0
420.25,14.45,0.1945,-0.7772,14430.0
420.3,14.47,-0.0617,-0.6012,14430.0
420.35,14.51,0.08201,-0.7038,14440.0
420.4,14.55,0.2257,-0.8065,14440.0
420.45,14.45,0.1897,-0.8572,14440.0
420.5,14.35,0.1537,-0.9079,14430.0
420.55,14.25,0.004777,-0.8566,14420.0
420.6,14.15,-0.1441,-0.8053,14430.0
420.65,14.23,-0.1272,-0.7474,14450.0
420.7,14.31,-0.1103,-0.6894,14450.0
420.75,14.33,0.0003981,-0.8337,14450.0
420.8,14.35,0.1111,-0.9779,14440.0
420.85,14.44,0.1055,-1.014,14430.0
420.9,14.53,0.09992,-1.05,14430.0
420.95,14.57,-0.02946,-1.083,14420.0
421.0,14.61,-0.1588,-1.116,14420.0
421.05,14.59,-0.5225,-0.9938,14430.0
421.1,14.57,-0.8861,-0.8714,14450.0
421.15,14.54,-0.7832,-0.7978,14480.0
421.2,14.51,-0.6803,-0.7243,14480.0
421.25,14.47,-0.4273,-0.4853,14480.0
421.3,14.44,-0.1744,-0.2463,14480.0
421.35,14.35,0.01015,-0.07377,14470.0
421.4,14.26,0.1947,0.09877,14460.0
421.45,14.42,0.2596,-0.02939,14460.0
421.5,14.57,0.3244,-0.1575,14460.0
421.55,14.66,0.2144,-0.03317,14470.0
421.6,14.75,0.1043,0.09121,14480.0
421.65,14.7,0.00617,0.1694,14490.0
421.7,14.64,-0.09196,0.2475,14500.0
421.75,14.63,0.09017,0.3064,14500.0
421.8,14.62,0.2723,0.3653,14520.0
421.85,14.56,0.3195,0.2268,14530.0
421.9,14.51,0.3666,0.08828,14540.0
421.95,14.61,0.2787,0.05182,14530.0
422.0,14.72,0.1907,0.01536,14530.0
422.05,14.79,0.3205,0.006707,14520.0
422.1,14.85,0.4502,-0.001951,14530.0
422.15,14.86,0.7651,0.04573,14530.0
422.2,14.86,1.08,0.0934,14540.0
422.25,14.79,0.8983,0.06548,14550.0
422.3,14.71,0.7165,0.03756,14560.0
422.35,14.89,0.7281,-0.03268,14560.0
422.4,15.07,0.7396,-0.1029,14560.0
422.45,15.19,0.6294,-0.3335,14550.0
422.5,15.31,0.5191,-0.5641,14540.0
422.55,15.24,0.4592,-0.4262,14530.0
422.6,15.17,0.3993,-0.2883,14530.0
422.65,15.17,0.3376,-0.25,14530.0
422.7,15.16,0.2759,-0.2117,14550.0
422.75,15.08,0.3157,-0.3652,14560.0
422.8,14.99,0.3555,-0.5187,14580.0
422.85,14.95,0.3051,-0.4125,14600.0
422.9,14.91,0.2548,-0.3063,14600.0
422.95,14.92,0.3642,-0.3097,14580.0
423.0,14.93,0.4737,-0.3131,14550.0
423.05,14.94,0.58,-0.3413,14530.0
423.1,14.94,0.6863,-0.3695,14510.0
423.15,14.93,0.7024,-0.2698,14490.0
423.2,14.93,0.7185,-0.1702,14490.0
423.25,14.84,0.7568,-0.1243,14510.0
423.3,14.76,0.795,-0.07828,14540.0
423.35,14.71,0.9757,-0.1488,14580.0
423.4,14.67,1.156,-0.2192,14600.0
423.45,14.59,1.15,-0.3129,14620.0
423.5,14.51,1.144,-0.4065,14620.0
423.55,14.42,1.232,-0.2961,14610.0
423.6,14.33,1.32,-0.1856,14580.0
423.65,14.36,1.384,-0.2603,14550.0
423.7,14.38,1.447,-0.3351,14530.0
423.75,14.48,1.453,-0.3841,14510.0
423.8,14.58,1.459,-0.4331,14510.0
423.85,14.63,1.151,-0.4691,14510.0
423.9,14.69,0.8427,-0.5051,14530.0
423.95,14.68,0.9031,-0.5404,14560.0
424.0,14.67,0.9634,-0.5758,14600.0
424.05,14.6,1.076,-0.3403,14630.0
424.1,14.53,1.189,-0.1049,14640.0
424.15,14.5,1.156,-0.1611,14640.0
424.2,14.47,1.122,-0.2173,14650.0
424.25,14.47,1.287,-0.1633,14640.0
424.3,14.47,1.451,-0.1093,14620.0
424.35,14.41,1.437,0.03548,14600.0
424.4,14.36,1.423,0.1802,14610.0
424.45,14.45,1.269,0.2218,14630.0
424.5,14.54,1.116,0.2634,14660.0
424.55,14.56,1.011,0.1834,14680.0
424.6,14.57,0.9052,0.1034,14700.0
424.65,14.51,0.8893,0.1871,14710.0
424.7,14.44,0.8734,0.2707,14710.0
424.75,14.41,0.9005,0.1769,14700.0
424.8,14.38,0.9275,0.08316,14690.0
424.85,14.32,0.9007,0.2367,14690.0
424.9,14.27,0.8738,0.3902,14700.0
424.95,14.41,0.8885,0.3703,14730.0
425.0,14.54,0.9033,0.3504,14750.0
425.05,14.69,0.6998,0.2341,14770.0
425.1,14.83,0.4964,0.1178,14790.0
425.15,14.93,0.5097,0.02731,14800.0
425.2,15.03,0.5231,-0.06316,14780.0
425.25,15.21,0.6059,-0.0178,14740.0
425.3,15.39,0.6887,0.02756,14700.0
425.35,15.49,0.6385,-0.05768,14670.0
425.4,15.59,0.5884,-0.1429,14660.0
425.45,15.61,0.4882,-0.5226,14670.0
425.5,15.62,0.3881,-0.9023,14710.0
425.55,15.57,0.4447,-0.8956,14760.0
425.6,15.52,0.5012,-0.8889,14800.0
425.65,15.5,0.623,-0.8371,14820.0
425.7,15.48,0.7448,-0.7853,14820.0
425.75,15.69,0.7116,-0.6705,14780.0
425.8,15.91,0.6783,-0.5558,14720.0
425.85,15.85,0.7408,-0.579,14670.0
425.9,15.79,0.8033,-0.6021,14650.0
425.95,15.56,0.6411,-0.8002,14650.0
426.0,15.34,0.4789,-0.9982,14670.0
426.05,15.22,0.655,-0.8041,14700.0
426.1,15.1,0.8312,-0.6099,14740.0
426.15,15.02,0.8772,-0.4887,14770.0
426.2,14.94,0.9232,-0.3675,14780.0
426.25,14.96,0.9761,-0.198,14760.0
426.3,14.98,1.029,-0.02853,14730.0
426.35,15.16,0.8995,-0.01232,14710.0
426.4,15.33,0.7699,0.003902,14690.0
426.45,15.25,0.7994,-0.1216,14680.0
426.5,15.17,0.8288,-0.247,14690.0
426.55,14.95,0.7488,-0.1849,14700.0
426.6,14.73,0.6688,-0.1227,14720.0
426.65,14.84,0.6409,-0.1321,14730.0
426.7,14.94,0.613,-0.1414,14740.0
426.75,14.93,0.336,-0.02609,14740.0
426.8,14.93,0.05892,0.08926,14740.0
426.85,14.9,-0.1433,0.2505,14730.0
426.9,14.87,-0.3455,0.4117,14720.0
426.95,15.02,-0.3748,0.4004,14710.0
427.0,15.18,-0.4041,0.3892,14710.0
427.05,15.15,-0.3004,0.268,14730.0
427.1,15.11,-0.1967,0.1468,14760.0
427.15,15.14,-0.01871,0.1224,14810.0
427.2,15.17,0.1592,0.09804,14850.0
427.25,15.1,0.4019,0.1724,14870.0
427.3,15.02,0.6445,0.2468,14860.0
427.35,15.09,0.6825,0.08621,14840.0
427.4,15.16,0.7205,-0.07438,14810.0
427.45,15.08,0.6588,-0.1051,14800.0
427.5,15.0,0.5971,-0.1358,14800.0
427.55,15.14,0.3563,-0.01402,14820.0
427.6,15.29,0.1154,0.1078,14850.0
427.65,15.52,0.2351,0.2438,14890.0
427.7,15.76,0.3547,0.3797,14930.0
427.75,15.58,0.4679,0.3839,14960.0
427.8,15.41,0.5812,0.388,14980.0
427.85,15.42,0.3388,0.4359,14990.0
427.9,15.43,0.09634,0.4838,14980.0
427.95,15.57,0.1941,0.4314,14950.0
428.0,15.72,0.2918,0.379,14920.0
428.05,15.71,0.2832,0.1761,14900.0
428.1,15.71,0.2747,-0.02683,14890.0
428.15,15.73,0.2667,-0.08926,14900.0
428.2,15.74,0.2588,-0.1517,14910.0
428.25,15.66,0.125,-0.04024,14940.0
428.3,15.57,-0.008758,0.07121,14970.0
428.35,15.69,-0.1222,0.1767,14990.0
428.4,15.8,-0.2357,0.2822,15000.0
428.45,15.75,-0.1194,0.322,15000.0
428.5,15.69,-0.003185,0.3619,15000.0
428.55,15.72,-0.004578,0.2753,15000.0
428.6,15.75,-0.005971,0.1888,15000.0
428.65,15.73,-0.03842,0.07109,15010.0
428.7,15.72,-0.07086,-0.04658,15010.0
428.75,15.75,-0.08081,0.03768,15010.0
428.8,15.78,-0.09076,0.1219,14990.0
428.85,15.86,-0.07802,0.2598,14980.0
428.9,15.95,-0.06529,0.3978,14980.0
428.95,16.08,0.01194,0.658,14970.0
429.0,16.22,0.08917,0.9182,14970.0
429.05,16.28,0.04618,0.8533,14990.0
429.1,16.34,0.003185,0.7884,15010.0
429.15,16.34,-0.08161,0.7137,15040.0
429.2,16.34,-0.1664,0.639,15070.0
429.25,16.29,-0.249,0.777,15080.0
429.3,16.24,-0.3316,0.915,15070.0
429.35,16.16,-0.4186,0.9432,15050.0
429.4,16.09,-0.5056,0.9714,15010.0
429.45,15.99,-0.377,0.7472,14980.0
429.5,15.9,-0.2484,0.5231,14950.0
429.55,15.85,0.0199,0.5114,14940.0
429.6,15.8,0.2882,0.4997,14950.0
429.65,15.84,0.3517,0.5697,14980.0
429.7,15.87,0.4152,0.6397,15020.0
429.75,15.78,0.6308,0.7033,15060.0
429.8,15.68,0.8463,0.767,15080.0
429.85,15.78,0.6441,0.7375,15090.0
429.9,15.89,0.4419,0.708,15080.0
429.95,15.9,0.6274,0.7094,15050.0
430.0,15.9,0.8129,0.7109,15020.0
430.05,15.86,0.9031,0.5876,15000.0
430.1,15.81,0.9932,0.4643,15020.0
430.15,16.05,0.9868,0.6214,15060.0
430.2,16.29,0.9805,0.7785,15100.0
430.25,16.34,1.06,0.7782,15140.0
430.3,16.39,1.141,0.778,15180.0
430.35,16.37,0.8672,0.6335,15200.0
430.4,16.34,0.5939,0.489,15180.0
430.45,16.34,0.6369,0.5332,15140.0
430.5,16.34,0.6799,0.5775,15110.0
430.55,16.2,0.7623,0.2833,15110.0
430.6,16.06,0.8447,-0.01097,15130.0
430.65,15.94,1.03,-0.004878,15150.0
430.7,15.82,1.215,0.001219,15190.0
430.75,15.77,1.246,0.1535,15240.0
430.8,15.73,1.277,0.3058,15270.0
430.85,16.08,1.132,0.388,15260.0
430.9,16.43,0.988,0.4702,15230.0
430.95,16.67,0.9317,0.583,15200.0
431.0,16.91,0.8754,0.6958,15180.0
431.05,16.89,0.7016,0.6527,15180.0
431.1,16.88,0.5279,0.6097,15190.0
431.15,16.72,0.5384,0.5392,15200.0
431.2,16.56,0.549,0.4687,15230.0
431.25,16.53,0.4309,0.2156,15270.0
431.3,16.5,0.3129,-0.03756,15300.0
431.35,16.55,0.3455,-0.1889,15290.0
431.4,16.61,0.3782,-0.3402,15280.0
431.45,16.52,0.4124,-0.4564,15270.0
431.5,16.43,0.4466,-0.5726,15250.0
431.55,16.46,0.301,-0.5647,15220.0
431.6,16.49,0.1553,-0.5568,15180.0
431.65,16.52,0.1568,-0.4134,15170.0
431.7,16.55,0.1584,-0.27,15190.0
431.75,16.62,-0.1248,-0.2809,15220.0
431.8,16.69,-0.408,-0.2919,15240.0
431.85,16.72,-0.204,-0.3074,15270.0
431.9,16.75,0.0,-0.3229,15290.0
431.95,16.66,-0.1714,-0.3592,15310.0
432.0,16.57,-0.3427,-0.3956,15290.0
432.05,16.63,-0.3137,-0.4386,15230.0
432.1,16.68,-0.2846,-0.4817,15180.0
432.15,16.53,-0.3073,-0.4615,15160.0
432.2,16.38,-0.33,-0.4414,15150.0
432.25,16.41,-0.3658,-0.502,15150.0
432.3,16.44,-0.4017,-0.5626,15170.0
432.35,16.59,-0.3336,-0.504,15210.0
432.4,16.75,-0.2655,-0.4453,15250.0
432.45,17.02,-0.2631,-0.499,15280.0
432.5,17.28,-0.2607,-0.5526,15280.0
432.55,17.4,-0.1978,-0.3872,15260.0
432.6,17.52,-0.135,-0.2217,15240.0
432.65,17.41,-0.3215,-0.3587,15230.0
432.7,17.3,-0.508,-0.4958,15210.0
432.75,17.13,-0.3449,-0.5196,15190.0
432.8,16.97,-0.1819,-0.5434,15200.0
432.85,17.0,-0.2454,-0.4886,15220.0
432.9,17.03,-0.3089,-0.4339,15260.0
432.95,17.1,-0.215,-0.4501,15290.0
433.0,17.18,-0.121,-0.4663,15310.0
433.05,17.0,-0.2146,-0.5082,15320.0
433.1,16.82,-0.3081,-0.5502,15340.0
433.15,16.85,-0.298,-0.5747,15350.0
433.2,16.88,-0.2878,-0.5992,15350.0
433.25,16.89,-0.06389,-0.7453,15340.0
433.3,16.9,0.16,-0.8914,15340.0
433.35,17.05,0.1578,-0.909,15350.0
433.4,17.2,0.1557,-0.9267,15340.0
433.45,17.37,-0.08101,-0.9423,15330.0
433.5,17.55,-0.3177,-0.9579,15330.0
433.55,17.54,-0.251,-0.9287,15360.0
433.6,17.53,-0.1843,-0.8994,15380.0
433.65,17.73,-0.0832,-0.7878,15400.0
433.7,17.92,0.01791,-0.6763,15420.0
433.75,17.93,0.04339,-0.5835,15440.0
433.8,17.93,0.06887,-0.4907,15470.0
433.85,17.8,-0.0621,-0.4982,15460.0
433.9,17.67,-0.1931,-0.5058,15440.0
433.95,17.52,-0.283,-0.3748,15420.0
434.0,17.37,-0.373,-0.2439,15420.0
434.05,17.34,-0.1119,-0.3111,15430.0
434.1,17.3,0.1493,-0.3783,15430.0
434.15,17.25,0.5028,-0.1994,15430.0
434.2,17.2,0.8563,-0.02049,15440.0
434.25,17.17,0.7006,-0.06963,15460.0
434.3,17.15,0.545,-0.1188,15470.0
434.35,17.13,0.6053,-0.04804,15470.0
434.4,17.11,0.6656,0.02268,15440.0
434.45,17.1,0.6849,0.08389,15430.0
434.5,17.1,0.7042,0.1451,15430.0
434.55,17.24,0.5356,-0.02524,15430.0
434.6,17.38,0.367,-0.1956,15440.0
434.65,17.32,0.4116,-0.3207,15450.0
434.7,17.26,0.4562,-0.4458,15480.0
434.75,17.3,0.2703,-0.4042,15500.0
434.8,17.34,0.08439,-0.3626,15510.0
434.85,17.2,0.246,-0.343,15500.0
434.9,17.07,0.4076,-0.3234,15480.0
434.95,17.06,0.3021,-0.2519,15460.0
435.0,17.05,0.1967,-0.1805,15450.0
435.05,16.9,-0.06947,-0.1612,15440.0
435.1,16.76,-0.3356,-0.1419,15430.0
435.15,16.78,-0.3137,-0.1513,15440.0
435.2,16.79,-0.2918,-0.1607,15460.0
435.25,16.64,-0.2713,-0.2664,15480.0
435.3,16.49,-0.2508,-0.3722,15500.0
435.35,16.36,-0.2699,-0.5279,15520.0
435.4,16.22,-0.289,-0.6836,15530.0
435.45,16.25,-0.2799,-0.7767,15540.0
435.5,16.27,-0.2707,-0.8699,15530.0
435.55,16.35,-0.2482,-0.9133,15500.0
435.6,16.43,-0.2257,-0.9567,15470.0
435.65,16.67,-0.2,-1.021,15450.0
435.7,16.9,-0.1744,-1.085,15440.0
435.75,16.87,0.1065,-1.172,15450.0
435.8,16.84,0.3873,-1.258,15470.0
435.85,16.74,0.4779,-1.249,15500.0
435.9,16.63,0.5685,-1.24,15540.0
435.95,16.66,0.1383,-1.081,15560.0
436.0,16.69,-0.2918,-0.9216,15550.0
436.05,16.6,-0.3897,-0.8021,15540.0
436.1,16.52,-0.4877,-0.6826,15510.0
436.15,16.52,-0.5285,-0.6329,15480.0
436.2,16.52,-0.5693,-0.5831,15460.0
436.25,16.61,-0.451,-0.4506,15460.0
436.3,16.69,-0.3328,-0.318,15460.0
436.35,16.69,-0.1077,-0.139,15480.0
436.4,16.69,0.1174,0.04,15500.0
436.45,16.79,0.2454,0.1762,15520.0
436.5,16.89,0.3734,0.3124,15520.0
436.55,16.94,0.1951,0.1913,15520.0
436.6,16.99,0.01672,0.07024,15520.0
436.65,17.17,0.06051,0.1561,15510.0
436.7,17.36,0.1043,0.2419,15500.0
436.75,17.35,0.05673,0.143,15490.0
436.8,17.33,0.009156,0.04414,15490.0
436.85,17.27,-0.1475,0.09865,15500.0
436.9,17.21,-0.3041,0.1532,15500.0
436.95,17.11,-0.3141,0.2277,15500.0
437.0,17.02,-0.324,0.3022,15490.0
437.05,16.94,-0.3232,0.4669,15490.0
437.1,16.86,-0.3224,0.6316,15490.0
437.15,16.92,-0.4005,0.7582,15470.0
437.2,16.97,-0.4785,0.8848,15450.0
437.25,16.93,-0.4992,0.6565,15440.0
437.3,16.89,-0.5199,0.4282,15440.0
437.35,16.91,-0.6769,0.5859,15460.0
437.4,16.92,-0.834,0.7436,15490.0
437.45,16.78,-0.9355,0.9831,15520.0
437.5,16.63,-1.037,1.223,15550.0
437.55,16.61,-0.9681,1.028,15560.0
437.6,16.58,-0.8993,0.8331,15530.0
437.65,16.66,-0.8071,0.7816,15490.0
437.7,16.74,-0.715,0.7302,15430.0
437.75,16.77,-0.5189,0.7343,15400.0
437.8,16.8,-0.3228,0.7385,15380.0
437.85,16.99,-0.2309,0.5954,15370.0
437.9,17.17,-0.1389,0.4524,15390.0
437.95,17.19,-0.1674,0.3523,15440.0
438.0,17.21,-0.1959,0.2522,15500.0
438.05,17.06,-0.2,0.1486,15540.0
438.1,16.9,-0.2042,0.04512,15540.0
438.15,16.81,-0.1053,-0.07219,15530.0
438.2,16.72,-0.006369,-0.1895,15510.0
438.25,16.84,-0.1493,-0.2552,15460.0
438.3,16.97,-0.2922,-0.3209,15410.0
438.35,16.94,-0.289,-0.3775,15370.0
438.4,16.91,-0.2858,-0.4341,15370.0
438.45,16.9,-0.4588,-0.292,15390.0
438.5,16.88,-0.6318,-0.15,15410.0
438.55,17.15,-0.5649,-0.2568,15430.0
438.6,17.41,-0.498,-0.3636,15440.0
438.65,17.52,-0.586,-0.4712,15460.0
438.7,17.62,-0.674,-0.5787,15470.0
438.75,17.52,-0.6702,-0.7264,15460.0
438.8,17.42,-0.6664,-0.874,15430.0
438.85,17.32,-0.6941,-0.7276,15400.0
438.9,17.21,-0.7217,-0.5812,15390.0
438.95,17.0,-0.8013,-0.4774,15380.0
439.0,16.8,-0.881,-0.3736,15370.0
439.05,16.7,-0.8865,-0.4069,15370.0
439.1,16.61,-0.8921,-0.4402,15400.0
439.15,16.4,-0.4795,-0.6093,15440.0
439.2,16.2,-0.06688,-0.7785,15460.0
439.25,16.03,0.004578,-0.6474,15440.0
439.3,15.86,0.07603,-0.5163,15400.0
439.35,15.88,-0.167,-0.4026,15360.0
439.4,15.9,-0.41,-0.289,15330.0
439.45,16.07,-0.2152,-0.478,15310.0
439.5,16.25,-0.0203,-0.667,15300.0
439.55,16.22,0.1252,-0.7307,15310.0
439.6,16.19,0.2707,-0.7943,15350.0
439.65,16.19,0.371,-1.011,15380.0
439.7,16.19,0.4713,-1.228,15400.0
439.75,16.13,0.3869,-1.057,15400.0
439.8,16.07,0.3025,-0.8865,15390.0
439.85,16.02,0.3386,-0.8019,15370.0
439.9,15.97,0.3746,-0.7172,15340.0
439.95,15.94,0.3061,-0.7192,15290.0
440.0,15.91,0.2377,-0.7211,15260.0
440.05,15.9,0.2136,-0.7703,15260.0
440.1,15.9,0.1895,-0.8194,15280.0
440.15,15.85,0.3031,-0.7986,15310.0
440.2,15.81,0.4168,-0.7777,15330.0
440.25,15.8,0.5111,-0.4684,15350.0
440.3,15.8,0.6055,-0.159,15360.0
440.35,15.87,0.5412,0.1277,15360.0
440.4,15.93,0.4769,0.4143,15340.0
440.45,15.86,0.6688,0.1295,15310.0
440.5,15.79,0.8607,-0.1553,15280.0
440.55,15.68,0.7773,-0.1736,15270.0
440.6,15.57,0.6939,-0.1919,15260.0
440.65,15.37,0.531,0.04829,15260.0
440.7,15.17,0.3682,0.2885,15280.0
440.75,15.23,0.3615,-0.01841,15320.0
440.8,15.3,0.3547,-0.3253,15360.0
440.85,15.25,0.4455,-0.2578,15380.0
440.9,15.2,0.5362,-0.1902,15360.0
440.95,15.05,0.5563,-0.1661,15330.0
441.0,14.9,0.5764,-0.1419,15300.0
441.05,14.81,0.5261,-0.2492,15270.0
441.1,14.71,0.4757,-0.3565,15230.0
441.15,14.62,0.381,-0.4034,15210.0
441.2,14.53,0.2862,-0.4502,15230.0
441.25,14.73,0.2793,-0.3018,15270.0
441.3,14.92,0.2723,-0.1534,15300.0
441.35,14.87,0.3304,-0.06975,15320.0
441.4,14.83,0.3885,0.0139,15330.0
441.45,14.8,0.4922,-0.08487,15340.0
441.5,14.77,0.5959,-0.1836,15330.0
441.55,14.78,0.3865,-0.1349,15320.0
441.6,14.79,0.1771,-0.08609,15290.0
441.65,14.86,0.2339,-0.2711,15260.0
441.7,14.93,0.2906,-0.456,15250.0
441.75,14.82,0.4942,-0.3685,15250.0
441.8,14.72,0.6978,-0.2809,15250.0
441.85,14.72,0.8258,-0.3226,15240.0
441.9,14.72,0.9538,-0.3644,15240.0
441.95,14.78,0.8674,-0.3211,15260.0
442.0,14.84,0.781,-0.2778,15270.0
442.05,14.76,0.825,-0.2609,15270.0
442.1,14.68,0.869,-0.2441,15250.0
442.15,14.56,0.8674,-0.3806,15250.0
442.2,14.44,0.8658,-0.517,15250.0
442.25,14.47,0.8254,-0.6994,15240.0
442.3,14.49,0.785,-0.8819,15220.0
442.35,14.43,0.7717,-0.8536,15190.0
442.4,14.37,0.7583,-0.8253,15180.0
442.45,14.33,0.7721,-1.066,15170.0
442.5,14.28,0.7858,-1.307,15170.0
442.55,14.25,0.5904,-1.351,15170.0
442.6,14.22,0.3949,-1.394,15180.0
442.65,14.39,0.2721,-1.324,15200.0
442.7,14.55,0.1493,-1.253,15220.0
442.75,14.59,0.06011,-1.236,15220.0
442.8,14.62,-0.02906,-1.218,15190.0
442.85,14.6,-0.2402,-1.14,15160.0
442.9,14.59,-0.4514,-1.061,15130.0
442.95,14.67,-0.3153,-1.161,15100.0
443.0,14.75,-0.1791,-1.261,15080.0
443.05,14.78,-0.02428,-1.136,15080.0
443.1,14.81,0.1306,-1.012,15110.0
443.15,14.76,0.1586,-1.026,15160.0
443.2,14.7,0.1867,-1.04,15200.0
443.25,14.88,0.2932,-1.044,15220.0
443.3,15.06,0.3997,-1.049,15220.0
443.35,15.11,0.4429,-0.9444,15210.0
443.4,15.17,0.4861,-0.8402,15190.0
443.45,15.05,0.4206,-0.723,15150.0
443.5,14.93,0.3551,-0.6058,15110.0
443.55,14.98,0.3501,-0.666,15090.0
443.6,15.04,0.3451,-0.7263,15110.0
443.65,14.89,0.2761,-0.6197,15130.0
443.7,14.74,0.207,-0.5131,15160.0
443.75,14.57,-0.006568,-0.6669,15190.0
443.8,14.41,-0.2201,-0.8206,15210.0
443.85,14.65,-0.08021,-0.7382,15230.0
443.9,14.88,0.05971,-0.6558,15230.0
443.95,14.89,0.01214,-0.5256,15210.0
444.0,14.91,-0.03543,-0.3953,15200.0
444.05,14.84,0.1815,-0.2579,15200.0
444.1,14.77,0.3985,-0.1205,15200.0
444.15,14.77,0.3923,0.05609,15190.0
444.2,14.76,0.3861,0.2327,15190.0
444.25,14.66,0.3131,0.2141,15200.0
444.3,14.55,0.24,0.1956,15220.0
444.35,14.72,0.2659,0.04536,15240.0
444.4,14.9,0.2918,-0.1049,15240.0
444.45,14.95,0.1694,-0.2581,15240.0
444.5,14.99,0.04697,-0.4114,15230.0
444.55,15.05,-0.01174,-0.3503,15210.0
444.6,15.11,-0.07046,-0.2892,15190.0
444.65,14.99,-0.2745,-0.1535,15180.0
444.7,14.87,-0.4785,-0.0178,15180.0
444.75,14.96,-0.5987,-0.1766,15200.0
444.8,15.04,-0.7189,-0.3353,15220.0
444.85,14.89,-0.6475,-0.4013,15230.0
444.9,14.74,-0.576,-0.4673,15220.0
444.95,14.63,-0.6314,-0.5479,15200.0
445.0,14.53,-0.6867,-0.6285,15180.0
445.05,14.61,-0.8499,-0.5671,15160.0
445.1,14.69,-1.013,-0.5058,15140.0
445.15,14.69,-1.041,-0.3603,15130.0
445.2,14.69,-1.068,-0.2149,15130.0
445.25,14.54,-1.025,-0.2395,15150.0
445.3,14.39,-0.9825,-0.2641,15150.0
445.35,14.51,-0.7313,-0.2136,15130.0
445.4,14.63,-0.4801,-0.1632,15110.0
445.45,14.77,-0.4349,-0.2673,15100.0
445.5,14.92,-0.3897,-0.3714,15110.0
445.55,15.03,-0.3004,-0.2928,15100.0
445.6,15.14,-0.211,-0.2141,15090.0
445.65,15.2,-0.2263,-0.3222,15080.0
445.7,15.26,-0.2416,-0.4302,15080.0
445.75,15.25,-0.0424,-0.3107,15080.0
445.8,15.24,0.1568,-0.1912,15070.0
445.85,15.21,0.259,-0.3907,15040.0
445.9,15.19,0.3611,-0.5902,15030.0
445.95,15.23,0.3867,-0.6003,15030.0
446.0,15.27,0.4124,-0.6104,15040.0
446.05,15.38,0.337,-0.7178,15030.0
446.1,15.5,0.2615,-0.8253,15030.0
446.15,15.28,-0.007962,-0.8026,15050.0
446.2,15.06,-0.2775,-0.7799,15060.0
446.25,14.91,-0.1642,-0.7304,15060.0
446.3,14.77,-0.05095,-0.6809,15050.0
446.35,14.6,-0.1425,-0.6181,15030.0
446.4,14.43,-0.2341,-0.5553,15020.0
446.45,14.58,0.05115,-0.2784,15000.0
446.5,14.73,0.3364,-0.001463,14980.0
446.55,14.54,0.3232,-0.1112,14960.0
446.6,14.36,0.3101,-0.221,14950.0
446.65,14.34,0.3097,-0.3047,14960.0
446.7,14.32,0.3093,-0.3885,14980.0
446.75,14.37,0.3461,-0.3029,15000.0
446.8,14.43,0.383,-0.2173,15020.0
446.85,14.59,0.3244,0.007438,15040.0
446.9,14.75,0.2659,0.2322,15060.0
446.95,14.67,0.1477,0.3417,15040.0
447.0,14.59,0.02946,0.4512,14990.0
447.05,14.52,-0.08579,0.4003,14930.0
447.1,14.46,-0.201,0.3495,14880.0
447.15,14.62,-0.05135,0.2757,14860.0
447.2,14.79,0.09833,0.2019,14860.0
447.25,14.98,0.1732,0.2701,14890.0
447.3,15.18,0.248,0.3383,14930.0
447.35,15.28,0.3867,0.3044,14980.0
447.4,15.38,0.5255,0.2705,14990.0
447.45,15.28,0.5573,0.238,14970.0
447.5,15.18,0.5892,0.2056,14910.0
447.55,15.12,0.4849,-0.02024,14850.0
447.6,15.07,0.3806,-0.2461,14800.0
447.65,14.93,0.3503,-0.2519,14770.0
447.7,14.79,0.3201,-0.2578,14770.0
447.75,14.89,0.1457,-0.2636,14800.0
447.8,15.0,-0.02866,-0.2695,14840.0
447.85,15.0,-0.1555,-0.139,14870.0
447.9,15.0,-0.2822,-0.008536,14870.0
447.95,14.9,-0.4843,-0.0828,14840.0
448.0,14.81,-0.6863,-0.1571,14800.0
448.05,14.74,-0.7794,-0.1134,14760.0
448.1,14.68,-0.8726,-0.06975,14730.0
448.15,14.62,-0.6895,-0.08389,14700.0
448.2,14.57,-0.5064,-0.09804,14700.0
448.25,14.66,-0.4801,-0.1806,14720.0
448.3,14.75,-0.4538,-0.2631,14730.0
448.35,14.58,-0.3426,-0.3819,14750.0
448.4,14.41,-0.2313,-0.5007,14750.0
448.45,14.42,-0.1276,-0.344,14750.0
448.5,14.43,-0.02389,-0.1873,14750.0
448.55,14.34,-0.01871,-0.1085,14740.0
448.6,14.25,-0.01353,-0.02975,14720.0
448.65,14.2,-0.09355,-0.09621,14690.0
448.7,14.15,-0.1736,-0.1627,14660.0
448.75,13.88,-0.207,-0.2407,14640.0
448.8,13.61,-0.2404,-0.3187,14630.0
448.85,13.62,-0.3083,-0.2651,14620.0
448.9,13.63,-0.3762,-0.2114,14630.0
448.95,13.57,-0.3422,-0.3946,14650.0
449.0,13.52,-0.3081,-0.5777,14670.0
449.05,13.57,-0.1348,-0.7104,14690.0
449.1,13.62,0.03861,-0.8431,14690.0
449.15,13.62,-0.05971,-0.7842,14670.0
449.2,13.62,-0.158,-0.7253,14630.0
449.25,13.75,-0.3161,-0.606,14580.0
449.3,13.89,-0.4741,-0.4868,14540.0
449.35,14.01,-0.5022,-0.5035,14520.0
449.4,14.12,-0.5302,-0.5202,14540.0
449.45,14.16,-0.5177,-0.4651,14590.0
449.5,14.19,-0.5052,-0.41,14640.0
449.55,14.16,-0.5101,-0.1443,14690.0
449.6,14.13,-0.5151,0.1215,14700.0
449.65,14.23,-0.6453,-0.006463,14670.0
449.7,14.33,-0.7755,-0.1344,14610.0
449.75,14.38,-0.9675,0.02085,14540.0
449.8,14.42,-1.16,0.1761,14480.0
449.85,14.4,-1.364,0.1873,14450.0
449.9,14.39,-1.569,0.1985,14450.0
449.95,14.49,-1.652,0.2911,14500.0
450.0,14.6,-1.735,0.3836,14560.0
450.05,14.48,-1.525,0.4764,14620.0
450.1,14.36,-1.316,0.5692,14650.0
450.15,14.36,-1.486,0.3174,14640.0
450.2,14.37,-1.656,0.0656,14590.0
450.25,14.63,-1.736,0.1106,14540.0
450.3,14.89,-1.816,0.1556,14480.0
450.35,14.93,-1.752,0.2089,14430.0
450.4,14.97,-1.689,0.2622,14410.0
450.45,14.87,-1.599,0.1657,14410.0
450.5,14.78,-1.509,0.06926,14420.0
450.55,14.74,-1.522,-0.1432,14450.0
450.6,14.7,-1.535,-0.3556,14470.0
450.65,14.79,-1.503,-0.3623,14490.0
450.7,14.88,-1.471,-0.369,14490.0
450.75,14.94,-1.475,-0.2519,14470.0
450.8,15.0,-1.479,-0.1349,14440.0
450.85,15.05,-1.624,-0.1301,14390.0
450.9,15.11,-1.769,-0.1254,14350.0
450.95,14.95,-1.629,-0.1395,14320.0
451.0,14.8,-1.489,-0.1536,14300.0
451.05,14.72,-1.568,-0.06255,14310.0
451.1,14.64,-1.648,0.02853,14320.0
451.15,14.47,-1.337,0.06816,14340.0
451.2,14.29,-1.025,0.1078,14340.0
451.25,14.44,-1.021,0.1835,14340.0
451.3,14.6,-1.016,0.2592,14320.0
451.35,14.58,-1.315,0.4235,14290.0
451.4,14.56,-1.613,0.5877,14260.0
451.45,14.54,-1.617,0.3514,14220.0
451.5,14.52,-1.62,0.1151,14200.0
451.55,14.46,-1.751,0.2439,14190.0
451.6,14.4,-1.881,0.3726,14200.0
451.65,14.49,-1.979,0.4153,14210.0
451.7,14.59,-2.077,0.458,14220.0
451.75,14.79,-2.146,0.3746,14220.0
451.8,14.99,-2.216,0.2912,14210.0
451.85,15.03,-2.251,0.2053,14200.0
451.9,15.07,-2.286,0.1195,14180.0
451.95,14.88,-2.442,0.07926,14160.0
452.0,14.68,-2.598,0.03902,14150.0
452.05,14.55,-2.394,-0.08804,14140.0
452.1,14.41,-2.189,-0.2151,14130.0
452.15,14.46,-1.994,-0.1906,14140.0
452.2,14.51,-1.799,-0.1661,14150.0
452.25,14.48,-1.697,-0.3076,14180.0
452.3,14.45,-1.596,-0.4492,14200.0
452.35,14.32,-1.404,-0.5493,14220.0
452.4,14.2,-1.211,-0.6494,14210.0
452.45,13.99,-1.09,-0.4876,14180.0
452.5,13.78,-0.9685,-0.3258,14130.0
452.55,13.88,-0.8615,-0.3372,14090.0
452.6,13.98,-0.7544,-0.3485,14050.0
452.65,14.0,-0.8557,-0.4236,14030.0
452.7,14.02,-0.957,-0.4987,14030.0
452.75,14.14,-0.8748,-0.5569,14050.0
452.8,14.27,-0.7926,-0.6151,14080.0
452.85,14.32,-0.8204,-0.3512,14110.0
452.9,14.37,-0.8483,-0.08731,14130.0
452.95,14.22,-1.084,-0.02463,14130.0
453.0,14.08,-1.32,0.03804,14120.0
453.05,13.93,-1.447,-0.06694,14090.0
453.1,13.78,-1.574,-0.1719,14060.0
453.15,13.86,-1.568,-0.199,14020.0
453.2,13.94,-1.562,-0.2261,13980.0
453.25,14.06,-1.723,-0.205,13970.0
453.3,14.18,-1.883,-0.1839,13960.0
453.35,14.21,-1.904,-0.3268,13950.0
453.4,14.23,-1.925,-0.4697,13960.0
453.45,14.24,-1.801,-0.4806,13970.0
453.5,14.25,-1.677,-0.4914,13990.0
453.55,14.23,-1.819,-0.4419,14010.0
453.6,14.21,-1.961,-0.3924,14010.0
453.65,14.25,-1.88,-0.4699,14000.0
453.7,14.29,-1.798,-0.5475,13980.0
453.75,14.18,-1.84,-0.1574,13960.0
453.8,14.07,-1.883,0.2327,13940.0
453.85,14.02,-1.87,0.3107,13910.0
453.9,13.97,-1.857,0.3887,13890.0
453.95,13.92,-1.79,0.3187,13880.0
454.0,13.86,-1.723,0.2488,13870.0
454.05,14.09,-1.819,0.2983,13870.0
454.1,14.33,-1.916,0.3478,13870.0
454.15,14.38,-1.819,0.5354,13880.0
454.2,14.43,-1.723,0.7231,13880.0
454.25,14.37,-1.593,0.5982,13880.0
454.3,14.31,-1.463,0.4734,13860.0
454.35,14.35,-1.572,0.3151,13840.0
454.4,14.38,-1.68,0.1568,13810.0
454.45,14.41,-1.891,0.2936,13790.0
454.5,14.44,-2.102,0.4304,13780.0
454.55,14.46,-1.979,0.4739,13780.0
454.6,14.47,-1.856,0.5173,13790.0
454.65,14.67,-2.002,0.3954,13800.0
454.7,14.87,-2.147,0.2736,13820.0
454.75,14.82,-1.897,0.1613,13820.0
454.8,14.77,-1.647,0.04902,13800.0
454.85,14.85,-1.382,-0.222,13770.0
454.9,14.93,-1.117,-0.4931,13740.0
454.95,14.9,-0.9753,-0.3775,13730.0
455.0,14.88,-0.8336,-0.2619,13720.0
455.05,14.83,-0.9204,-0.283,13730.0
455.1,14.78,-1.007,-0.3041,13760.0
455.15,14.74,-1.06,-0.2334,13800.0
455.2,14.7,-1.114,-0.1627,13820.0
455.25,14.73,-1.192,-0.07926,13830.0
455.3,14.76,-1.27,0.004146,13810.0
455.35,14.86,-1.27,0.04243,13780.0
455.4,14.95,-1.271,0.08072,13740.0
455.45,14.95,-1.428,0.01561,13700.0
455.5,14.96,-1.585,-0.04951,13670.0
455.55,14.83,-1.594,0.0845,13650.0
455.6,14.7,-1.603,0.2185,13660.0
455.65,14.76,-1.673,0.1727,13690.0
455.7,14.81,-1.743,0.1268,13740.0
455.75,14.88,-1.751,0.07914,13770.0
455.8,14.95,-1.76,0.03146,13800.0
455.85,14.99,-1.828,0.1668,13800.0
455.9,15.04,-1.896,0.3022,13770.0
455.95,15.11,-1.944,0.07804,13720.0
456.0,15.17,-1.992,-0.1461,13670.0
456.05,15.25,-2.176,-0.2961,13620.0
456.1,15.32,-2.361,-0.446,13600.0
456.15,15.13,-2.292,-0.5812,13600.0
456.2,14.94,-2.224,-0.7163,13610.0
456.25,15.06,-2.131,-0.5207,13650.0
456.3,15.18,-2.039,-0.3251,13690.0
456.35,15.18,-1.8,-0.2663,13730.0
456.4,15.18,-1.561,-0.2075,13730.0
456.45,15.17,-1.606,-0.3502,13710.0
456.5,15.15,-1.652,-0.4929,13680.0
456.55,15.08,-1.697,-0.5582,13650.0
456.6,15.01,-1.742,-0.6236,13620.0
456.65,14.73,-1.515,-0.5471,13590.0
456.7,14.44,-1.289,-0.4707,13580.0
456.75,14.32,-1.399,-0.3294,13580.0
456.8,14.19,-1.509,-0.188,13590.0
456.85,14.25,-1.516,-0.09316,13590.0
456.9,14.31,-1.524,0.001707,13600.0
456.95,14.33,-1.407,0.2071,13600.0
457.0,14.36,-1.29,0.4124,13610.0
457.05,14.26,-1.141,0.1375,13610.0
457.1,14.17,-0.9912,-0.1373,13590.0
457.15,14.13,-0.9839,-0.1023,13570.0
457.2,14.09,-0.9765,-0.06731,13540.0
457.25,14.1,-0.8471,-0.05231,13510.0
457.3,14.12,-0.7177,-0.03731,13480.0
457.35,14.06,-0.7818,0.1185,13470.0
457.4,14.01,-0.8459,0.2744,13480.0
457.45,14.0,-0.828,0.6053,13510.0
457.5,14.0,-0.8101,0.9362,13540.0
457.55,14.05,-0.7918,0.7708,13560.0
457.6,14.1,-0.7735,0.6053,13550.0
457.65,14.01,-0.9717,0.3648,13540.0
457.7,13.91,-1.17,0.1244,13510.0
457.75,13.76,-1.297,0.224,13470.0
457.8,13.61,-1.424,0.3236,13420.0
457.85,13.51,-1.2,0.09682,13410.0
457.9,13.42,-0.9765,-0.13,13430.0
457.95,13.35,-0.8776,-0.002683,13460.0
458.0,13.29,-0.7787,0.1246,13500.0
458.05,13.11,-0.7056,0.1988,13530.0
458.1,12.93,-0.6326,0.2729,13540.0
458.15,13.05,-0.7386,0.3281,13540.0
458.2,13.17,-0.8447,0.3834,13520.0
458.25,13.16,-0.9029,0.2203,13470.0
458.3,13.14,-0.961,0.05731,13430.0
458.35,13.09,-0.7822,0.1511,13410.0
458.4,13.05,-0.6035,0.2449,13410.0
458.45,12.76,-0.7066,0.2413,13420.0
458.5,12.47,-0.8097,0.2378,13440.0
458.55,12.47,-0.7289,0.2459,13470.0
458.6,12.46,-0.6481,0.2541,13510.0
458.65,12.54,-0.5804,0.2167,13530.0
458.7,12.61,-0.5127,0.1792,13520.0
458.75,12.73,-0.5237,0.2601,13490.0
458.8,12.84,-0.5346,0.3409,13460.0
458.85,12.77,-0.4701,0.1275,13440.0
458.9,12.69,-0.4056,-0.08584,13420.0
458.95,12.69,-0.3951,-0.07804,13410.0
459.0,12.69,-0.3845,-0.07024,13410.0
459.05,12.86,-0.3716,-0.1002,13430.0
459.1,13.03,-0.3587,-0.1302,13460.0
459.15,12.82,-0.2189,0.1691,13480.0
459.2,12.61,-0.07922,0.4685,13490.0
459.25,12.7,-0.09315,0.3278,13500.0
459.3,12.79,-0.1071,0.1871,13490.0
459.35,12.97,-0.09534,0.1022,13470.0
459.4,13.16,-0.0836,0.01732,13440.0
459.45,13.33,-0.1527,-0.01805,13420.0
459.5,13.5,-0.2217,-0.05341,13410.0
459.55,13.49,-0.08439,-0.03597,13410.0
459.6,13.48,0.05295,-0.01853,13420.0
459.65,13.29,-0.005971,0.1822,13430.0
459.7,13.11,-0.06489,0.3829,13450.0
459.75,13.18,-0.3656,0.2339,13460.0
459.8,13.25,-0.6664,0.08487,13470.0
459.85,13.38,-0.8724,0.06963,13470.0
459.9,13.52,-1.078,0.05438,13460.0
459.95,13.44,-0.9443,-0.159,13460.0
460.0,13.36,-0.8101,-0.3724,13450.0
460.05,13.42,-0.987,-0.4062,13430.0
460.1,13.47,-1.164,-0.44,13410.0
460.15,13.5,-1.138,-0.4537,13410.0
460.2,13.52,-1.111,-0.4675,13410.0
460.25,13.4,-1.177,-0.5563,13430.0
460.3,13.28,-1.242,-0.6451,13440.0
460.35,13.39,-1.147,-0.4691,13450.0
460.4,13.5,-1.052,-0.2931,13450.0
460.45,13.51,-1.202,-0.4369,13450.0
460.5,13.51,-1.353,-0.5807,13430.0
460.55,13.56,-1.411,-0.5279,13410.0
460.6,13.6,-1.47,-0.4751,13410.0
460.65,13.43,-1.585,-0.3574,13420.0
460.7,13.26,-1.701,-0.2397,13440.0
460.75,13.06,-1.7,-0.2012,13450.0
460.8,12.86,-1.698,-0.1627,13460.0
460.85,12.84,-1.727,-0.1225,13450.0
460.9,12.82,-1.755,-0.08243,13450.0
460.95,12.55,-1.587,-0.1291,13440.0
461.0,12.29,-1.418,-0.1758,13420.0
461.05,12.33,-1.456,0.00317,13410.0
461.1,12.38,-1.494,0.1822,13410.0
461.15,12.48,-1.631,0.001219,13420.0
461.2,12.58,-1.767,-0.1797,13440.0
461.25,12.6,-1.932,0.05524,13460.0
461.3,12.62,-2.098,0.2902,13470.0
461.35,12.62,-2.149,0.3215,13470.0
461.4,12.63,-2.2,0.3529,13470.0
461.45,12.64,-2.068,0.2323,13450.0
461.5,12.65,-1.937,0.1117,13430.0
461.55,12.56,-1.808,0.2372,13420.0
461.6,12.47,-1.679,0.3626,13420.0
461.65,12.72,-1.758,0.4091,13420.0
461.7,12.96,-1.836,0.4556,13420.0
461.75,13.12,-1.809,0.2945,13430.0
461.8,13.28,-1.783,0.1334,13450.0
461.85,13.36,-1.864,0.1735,13460.0
461.9,13.44,-1.945,0.2136,13460.0
461.95,13.51,-1.763,0.3075,13450.0
462.0,13.58,-1.582,0.4014,13440.0
462.05,13.68,-1.353,0.4146,13420.0
462.1,13.77,-1.124,0.4278,13410.0
462.15,13.94,-1.094,0.4469,13400.0
462.2,14.11,-1.064,0.466,13400.0
462.25,14.03,-1.003,0.222,13410.0
462.3,13.95,-0.9415,-0.02195,13430.0
462.35,13.94,-0.945,-0.13,13450.0
462.4,13.94,-0.9486,-0.238,13450.0
462.45,14.21,-0.9112,-0.0956,13450.0
462.5,14.47,-0.8738,0.04682,13440.0
462.55,14.56,-0.6738,0.05499,13420.0
462.6,14.66,-0.4737,0.06316,13410.0
462.65,14.63,-0.5685,0.1949,13390.0
462.7,14.61,-0.6632,0.3265,13370.0
462.75,14.63,-0.6724,0.254,13380.0
462.8,14.65,-0.6815,0.1814,13380.0
462.85,14.67,-0.7894,0.1385,13400.0
462.9,14.68,-0.8973,0.0956,13420.0
462.95,14.66,-0.9148,0.05548,13440.0
463.0,14.64,-0.9323,0.01536,13460.0
463.05,14.62,-1.024,-0.1644,13470.0
463.1,14.59,-1.117,-0.3441,13460.0
463.15,14.55,-1.174,-0.2133,13430.0
463.2,14.51,-1.232,-0.08243,13400.0
463.25,14.44,-1.357,0.06365,13380.0
463.3,14.38,-1.482,0.2097,13390.0
463.35,14.52,-1.416,0.08072,13400.0
463.4,14.67,-1.35,-0.04829,13420.0
463.45,14.76,-1.383,-0.1393,13450.0
463.5,14.85,-1.416,-0.2302,13490.0
463.55,14.91,-1.229,-0.1202,13510.0
463.6,14.96,-1.042,-0.01024,13510.0
463.65,14.92,-1.068,0.3064,13510.0
463.7,14.87,-1.094,0.6231,13510.0
463.75,14.78,-1.212,0.4253,13510.0
463.8,14.68,-1.33,0.2275,13510.0
463.85,14.7,-1.29,0.05292,13510.0
463.9,14.73,-1.25,-0.1217,13510.0
463.95,14.76,-1.312,0.01085,13510.0
464.0,14.79,-1.374,0.1434,13520.0
464.05,14.56,-1.514,-0.002317,13540.0
464.1,14.34,-1.653,-0.148,13560.0
464.15,14.34,-1.59,-0.1408,13600.0
464.2,14.34,-1.527,-0.1336,13640.0
464.25,14.33,-1.515,-0.04036,13660.0
464.3,14.32,-1.504,0.05292,13650.0
464.35,14.39,-1.563,0.1567,13620.0
464.4,14.47,-1.623,0.2605,13590.0
464.45,14.58,-1.812,0.2513,13570.0
464.5,14.69,-2.001,0.2422,13560.0
464.55,14.57,-1.922,0.3087,13570.0
464.6,14.46,-1.842,0.3753,13600.0
464.65,14.28,-1.599,0.1563,13660.0
464.7,14.1,-1.356,-0.06268,13700.0
464.75,14.29,-1.197,0.04621,13710.0
464.8,14.49,-1.038,0.1551,13700.0
464.85,14.48,-1.243,0.2228,13680.0
464.9,14.47,-1.448,0.2905,13650.0
464.95,14.45,-1.259,0.5521,13620.0
465.0,14.44,-1.07,0.8138,13600.0
465.05,14.44,-0.9056,0.8778,13600.0
465.1,14.45,-0.7412,0.9418,13630.0
465.15,14.46,-0.8489,0.8473,13660.0
465.2,14.47,-0.9566,0.7528,13690.0
465.25,14.48,-1.054,0.5868,13700.0
465.3,14.49,-1.151,0.4207,13700.0
465.35,14.36,-0.9058,0.4245,13680.0
465.4,14.23,-0.6604,0.4282,13660.0
465.45,14.14,-0.7116,0.36,13620.0
465.5,14.06,-0.7627,0.2917,13590.0
465.55,13.96,-0.5207,0.3659,13570.0
465.6,13.87,-0.2787,0.4402,13570.0
465.65,13.96,-0.3004,0.3729,13580.0
465.7,14.04,-0.322,0.3056,13590.0
465.75,14.19,-0.1992,0.3709,13620.0
465.8,14.33,-0.07643,0.4363,13660.0
465.85,14.44,-0.06031,0.5334,13680.0
465.9,14.55,-0.04419,0.6304,13690.0
465.95,14.6,0.07245,0.609,13680.0
466.0,14.65,0.1891,0.5875,13660.0
466.05,14.72,0.1984,0.7347,13640.0
466.1,14.79,0.2078,0.8819,13600.0
466.15,14.74,0.1704,0.8103,13570.0
466.2,14.69,0.133,0.7387,13550.0
466.25,14.61,0.213,0.7158,13560.0
466.3,14.53,0.293,0.6929,13600.0
466.35,14.59,0.1383,0.8244,13640.0
466.4,14.65,-0.01632,0.956,13680.0
466.45,14.48,0.05056,0.7257,13720.0
466.5,14.31,0.1174,0.4953,13750.0
466.55,14.29,-0.1666,0.2733,13760.0
466.6,14.27,-0.4506,0.05121,13740.0
466.65,14.33,-0.3959,0.124,13700.0
466.7,14.4,-0.3412,0.1968,13660.0
466.75,14.49,-0.4835,0.3635,13640.0
466.8,14.58,-0.6258,0.5302,13640.0
466.85,14.42,-0.7026,0.4428,13650.0
466.9,14.26,-0.7794,0.3553,13690.0
466.95,14.23,-0.828,0.4398,13740.0
467.0,14.19,-0.8766,0.5243,13790.0
467.05,14.18,-0.8459,0.5148,13830.0
467.1,14.17,-0.8153,0.5053,13850.0
467.15,14.17,-0.6793,0.5508,13840.0
467.2,14.16,-0.5434,0.5963,13820.0
467.25,14.23,-0.5442,0.5162,13810.0
467.3,14.3,-0.545,0.436,13790.0
467.35,14.36,-0.448,0.3169,13770.0
467.4,14.43,-0.3511,0.1978,13780.0
467.45,14.46,-0.2872,0.2769,13810.0
467.5,14.49,-0.2233,0.3561,13860.0
467.55,14.53,-0.1363,0.4788,13890.0
467.6,14.56,-0.04936,0.6016,13920.0
467.65,14.62,0.01871,0.4734,13940.0
467.7,14.67,0.08678,0.3451,13960.0
467.75,14.58,0.0215,0.5275,13960.0
467.8,14.48,-0.04379,0.7099,13960.0
467.85,14.52,-0.09454,0.7002,13950.0
467.9,14.56,-0.1453,0.6904,13960.0
467.95,14.43,-0.1037,0.8312,13960.0
468.0,14.3,-0.0621,0.9721,13970.0
468.05,14.23,-0.08957,0.9957,13960.0
468.1,14.16,-0.117,1.019,13960.0
468.15,14.22,-0.09315,1.017,13970.0
468.2,14.29,-0.06927,1.015,13980.0
468.25,14.3,0.07245,0.8783,13990.0
468.3,14.3,0.2142,0.7421,14000.0
468.35,14.34,0.03244,0.5254,14010.0
468.4,14.38,-0.1493,0.3087,14020.0
468.45,14.38,-0.01274,0.1616,14030.0
468.5,14.37,0.1238,0.01439,14020.0
468.55,14.47,0.2496,0.2391,14030.0
468.6,14.57,0.3754,0.4639,14050.0
468.65,14.45,0.4285,0.3954,14080.0
468.7,14.33,0.4817,0.327,14110.0
468.75,14.24,0.5571,0.3725,14110.0
468.8,14.16,0.6326,0.418,14110.0
468.85,14.13,0.5446,0.5486,14090.0
468.9,14.1,0.4566,0.6792,14070.0
468.95,14.08,0.2679,0.8263,14040.0
469.0,14.07,0.07922,0.9733,14040.0
469.05,13.9,-0.02886,0.9532,14070.0
469.1,13.74,-0.1369,0.9331,14130.0
469.15,13.67,-0.1793,0.967,14180.0
469.2,13.59,-0.2217,1.001,14230.0
469.25,13.77,-0.1672,0.9756,14260.0
469.3,13.95,-0.1127,0.9504,14270.0
469.35,13.85,-0.0824,0.8687,14270.0
469.4,13.75,-0.05215,0.787,14260.0
469.45,13.79,0.05852,0.8375,14240.0
469.5,13.83,0.1692,0.888,14240.0
469.55,13.75,0.1718,0.8502,14250.0
469.6,13.67,0.1744,0.8123,14270.0
469.65,13.71,0.1089,0.6863,14290.0
469.7,13.75,0.04339,0.5602,14310.0
469.75,13.68,-0.05494,0.7158,14350.0
469.8,13.61,-0.1533,0.8714,14380.0
469.85,13.59,-0.1574,0.7077,14420.0
469.9,13.57,-0.1616,0.5441,14450.0
469.95,13.6,0.08897,0.4895,14470.0
470.0,13.62,0.3396,0.4348,14490.0
470.05,13.7,0.2775,0.4965,14490.0
470.1,13.78,0.2154,0.5582,14480.0
470.15,13.74,0.1847,0.5679,14470.0
470.2,13.71,0.1541,0.5775,14470.0
470.25,13.82,0.07126,0.708,14480.0
470.3,13.92,-0.01154,0.8384,14510.0
470.35,13.93,-0.03722,0.5615,14550.0
470.4,13.93,-0.0629,0.2846,14590.0
470.45,13.72,-0.2892,0.1619,14620.0
470.5,13.5,-0.5155,0.03926,14650.0
470.55,13.53,-0.659,0.1846,14670.0
470.6,13.57,-0.8025,0.33,14670.0
470.65,13.56,-0.5551,0.4446,14670.0
470.7,13.55,-0.3077,0.5592,14670.0
470.75,13.45,-0.2627,0.442,14680.0
470.8,13.35,-0.2178,0.3248,14680.0
470.85,13.48,-0.1604,0.3268,14680.0
470.9,13.62,-0.1031,0.3287,14670.0
470.95,13.57,-0.02548,0.471,14670.0
471.0,13.51,0.05215,0.6133,14670.0
471.05,13.36,-0.1125,0.3512,14680.0
471.1,13.22,-0.2771,0.08901,14710.0
471.15,13.1,-0.3535,0.1254,14750.0
471.2,12.98,-0.4299,0.1617,14790.0
471.25,13.0,-0.2653,-0.03036,14810.0
471.3,13.01,-0.1007,-0.2224,14830.0
471.35,13.0,-0.2729,-0.345,14840.0
471.4,12.99,-0.4451,-0.4675,14830.0
471.45,13.1,-0.418,-0.4453,14810.0
471.5,13.21,-0.3909,-0.4231,14790.0
471.55,13.39,-0.3336,-0.2162,14770.0
471.6,13.57,-0.2763,-0.009267,14750.0
471.65,13.47,-0.2554,-0.0189,14750.0
471.7,13.36,-0.2345,-0.02853,14750.0
471.75,13.23,-0.1306,-0.2356,14770.0
471.8,13.09,-0.02667,-0.4426,14820.0
471.85,13.02,-0.1602,-0.2323,14860.0
471.9,12.96,-0.2938,-0.02195,14910.0
471.95,13.0,-0.3384,0.1096,14940.0
472.0,13.05,-0.383,0.2412,14960.0
472.05,12.96,-0.2452,0.1414,14960.0
472.1,12.87,-0.1075,0.0417,14940.0
472.15,12.99,-0.1923,0.06073,14910.0
472.2,13.1,-0.2771,0.07975,14880.0
472.25,13.1,-0.1903,0.1903,14860.0
472.3,13.1,-0.1035,0.3009,14870.0
472.35,13.06,0.05354,0.2703,14890.0
472.4,13.03,0.2106,0.2397,14900.0
472.45,13.13,0.2273,0.3091,14920.0
472.5,13.22,0.244,0.3785,14950.0
472.55,13.4,0.2313,0.2363,14970.0
472.6,13.57,0.2185,0.09414,14990.0
472.65,13.54,0.3037,0.2898,15010.0
472.7,13.52,0.3889,0.4856,15020.0
472.75,13.56,0.3893,0.691,15030.0
472.8,13.61,0.3897,0.8965,15040.0
472.85,13.76,0.5464,0.8892,15030.0
472.9,13.91,0.703,0.8819,15020.0
472.95,14.05,0.5595,0.8973,15000.0
473.0,14.18,0.416,0.9128,14980.0
473.05,14.34,0.2918,1.022,14960.0
473.1,14.49,0.1676,1.131,14940.0
473.15,14.17,0.1895,1.124,14950.0
473.2,13.86,0.2114,1.117,14980.0
473.25,13.5,0.2476,0.9856,15030.0
473.3,13.15,0.2838,0.8543,15070.0
473.35,13.24,0.3539,0.6918,15100.0
473.4,13.33,0.424,0.5292,15120.0
473.45,13.45,0.2138,0.6131,15120.0
473.5,13.57,0.003583,0.697,15090.0
473.55,13.62,-0.1433,0.6891,15050.0
473.6,13.67,-0.2902,0.6811,15000.0
473.65,13.57,-0.3017,0.8789,14960.0
473.7,13.47,-0.3133,1.077,14940.0
473.75,13.33,-0.3316,0.9266,14950.0
473.8,13.19,-0.3499,0.7765,15000.0
473.85,13.31,-0.4365,0.5371,15060.0
473.9,13.43,-0.5231,0.2978,15120.0
473.95,13.43,-0.5826,0.245,15170.0
474.0,13.42,-0.6421,0.1922,15200.0
474.05,13.27,-0.6479,0.153,15210.0
474.1,13.13,-0.6537,0.1139,15180.0
474.15,13.21,-0.4576,0.08621,15140.0
474.2,13.3,-0.2615,0.05853,15080.0
474.25,13.22,-0.3682,0.09999,15040.0
474.3,13.13,-0.4749,0.1414,15010.0
474.35,12.97,-0.3672,0.2072,15010.0
474.4,12.81,-0.2596,0.2729,15040.0
474.45,12.82,-0.2241,0.216,15100.0
474.5,12.83,-0.1887,0.159,15180.0
474.55,12.73,-0.3362,0.1075,15240.0
474.6,12.63,-0.4837,0.05609,15270.0
474.65,12.58,-0.3913,0.02231,15260.0
474.7,12.53,-0.299,-0.01146,15230.0
474.75,12.6,-0.1716,0.03817,15180.0
474.8,12.66,-0.04419,0.0878,15110.0
474.85,12.64,-0.07225,0.1808,15070.0
474.9,12.62,-0.1003,0.2739,15050.0
474.95,12.53,0.04896,0.2106,15060.0
475.0,12.45,0.1982,0.1473,15090.0
475.05,12.19,0.1204,0.04158,15120.0
475.1,11.93,0.04259,-0.06414,15160.0
475.15,11.9,0.007763,0.08377,15180.0
475.2,11.87,-0.02707,0.2317,15180.0
475.25,11.82,-0.1338,0.4242,15170.0
475.3,11.77,-0.2404,0.6168,15140.0
475.35,11.91,-0.2434,0.6081,15120.0
475.4,12.05,-0.2464,0.5994,15100.0
475.45,11.83,-0.1264,0.5401,15090.0
475.5,11.6,-0.006369,0.4807,15090.0
475.55,11.56,-0.02707,0.4574,15100.0
475.6,11.51,-0.04777,0.4341,15110.0
475.65,11.62,-0.0213,0.4084,15120.0
475.7,11.73,0.005175,0.3826,15110.0
475.75,11.8,0.004976,0.6046,15080.0
475.8,11.88,0.004777,0.8265,15040.0
475.85,11.75,-0.0209,0.6633,15010.0
475.9,11.61,-0.04658,0.5002,14990.0
475.95,11.53,0.06887,0.5409,14990.0
476.0,11.44,0.1843,0.5816,15010.0
476.05,11.6,0.2126,0.7043,15050.0
476.1,11.77,0.2408,0.827,15090.0
476.15,11.91,0.2918,0.9053,15120.0
476.2,12.05,0.3427,0.9836,15130.0
476.25,12.12,0.215,0.939,15100.0
476.3,12.19,0.08718,0.8945,15060.0
476.35,12.09,0.03503,0.821,15010.0
476.4,12.0,-0.01712,0.7475,14970.0
476.45,11.91,-0.08101,0.567,14940.0
476.5,11.82,-0.1449,0.3865,14940.0
476.55,11.99,-0.2128,0.2413,14960.0
476.6,12.17,-0.2806,0.09609,15000.0
476.65,12.25,-0.2359,0.2097,15050.0
476.7,12.34,-0.1911,0.3234,15090.0
476.75,12.45,-0.1238,0.3784,15120.0
476.8,12.57,-0.05653,0.4334,15120.0
476.85,12.46,-0.1809,0.3068,15090.0
476.9,12.36,-0.3053,0.1802,15040.0
476.95,12.33,-0.3744,0.1364,14990.0
477.0,12.29,-0.4435,0.09267,14950.0
477.05,12.33,-0.3191,-0.02,14930.0
477.1,12.38,-0.1947,-0.1327,14930.0
477.15,12.32,-0.467,-0.1857,14960.0
477.2,12.26,-0.7392,-0.2388,15000.0
477.25,12.27,-0.7247,-0.2558,15030.0
477.3,12.29,-0.7102,-0.2729,15050.0
477.35,12.37,-0.531,-0.1977,15050.0
477.4,12.45,-0.3519,-0.1224,15030.0
477.45,12.59,-0.4323,-0.1593,15010.0
477.5,12.73,-0.5127,-0.1961,14990.0
477.55,12.95,-0.5788,-0.105,14980.0
477.6,13.17,-0.6449,-0.0139,14980.0
477.65,13.02,-0.6059,-0.2497,14980.0
477.7,12.86,-0.5669,-0.4856,14990.0
477.75,12.98,-0.7002,-0.3952,14980.0
477.8,13.09,-0.8336,-0.3048,14970.0
477.85,12.95,-0.7213,-0.4581,14960.0
477.9,12.81,-0.6091,-0.6114,14960.0
477.95,12.73,-0.5332,-0.4714,14960.0
478.0,12.66,-0.4574,-0.3314,14970.0
478.05,12.76,-0.2074,-0.3253,14980.0
478.1,12.85,0.04259,-0.3192,15000.0
478.15,12.75,-0.0217,-0.1396,15010.0
478.2,12.65,-0.08599,0.04,15020.0
478.25,12.62,-0.301,0.1634,15010.0
478.3,12.6,-0.5159,0.2868,15000.0
478.35,12.71,-0.4299,0.2798,14980.0
478.4,12.83,-0.3439,0.2729,14960.0
478.45,12.86,-0.2594,0.2748,14940.0
478.5,12.9,-0.1748,0.2768,14930.0
478.55,12.85,-0.07962,0.09621,14940.0
478.6,12.8,0.01553,-0.08438,14960.0
478.65,12.73,0.161,-0.01634,14990.0
478.7,12.67,0.3065,0.0517,15030.0
478.75,12.99,0.2806,0.01293,15050.0
478.8,13.31,0.2548,-0.02585,15050.0
478.85,13.28,0.3135,-0.002926,15050.0
478.9,13.24,0.3722,0.02,15040.0
478.95,12.96,0.1278,0.1369,15020.0
479.0,12.69,-0.1166,0.2539,15010.0
479.05,12.72,-0.07345,0.05134,15000.0
479.1,12.76,-0.03025,-0.1512,15000.0
479.15,12.79,0.1467,-0.2351,15020.0
479.2,12.82,0.3236,-0.319,15040.0
479.25,12.96,0.3213,-0.3962,15060.0
479.3,13.1,0.3189,-0.4734,15060.0
479.35,13.13,0.3648,-0.4513,15070.0
479.4,13.15,0.4108,-0.4292,15080.0
479.45,13.05,0.4809,-0.3695,15080.0
479.5,12.94,0.5509,-0.3097,15070.0
479.55,13.07,0.5239,-0.3467,15060.0
479.6,13.2,0.4968,-0.3836,15040.0
479.65,13.28,0.6421,-0.235,15030.0
479.7,13.37,0.7874,-0.08633,15020.0
479.75,13.46,0.7671,-0.1717,15020.0
479.8,13.56,0.7468,-0.257,15030.0
479.85,13.37,0.7924,-0.2642,15050.0
479.9,13.17,0.838,-0.2714,15060.0
479.95,13.17,0.7086,-0.212,15070.0
480.0,13.17,0.5792,-0.1527,15070.0
480.05,13.16,0.3832,-0.2701,15070.0
480.1,13.16,0.1871,-0.3875,15070.0
480.15,13.16,0.2631,-0.5582,15060.0
480.2,13.16,0.3392,-0.7289,15050.0
480.25,13.23,0.294,-0.7406,15050.0
480.3,13.29,0.2488,-0.7524,15050.0
480.35,13.36,0.2842,-0.6454,15050.0
480.4,13.42,0.3197,-0.5385,15040.0
480.45,13.47,0.3752,-0.4626,15050.0
480.5,13.52,0.4307,-0.3868,15060.0
480.55,13.68,0.3648,-0.2052,15070.0
480.6,13.84,0.299,-0.02366,15080.0
480.65,13.82,0.1644,-0.2429,15080.0
480.7,13.8,0.02986,-0.4621,15090.0
480.75,13.85,0.1706,-0.4554,15110.0
480.8,13.91,0.3113,-0.4487,15120.0
480.85,13.81,0.3226,-0.5716,15120.0
480.9,13.71,0.334,-0.6946,15110.0
480.95,13.64,0.3392,-0.7793,15110.0
481.0,13.57,0.3443,-0.8641,15110.0
481.05,13.7,0.3581,-0.9692,15110.0
481.1,13.82,0.3718,-1.074,15120.0
481.15,13.93,0.2986,-1.017,15130.0
481.2,14.04,0.2253,-0.9604,15160.0
481.25,14.09,0.259,-0.8353,15180.0
481.3,14.15,0.2926,-0.7102,15200.0
481.35,14.07,0.1696,-0.665,15200.0
481.4,13.99,0.04658,-0.6199,15190.0
481.45,13.88,0.0834,-0.7783,15180.0
481.5,13.76,0.1202,-0.9367,15170.0
481.55,13.72,0.1433,-0.8645,15170.0
481.6,13.68,0.1664,-0.7924,15190.0
481.65,13.74,0.0613,-0.632,15220.0
481.7,13.8,-0.04379,-0.4717,15260.0
481.75,13.75,-0.3658,-0.3785,15290.0
481.8,13.69,-0.6879,-0.2853,15310.0
481.85,13.67,-0.827,-0.4886,15300.0
481.9,13.66,-0.9661,-0.6919,15290.0
481.95,13.63,-0.9835,-0.8126,15280.0
482.0,13.6,-1.001,-0.9333,15270.0
482.05,13.64,-0.9114,-0.8972,15270.0
482.1,13.67,-0.822,-0.8611,15260.0
482.15,13.61,-0.8766,-0.7961,15260.0
482.2,13.55,-0.9311,-0.7311,15270.0
482.25,13.53,-0.8961,-0.682,15290.0
482.3,13.51,-0.8611,-0.6329,15310.0
482.35,13.55,-1.015,-0.6865,15330.0
482.4,13.59,-1.169,-0.7402,15350.0
482.45,13.76,-1.103,-0.4213,15360.0
482.5,13.92,-1.038,-0.1024,15360.0
482.55,13.82,-0.8746,-0.04304,15350.0
482.6,13.72,-0.711,0.01634,15340.0
482.65,14.04,-0.7798,-0.2575,15340.0
482.7,14.37,-0.8487,-0.5314,15340.0
482.75,14.33,-1.072,-0.5681,15320.0
482.8,14.29,-1.295,-0.6048,15320.0
482.85,14.07,-1.065,-0.548,15320.0
482.9,13.85,-0.8348,-0.4912,15340.0
482.95,14.03,-0.661,-0.574,15350.0
483.0,14.2,-0.4873,-0.6568,15360.0
483.05,14.24,-0.6925,-0.3609,15390.0
483.1,14.27,-0.8977,-0.06511,15410.0
483.15,14.36,-0.8867,-0.09828,15420.0
483.2,14.44,-0.8758,-0.1314,15410.0
483.25,14.47,-1.076,0.005975,15400.0
483.3,14.51,-1.276,0.1434,15380.0
483.35,14.46,-1.035,0.2803,15380.0
483.4,14.42,-0.793,0.4173,15380.0
483.45,14.52,-0.7189,0.2442,15380.0
483.5,14.62,-0.6449,0.07121,15400.0
483.55,14.55,-0.6411,0.05951,15430.0
483.6,14.48,-0.6373,0.0478,15460.0
483.65,14.48,-0.3497,-0.1694,15480.0
483.7,14.48,-0.0621,-0.3865,15480.0
483.75,14.59,-0.1079,-0.3128,15480.0
483.8,14.7,-0.1537,-0.239,15490.0
483.85,14.79,-0.03921,-0.1234,15490.0
483.9,14.87,0.07524,-0.007804,15480.0
483.95,14.91,0.2213,-0.05426,15480.0
484.0,14.95,0.3674,-0.1007,15480.0
484.05,15.09,0.4116,-0.02231,15500.0
484.1,15.23,0.4558,0.05609,15520.0
484.15,15.33,0.5521,-0.08999,15550.0
484.2,15.43,0.6485,-0.2361,15590.0
484.25,15.44,0.5961,-0.1855,15630.0
484.3,15.45,0.5438,-0.1349,15660.0
484.35,15.37,0.2235,0.01768,15650.0
484.4,15.3,-0.09673,0.1702,15630.0
484.45,15.4,0.2168,0.08182,15620.0
484.5,15.5,0.5302,-0.006585,15620.0
484.55,15.22,0.5494,0.2681,15620.0
484.6,14.94,0.5685,0.5429,15650.0
484.65,15.11,0.4092,0.608,15680.0
484.7,15.28,0.25,0.6731,15720.0
484.75,15.36,0.2389,0.4831,15740.0
484.8,15.45,0.2277,0.2931,15740.0
484.85,15.52,0.4596,0.133,15720.0
484.9,15.58,0.6915,-0.02707,15710.0
484.95,15.52,0.6915,0.108,15730.0
485.0,15.46,0.6915,0.2431,15760.0
485.05,15.51,0.6487,0.2228,15790.0
485.1,15.55,0.6059,0.2024,15830.0
485.15,15.29,0.8109,0.295,15860.0
485.2,15.03,1.016,0.3875,15880.0
485.25,14.9,0.9725,0.3201,15870.0
485.3,14.77,0.9291,0.2527,15830.0
485.35,14.76,1.123,0.3011,15770.0
485.4,14.76,1.316,0.3495,15730.0
485.45,14.9,1.412,0.3085,15720.0
485.5,15.03,1.508,0.2675,15730.0
485.55,15.14,1.579,0.2681,15770.0
485.6,15.25,1.651,0.2688,15830.0
485.65,15.09,1.554,0.4295,15900.0
485.7,14.92,1.458,0.5902,15960.0
485.75,14.78,1.527,0.3731,15970.0
485.8,14.64,1.597,0.1561,15950.0
485.85,14.7,1.304,0.06633,15920.0
485.9,14.76,1.01,-0.02341,15880.0
485.95,14.93,1.161,-0.1091,15820.0
486.0,15.11,1.312,-0.1949,15790.0
486.05,15.12,1.343,-0.1434,15780.0
486.1,15.13,1.374,-0.09194,15810.0
486.15,15.08,1.313,-0.1612,15840.0
486.2,15.03,1.253,-0.2305,15890.0
486.25,14.86,0.964,-0.1845,15940.0
486.3,14.68,0.6748,-0.1385,15980.0
486.35,14.85,0.6742,-0.04036,16000.0
486.4,15.01,0.6736,0.0578,15990.0
486.45,14.9,0.7343,-0.04621,15960.0
486.5,14.79,0.795,-0.1502,15920.0
486.55,14.81,0.741,-0.07182,15880.0
486.6,14.83,0.6871,0.006585,15860.0
486.65,14.79,0.6375,0.1962,15850.0
486.7,14.74,0.588,0.3858,15860.0
486.75,14.7,0.4857,0.2998,15900.0
486.8,14.66,0.3834,0.2139,15960.0
486.85,14.56,0.3573,0.3989,16010.0
486.9,14.46,0.3312,0.5838,16050.0
486.95,14.53,0.5685,0.6185,16060.0
487.0,14.6,0.8057,0.6531,16060.0
487.05,14.72,0.8398,0.6769,16040.0
487.1,14.83,0.8738,0.7007,16010.0
487.15,14.91,0.9827,0.523,15990.0
487.2,14.99,1.092,0.3453,15980.0
487.25,15.06,1.01,0.3789,15980.0
487.3,15.13,0.9279,0.4124,15990.0
487.35,15.18,0.8191,0.3178,16010.0
487.4,15.23,0.7102,0.2231,16040.0
487.45,15.16,0.7532,0.4067,16080.0
487.5,15.1,0.7962,0.5902,16110.0
487.55,15.16,0.5947,0.5579,16130.0
487.6,15.23,0.3933,0.5256,16120.0
487.65,15.31,0.415,0.5712,16110.0
487.7,15.4,0.4367,0.6168,16090.0
487.75,15.28,0.4604,0.5306,16060.0
487.8,15.15,0.4841,0.4443,16040.0
487.85,15.1,0.5416,0.3126,16030.0
487.9,15.06,0.5991,0.181,16040.0
487.95,15.03,0.4327,-0.001829,16060.0
488.0,14.99,0.2663,-0.1846,16090.0
488.05,15.24,0.4638,-0.292,16100.0
488.1,15.48,0.6612,-0.3995,16110.0
488.15,15.7,0.6232,-0.3659,16110.0
488.2,15.93,0.5852,-0.3324,16090.0
488.25,16.03,0.584,-0.3422,16070.0
488.3,16.13,0.5828,-0.3519,16060.0
488.35,16.15,0.6341,-0.3339,16070.0
488.4,16.16,0.6855,-0.3158,16090.0
488.45,16.1,0.4871,-0.3957,16110.0
488.5,16.03,0.2886,-0.4756,16120.0
488.55,16.12,0.2164,-0.4962,16130.0
488.6,16.21,0.1441,-0.5168,16130.0
488.65,16.23,0.1939,-0.2675,16120.0
488.7,16.26,0.2436,-0.01829,16100.0
488.75,16.28,0.09912,0.2117,16090.0
488.8,16.29,-0.04538,0.4417,16090.0
488.85,16.4,-0.2183,0.2752,16090.0
488.9,16.5,-0.3913,0.1088,16100.0
488.95,16.41,-0.4327,0.06024,16110.0
489.0,16.32,-0.4741,0.01171,16130.0
489.05,16.36,-0.3822,0.1413,16150.0
489.1,16.39,-0.2902,0.2709,16180.0
489.15,16.71,-0.3979,0.3415,16190.0
489.2,17.02,-0.5056,0.4121,16190.0
489.25,16.95,-0.4654,0.4869,16190.0
489.3,16.87,-0.4252,0.5616,16180.0
489.35,16.87,-0.4739,0.7215,16150.0
489.4,16.87,-0.5227,0.8814,16120.0
489.45,17.05,-0.6234,0.9236,16110.0
489.5,17.23,-0.7241,0.9657,16120.0
489.55,17.16,-0.9413,0.8445,16160.0
489.6,17.09,-1.158,0.7233,16190.0
489.65,16.96,-1.012,0.5673,16230.0
489.7,16.82,-0.865,0.4112,16250.0
489.75,16.79,-0.997,0.4379,16250.0
489.8,16.76,-1.129,0.4646,16240.0
489.85,16.73,-1.208,0.452,16220.0
489.9,16.69,-1.288,0.4395,16200.0
489.95,16.91,-1.269,0.3453,16190.0
490.0,17.12,-1.251,0.2512,16200.0
490.05,17.22,-1.142,0.08316,16210.0
490.1,17.31,-1.034,-0.08487,16230.0
490.15,17.48,-1.189,-0.05548,16250.0
490.2,17.65,-1.345,-0.02609,16260.0
490.25,17.49,-1.327,-0.2858,16250.0
490.3,17.34,-1.309,-0.5455,16250.0
490.35,17.16,-0.9413,-0.5141,16240.0
490.4,16.98,-0.574,-0.4826,16230.0
490.45,17.03,-0.5756,-0.4169,16220.0
490.5,17.09,-0.5772,-0.3512,16230.0
490.55,17.07,-0.7436,-0.06694,16250.0
490.6,17.05,-0.91,0.2173,16280.0
490.65,17.02,-1.208,0.215,16300.0
490.7,16.99,-1.505,0.2127,16310.0
490.75,17.25,-1.383,0.1897,16310.0
490.8,17.5,-1.26,0.1668,16290.0
490.85,17.66,-1.079,0.2128,16250.0
490.9,17.82,-0.8977,0.2588,16210.0
490.95,17.8,-0.9707,0.4008,16200.0
491.0,17.78,-1.044,0.5429,16210.0
491.05,17.64,-0.9452,0.717,16230.0
491.1,17.49,-0.8467,0.8911,16270.0
491.15,17.52,-0.8246,0.6787,16300.0
491.2,17.56,-0.8025,0.4663,16310.0
491.25,17.54,-0.8111,0.3892,16310.0
491.3,17.52,-0.8197,0.3122,16300.0
491.35,17.73,-0.6513,0.3834,16300.0
491.4,17.94,-0.4829,0.4546,16290.0
491.45,18.04,-0.4013,0.5668,16280.0
491.5,18.13,-0.3197,0.6789,16260.0
491.55,18.19,-0.3692,0.6577,16250.0
491.6,18.25,-0.4188,0.6365,16240.0
491.65,18.12,-0.6208,0.6096,16240.0
491.7,17.99,-0.8228,0.5826,16250.0
491.75,17.75,-0.6833,0.6085,16270.0
491.8,17.52,-0.5438,0.6343,16300.0
491.85,17.63,-0.547,0.5654,16330.0
491.9,17.73,-0.5502,0.4965,16350.0
491.95,17.74,-0.6793,0.4857,16350.0
492.0,17.75,-0.8085,0.4748,16330.0
492.05,17.78,-0.8451,0.5786,16300.0
492.1,17.82,-0.8818,0.6824,16270.0
492.15,17.97,-0.8433,0.8332,16250.0
492.2,18.12,-0.8049,0.984,16240.0
492.25,18.15,-0.7472,1.037,16260.0
492.3,18.18,-0.6895,1.09,16290.0
492.35,18.1,-0.5569,0.9878,16320.0
492.4,18.03,-0.4244,0.886,16330.0
492.45,17.88,-0.1736,0.9001,16320.0
492.5,17.72,0.07723,0.9143,16320.0
492.55,17.87,0.1139,0.6035,16330.0
492.6,18.03,0.1505,0.2927,16340.0
492.65,17.89,0.04956,0.3733,16350.0
492.7,17.75,-0.05135,0.4539,16340.0
492.75,17.75,0.1363,0.622,16330.0
492.8,17.75,0.324,0.7902,16320.0
492.85,17.85,0.3943,0.5991,16310.0
492.9,17.96,0.4646,0.408,16280.0
492.95,17.93,0.5203,0.09279,16270.0
493.0,17.91,0.576,-0.2224,16280.0
493.05,18.15,0.7259,0.07792,16320.0
493.1,18.39,0.8758,0.3783,16360.0
493.15,18.19,0.7572,0.6159,16380.0
493.2,17.98,0.6385,0.8536,16380.0
493.25,17.98,0.5716,0.8058,16390.0
493.3,17.98,0.5048,0.758,16370.0
493.35,17.88,0.3698,0.6069,16340.0
493.4,17.78,0.2349,0.4558,16310.0
493.45,17.73,0.1825,0.2881,16300.0
493.5,17.67,0.1302,0.1205,16320.0
493.55,17.53,0.01353,0.2416,16330.0
493.6,17.39,-0.1031,0.3626,16320.0
493.65,17.33,-0.1146,0.3129,16310.0
493.7,17.28,-0.1262,0.2631,16320.0
493.75,17.32,0.05036,-0.006829,16340.0
493.8,17.36,0.2269,-0.2768,16350.0
493.85,17.32,0.1865,-0.4441,16360.0
493.9,17.28,0.1461,-0.6114,16390.0
493.95,17.29,0.2201,-0.474,16420.0
494.0,17.29,0.2942,-0.3365,16440.0
494.05,17.27,0.2329,-0.4831,16440.0
494.1,17.25,0.1716,-0.6297,16420.0
494.15,17.33,0.1113,-0.8145,16400.0
494.2,17.4,0.05095,-0.9994,16370.0
494.25,17.41,0.1073,-0.7352,16330.0
494.3,17.43,0.1636,-0.4709,16310.0
494.35,17.46,0.1537,-0.5249,16310.0
494.4,17.49,0.1437,-0.579,16340.0
494.45,17.33,0.1401,-0.5912,16400.0
494.5,17.17,0.1365,-0.6033,16440.0
494.55,17.16,-0.01055,-0.5329,16480.0
494.6,17.14,-0.1576,-0.4624,16500.0
494.65,17.14,-0.05474,-0.5953,16510.0
494.7,17.14,0.04817,-0.7282,16490.0
494.75,17.2,0.1525,-0.6542,16450.0
494.8,17.26,0.2568,-0.5802,16400.0
494.85,17.36,0.4017,-0.5442,16360.0
494.9,17.47,0.5466,-0.5082,16340.0
494.95,17.29,0.5667,-0.5465,16340.0
495.0,17.11,0.5868,-0.5848,16360.0
495.05,17.01,0.658,-0.392,16400.0
495.1,16.92,0.7293,-0.1992,16450.0
495.15,17.17,0.4017,-0.254,16500.0
495.2,17.41,0.07404,-0.3087,16530.0
495.25,17.39,0.2154,-0.01963,16510.0
495.3,17.38,0.3567,0.2695,16490.0
495.35,17.27,0.3119,0.1234,16460.0
495.4,17.17,0.2671,-0.02268,16430.0
495.45,17.27,0.07444,0.006585,16410.0
495.5,17.37,-0.1182,0.03585,16390.0
495.55,17.44,0.02289,0.03841,16400.0
495.6,17.52,0.164,0.04097,16420.0
495.65,17.52,0.02528,0.09865,16440.0
495.7,17.51,-0.1135,0.1563,16440.0
495.75,17.64,-0.005175,0.2486,16430.0
495.8,17.77,0.1031,0.3409,16440.0
495.85,17.76,0.133,0.2769,16440.0
495.9,17.75,0.1628,0.2129,16440.0
495.95,17.69,0.2325,0.2579,16440.0
496.0,17.62,0.3021,0.3029,16450.0
496.05,17.54,0.2801,0.258,16470.0
496.1,17.45,0.258,0.2131,16490.0
496.15,17.45,0.3443,0.1375,16490.0
496.2,17.44,0.4307,0.06194,16480.0
496.25,17.46,0.1306,0.1762,16470.0
496.3,17.48,-0.1696,0.2905,16470.0
496.35,17.37,-0.2418,0.5542,16460.0
496.4,17.25,-0.3141,0.818,16430.0
496.45,17.2,-0.2263,0.6143,16400.0
496.5,17.14,-0.1385,0.4107,16400.0
496.55,17.24,-0.06051,0.2716,16420.0
496.6,17.35,0.01752,0.1324,16450.0
496.65,17.44,0.1429,0.1892,16480.0
496.7,17.54,0.2683,0.2461,16510.0
496.75,17.51,0.2844,0.3111,16550.0
496.8,17.49,0.3006,0.3761,16560.0
496.85,17.42,0.2062,0.4068,16540.0
496.9,17.35,0.1119,0.4375,16480.0
496.95,17.4,0.2711,0.4798,16410.0
497.0,17.46,0.4303,0.5221,16370.0
497.05,17.45,0.6495,0.4752,16350.0
497.1,17.43,0.8686,0.4282,16360.0
497.15,17.4,0.9638,0.4528,16380.0
497.2,17.38,1.059,0.4773,16430.0
497.25,17.3,1.105,0.2488,16490.0
497.3,17.22,1.151,0.02024,16530.0
497.35,17.25,1.241,0.04061,16540.0
497.4,17.29,1.332,0.06097,16530.0
497.45,17.4,1.173,0.3287,16520.0
497.5,17.51,1.014,0.5965,16480.0
497.55,17.57,1.151,0.5738,16430.0
497.6,17.62,1.289,0.5512,16370.0
497.65,17.7,1.208,0.4758,16340.0
497.7,17.78,1.127,0.4004,16340.0
497.75,17.77,1.136,0.4619,16380.0
497.8,17.76,1.144,0.5234,16440.0
497.85,17.67,1.127,0.5802,16490.0
497.9,17.58,1.109,0.637,16530.0
497.95,17.66,0.9733,0.6568,16550.0
498.0,17.74,0.8372,0.6765,16540.0
498.05,17.61,0.9512,0.6144,16480.0
498.1,17.48,1.065,0.5524,16410.0
498.15,17.51,0.9134,0.571,16360.0
498.2,17.54,0.7615,0.5897,16360.0
498.25,17.62,0.6065,0.4996,16360.0
498.3,17.7,0.4514,0.4095,16380.0
498.35,17.52,0.5655,0.3823,16420.0
498.4,17.34,0.6795,0.3551,16480.0
498.45,17.31,0.5896,0.3929,16520.0
498.5,17.28,0.4996,0.4307,16530.0
498.55,17.67,0.5068,0.4247,16520.0
498.6,18.05,0.5139,0.4187,16490.0
498.65,17.99,0.4626,0.4551,16450.0
498.7,17.93,0.4112,0.4914,16420.0
498.75,17.85,0.3069,0.6922,16400.0
498.8,17.78,0.2026,0.8931,16410.0
498.85,17.92,0.04976,0.6968,16450.0
498.9,18.06,-0.1031,0.5004,16500.0
498.95,18.02,-0.2667,0.5157,16540.0
499.0,17.98,-0.4303,0.5309,16560.0
499.05,17.82,-0.3903,0.4174,16570.0
499.1,17.66,-0.3503,0.3039,16550.0
499.15,17.64,-0.3851,0.3042,16520.0
499.2,17.62,-0.42,0.3046,16490.0
499.25,17.54,-0.4269,0.3326,16450.0
499.3,17.46,-0.4339,0.3607,16430.0
499.35,17.54,-0.3575,0.4275,16440.0
499.4,17.61,-0.281,0.4943,16470.0
499.45,17.81,-0.2309,0.481,16520.0
499.5,18.02,-0.1807,0.4678,16570.0
499.55,18.06,-0.1278,0.3397,16610.0
499.6,18.1,-0.07484,0.2117,16620.0
499.65,18.1,-0.1777,0.04256,16610.0
499.7,18.11,-0.2806,-0.1266,16580.0
499.75,17.99,-0.2484,0.1453,16530.0
499.8,17.86,-0.2162,0.4173,16490.0
499.85,17.81,-0.07126,0.5295,16460.0
499.9,17.75,0.07365,0.6416,16460.0
499.95,17.79,-0.1256,0.8347,16470.0
500.0,17.83,-0.3248,1.028,16490.0
500.05,17.88,-0.3975,0.9329,16530.0
500.1,17.93,-0.4701,0.8382,16580.0
500.15,17.91,-0.4049,0.7093,16620.0
500.2,17.9,-0.3396,0.5804,16650.0
500.25,17.92,-0.4351,0.566,16640.0
500.3,17.94,-0.5306,0.5516,16610.0
500.35,17.95,-0.5058,0.3223,16550.0
500.4,17.96,-0.4809,0.09292,16490.0
500.45,17.78,-0.4532,-0.006463,16430.0
500.5,17.59,-0.4256,-0.1058,16400.0
500.55,17.48,-0.5283,0.1672,16420.0
500.6,17.36,-0.631,0.4402,16490.0
500.65,17.04,-0.6431,0.4742,16580.0
500.7,16.73,-0.6552,0.5082,16640.0
500.75,17.01,-0.5084,0.3869,16660.0
500.8,17.29,-0.3615,0.2656,16660.0
500.85,17.25,-0.3451,0.3234,16640.0
500.9,17.22,-0.3288,0.3812,16600.0
500.95,17.19,-0.3971,0.5232,16550.0
501.0,17.15,-0.4654,0.6653,16510.0
501.05,17.22,-0.6254,0.622,16520.0
501.1,17.29,-0.7854,0.5787,16550.0
501.15,17.21,-0.7908,0.591,16590.0
501.2,17.12,-0.7962,0.6033,16620.0
501.25,17.24,-0.7492,0.8236,16650.0
501.3,17.37,-0.7022,1.044,16680.0
501.35,17.3,-0.6531,1.123,16700.0
501.4,17.23,-0.6039,1.202,16710.0
501.45,17.14,-0.4896,1.019,16700.0
501.5,17.06,-0.3754,0.8353,16690.0
501.55,17.18,-0.4904,0.8808,16670.0
501.6,17.3,-0.6055,0.9262,16660.0
501.65,17.55,-0.8005,0.6508,16640.0
501.7,17.8,-0.9956,0.3753,16630.0
501.75,17.72,-0.8589,0.1093,16650.0
501.8,17.64,-0.7221,-0.1568,16680.0
501.85,17.69,-0.63,-0.04573,16710.0
501.9,17.73,-0.5378,0.06536,16730.0
501.95,17.76,-0.6365,0.1043,16720.0
502.0,17.8,-0.7353,0.1432,16710.0
502.05,17.85,-0.7868,0.0606,16690.0
502.1,17.9,-0.8384,-0.02195,16670.0
502.15,17.79,-0.8214,0.006219,16650.0
502.2,17.69,-0.8045,0.03439,16650.0
502.25,17.64,-0.7215,0.04731,16660.0
502.3,17.59,-0.6385,0.06024,16670.0
502.35,17.69,-0.4536,0.01097,16670.0
502.4,17.79,-0.2687,-0.03829,16680.0
502.45,17.64,-0.1308,-0.03085,16690.0
502.5,17.49,0.007165,-0.02341,16700.0
502.55,17.41,0.1871,-0.04743,16710.0
502.6,17.34,0.367,-0.07146,16710.0
502.65,17.24,0.2406,-0.1313,16700.0
502.7,17.14,0.1142,-0.1912,16670.0
502.75,17.13,0.02707,-0.2402,16640.0
502.8,17.12,-0.06011,-0.2892,16620.0
502.85,17.11,-0.03802,-0.1877,16600.0
502.9,17.1,-0.01592,-0.08609,16610.0
502.95,17.09,0.1638,0.1369,16650.0
503.0,17.08,0.3435,0.36,16710.0
503.05,17.11,0.3903,0.1158,16760.0
503.1,17.14,0.4371,-0.1283,16780.0
503.15,17.36,0.3378,-0.06121,16770.0
503.2,17.58,0.2385,0.005853,16750.0
503.25,17.64,0.3234,0.04719,16720.0
503.3,17.7,0.4084,0.08853,16690.0
503.35,17.61,0.4261,0.02841,16690.0
503.4,17.53,0.4439,-0.0317,16710.0
503.45,17.42,0.2719,0.01232,16740.0
503.5,17.31,0.09992,0.05634,16780.0
503.55,17.45,-0.06369,0.0002439,16800.0
503.6,17.6,-0.2273,-0.05585,16800.0
503.65,17.61,-0.3702,-0.02049,16800.0
503.7,17.62,-0.5131,0.01488,16790.0
503.75,17.61,-0.3205,0.1096,16790.0
503.8,17.6,-0.1278,0.2044,16800.0
503.85,17.7,-0.1465,0.06133,16830.0
503.9,17.81,-0.1652,-0.0817,16860.0
503.95,17.7,-0.2018,0.08755,16880.0
504.0,17.59,-0.2385,0.2568,16880.0
504.05,17.64,-0.3943,0.1834,16860.0
504.1,17.69,-0.5502,0.11,16830.0
504.15,17.64,-0.6869,0.04268,16820.0
504.2,17.6,-0.8236,-0.02463,16820.0
504.25,17.58,-0.7197,-0.03743,16830.0
504.3,17.57,-0.6158,-0.05024,16860.0
504.35,17.66,-0.5191,-0.1244,16890.0
504.4,17.74,-0.4224,-0.1985,16910.0
504.45,17.75,-0.3095,-0.1564,16910.0
504.5,17.77,-0.1967,-0.1144,16900.0
504.55,17.6,-0.1509,-0.04975,16900.0
504.6,17.43,-0.1051,0.01488,16890.0
504.65,17.42,-0.04677,0.03195,16880.0
504.7,17.4,0.01154,0.04902,16880.0
504.75,17.52,-0.02289,0.1482,16890.0
504.8,17.65,-0.05732,0.2473,16910.0
504.85,17.6,-0.1258,0.3026,16920.0
504.9,17.56,-0.1943,0.358,16920.0
504.95,17.48,-0.1545,0.4681,16930.0
505.0,17.4,-0.1146,0.5782,16940.0
505.05,17.32,-0.07524,0.4979,16940.0
505.1,17.23,-0.03583,0.4175,16920.0
505.15,17.25,-0.2187,0.3355,16910.0
505.2,17.26,-0.4017,0.2534,16900.0
505.25,17.24,-0.2924,0.2844,16900.0
505.3,17.22,-0.1831,0.3153,16900.0
505.35,17.4,-0.2892,0.2149,16900.0
505.4,17.58,-0.3953,0.1144,16940.0
505.45,17.55,-0.3228,0.09023,16980.0
505.5,17.52,-0.2504,0.06609,17020.0
505.55,17.61,-0.1135,0.1136,17030.0
505.6,17.7,0.02349,0.1612,17030.0
505.65,17.68,0.09693,0.01805,17020.0
505.7,17.67,0.1704,-0.1251,17000.0
505.75,17.44,0.218,-0.2431,16970.0
505.8,17.21,0.2655,-0.3612,16950.0
505.85,17.38,0.1576,-0.38,16950.0
505.9,17.54,0.04976,-0.3987,16960.0
505.95,17.41,0.09096,-0.4207,16990.0
506.0,17.29,0.1322,-0.4426,17020.0
506.05,17.19,0.04936,-0.5123,17040.0
506.1,17.1,-0.03344,-0.5819,17060.0
506.15,17.0,0.09136,-0.5331,17080.0
506.2,16.89,0.2162,-0.4843,17080.0
506.25,17.03,0.3398,-0.2641,17060.0
506.3,17.16,0.4634,-0.0439,17040.0
506.35,17.19,0.3171,-0.009023,17030.0
506.4,17.23,0.1708,0.02585,17020.0
506.45,17.32,0.1748,-0.05073,17020.0
506.5,17.41,0.1787,-0.1273,17020.0
506.55,17.39,0.131,-0.1957,17020.0
506.6,17.36,0.0832,-0.2641,17040.0
506.65,17.27,-0.1971,-0.1593,17060.0
506.7,17.18,-0.4773,-0.05438,17070.0
506.75,17.24,-0.4035,-0.2012,17060.0
506.8,17.29,-0.3296,-0.348,17060.0
506.85,17.38,-0.1957,-0.3554,17060.0
506.9,17.47,-0.0617,-0.3629,17070.0
506.95,17.78,-0.1457,-0.2918,17070.0
507.0,18.08,-0.2297,-0.2207,17070.0
507.05,18.03,-0.3513,-0.1774,17070.0
507.1,17.97,-0.4729,-0.1341,17070.0
507.15,18.16,-0.4202,-0.02963,17070.0
507.2,18.34,-0.3674,0.07487,17070.0
507.25,18.38,-0.2321,0.2577,17070.0
507.3,18.42,-0.09673,0.4404,17080.0
507.35,18.28,-0.1196,0.2589,17100.0
507.4,18.14,-0.1425,0.07731,17100.0
507.45,18.3,-0.1318,0.1362,17080.0
507.5,18.46,-0.121,0.1951,17060.0
507.55,18.46,-0.02926,0.3131,17060.0
507.6,18.47,0.0625,0.4312,17060.0
507.65,18.53,0.1507,0.3534,17070.0
507.7,18.59,0.2388,0.2756,17080.0
507.75,18.52,0.1393,0.3394,17110.0
507.8,18.45,0.03981,0.4031,17150.0
507.85,18.46,0.2619,0.4999,17180.0
507.9,18.47,0.4841,0.5968,17190.0
507.95,18.41,0.3762,0.7003,17180.0
508.0,18.34,0.2683,0.8038,17150.0
508.05,18.37,0.1777,0.6811,17120.0
508.1,18.4,0.08718,0.5585,17090.0
508.15,18.52,0.06469,0.6275,17070.0
508.2,18.64,0.0422,0.6965,17070.0
508.25,18.61,0.005573,0.6474,17110.0
508.3,18.59,-0.03105,0.5982,17160.0
508.35,18.65,-0.1905,0.3947,17210.0
508.4,18.71,-0.3499,0.1912,17250.0
508.45,18.86,-0.3069,-0.06194,17270.0
508.5,19.0,-0.2639,-0.3151,17280.0
508.55,18.9,-0.2793,-0.1747,17260.0
508.6,18.8,-0.2946,-0.03439,17230.0
508.65,18.71,-0.1927,-0.06182,17200.0
508.7,18.62,-0.09076,-0.08926,17190.0
508.75,18.71,-0.06489,-0.03426,17190.0
508.8,18.79,-0.03901,0.02073,17200.0
508.85,18.78,-0.06568,-0.04097,17210.0
508.9,18.77,-0.09236,-0.1027,17230.0
508.95,18.91,-0.1829,-0.1673,17250.0
509.0,19.04,-0.2735,-0.2319,17250.0
509.05,19.29,-0.2769,-0.1512,17260.0
509.1,19.53,-0.2803,-0.07048,17280.0
509.15,19.45,-0.1584,-0.004756,17320.0
509.2,19.36,-0.03662,0.06097,17360.0
509.25,19.48,-0.03045,-0.2206,17370.0
509.3,19.6,-0.02428,-0.5021,17350.0
509.35,19.63,-0.172,-0.6593,17330.0
509.4,19.67,-0.3197,-0.8165,17290.0
509.45,19.59,-0.2082,-0.6285,17250.0
509.5,19.51,-0.09673,-0.4404,17220.0
509.55,19.42,-0.1013,-0.307,17230.0
509.6,19.32,-0.1059,-0.1736,17270.0
509.65,19.16,-0.2006,-0.2894,17320.0
509.7,19.0,-0.2954,-0.4051,17360.0
509.75,19.1,-0.3754,-0.3578,17370.0
509.8,19.19,-0.4554,-0.3105,17370.0
509.85,19.31,-0.4465,-0.3367,17360.0
509.9,19.43,-0.4375,-0.3629,17350.0
509.95,19.62,-0.3217,-0.3359,17340.0
510.0,19.81,-0.2058,-0.309,17330.0
510.05,19.79,-0.1576,-0.2463,17350.0
510.1,19.76,-0.1095,-0.1836,17380.0
510.15,19.59,-0.1897,0.02975,17400.0
510.2,19.43,-0.2699,0.2431,17400.0
510.25,19.46,-0.1547,0.2857,17380.0
510.3,19.49,-0.03941,0.3283,17360.0
510.35,19.64,0.01771,0.1514,17360.0
510.4,19.79,0.07484,-0.02536,17360.0
510.45,19.9,-0.1043,-0.1338,17370.0
510.5,20.0,-0.2834,-0.2422,17400.0
510.55,20.03,-0.1529,-0.2764,17450.0
510.6,20.06,-0.02229,-0.3107,17500.0
510.65,20.02,0.01194,-0.3108,17510.0
510.7,19.98,0.04618,-0.3109,17510.0
510.75,20.05,0.1564,-0.195,17510.0
510.8,20.12,0.2667,-0.07902,17510.0
510.85,20.22,0.2273,-0.1012,17480.0
510.9,20.32,0.1879,-0.1234,17460.0
510.95,20.22,0.1053,-0.1742,17440.0
511.0,20.12,0.02269,-0.2251,17460.0
511.05,20.05,0.331,-0.3326,17470.0
511.1,19.98,0.6393,-0.4402,17480.0
511.15,19.95,0.4576,-0.3756,17490.0
511.2,19.93,0.2759,-0.3109,17520.0
511.25,19.86,0.2568,-0.2651,17570.0
511.3,19.79,0.2377,-0.2192,17590.0
511.35,19.84,0.1063,-0.174,17600.0
511.4,19.89,-0.02508,-0.1288,17600.0
511.45,19.84,0.1312,-0.2316,17610.0
511.5,19.78,0.2874,-0.3344,17620.0
511.55,19.99,0.3228,-0.1819,17590.0
511.6,20.2,0.3583,-0.02951,17550.0
511.65,20.13,0.4013,0.02158,17510.0
511.7,20.05,0.4443,0.07267,17510.0
511.75,19.9,0.4232,0.163,17510.0
511.8,19.75,0.4021,0.2534,17530.0
511.85,19.88,0.4902,0.3025,17560.0
511.9,20.02,0.5784,0.3517,17610.0
511.95,20.06,0.3029,0.2842,17660.0
512.0,20.1,0.02747,0.2168,17690.0
512.05,19.97,0.09932,0.1373,17670.0
512.1,19.84,0.1712,0.0578,17640.0
512.15,19.66,0.2257,0.1584,17610.0
512.2,19.48,0.2803,0.259,17590.0
512.25,19.57,0.1789,0.2273,17580.0
512.3,19.66,0.07763,0.1956,17560.0
512.35,19.57,0.08439,0.3669,17560.0
512.4,19.47,0.09116,0.5382,17580.0
512.45,19.42,0.2307,0.4791,17610.0
512.5,19.37,0.3702,0.42,17620.0
512.55,19.31,0.3822,0.4969,17620.0
512.6,19.25,0.3941,0.5738,17630.0
512.65,19.33,0.3838,0.7774,17650.0
512.7,19.4,0.3734,0.9809,17670.0
512.75,19.1,0.2799,1.033,17650.0
512.8,18.79,0.1863,1.085,17620.0
512.85,18.75,0.1172,0.8261,17610.0
512.9,18.71,0.04817,0.5677,17610.0
512.95,18.86,0.03941,0.5864,17600.0
513.0,19.01,0.03065,0.6051,17600.0
513.05,19.1,0.0615,0.7378,17600.0
513.1,19.2,0.09236,0.8706,17640.0
513.15,19.3,0.07146,0.9642,17670.0
513.2,19.39,0.05056,1.058,17680.0
513.25,19.45,0.1053,0.9684,17670.0
513.3,19.51,0.16,0.8792,17660.0
513.35,19.56,0.3559,0.7867,17640.0
513.4,19.62,0.5517,0.6943,17630.0
513.45,19.48,0.3513,0.7261,17610.0
513.5,19.33,0.1509,0.758,17600.0
513.55,19.37,0.07822,0.7333,17620.0
513.6,19.42,0.005573,0.7087,17660.0
513.65,19.34,0.02189,0.7817,17690.0
513.7,19.26,0.03822,0.8548,17700.0
513.75,19.26,0.1754,0.7917,17690.0
513.8,19.25,0.3125,0.7287,17680.0
513.85,19.38,0.3652,0.6633,17660.0
513.9,19.51,0.418,0.598,17630.0
513.95,19.38,0.6148,0.7514,17620.0
514.0,19.26,0.8117,0.9048,17630.0
514.05,19.34,0.6867,0.9676,17660.0
514.1,19.42,0.5617,1.03,17680.0
514.15,19.28,0.4558,0.9344,17680.0
514.2,19.14,0.3499,0.8384,17690.0
514.25,19.15,0.2834,0.6415,17690.0
514.3,19.16,0.217,0.4446,17680.0
514.35,19.2,0.2106,0.4517,17650.0
514.4,19.25,0.2042,0.4587,17630.0
514.45,19.13,0.3392,0.388,17630.0
514.5,19.01,0.4741,0.3173,17650.0
514.55,19.06,0.5203,0.4769,17680.0
514.6,19.11,0.5665,0.6365,17690.0
514.65,19.01,0.3559,0.6229,17690.0
514.7,18.91,0.1453,0.6092,17690.0
514.75,18.85,0.1141,0.6094,17700.0
514.8,18.8,0.0828,0.6097,17700.0
514.85,18.72,0.04677,0.4886,17690.0
514.9,18.64,0.01075,0.3675,17690.0
514.95,18.65,0.1119,0.2047,17680.0
515.0,18.66,0.213,0.04195,17680.0
515.05,18.69,0.09454,-0.06914,17670.0
515.1,18.71,-0.02389,-0.1802,17660.0
515.15,18.86,-0.02906,-0.08584,17670.0
515.2,19.01,-0.03424,0.008536,17690.0
515.25,19.03,0.1055,-0.09731,17730.0
515.3,19.05,0.2452,-0.2031,17750.0
515.35,18.83,0.07285,-0.1535,17770.0
515.4,18.62,-0.09952,-0.1039,17790.0
515.45,18.4,0.09076,-0.2007,17800.0
515.5,18.19,0.281,-0.2975,17780.0
515.55,18.03,0.3288,-0.3373,17730.0
515.6,17.87,0.3766,-0.377,17670.0
515.65,17.96,0.3511,-0.3289,17630.0
515.7,18.04,0.3256,-0.2807,17620.0
515.75,18.15,0.2259,-0.213,17630.0
515.8,18.25,0.1262,-0.1453,17670.0
515.85,18.27,-0.01771,-0.179,17730.0
515.9,18.3,-0.1616,-0.2127,17790.0
515.95,18.28,-0.2484,-0.03195,17830.0
516.0,18.25,-0.3352,0.1488,17830.0
516.05,18.36,-0.2303,0.2062,17780.0
516.1,18.47,-0.1254,0.2636,17710.0
516.15,18.54,-0.2096,0.2366,17650.0
516.2,18.62,-0.2938,0.2095,17610.0
516.25,18.38,-0.2295,0.04365,17580.0
516.3,18.13,-0.1652,-0.1222,17580.0
516.35,18.27,0.1099,-0.2696,17610.0
516.4,18.41,0.3849,-0.417,17670.0
516.45,18.46,0.2106,-0.2827,17720.0
516.5,18.52,0.03623,-0.1483,17740.0
516.55,18.29,0.0408,-0.113,17710.0
516.6,18.06,0.04538,-0.0778,17690.0
516.65,18.23,0.01871,-0.09511,17660.0
516.7,18.4,-0.007962,-0.1124,17640.0
516.75,18.32,0.00418,-0.1065,17610.0
516.8,18.24,0.01632,-0.1005,17600.0
516.85,18.06,0.2154,-0.08084,17620.0
516.9,17.88,0.4144,-0.06121,17640.0
516.95,17.85,0.4572,-0.1985,17650.0
517.0,17.83,0.5,-0.3358,17650.0
517.05,17.9,0.5511,-0.2464,17670.0
517.1,17.96,0.6023,-0.1571,17690.0
517.15,17.98,0.4558,-0.05682,17700.0
517.2,18.0,0.3093,0.04341,17690.0
517.25,17.74,0.1419,0.06085,17660.0
517.3,17.47,-0.02548,0.07828,17640.0
517.35,17.43,-0.1256,0.1757,17630.0
517.4,17.39,-0.2257,0.2731,17630.0
517.45,17.49,-0.3278,0.2764,17650.0
517.5,17.59,-0.4299,0.2797,17680.0
517.55,17.54,-0.5577,0.3136,17710.0
517.6,17.5,-0.6855,0.3475,17750.0
517.65,17.66,-0.5472,0.5121,17760.0
517.7,17.82,-0.4088,0.6768,17750.0
517.75,17.93,-0.2669,0.5702,17720.0
517.8,18.04,-0.125,0.4636,17690.0
517.85,18.0,-0.1487,0.5382,17660.0
517.9,17.96,-0.1724,0.6129,17620.0
517.95,18.07,-0.203,0.3945,17600.0
518.0,18.17,-0.2337,0.1761,17610.0
518.05,18.12,-0.3505,0.3402,17650.0
518.1,18.06,-0.4673,0.5043,17700.0
518.15,18.13,-0.5293,0.4935,17740.0
518.2,18.2,-0.5912,0.4826,17770.0
518.25,18.06,-0.5718,0.2806,17760.0
518.3,17.92,-0.5525,0.07853,17730.0
518.35,17.81,-0.6154,0.2002,17690.0
518.4,17.7,-0.6783,0.3219,17630.0
518.45,17.72,-0.6037,0.1435,17580.0
518.5,17.74,-0.5291,-0.03487,17560.0
518.55,17.83,-0.6537,-0.2268,17570.0
518.6,17.92,-0.7783,-0.4187,17600.0
518.65,17.87,-0.7896,-0.3483,17640.0
518.7,17.83,-0.8009,-0.2778,17670.0
518.75,17.88,-0.7554,-0.02256,17690.0
518.8,17.94,-0.7098,0.2327,17690.0
518.85,18.13,-0.7942,0.1749,17670.0
518.9,18.32,-0.8786,0.1171,17650.0
518.95,18.33,-0.8099,0.08865,17630.0
519.0,18.35,-0.7412,0.06024,17630.0
519.05,18.28,-0.6998,-0.1088,17640.0
519.1,18.21,-0.6584,-0.2778,17650.0
519.15,18.17,-0.4399,-0.1325,17660.0
519.2,18.13,-0.2213,0.01268,17690.0
519.25,18.11,-0.243,-0.004024,17740.0
519.3,18.08,-0.2647,-0.02073,17760.0
519.35,18.22,-0.1445,0.08828,17750.0
519.4,18.36,-0.02428,0.1973,17730.0
519.45,18.45,-0.07046,0.2069,17710.0
519.5,18.53,-0.1166,0.2166,17700.0
519.55,18.5,-0.09415,0.09877,17690.0
519.6,18.48,-0.07166,-0.01902,17690.0
519.65,18.53,-0.1011,0.02683,17730.0
519.7,18.58,-0.1306,0.07267,17800.0
519.75,18.5,0.09236,0.1662,17850.0
519.8,18.43,0.3153,0.2597,17870.0
519.85,18.4,0.4106,0.1286,17870.0
519.9,18.37,0.506,-0.002439,17850.0
519.95,18.4,0.5304,-0.03963,17820.0
520.0,18.44,0.5549,-0.07682,17780.0
520.05,18.42,0.5804,-0.1462,17730.0
520.1,18.4,0.6059,-0.2156,17700.0
520.15,18.35,0.5378,-0.1201,17700.0
520.2,18.3,0.4697,-0.02463,17730.0
520.25,18.33,0.4494,0.07487,17780.0
520.3,18.37,0.4291,0.1744,17830.0
520.35,18.31,0.07245,-0.1024,17890.0
520.4,18.26,-0.2842,-0.3792,17920.0
520.45,18.27,-0.07703,-0.4723,17910.0
520.5,18.27,0.1302,-0.5653,17850.0
520.55,18.16,0.2333,-0.7321,17790.0
520.6,18.05,0.3364,-0.8989,17740.0
520.65,17.98,0.05056,-0.8536,17710.0
520.7,17.91,-0.2353,-0.8082,17700.0
520.75,18.03,-0.3531,-0.9965,17710.0
520.8,18.15,-0.4709,-1.185,17750.0
520.85,18.34,-0.3603,-1.081,17800.0
520.9,18.52,-0.2496,-0.9779,17840.0
520.95,18.61,-0.2406,-0.8923,17850.0
521.0,18.7,-0.2317,-0.8067,17830.0
521.05,18.7,-0.2014,-0.9777,17800.0
521.1,18.69,-0.1712,-1.149,17770.0
521.15,18.74,-0.07663,-1.091,17750.0
521.2,18.79,0.01791,-1.033,17740.0
521.25,18.53,0.01911,-0.8615,17740.0
521.3,18.28,0.0203,-0.6897,17760.0
521.35,18.3,-0.2,-0.596,17780.0
521.4,18.31,-0.4204,-0.5024,17810.0
521.45,18.24,-0.3682,-0.5152,17820.0
521.5,18.17,-0.3161,-0.528,17820.0
521.55,18.07,-0.297,-0.5045,17810.0
521.6,17.96,-0.2779,-0.4809,17800.0
521.65,17.9,-0.3029,-0.3987,17790.0
521.7,17.83,-0.328,-0.3166,17780.0
521.75,17.89,-0.1807,-0.3814,17780.0
521.8,17.94,-0.03344,-0.4463,17800.0
521.85,18.06,-0.0615,-0.4991,17830.0
521.9,18.17,-0.08957,-0.5519,17870.0
521.95,18.22,-0.0203,-0.5593,17900.0
522.0,18.28,0.04896,-0.5668,17910.0
522.05,18.43,0.1033,-0.5816,17910.0
522.1,18.58,0.1576,-0.5965,17910.0
522.15,18.58,0.1578,-0.609,17870.0
522.2,18.58,0.158,-0.6214,17820.0
522.25,18.55,0.08718,-0.5838,17770.0
522.3,18.51,0.01632,-0.5463,17750.0
522.35,18.48,0.03981,-0.7774,17760.0
522.4,18.45,0.0633,-1.008,17780.0
522.45,18.5,-0.2235,-1.041,17830.0
522.5,18.56,-0.5103,-1.073,17890.0
522.55,18.32,-0.3893,-1.069,17950.0
522.6,18.08,-0.2683,-1.065,17970.0
522.65,18.12,-0.1244,-1.166,17940.0
522.7,18.16,0.01951,-1.266,17880.0
522.75,18.23,-0.1429,-1.155,17820.0
522.8,18.31,-0.3053,-1.044,17770.0
522.85,18.41,-0.4045,-0.8945,17720.0
522.9,18.51,-0.5036,-0.7448,17690.0
522.95,18.46,-0.2753,-0.733,17690.0
523.0,18.41,-0.04697,-0.7211,17740.0
523.05,18.37,-0.1742,-0.78,17800.0
523.1,18.33,-0.3013,-0.8389,17830.0
523.15,18.37,-0.3971,-0.8616,17840.0
523.2,18.41,-0.4928,-0.8843,17840.0
523.25,18.1,-0.4242,-0.8905,17830.0
523.3,17.78,-0.3555,-0.8967,17800.0
523.35,17.73,-0.4178,-1.089,17750.0
523.4,17.68,-0.4801,-1.282,17710.0
523.45,17.73,-0.5569,-1.235,17700.0
523.5,17.78,-0.6337,-1.189,17720.0
523.55,17.62,-0.3103,-1.148,17730.0
523.6,17.46,0.01314,-1.106,17740.0
523.65,17.52,-0.005374,-0.9712,17750.0
523.7,17.58,-0.02388,-0.836,17770.0
523.75,17.59,0.05056,-0.7253,17780.0
523.8,17.61,0.125,-0.6146,17760.0
523.85,17.73,0.0836,-0.2973,17740.0
523.9,17.86,0.0422,0.02,17740.0
523.95,18.04,-0.02926,0.04524,17760.0
524.0,18.23,-0.1007,0.07048,17800.0
524.05,18.28,-0.06847,-0.1005,17820.0
524.1,18.34,-0.03623,-0.2714,17810.0
524.15,18.48,-0.07723,-0.2453,17800.0
524.2,18.62,-0.1182,-0.2192,17770.0
524.25,18.71,-0.1992,-0.1421,17730.0
524.3,18.8,-0.2803,-0.06487,17680.0
524.35,18.92,-0.3656,-0.0004878,17660.0
524.4,19.04,-0.451,0.0639,17670.0
524.45,19.17,-0.1626,0.02658,17700.0
524.5,19.3,0.1258,-0.01073,17720.0
524.55,19.44,0.1304,-0.1123,17720.0
524.6,19.57,0.135,-0.2139,17730.0
524.65,19.62,-0.01811,-0.3224,17760.0
524.7,19.66,-0.1712,-0.4309,17800.0
524.75,19.93,-0.2379,-0.4036,17810.0
524.8,20.21,-0.3045,-0.3763,17790.0
524.85,20.37,-0.4058,-0.4737,17760.0
524.9,20.54,-0.5072,-0.5712,17720.0
524.95,20.35,-0.341,-0.417,17680.0
525.0,20.17,-0.1748,-0.2629,17630.0
525.05,19.96,-0.06728,-0.249,17600.0
525.1,19.74,0.04021,-0.2351,17600.0
525.15,19.69,0.1017,-0.2425,17630.0
525.2,19.63,0.1632,-0.25,17670.0
525.25,19.64,0.3242,-0.3829,17710.0
525.3,19.65,0.4853,-0.5158,17740.0
525.35,19.68,0.4518,-0.6719,17780.0
525.4,19.72,0.4184,-0.828,17790.0
525.45,19.7,0.215,-0.7419,17760.0
525.5,19.69,0.01154,-0.6558,17710.0
525.55,19.58,0.006767,-0.6881,17650.0
525.6,19.47,0.00199,-0.7204,17620.0
525.65,19.51,0.1051,-0.7052,17600.0
525.7,19.56,0.2082,-0.6899,17590.0
525.75,19.58,0.1041,-0.9407,17600.0
525.8,19.61,0.0,-1.192,17640.0
525.85,19.42,-0.04936,-1.294,17680.0
525.9,19.24,-0.09872,-1.396,17710.0
525.95,19.3,0.1423,-1.186,17710.0
526.0,19.36,0.3834,-0.9765,17700.0
526.05,19.36,0.4723,-0.9459,17690.0
526.1,19.36,0.5613,-0.9153,17700.0
526.15,19.52,0.3169,-0.8672,17690.0
526.2,19.69,0.07245,-0.8192,17680.0
526.25,19.75,0.1978,-0.7803,17670.0
526.3,19.81,0.3232,-0.7414,17680.0
526.35,19.44,0.409,-0.7196,17670.0
526.4,19.07,0.4948,-0.6977,17630.0
526.45,18.93,0.2996,-0.7841,17580.0
526.5,18.8,0.1043,-0.8704,17550.0
526.55,18.73,-0.08479,-0.8947,17550.0
526.6,18.66,-0.2739,-0.9189,17550.0
526.65,18.79,-0.2164,-0.9348,17560.0
526.7,18.92,-0.1588,-0.9506,17590.0
526.75,18.84,-0.198,-0.8587,17640.0
526.8,18.76,-0.2373,-0.7667,17670.0
526.85,18.8,-0.3175,-0.7398,17650.0
526.9,18.84,-0.3977,-0.7128,17620.0
526.95,18.64,-0.4021,-0.7649,17580.0
527.0,18.44,-0.4064,-0.817,17540.0
527.05,18.63,-0.5599,-0.7414,17500.0
527.1,18.82,-0.7134,-0.6658,17460.0
527.15,18.76,-0.7432,-0.6193,17430.0
527.2,18.7,-0.7731,-0.5729,17430.0
527.25,18.83,-0.675,-0.5834,17460.0
527.3,18.96,-0.5768,-0.5938,17490.0
527.35,19.07,-0.3999,-0.4674,17520.0
527.4,19.19,-0.2229,-0.3409,17540.0
527.45,19.06,-0.3816,-0.287,17570.0
527.5,18.93,-0.5402,-0.2331,17570.0
527.55,18.73,-0.2028,-0.2923,17540.0
527.6,18.54,0.1346,-0.3514,17500.0
527.65,18.57,0.2365,-0.526,17450.0
527.7,18.61,0.3384,-0.7007,17420.0
527.75,18.89,0.1919,-0.6691,17400.0
527.8,19.17,0.04538,-0.6375,17380.0
527.85,18.92,0.07603,-0.2281,17380.0
527.9,18.67,0.1067,0.1812,17410.0
527.95,18.75,0.2697,0.1823,17450.0
528.0,18.84,0.4327,0.1834,17470.0
528.05,18.86,0.2088,0.1295,17480.0
528.1,18.88,-0.01513,0.0756,17490.0
528.15,19.01,0.03623,-0.09621,17480.0
528.2,19.14,0.08758,-0.268,17450.0
528.25,19.17,0.1085,-0.3391,17420.0
528.3,19.2,0.1294,-0.4102,17370.0
528.35,19.12,0.1694,-0.4906,17340.0
528.4,19.05,0.2094,-0.5709,17330.0
528.45,18.91,0.2675,-0.6277,17320.0
528.5,18.77,0.3256,-0.6846,17310.0
528.55,18.79,0.2048,-0.3333,17320.0
528.6,18.82,0.084,0.01805,17330.0
528.65,18.84,0.06071,-0.01732,17340.0
528.7,18.87,0.03742,-0.05268,17330.0
528.75,18.94,0.1781,0.005121,17290.0
528.8,19.01,0.3189,0.06292,17250.0
528.85,18.89,0.3523,0.222,17210.0
528.9,18.77,0.3857,0.3812,17200.0
528.95,18.88,0.3328,0.2138,17210.0
529.0,18.99,0.2799,0.04634,17220.0
529.05,19.03,0.02448,-0.07902,17250.0
529.1,19.07,-0.2309,-0.2044,17250.0
529.15,19.04,-0.08957,-0.1019,17240.0
529.2,19.02,0.05175,0.0004878,17200.0
529.25,19.1,0.1178,0.1838,17160.0
529.3,19.18,0.1839,0.367,17120.0
529.35,19.13,0.2783,0.2684,17090.0
529.4,19.09,0.3726,0.1697,17090.0
529.45,19.19,0.4359,0.08804,17100.0
529.5,19.3,0.4992,0.006341,17110.0
529.55,19.43,0.3903,0.09621,17140.0
529.6,19.56,0.2814,0.1861,17160.0
529.65,19.48,0.2898,0.223,17170.0
529.7,19.41,0.2982,0.26,17170.0
529.75,19.53,0.329,0.282,17150.0
529.8,19.65,0.3599,0.3041,17120.0
529.85,19.72,0.2239,0.3935,17070.0
529.9,19.8,0.08798,0.4829,17040.0
529.95,19.83,0.00199,0.4997,17030.0
530.0,19.86,-0.084,0.5165,17010.0
530.05,19.92,-0.1258,0.322,17010.0
530.1,19.98,-0.1676,0.1275,17030.0
530.15,19.78,-0.253,0.1257,17060.0
530.2,19.59,-0.3384,0.1239,17100.0
530.25,19.62,-0.2675,0.1261,17110.0
530.3,19.65,-0.1967,0.1283,17110.0
530.35,19.69,-0.2249,0.2917,17100.0
530.4,19.73,-0.2532,0.4551,17100.0
530.45,19.78,-0.05673,0.5588,17070.0
530.5,19.83,0.1397,0.6626,17030.0
530.55,19.79,0.0422,0.6357,17000.0
530.6,19.75,-0.05533,0.6087,16970.0
530.65,19.9,-0.1095,0.753,16970.0
530.7,20.05,-0.1636,0.8972,16980.0
530.75,20.17,-0.1807,0.8577,17000.0
530.8,20.29,-0.1978,0.8182,17010.0
530.85,20.27,-0.212,0.7776,17020.0
530.9,20.26,-0.2261,0.737,17020.0
530.95,20.13,0.002787,0.4102,17000.0
531.0,20.0,0.2317,0.08341,16960.0
531.05,20.02,0.2074,0.09792,16930.0
531.1,20.03,0.1831,0.1124,16910.0
531.15,19.93,0.1801,-0.03768,16900.0
531.2,19.83,0.1771,-0.1878,16890.0
531.25,19.81,0.1773,-0.07719,16890.0
531.3,19.79,0.1775,0.03341,16900.0
531.35,19.83,0.4317,0.09243,16900.0
531.4,19.87,0.6859,0.1514,16900.0
531.45,19.85,0.7661,0.07353,16880.0
531.5,19.83,0.8463,-0.00439,16870.0
531.55,19.79,0.953,-0.126,16860.0
531.6,19.76,1.06,-0.2475,16850.0
531.65,19.88,0.9839,-0.4187,16830.0
531.7,20.0,0.908,-0.5899,16810.0
531.75,20.01,0.8155,-0.5062,16790.0
531.8,20.01,0.7229,-0.4224,16780.0
531.85,19.96,0.6781,-0.1911,16780.0
531.9,19.9,0.6334,0.04024,16800.0
531.95,19.89,0.7518,0.005853,16810.0
532.0,19.87,0.8702,-0.02853,16810.0
532.05,19.79,0.9353,-0.01378,16790.0
532.1,19.71,1.0,0.0009755,16760.0
532.15,19.7,0.8933,0.08926,16710.0
532.2,19.7,0.7862,0.1775,16680.0
532.25,19.75,0.9003,0.3298,16670.0
532.3,19.8,1.014,0.4821,16680.0
532.35,19.88,1.128,0.578,16700.0
532.4,19.95,1.242,0.6738,16740.0
532.45,19.91,1.258,0.7952,16760.0
532.5,19.86,1.275,0.9165,16770.0
532.55,19.75,1.294,0.8503,16750.0
532.6,19.64,1.314,0.7841,16710.0
532.65,19.77,1.22,0.6872,16660.0
532.7,19.9,1.125,0.5904,16610.0
532.75,19.89,1.099,0.4714,16600.0
532.8,19.87,1.072,0.3524,16610.0
532.85,19.99,1.045,0.5193,16650.0
532.9,20.11,1.018,0.6863,16680.0
532.95,20.12,1.049,0.8322,16700.0
533.0,20.12,1.08,0.9782,16700.0
533.05,20.14,0.9934,0.8036,16690.0
533.1,20.17,0.9064,0.629,16670.0
533.15,20.07,0.9984,0.5971,16630.0
533.2,19.97,1.09,0.5653,16580.0
533.25,19.81,0.9247,0.4919,16550.0
533.3,19.64,0.7591,0.4185,16530.0
533.35,19.7,0.84,0.4586,16530.0
533.4,19.75,0.9208,0.4987,16520.0
533.45,19.71,0.7359,0.5442,16510.0
533.5,19.68,0.5509,0.5897,16530.0
533.55,19.68,0.7122,0.5888,16550.0
533.6,19.69,0.8734,0.588,16570.0
533.65,19.52,1.072,0.5713,16580.0
533.7,19.34,1.27,0.5546,16570.0
533.75,19.24,1.213,0.5147,16560.0
533.8,19.15,1.156,0.4748,16520.0
533.85,18.94,1.068,0.4195,16470.0
533.9,18.74,0.9797,0.3641,16420.0
533.95,18.85,1.004,0.4136,16400.0
534.0,18.96,1.029,0.4631,16400.0
534.05,19.07,0.95,0.6707,16410.0
534.1,19.18,0.8714,0.8782,16430.0
534.15,19.1,0.6801,0.9162,16440.0
534.2,19.02,0.4888,0.9543,16460.0
534.25,18.92,0.3338,1.094,16470.0
534.3,18.82,0.1787,1.233,16470.0
534.35,18.72,0.1915,1.328,16450.0
534.4,18.62,0.2042,1.423,16430.0
534.45,18.6,0.1813,1.321,16410.0
534.5,18.59,0.1584,1.219,16390.0
534.55,18.5,0.123,1.188,16350.0
534.6,18.41,0.08758,1.158,16310.0
534.65,18.45,0.3073,1.252,16300.0
534.7,18.5,0.5271,1.347,16290.0
534.75,18.29,0.5784,1.017,16300.0
534.8,18.09,0.6298,0.6863,16320.0
534.85,18.16,0.4146,0.905,16340.0
534.9,18.23,0.1994,1.124,16380.0
534.95,18.24,0.3718,1.111,16400.0
535.0,18.25,0.5442,1.097,16390.0
535.05,18.21,0.4894,1.115,16350.0
535.1,18.16,0.4347,1.133,16320.0
535.15,17.96,0.4289,1.349,16290.0
535.2,17.75,0.4232,1.565,16270.0
535.25,17.66,0.2325,1.334,16250.0
535.3,17.56,0.0418,1.102,16240.0
535.35,17.56,0.1328,0.9962,16250.0
535.4,17.57,0.2237,0.8901,16280.0
535.45,17.58,0.3312,0.9439,16290.0
535.5,17.58,0.4387,0.9977,16300.0
535.55,17.5,0.3977,0.7936,16300.0
535.6,17.41,0.3567,0.5894,16280.0
535.65,17.4,0.258,0.4406,16250.0
535.7,17.4,0.1592,0.2917,16220.0
535.75,17.37,0.1272,0.2887,16200.0
535.8,17.35,0.09514,0.2858,16180.0
535.85,17.26,0.1133,0.3284,16190.0
535.9,17.18,0.1314,0.3709,16200.0
535.95,17.17,0.1941,0.3189,16210.0
536.0,17.16,0.2568,0.2668,16210.0
536.05,17.15,0.1063,0.1758,16180.0
536.1,17.14,-0.04419,0.08487,16150.0
536.15,17.13,-0.02647,0.1514,16120.0
536.2,17.12,-0.008758,0.218,16090.0
536.25,17.16,0.01791,0.1722,16070.0
536.3,17.19,0.04459,0.1263,16070.0
536.35,17.32,-0.03424,0.2364,16090.0
536.4,17.45,-0.1131,0.3465,16120.0
536.45,17.25,-0.01075,0.5354,16130.0
536.5,17.04,0.09156,0.7243,16120.0
536.55,17.09,0.07822,0.6896,16090.0
536.6,17.13,0.06489,0.6548,16050.0
536.65,17.23,0.05195,0.3926,16010.0
536.7,17.33,0.03901,0.1305,15990.0
536.75,17.36,0.1682,-0.05926,15980.0
536.8,17.39,0.2974,-0.249,15980.0
536.85,17.44,0.3322,-0.2863,16000.0
536.9,17.5,0.367,-0.3236,16000.0
536.95,17.45,0.3728,-0.2401,16000.0
537.0,17.39,0.3786,-0.1566,16000.0
537.05,17.41,0.3704,-0.1749,16000.0
537.1,17.42,0.3623,-0.1931,15990.0
537.15,17.4,0.4707,-0.07828,15970.0
537.2,17.38,0.5792,0.03658,15960.0
537.25,17.25,0.5778,-0.05316,15950.0
537.3,17.12,0.5764,-0.1429,15940.0
537.35,17.12,0.5078,-0.2231,15920.0
537.4,17.13,0.4391,-0.3034,15890.0
537.45,17.1,0.6286,-0.467,15880.0
537.5,17.08,0.8181,-0.6307,15870.0
537.55,17.31,0.7912,-0.5714,15870.0
537.6,17.55,0.7643,-0.5121,15880.0
537.65,17.44,0.7494,-0.4253,15880.0
537.7,17.32,0.7345,-0.3385,15880.0
537.75,17.34,0.829,-0.5141,15880.0
537.8,17.37,0.9236,-0.6897,15860.0
537.85,17.2,0.8208,-0.5796,15840.0
537.9,17.04,0.7181,-0.4695,15830.0
537.95,16.98,0.5766,-0.3748,15820.0
538.0,16.93,0.4351,-0.2802,15810.0
538.05,17.03,0.382,-0.4401,15790.0
538.1,17.13,0.3288,-0.5999,15750.0
538.15,16.98,0.2705,-0.4976,15720.0
538.2,16.84,0.2122,-0.3953,15690.0
538.25,16.97,0.2472,-0.3764,15670.0
538.3,17.09,0.2822,-0.3575,15660.0
538.35,17.15,0.3927,-0.319,15650.0
538.4,17.21,0.5032,-0.2805,15660.0
538.45,17.06,0.4695,-0.2481,15670.0
538.5,16.9,0.4359,-0.2158,15680.0
538.55,17.03,0.3244,-0.4589,15660.0
538.6,17.16,0.213,-0.7019,15630.0
538.65,17.11,0.3943,-0.6897,15590.0
538.7,17.07,0.5756,-0.6775,15560.0
538.75,17.17,0.8135,-0.5168,15510.0
538.8,17.27,1.051,-0.3561,15450.0
538.85,17.36,1.082,-0.4528,15420.0
538.9,17.45,1.112,-0.5495,15410.0
538.95,17.51,0.9821,-0.6242,15430.0
539.0,17.56,0.8523,-0.6989,15450.0
539.05,17.45,0.8127,-0.5775,15480.0
539.1,17.33,0.7731,-0.456,15500.0
539.15,17.23,0.8262,-0.3601,15510.0
539.2,17.12,0.8794,-0.2641,15510.0
539.25,16.99,0.7018,-0.3192,15480.0
539.3,16.85,0.5243,-0.3743,15420.0
539.35,16.86,0.5314,-0.2241,15350.0
539.4,16.87,0.5386,-0.07389,15300.0
539.45,16.8,0.5336,0.153,15260.0
539.5,16.72,0.5287,0.38,15240.0
539.55,16.77,0.7,0.1468,15260.0
539.6,16.82,0.8714,-0.08633,15300.0
539.65,16.76,0.7118,-0.07682,15340.0
539.7,16.7,0.5521,-0.06731,15360.0
539.75,16.67,0.3455,-0.1077,15360.0
539.8,16.64,0.1389,-0.148,15340.0
539.85,16.46,0.2635,-0.1546,15310.0
539.9,16.28,0.3881,-0.1612,15270.0
539.95,16.04,0.5507,-0.1121,15220.0
540.0,15.8,0.7134,-0.06292,15190.0
540.05,15.73,0.7655,-0.06609,15190.0
540.1,15.66,0.8177,-0.06926,15200.0
540.15,15.78,1.032,0.002805,15200.0
540.2,15.91,1.246,0.07487,15200.0
540.25,15.88,1.226,-0.008292,15190.0
540.3,15.84,1.207,-0.09145,15180.0
540.35,16.08,1.128,-0.1591,15160.0
540.4,16.32,1.049,-0.2268,15140.0
540.45,16.35,1.104,-0.2361,15120.0
540.5,16.37,1.158,-0.2453,15120.0
540.55,16.39,1.167,-0.2492,15120.0
540.6,16.4,1.176,-0.2531,15110.0
540.65,16.48,1.126,-0.2734,15100.0
540.7,16.55,1.076,-0.2936,15090.0
540.75,16.51,1.135,-0.2325,15090.0
540.8,16.47,1.193,-0.1714,15070.0
540.85,16.42,1.151,-0.2191,15040.0
540.9,16.38,1.11,-0.2668,14990.0
540.95,16.43,0.9112,-0.3568,14950.0
541.0,16.48,0.7126,-0.4468,14920.0
541.05,16.43,0.4588,-0.3829,14890.0
541.1,16.38,0.205,-0.319,14880.0
541.15,16.27,0.3324,-0.2614,14900.0
541.2,16.17,0.4598,-0.2039,14930.0
541.25,16.03,0.2605,-0.1817,14960.0
541.3,15.89,0.0613,-0.1595,14960.0
541.35,15.79,0.1973,-0.1757,14940.0
541.4,15.68,0.3332,-0.1919,14900.0
541.45,15.75,0.5275,-0.3113,14840.0
541.5,15.81,0.7217,-0.4307,14790.0
541.55,15.74,0.6781,-0.3589,14730.0
541.6,15.67,0.6345,-0.287,14700.0
541.65,15.72,0.5927,-0.4462,14710.0
541.7,15.76,0.5509,-0.6053,14750.0
541.75,15.67,0.541,-0.6419,14780.0
541.8,15.59,0.531,-0.6785,14800.0
541.85,15.78,0.5344,-0.6277,14800.0
541.9,15.97,0.5378,-0.577,14790.0
541.95,15.93,0.4526,-0.4976,14750.0
542.0,15.89,0.3674,-0.4182,14700.0
542.05,16.0,0.409,-0.4437,14660.0
542.1,16.11,0.4506,-0.4692,14630.0
542.15,16.27,0.7036,-0.2038,14630.0
542.2,16.43,0.9566,0.0617,14640.0
542.25,16.32,0.7789,-0.01073,14650.0
542.3,16.21,0.6011,-0.08316,14650.0
542.35,16.31,0.6083,-0.1013,14650.0
542.4,16.42,0.6154,-0.1195,14640.0
542.45,16.45,0.8276,0.08145,14610.0
542.5,16.48,1.04,0.2824,14580.0
542.55,16.46,0.7725,0.1724,14550.0
542.6,16.43,0.5052,0.06243,14530.0
542.65,16.31,0.3545,0.09304,14530.0
542.7,16.19,0.2038,0.1236,14530.0
542.75,16.29,0.2992,-0.06975,14540.0
542.8,16.39,0.3945,-0.2631,14560.0
542.85,16.53,0.2675,-0.02975,14570.0
542.9,16.67,0.1405,0.2036,14560.0
542.95,16.72,0.125,0.2033,14530.0
543.0,16.77,0.1095,0.2029,14490.0
543.05,16.86,0.1015,0.4231,14440.0
543.1,16.94,0.09355,0.6433,14400.0
543.15,16.94,0.1248,0.6014,14370.0
543.2,16.94,0.156,0.5595,14370.0
543.25,16.92,0.02926,0.4025,14390.0
543.3,16.9,-0.09753,0.2456,14420.0
543.35,16.76,-0.204,0.353,14460.0
543.4,16.61,-0.3105,0.4604,14490.0
543.45,16.81,-0.2938,0.38,14490.0
543.5,17.01,-0.2771,0.2995,14470.0
543.55,16.97,-0.1853,0.3828,14420.0
543.6,16.94,-0.09355,0.466,14360.0
543.65,16.83,-0.02309,0.2423,14290.0
543.7,16.73,0.04737,0.01853,14230.0
543.75,16.86,0.2369,-0.04292,14200.0
543.8,16.99,0.4263,-0.1044,14210.0
543.85,17.09,0.2924,0.1022,14250.0
543.9,17.18,0.1584,0.3087,14300.0
543.95,17.08,0.2026,0.3729,14340.0
544.0,16.98,0.2468,0.437,14350.0
544.05,16.84,0.3672,0.7883,14340.0
544.1,16.69,0.4877,1.14,14310.0
544.15,16.74,0.3744,1.151,14250.0
544.2,16.78,0.2611,1.162,14200.0
544.25,16.86,0.3226,1.062,14150.0
544.3,16.93,0.3842,0.9618,14130.0
544.35,16.88,0.4068,0.7582,14130.0
544.4,16.82,0.4295,0.5546,14120.0
544.45,16.94,0.4486,0.5152,14130.0
544.5,17.07,0.4677,0.4758,14140.0
544.55,17.23,0.4345,0.4778,14160.0
544.6,17.39,0.4013,0.4797,14170.0
544.65,17.47,0.1228,0.4741,14170.0
544.7,17.55,-0.1557,0.4685,14150.0
544.75,17.67,-0.131,0.6191,14140.0
544.8,17.78,-0.1063,0.7697,14140.0
544.85,17.74,-0.03224,0.7556,14130.0
544.9,17.71,0.0418,0.7416,14110.0
544.95,17.66,0.01075,0.5591,14080.0
545.0,17.62,-0.0203,0.3765,14080.0
545.05,17.64,-0.02349,0.223,14070.0
545.1,17.66,-0.02667,0.0695,14070.0
545.15,17.66,-0.0824,0.09718,14070.0
545.2,17.66,-0.1381,0.1249,14080.0
545.25,17.74,-0.0627,0.2363,14090.0
545.3,17.82,0.01274,0.3478,14100.0
545.35,17.81,-0.1672,0.4059,14100.0
545.4,17.79,-0.3471,0.4641,14100.0
545.45,17.73,-0.2633,0.4036,14110.0
545.5,17.67,-0.1795,0.3431,14120.0
545.55,17.71,-0.07444,0.5077,14120.0
545.6,17.75,0.03065,0.6724,14120.0
545.65,17.79,0.2096,0.5473,14100.0
545.7,17.83,0.3885,0.4221,14090.0
545.75,17.91,0.3085,0.4303,14060.0
545.8,17.98,0.2285,0.4385,14050.0
545.85,18.05,0.1644,0.3276,14040.0
545.9,18.11,0.1003,0.2168,14050.0
545.95,18.26,0.2195,0.1334,14090.0
546.0,18.41,0.3388,0.04999,14130.0
546.05,18.42,0.3635,-0.1035,14160.0
546.1,18.43,0.3881,-0.257,14170.0
546.15,18.64,0.453,-0.2353,14180.0
546.2,18.86,0.5179,-0.2136,14160.0
546.25,18.82,0.467,-0.2783,14120.0
546.3,18.79,0.416,-0.3429,14070.0
546.35,18.96,0.3784,-0.2206,14040.0
546.4,19.13,0.3408,-0.09828,14030.0
546.45,19.14,0.2229,-0.05573,14040.0
546.5,19.14,0.1051,-0.01317,14070.0
546.55,19.07,-0.1817,0.009999,14100.0
546.6,19.0,-0.4685,0.03317,14130.0
546.65,18.87,-0.4638,0.07121,14150.0
546.7,18.74,-0.459,0.1093,14150.0
546.75,18.53,-0.3804,-0.1422,14140.0
546.8,18.32,-0.3017,-0.3936,14110.0
546.85,18.27,-0.2357,-0.3501,14080.0
546.9,18.22,-0.1696,-0.3066,14060.0
546.95,18.35,0.08559,-0.3474,14040.0
547.0,18.48,0.3408,-0.3882,14040.0
547.05,18.57,0.4259,-0.4773,14050.0
547.1,18.67,0.5111,-0.5663,14070.0
547.15,18.64,0.5957,-0.2894,14080.0
547.2,18.6,0.6803,-0.01244,14090.0
547.25,18.49,0.6734,-0.01707,14100.0
547.3,18.38,0.6664,-0.0217,14100.0
547.35,18.54,0.8017,-0.02829,14090.0
547.4,18.7,0.9371,-0.03487,14080.0
547.45,19.03,0.8457,0.186,14070.0
547.5,19.36,0.7544,0.4068,14060.0
547.55,19.41,0.6216,0.4004,14050.0
547.6,19.46,0.4888,0.3941,14050.0
547.65,19.51,0.55,0.3269,14040.0
547.7,19.57,0.6111,0.2597,14050.0
547.75,19.48,0.4043,0.2192,14060.0
547.8,19.4,0.1974,0.1788,14080.0
547.85,19.5,0.2574,0.2078,14100.0
547.9,19.6,0.3173,0.2368,14120.0
547.95,19.67,0.1127,0.344,14130.0
548.0,19.74,-0.09196,0.4512,14130.0
548.05,19.63,-0.05693,0.432,14120.0
548.1,19.52,-0.02189,0.4129,14100.0
548.15,19.57,-0.199,0.4003,14100.0
548.2,19.62,-0.3762,0.3878,14110.0
548.25,19.67,-0.5955,0.3098,14140.0
548.3,19.72,-0.8149,0.2319,14170.0
548.35,19.69,-0.9074,0.2612,14200.0
548.4,19.66,-1.0,0.2905,14220.0
548.45,19.79,-0.7478,0.201,14230.0
548.5,19.92,-0.4956,0.1115,14220.0
548.55,19.85,-0.5651,0.2446,14210.0
548.6,19.79,-0.6345,0.3778,14200.0
548.65,19.94,-0.5352,0.4485,14190.0
548.7,20.09,-0.4359,0.5192,14190.0
548.75,19.86,-0.2641,0.2712,14200.0
548.8,19.63,-0.09236,0.02317,14230.0
548.85,19.42,-0.07444,-0.01427,14260.0
548.9,19.22,-0.05653,-0.0517,14280.0
548.95,19.13,-0.0414,0.06609,14300.0
549.0,19.05,-0.02627,0.1839,14310.0
549.05,19.19,-0.01334,0.3067,14310.0
549.1,19.33,-0.0003981,0.4295,14300.0
549.15,19.24,-0.05354,0.4284,14260.0
549.2,19.14,-0.1067,0.4273,14240.0
549.25,19.16,-0.1025,0.3918,14220.0
549.3,19.18,-0.09833,0.3563,14220.0
549.35,19.15,-0.03364,0.4697,14230.0
549.4,19.13,0.03105,0.5831,14260.0
549.45,19.29,-0.007962,0.3034,14300.0
549.5,19.46,-0.04697,0.02366,14340.0
549.55,19.31,-0.1288,0.01012,14380.0
549.6,19.17,-0.2106,-0.003414,14390.0
549.65,18.97,-0.3105,0.04158,14390.0
549.7,18.78,-0.4104,0.08658,14380.0
549.75,18.7,-0.3378,-0.04268,14350.0
549.8,18.62,-0.2651,-0.1719,14320.0
549.85,18.55,-0.2498,-0.1349,14310.0
549.9,18.47,-0.2345,-0.09779,14320.0
549.95,18.38,0.01911,-0.1294,14350.0
550.0,18.29,0.2727,-0.161,14400.0
550.05,18.16,0.3919,-0.1911,14440.0
550.1,18.03,0.5111,-0.2212,14470.0
550.15,18.03,0.5892,-0.06329,14490.0
550.2,18.04,0.6672,0.09462,14490.0
550.25,18.25,0.6648,-0.06219,14500.0
550.3,18.47,0.6624,-0.219,14510.0
550.35,18.62,0.696,-0.1033,14530.0
550.4,18.76,0.7297,0.01244,14530.0
550.45,18.7,0.6401,0.1718,14530.0
550.5,18.63,0.5505,0.3312,14520.0
550.55,18.65,0.5091,0.1953,14520.0
550.6,18.66,0.4677,0.05951,14520.0
550.65,18.55,0.327,0.0506,14530.0
550.7,18.43,0.1863,0.0417,14550.0
550.75,18.44,0.2711,-0.08084,14580.0
550.8,18.44,0.3559,-0.2034,14620.0
550.85,18.61,0.2844,-0.3381,14640.0
550.9,18.78,0.213,-0.4729,14650.0
550.95,18.94,0.06091,-0.5595,14650.0
551.0,19.09,-0.09116,-0.646,14640.0
551.05,19.18,0.09654,-0.4552,14620.0
551.1,19.26,0.2842,-0.2644,14600.0
551.15,19.22,0.3087,-0.1851,14600.0
551.2,19.17,0.3332,-0.1058,14610.0
551.25,19.39,0.3644,-0.2057,14640.0
551.3,19.62,0.3957,-0.3056,14660.0
551.35,19.5,0.3085,-0.2777,14680.0
551.4,19.38,0.2213,-0.2497,14690.0
551.45,19.38,0.4303,-0.4032,14700.0
551.5,19.38,0.6393,-0.5568,14690.0
551.55,19.31,0.7347,-0.3907,14680.0
551.6,19.24,0.83,-0.2246,14690.0
551.65,19.29,0.6403,-0.07463,14710.0
551.7,19.35,0.4506,0.07536,14730.0
551.75,19.32,0.45,0.007194,14730.0
551.8,19.29,0.4494,-0.06097,14710.0
551.85,19.17,0.458,-0.09231,14690.0
551.9,19.06,0.4666,-0.1236,14680.0
551.95,19.13,0.6529,-0.1293,14700.0
552.0,19.2,0.8392,-0.1349,14720.0
552.05,19.34,0.7818,-0.1653,14750.0
552.1,19.48,0.7245,-0.1958,14800.0
552.15,19.45,0.6525,-0.1427,14830.0
552.2,19.41,0.5804,-0.0895,14850.0
552.25,19.32,0.5989,-0.2202,14840.0
552.3,19.23,0.6174,-0.3509,14820.0
552.35,19.27,0.7355,-0.1266,14810.0
552.4,19.3,0.8535,0.09779,14810.0
552.45,19.13,0.7191,0.2203,14820.0
552.5,18.96,0.5848,0.3429,14830.0
552.55,18.94,0.6592,0.1229,14850.0
552.6,18.92,0.7337,-0.09706,14870.0
552.65,18.79,0.5655,-0.03865,14880.0
552.7,18.66,0.3973,0.01975,14890.0
552.75,18.66,0.5342,0.02378,14900.0
552.8,18.66,0.6712,0.0278,14930.0
552.85,18.78,0.7749,0.06377,14960.0
552.9,18.89,0.8786,0.09975,14990.0
552.95,18.89,0.8083,0.1336,15010.0
553.0,18.88,0.738,0.1675,15020.0
553.05,18.81,0.8467,0.1931,15010.0
553.1,18.74,0.9554,0.2188,15000.0
553.15,18.67,1.119,0.1596,14970.0
553.2,18.61,1.283,0.1005,14950.0
553.25,18.67,1.286,0.3478,14940.0
553.3,18.74,1.29,0.5951,14950.0
553.35,18.85,1.497,0.3283,14980.0
553.4,18.96,1.703,0.06146,15030.0
553.45,18.92,1.473,-0.005487,15060.0
553.5,18.89,1.243,-0.07243,15080.0
553.55,18.95,1.187,-0.1035,15100.0
553.6,19.02,1.132,-0.1346,15100.0
553.65,19.09,1.036,-0.2829,15070.0
553.7,19.16,0.9403,-0.4312,15040.0
553.75,19.07,0.8752,-0.2561,15010.0
553.8,18.99,0.8101,-0.08097,15000.0
553.85,18.86,0.9202,-0.09511,15020.0
553.9,18.74,1.03,-0.1093,15030.0
553.95,18.62,0.9452,-0.1501,15050.0
554.0,18.5,0.8603,-0.191,15070.0
554.05,18.53,0.8161,-0.1714,15100.0
554.1,18.57,0.7719,-0.1519,15120.0
554.15,18.42,0.915,-0.08194,15120.0
554.2,18.27,1.058,-0.01195,15120.0
554.25,18.27,0.965,-0.01073,15120.0
554.3,18.28,0.8718,-0.009511,15120.0
554.35,18.54,0.7603,0.0617,15110.0
554.4,18.8,0.6489,0.1329,15110.0
554.45,18.76,0.6572,0.1462,15110.0
554.5,18.73,0.6656,0.1595,15120.0
554.55,18.83,0.7862,0.01622,15140.0
554.6,18.93,0.9068,-0.1271,15160.0
554.65,19.01,0.6915,-0.129,15170.0
554.7,19.09,0.4761,-0.131,15170.0
554.75,19.21,0.256,-0.09597,15180.0
554.8,19.33,0.03583,-0.06097,15180.0
554.85,19.28,0.1334,-0.1307,15180.0
554.9,19.24,0.2309,-0.2005,15180.0
554.95,19.4,0.324,-0.282,15200.0
555.0,19.56,0.4172,-0.3636,15220.0
555.05,19.57,0.5748,-0.4791,15250.0
555.1,19.59,0.7325,-0.5946,15270.0
555.15,19.61,0.6192,-0.728,15270.0
555.2,19.63,0.506,-0.8614,15270.0
555.25,19.51,0.5163,-0.9777,15260.0
555.3,19.4,0.5267,-1.094,15230.0
555.35,19.51,0.4737,-1.033,15210.0
555.4,19.61,0.4208,-0.9728,15200.0
555.45,19.63,0.5557,-0.8508,15210.0
555.5,19.64,0.6907,-0.7287,15250.0
555.55,19.68,0.6493,-0.451,15290.0
555.6,19.71,0.6079,-0.1734,15350.0
555.65,19.65,0.3266,-0.1197,15390.0
555.7,19.58,0.04538,-0.06609,15420.0
555.75,19.42,0.2014,0.002073,15410.0
555.8,19.26,0.3575,0.07024,15380.0
555.85,19.22,0.4568,-0.05134,15330.0
555.9,19.18,0.5561,-0.1729,15290.0
555.95,19.02,0.4685,-0.1689,15270.0
556.0,18.86,0.381,-0.1649,15270.0
556.05,18.89,0.3211,-0.08914,15290.0
556.1,18.92,0.2611,-0.01341,15340.0
556.15,18.8,0.1664,-0.04414,15390.0
556.2,18.68,0.07165,-0.07487,15430.0
556.25,18.65,0.1353,0.1111,15440.0
556.3,18.63,0.199,0.297,15440.0
556.35,18.74,0.341,0.05024,15430.0
556.4,18.85,0.4829,-0.1966,15400.0
556.45,18.74,0.5048,-0.2685,15370.0
556.5,18.62,0.5267,-0.3405,15330.0
556.55,18.36,0.3635,-0.2261,15320.0
556.6,18.09,0.2002,-0.1117,15320.0
556.65,18.07,0.07544,-0.04048,15340.0
556.7,18.05,-0.04936,0.03073,15370.0
556.75,18.16,0.09454,-0.02012,15400.0
556.8,18.27,0.2385,-0.07097,15450.0
556.85,18.22,0.2803,-0.1255,15480.0
556.9,18.17,0.322,-0.18,15480.0
556.95,18.24,0.3033,-0.05926,15460.0
557.0,18.32,0.2846,0.06146,15420.0
557.05,18.42,0.1087,0.2139,15380.0
557.1,18.53,-0.06728,0.3663,15350.0
557.15,18.56,-0.09136,0.2734,15330.0
557.2,18.59,-0.1154,0.1805,15340.0
557.25,18.63,-0.0408,0.06036,15390.0
557.3,18.67,0.03384,-0.05975,15440.0
557.35,18.51,-0.06608,-0.1518,15490.0
557.4,18.35,-0.166,-0.2439,15520.0
557.45,18.31,-0.05772,-0.198,15520.0
557.5,18.27,0.05056,-0.1522,15490.0
557.55,18.44,0.1791,-0.0695,15460.0
557.6,18.6,0.3077,0.01317,15420.0
557.65,18.42,0.2235,0.08816,15400.0
557.7,18.23,0.1393,0.1632,15400.0
557.75,18.18,-0.122,0.1212,15430.0
557.8,18.14,-0.3834,0.07926,15460.0
557.85,18.17,-0.6198,0.01927,15490.0
557.9,18.21,-0.8563,-0.04073,15510.0
557.95,18.29,-0.6429,-0.1138,15520.0
558.0,18.38,-0.4295,-0.1868,15520.0
558.05,18.63,-0.3489,-0.3423,15510.0
558.1,18.87,-0.2683,-0.4977,15490.0
558.15,18.87,-0.3503,-0.653,15490.0
558.2,18.87,-0.4323,-0.8082,15500.0
558.25,18.81,-0.3784,-0.655,15500.0
558.3,18.75,-0.3244,-0.5019,15500.0
558.35,18.91,-0.1845,-0.2544,15510.0
558.4,19.07,-0.04459,-0.006829,15530.0
558.45,18.98,0.02309,-0.06524,15540.0
558.5,18.89,0.09076,-0.1236,15530.0
558.55,19.01,-0.02906,-0.2585,15530.0
558.6,19.14,-0.1489,-0.3934,15520.0
558.65,19.23,-0.2753,-0.3164,15520.0
558.7,19.33,-0.4017,-0.2395,15510.0
558.75,19.08,-0.4351,-0.217,15510.0
558.8,18.83,-0.4685,-0.1946,15510.0
558.85,18.87,-0.4126,-0.06926,15520.0
558.9,18.92,-0.3567,0.05609,15550.0
558.95,19.04,-0.4393,0.03743,15560.0
559.0,19.15,-0.5219,0.01878,15570.0
559.05,19.11,-0.5159,0.01671,15580.0
559.1,19.06,-0.5099,0.01463,15570.0
559.15,19.1,-0.4279,0.1144,15570.0
559.2,19.13,-0.3459,0.2141,15550.0
559.25,19.22,-0.2351,0.1872,15540.0
559.3,19.3,-0.1242,0.1602,15530.0
559.35,19.3,-0.2452,0.1544,15540.0
559.4,19.31,-0.3662,0.1485,15550.0
559.45,19.08,-0.4656,0.02183,15560.0
559.5,18.84,-0.5649,-0.1049,15580.0
559.55,18.82,-0.5906,-0.08438,15590.0
559.6,18.8,-0.6162,-0.0639,15590.0
559.65,18.82,-0.6708,0.005487,15590.0
559.7,18.84,-0.7253,0.07487,15590.0
559.75,18.83,-0.6843,0.1768,15580.0
559.8,18.83,-0.6433,0.2787,15570.0
559.85,18.76,-0.4218,0.2688,15570.0
559.9,18.69,-0.2002,0.2588,15570.0
559.95,18.73,-0.04956,0.2664,15570.0
560.0,18.77,0.1011,0.2741,15560.0
560.05,18.67,0.1911,0.145,15570.0
560.1,18.57,0.281,0.01585,15580.0
560.15,18.49,0.1978,-0.08097,15590.0
560.2,18.41,0.1146,-0.1778,15600.0
560.25,18.41,0.1328,-0.2529,15610.0
560.3,18.42,0.1509,-0.328,15600.0
560.35,18.34,0.09992,-0.2629,15600.0
560.4,18.25,0.04896,-0.1978,15600.0
560.45,18.28,0.3015,-0.2345,15590.0
560.5,18.31,0.5541,-0.2712,15580.0
560.55,18.22,0.5295,-0.2077,15570.0
560.6,18.14,0.5048,-0.1441,15570.0
560.65,17.92,0.6162,-0.2061,15580.0
560.7,17.7,0.7277,-0.268,15600.0
560.75,17.7,0.7848,-0.03987,15610.0
560.8,17.69,0.8419,0.1883,15620.0
560.85,17.64,0.8276,0.3214,15620.0
560.9,17.58,0.8133,0.4546,15620.0
560.95,17.61,0.5402,0.3692,15610.0
561.0,17.64,0.2671,0.2839,15600.0
561.05,17.89,0.2739,0.1935,15590.0
561.1,18.13,0.2806,0.1032,15580.0
561.15,18.01,0.1702,0.4604,15570.0
561.2,17.89,0.05971,0.8177,15580.0
561.25,17.81,0.1105,0.817,15590.0
561.3,17.73,0.1612,0.8163,15620.0
561.35,17.83,0.1638,0.5736,15650.0
561.4,17.93,0.1664,0.3309,15680.0
561.45,18.03,0.1111,0.4329,15690.0
561.5,18.12,0.05573,0.5348,15670.0
561.55,18.06,0.127,0.5185,15640.0
561.6,17.99,0.1982,0.5021,15610.0
561.65,18.04,0.3169,0.3783,15580.0
561.7,18.08,0.4355,0.2544,15580.0
561.75,17.94,0.4214,0.3178,15610.0
561.8,17.8,0.4072,0.3812,15660.0
561.85,17.86,0.4176,0.3028,15710.0
561.9,17.93,0.4279,0.2244,15730.0
561.95,17.88,0.2717,0.2383,15730.0
562.0,17.82,0.1154,0.2522,15710.0
562.05,17.91,0.05474,0.3087,15670.0
562.1,18.01,-0.005971,0.3653,15620.0
562.15,18.05,-0.2158,0.4051,15590.0
562.2,18.09,-0.4256,0.4448,15580.0
562.25,18.12,-0.5509,0.4269,15600.0
562.3,18.16,-0.6763,0.409,15620.0
562.35,18.1,-0.8191,0.4169,15660.0
562.4,18.05,-0.9618,0.4248,15690.0
562.45,18.11,-0.9038,0.3885,15710.0
562.5,18.17,-0.8459,0.3522,15710.0
562.55,18.05,-0.7832,0.4386,15690.0
562.6,17.94,-0.7205,0.5251,15660.0
562.65,17.66,-0.5764,0.3242,15630.0
562.7,17.38,-0.4323,0.1234,15600.0
562.75,17.25,-0.2253,-0.07182,15580.0
562.8,17.12,-0.01831,-0.267,15570.0
562.85,17.08,-0.0828,-0.3226,15570.0
562.9,17.05,-0.1473,-0.3783,15580.0
562.95,17.01,-0.2773,-0.3524,15620.0
563.0,16.96,-0.4072,-0.3265,15650.0
563.05,17.06,-0.1795,-0.4532,15660.0
563.1,17.16,0.04817,-0.5799,15670.0
563.15,17.02,-0.1578,-0.4685,15660.0
563.2,16.89,-0.3638,-0.357,15630.0
563.25,16.88,-0.4341,-0.2792,15580.0
563.3,16.88,-0.5044,-0.2014,15520.0
563.35,17.04,-0.4029,-0.1975,15490.0
563.4,17.2,-0.3013,-0.1936,15490.0
563.45,17.16,-0.4035,-0.4419,15510.0
563.5,17.12,-0.5056,-0.6902,15530.0
563.55,17.09,-0.4331,-0.6407,15560.0
563.6,17.07,-0.3607,-0.5912,15590.0
563.65,17.01,-0.5627,-0.3874,15590.0
563.7,16.94,-0.7647,-0.1836,15560.0
563.75,17.07,-0.6945,0.02158,15520.0
563.8,17.2,-0.6242,0.2268,15480.0
563.85,17.02,-0.4056,0.08084,15470.0
563.9,16.84,-0.1871,-0.06511,15480.0
563.95,17.06,-0.2988,0.009145,15490.0
564.0,17.28,-0.4104,0.08341,15500.0
564.05,17.29,-0.2313,-0.2064,15520.0
564.1,17.3,-0.05215,-0.4963,15520.0
564.15,17.26,-0.3392,-0.4891,15520.0
564.2,17.22,-0.6262,-0.4819,15490.0
564.25,17.18,-0.5601,-0.3515,15470.0
564.3,17.14,-0.494,-0.2212,15450.0
564.35,17.12,-0.2804,-0.1423,15440.0
564.4,17.11,-0.06688,-0.06341,15430.0
564.45,17.28,-0.2331,-0.06597,15420.0
564.5,17.46,-0.3993,-0.06853,15440.0
564.55,17.6,-0.6911,0.05658,15470.0
564.6,17.74,-0.9829,0.1817,15490.0
564.65,17.59,-1.204,-0.03585,15500.0
564.7,17.44,-1.424,-0.2534,15490.0
564.75,17.47,-1.424,-0.2594,15480.0
564.8,17.49,-1.423,-0.2653,15450.0
564.85,17.52,-1.232,-0.04158,15420.0
564.9,17.55,-1.04,0.1822,15390.0
564.95,17.62,-1.313,0.08231,15370.0
565.0,17.69,-1.585,-0.01756,15370.0
565.05,17.64,-1.791,-0.07231,15390.0
565.1,17.6,-1.996,-0.1271,15410.0
565.15,17.49,-1.983,-0.03219,15430.0
565.2,17.38,-1.969,0.06268,15460.0
565.25,17.49,-2.041,0.1808,15480.0
565.3,17.6,-2.112,0.299,15480.0
565.35,17.66,-2.11,0.3426,15460.0
565.4,17.72,-2.109,0.3863,15430.0
565.45,17.59,-1.934,0.362,15400.0
565.5,17.46,-1.758,0.3378,15370.0
565.55,17.26,-1.739,0.3222,15350.0
565.6,17.07,-1.719,0.3066,15360.0
565.65,17.14,-1.658,0.1006,15380.0
565.7,17.22,-1.597,-0.1054,15420.0
565.75,17.48,-1.575,-0.1015,15450.0
565.8,17.75,-1.553,-0.09755,15460.0
565.85,17.7,-1.369,-0.2457,15460.0
565.9,17.65,-1.184,-0.3939,15460.0
565.95,17.64,-1.047,-0.5318,15440.0
566.0,17.63,-0.9096,-0.6697,15430.0
566.05,17.68,-0.7902,-0.6513,15400.0
566.1,17.73,-0.6708,-0.6329,15390.0
566.15,17.8,-0.7355,-0.3785,15380.0
566.2,17.86,-0.8001,-0.1241,15390.0
566.25,17.95,-0.7287,-0.0617,15390.0
566.3,18.05,-0.6572,0.0007316,15410.0
566.35,17.88,-0.7665,0.06572,15440.0
566.4,17.71,-0.8758,0.1307,15470.0
566.45,17.58,-0.9799,0.08987,15490.0
566.5,17.45,-1.084,0.04902,15470.0
566.55,17.61,-1.192,-0.04695,15440.0
566.6,17.77,-1.3,-0.1429,15400.0
566.65,17.72,-1.095,-0.08267,15370.0
566.7,17.66,-0.8905,-0.02244,15350.0
566.75,17.58,-0.949,0.14,15350.0
566.8,17.51,-1.008,0.3024,15370.0
566.85,17.51,-1.016,0.2583,15410.0
566.9,17.51,-1.023,0.2141,15450.0
566.95,17.59,-0.9634,0.05414,15470.0
567.0,17.66,-0.9033,-0.1058,15470.0
567.05,17.79,-1.08,0.118,15460.0
567.1,17.91,-1.256,0.3419,15420.0
567.15,18.0,-1.38,0.4128,15370.0
567.2,18.09,-1.504,0.4836,15320.0
567.25,18.09,-1.518,0.2796,15300.0
567.3,18.08,-1.532,0.0756,15310.0
567.35,18.04,-1.612,0.03487,15340.0
567.4,17.99,-1.691,-0.005853,15390.0
567.45,18.11,-1.68,-0.07316,15430.0
567.5,18.23,-1.668,-0.1405,15450.0
567.55,18.29,-1.636,-0.09036,15450.0
567.6,18.36,-1.603,-0.04024,15430.0
567.65,18.31,-1.722,-0.1188,15400.0
567.7,18.26,-1.841,-0.1973,15350.0
567.75,18.16,-1.804,-0.1236,15310.0
567.8,18.05,-1.767,-0.04999,15270.0
567.85,18.05,-1.809,0.1596,15260.0
567.9,18.04,-1.85,0.3692,15270.0
567.95,18.06,-1.721,0.3773,15300.0
568.0,18.09,-1.592,0.3853,15340.0
568.05,18.09,-1.676,0.4748,15400.0
568.1,18.1,-1.759,0.5643,15440.0
568.15,18.37,-1.568,0.384,15450.0
568.2,18.65,-1.378,0.2036,15430.0
568.25,18.43,-1.307,0.2595,15380.0
568.3,18.22,-1.235,0.3153,15320.0
568.35,18.02,-1.312,0.4278,15260.0
568.4,17.81,-1.389,0.5402,15230.0
568.45,17.94,-1.282,0.5914,15230.0
568.5,18.07,-1.174,0.6426,15260.0
568.55,18.2,-1.141,0.7831,15300.0
568.6,18.34,-1.108,0.9236,15340.0
568.65,18.32,-1.21,0.81,15390.0
568.7,18.3,-1.312,0.6965,15430.0
568.75,18.27,-1.388,0.5299,15440.0
568.8,18.24,-1.464,0.3634,15420.0
568.85,18.17,-1.402,0.1853,15390.0
568.9,18.09,-1.341,0.007316,15360.0
568.95,18.08,-1.202,0.05036,15320.0
569.0,18.06,-1.062,0.0934,15300.0
569.05,18.06,-1.015,0.07133,15280.0
569.1,18.06,-0.9685,0.04926,15290.0
569.15,17.91,-0.9212,0.06804,15320.0
569.2,17.77,-0.8738,0.08682,15360.0
569.25,17.86,-0.9552,0.06341,15400.0
569.3,17.95,-1.037,0.04,15440.0
569.35,18.22,-0.9705,0.2335,15460.0
569.4,18.48,-0.9044,0.427,15470.0
569.45,18.6,-0.9216,0.4928,15450.0
569.5,18.71,-0.9387,0.5585,15410.0
569.55,18.51,-1.008,0.429,15370.0
569.6,18.31,-1.078,0.2995,15350.0
569.65,18.33,-1.046,0.2375,15350.0
569.7,18.35,-1.015,0.1756,15350.0
569.75,18.38,-1.053,0.2156,15360.0
569.8,18.41,-1.09,0.2556,15390.0
569.85,18.52,-1.07,0.2253,15430.0
569.9,18.63,-1.049,0.1951,15450.0
569.95,18.68,-1.095,0.3339,15450.0
570.0,18.73,-1.141,0.4726,15440.0
570.05,18.67,-1.253,0.4674,15430.0
570.1,18.61,-1.365,0.4621,15420.0
570.15,18.67,-1.551,0.07304,15390.0
570.2,18.73,-1.736,-0.3161,15380.0
570.25,18.69,-1.981,-0.3053,15380.0
570.3,18.66,-2.225,-0.2946,15410.0
570.35,18.5,-2.125,-0.259,15420.0
570.4,18.34,-2.024,-0.2234,15420.0
570.45,18.18,-2.072,-0.02939,15410.0
570.5,18.02,-2.12,0.1646,15420.0
570.55,18.23,-2.105,0.2645,15430.0
570.6,18.45,-2.09,0.3644,15430.0
570.65,18.55,-2.181,0.1006,15420.0
570.7,18.65,-2.272,-0.1632,15420.0
570.75,18.67,-2.276,-0.2553,15420.0
570.8,18.69,-2.28,-0.3475,15430.0
570.85,18.8,-2.256,-0.1995,15430.0
570.9,18.9,-2.232,-0.05146,15420.0
570.95,18.73,-2.193,-0.0728,15420.0
571.0,18.56,-2.154,-0.09414,15430.0
571.05,18.58,-2.005,-0.06792,15450.0
571.1,18.61,-1.855,-0.0417,15450.0
571.15,18.53,-1.724,-0.105,15440.0
571.2,18.45,-1.593,-0.1683,15450.0
571.25,18.32,-1.669,-0.3729,15470.0
571.3,18.19,-1.744,-0.5775,15480.0
571.35,18.2,-1.555,-0.6821,15480.0
571.4,18.22,-1.366,-0.7867,15470.0
571.45,18.15,-1.085,-0.9368,15480.0
571.5,18.08,-0.8037,-1.087,15500.0
571.55,18.07,-0.7997,-0.6196,15520.0
571.6,18.07,-0.7958,-0.1522,15510.0
571.65,18.09,-0.7621,-0.2164,15510.0
571.7,18.12,-0.7285,-0.2807,15510.0
571.75,18.21,-0.5557,-0.4906,15530.0
571.8,18.31,-0.383,-0.7004,15550.0
571.85,18.37,-0.3151,-0.6559,15560.0
571.9,18.43,-0.2472,-0.6114,15580.0
571.95,18.6,-0.3282,-0.7083,15590.0
572.0,18.77,-0.4092,-0.8053,15610.0
572.05,18.77,-0.3694,-0.9015,15600.0
572.1,18.76,-0.3296,-0.9977,15590.0
572.15,18.8,-0.4506,-1.021,15580.0
572.2,18.84,-0.5716,-1.044,15590.0
572.25,18.91,-0.3364,-0.992,15610.0
572.3,18.98,-0.1011,-0.9401,15620.0
572.35,19.07,-0.04618,-0.741,15630.0
572.4,19.17,0.008758,-0.5419,15640.0
572.45,19.18,0.1035,-0.5536,15660.0
572.5,19.19,0.1982,-0.5653,15670.0
572.55,19.24,0.2347,-0.4168,15660.0
572.6,19.28,0.2711,-0.2683,15640.0
572.65,19.34,0.2213,-0.1729,15630.0
572.7,19.39,0.1716,-0.07755,15630.0
572.75,19.54,0.2826,0.04036,15640.0
572.8,19.69,0.3937,0.1583,15640.0
572.85,19.53,0.325,0.1449,15650.0
572.9,19.36,0.2564,0.1314,15670.0
572.95,19.32,0.1851,0.09999,15680.0
573.0,19.28,0.1139,0.06853,15680.0
573.05,19.26,-0.07205,0.3044,15670.0
573.1,19.25,-0.258,0.5402,15650.0
573.15,19.46,-0.4216,0.3567,15630.0
573.2,19.67,-0.5852,0.1732,15610.0
573.25,19.83,-0.465,0.3662,15590.0
573.3,19.99,-0.3447,0.5592,15590.0
573.35,19.84,-0.4112,0.3881,15620.0
573.4,19.69,-0.4777,0.217,15660.0
573.45,19.95,-0.3738,0.2528,15700.0
573.5,20.21,-0.2699,0.2885,15710.0
573.55,20.17,-0.05772,0.3078,15710.0
573.6,20.13,0.1545,0.327,15690.0
573.65,20.11,0.2253,0.1671,15650.0
573.7,20.1,0.2962,0.007072,15610.0
573.75,19.96,0.2727,-0.2299,15590.0
573.8,19.83,0.2492,-0.4668,15600.0
573.85,19.79,0.4136,-0.4046,15630.0
573.9,19.75,0.578,-0.3424,15660.0
573.95,19.73,0.4628,-0.2881,15700.0
574.0,19.7,0.3475,-0.2339,15730.0
574.05,19.58,-0.05056,-0.06694,15760.0
574.1,19.46,-0.4486,0.09999,15770.0
574.15,19.44,-0.5947,0.1768,15770.0
574.2,19.42,-0.7408,0.2536,15750.0
574.25,19.5,-0.7729,0.1899,15720.0
574.3,19.59,-0.8049,0.1261,15700.0
574.35,19.37,-0.8199,0.2867,15680.0
574.4,19.16,-0.8348,0.4473,15680.0
574.45,19.22,-0.9994,0.2646,15700.0
574.5,19.27,-1.164,0.08194,15750.0
574.55,19.33,-1.277,0.04341,15790.0
574.6,19.39,-1.391,0.004878,15840.0
574.65,19.39,-1.084,-0.05694,15870.0
574.7,19.4,-0.7763,-0.1188,15890.0
574.75,19.32,-0.7914,0.1352,15880.0
574.8,19.24,-0.8065,0.3892,15850.0
574.85,19.36,-0.8941,0.3074,15810.0
574.9,19.49,-0.9817,0.2256,15790.0
574.95,19.58,-0.8533,0.001707,15780.0
575.0,19.66,-0.7249,-0.2222,15790.0
575.05,19.59,-0.6935,-0.2992,15820.0
575.1,19.52,-0.662,-0.3763,15860.0
575.15,19.53,-0.6996,-0.2605,15910.0
575.2,19.54,-0.7373,-0.1446,15930.0
575.25,19.49,-0.6292,0.005487,15930.0
575.3,19.43,-0.5211,0.1556,15910.0
575.35,19.39,-0.6268,0.1124,15890.0
575.4,19.35,-0.7325,0.06926,15880.0
575.45,19.35,-0.8286,0.1039,15880.0
575.5,19.36,-0.9247,0.1385,15890.0
575.55,19.49,-0.9452,0.2061,15900.0
575.6,19.62,-0.9658,0.2736,15910.0
575.65,19.65,-1.169,0.1922,15920.0
575.7,19.69,-1.372,0.1107,15920.0
575.75,19.38,-1.319,0.09462,15920.0
575.8,19.08,-1.265,0.07853,15910.0
575.85,19.06,-1.24,0.1599,15900.0
575.9,19.03,-1.216,0.2412,15890.0
575.95,19.2,-1.448,0.1215,15890.0
576.0,19.37,-1.681,0.001707,15900.0
576.05,19.41,-1.401,-0.08828,15920.0
576.1,19.46,-1.121,-0.1783,15950.0
576.15,19.42,-1.112,0.02036,15980.0
576.2,19.38,-1.104,0.219,16000.0
576.25,19.21,-1.268,0.1549,16010.0
576.3,19.04,-1.433,0.09072,16020.0
576.35,18.99,-1.348,0.1368,16020.0
576.4,18.93,-1.263,0.1829,16010.0
576.45,18.86,-1.252,0.3397,16000.0
576.5,18.78,-1.241,0.4965,15980.0
576.55,18.75,-1.267,0.4704,15970.0
576.6,18.72,-1.292,0.4443,15980.0
576.65,18.76,-1.509,0.3078,15990.0
576.7,18.8,-1.726,0.1712,16020.0
576.75,18.86,-1.555,0.1058,16060.0
576.8,18.91,-1.383,0.04048,16100.0
576.85,18.92,-1.529,0.1302,16130.0
576.9,18.93,-1.674,0.22,16150.0
576.95,18.77,-1.606,0.3048,16130.0
577.0,18.62,-1.539,0.3897,16110.0
577.05,18.59,-1.557,0.5076,16080.0
577.1,18.57,-1.576,0.6255,16050.0
577.15,18.59,-1.372,0.6407,16010.0
577.2,18.61,-1.168,0.6558,16000.0
577.25,18.65,-1.48,0.5619,16020.0
577.3,18.69,-1.793,0.468,16060.0
577.35,18.61,-1.845,0.6127,16090.0
577.4,18.54,-1.897,0.7575,16120.0
577.45,18.57,-1.912,0.688,16140.0
577.5,18.6,-1.927,0.6185,16140.0
577.55,18.39,-2.06,0.5152,16120.0
577.6,18.18,-2.193,0.4119,16090.0
577.65,18.23,-1.925,0.3546,16060.0
577.7,18.27,-1.656,0.2973,16050.0
577.75,18.31,-1.606,0.272,16060.0
577.8,18.35,-1.556,0.2468,16080.0
577.85,18.24,-1.616,0.08341,16090.0
577.9,18.13,-1.675,-0.07999,16100.0
577.95,18.02,-1.539,-0.04207,16110.0
578.0,17.92,-1.403,-0.004146,16110.0
578.05,17.93,-1.189,0.02549,16090.0
578.1,17.94,-0.9749,0.05512,16080.0
578.15,18.03,-1.023,0.1161,16080.0
578.2,18.13,-1.071,0.1771,16100.0
578.25,18.2,-1.183,0.3314,16120.0
578.3,18.27,-1.295,0.4858,16130.0
578.35,18.04,-1.335,0.4054,16130.0
578.4,17.82,-1.374,0.3251,16140.0
578.45,17.92,-1.209,0.1656,16140.0
578.5,18.03,-1.044,0.006097,16120.0
578.55,18.09,-1.016,-0.05365,16110.0
578.6,18.16,-0.9872,-0.1134,16110.0
578.65,18.18,-1.003,-0.1075,16130.0
578.7,18.19,-1.018,-0.1017,16140.0
578.75,18.25,-1.067,0.145,16160.0
578.8,18.3,-1.116,0.3917,16180.0
578.85,18.32,-0.9482,0.6146,16220.0
578.9,18.35,-0.7802,0.8375,16250.0
578.95,18.33,-0.7617,0.6882,16250.0
579.0,18.31,-0.7432,0.539,16230.0
579.05,18.32,-0.7572,0.6258,16210.0
579.1,18.33,-0.7711,0.7126,16200.0
579.15,18.46,-0.7323,0.6275,16170.0
579.2,18.58,-0.6935,0.5424,16150.0
579.25,18.58,-0.8975,0.7582,16140.0
579.3,18.59,-1.101,0.974,16170.0
579.35,18.68,-1.127,0.7652,16230.0
579.4,18.77,-1.153,0.5563,16280.0
579.45,18.62,-1.016,0.6151,16310.0
579.5,18.48,-0.879,0.6738,16330.0
579.55,18.6,-0.9608,0.529,16330.0
579.6,18.73,-1.043,0.3841,16300.0
579.65,18.82,-1.02,0.4971,16250.0
579.7,18.91,-0.9968,0.6102,16210.0
579.75,19.0,-0.9458,0.7246,16180.0
579.8,19.09,-0.8949,0.8389,16190.0
579.85,18.97,-0.913,0.6641,16220.0
579.9,18.85,-0.9311,0.4892,16230.0
579.95,18.93,-0.7962,0.4169,16250.0
580.0,19.01,-0.6612,0.3446,16270.0
580.05,18.92,-0.948,0.2856,16300.0
580.1,18.83,-1.235,0.2266,16320.0
580.15,18.92,-1.068,0.08365,16320.0
580.2,19.01,-0.9021,-0.05926,16330.0
580.25,19.09,-0.7816,-0.2383,16330.0
580.3,19.18,-0.6612,-0.4173,16320.0
580.35,19.14,-0.8933,-0.4626,16280.0
580.4,19.11,-1.125,-0.508,16250.0
580.45,19.22,-1.303,-0.5169,16240.0
580.5,19.33,-1.481,-0.5258,16240.0
580.55,19.32,-1.467,-0.3317,16250.0
580.6,19.3,-1.453,-0.1375,16270.0
580.65,19.42,-1.433,-0.01536,16300.0
580.7,19.55,-1.412,0.1068,16340.0
580.75,19.58,-1.272,-0.07585,16370.0
580.8,19.62,-1.131,-0.2585,16380.0
580.85,19.67,-1.21,-0.2488,16360.0
580.9,19.71,-1.289,-0.239,16330.0
580.95,19.91,-1.294,-0.1147,16310.0
581.0,20.11,-1.299,0.009511,16310.0
581.05,19.99,-1.241,0.05304,16320.0
581.1,19.86,-1.184,0.09657,16340.0
581.15,19.81,-1.096,0.1338,16380.0
581.2,19.77,-1.008,0.171,16420.0
581.25,19.68,-0.8206,0.1995,16450.0
581.3,19.59,-0.6334,0.228,16440.0
581.35,19.56,-0.6807,0.3626,16410.0
581.4,19.52,-0.7281,0.4973,16370.0
581.45,19.47,-0.7283,0.4171,16350.0
581.5,19.43,-0.7285,0.337,16340.0
581.55,19.57,-0.7303,0.2592,16340.0
581.6,19.71,-0.7321,0.1814,16360.0
581.65,19.84,-0.8216,0.2607,16420.0
581.7,19.97,-0.9112,0.34,16490.0
581.75,20.17,-0.8827,0.2809,16540.0
581.8,20.36,-0.8543,0.2219,16550.0
581.85,20.44,-0.7633,0.3661,16520.0
581.9,20.52,-0.6724,0.5102,16470.0
581.95,20.39,-0.6851,0.3892,16400.0
582.0,20.26,-0.6978,0.2683,16340.0
582.05,20.5,-0.7886,0.2875,16300.0
582.1,20.74,-0.8794,0.3068,16310.0
582.15,20.83,-0.9287,0.2806,16360.0
582.2,20.92,-0.9781,0.2544,16440.0
582.25,20.86,-0.9813,0.009877,16500.0
582.3,20.81,-0.9845,-0.2346,16540.0
582.35,20.75,-1.166,-0.2698,16550.0
582.4,20.7,-1.348,-0.3051,16530.0
582.45,20.63,-1.258,-0.4767,16490.0
582.5,20.56,-1.168,-0.6482,16420.0
582.55,20.44,-1.199,-0.5532,16360.0
582.6,20.31,-1.23,-0.4582,16340.0
582.65,20.33,-1.266,-0.3431,16350.0
582.7,20.35,-1.302,-0.228,16380.0
582.75,20.49,-1.297,-0.186,16420.0
582.8,20.62,-1.291,-0.1439,16470.0
582.85,20.51,-1.279,-0.09901,16520.0
582.9,20.39,-1.267,-0.05414,16540.0
582.95,20.3,-1.026,0.01719,16530.0
583.0,20.2,-0.785,0.08853,16480.0
583.05,20.29,-0.7574,0.1491,16430.0
583.1,20.37,-0.7297,0.2097,16380.0
583.15,20.29,-0.8915,0.2406,16340.0
583.2,20.21,-1.053,0.2714,16320.0
583.25,20.16,-0.9005,0.3311,16340.0
583.3,20.12,-0.7476,0.3907,16390.0
583.35,20.08,-0.6451,0.4981,16450.0
583.4,20.05,-0.5426,0.6055,16500.0
583.45,19.9,-0.7629,0.531,16530.0
583.5,19.75,-0.9833,0.4565,16510.0
583.55,19.65,-1.012,0.5226,16470.0
583.6,19.56,-1.041,0.5887,16400.0
583.65,19.57,-1.068,0.4602,16340.0
583.7,19.57,-1.094,0.3317,16290.0
583.75,19.61,-0.9926,0.4023,16280.0
583.8,19.65,-0.8913,0.4729,16300.0
583.85,19.9,-1.075,0.2878,16360.0
583.9,20.15,-1.259,0.1027,16430.0
583.95,20.24,-1.324,-0.02866,16490.0
584.0,20.32,-1.39,-0.16,16520.0
584.05,20.23,-1.493,-0.2114,16510.0
584.1,20.13,-1.596,-0.2629,16490.0
584.15,20.23,-1.6,-0.3008,16440.0
584.2,20.33,-1.603,-0.3387,16380.0
584.25,20.41,-1.607,-0.3725,16310.0
584.3,20.5,-1.611,-0.4063,16280.0
584.35,20.41,-1.672,-0.5215,16280.0
584.4,20.32,-1.732,-0.6368,16310.0
584.45,20.61,-1.842,-0.589,16360.0
584.5,20.9,-1.952,-0.5412,16400.0
584.55,20.93,-1.952,-0.6141,16450.0
584.6,20.95,-1.952,-0.687,16480.0
584.65,20.84,-1.909,-0.4951,16460.0
584.7,20.73,-1.867,-0.3031,16420.0
584.75,20.73,-1.699,-0.226,16360.0
584.8,20.73,-1.531,-0.1488,16330.0
584.85,20.62,-1.529,-0.1145,16310.0
584.9,20.52,-1.527,-0.08024,16300.0
584.95,20.4,-1.33,-0.2244,16300.0
585.0,20.28,-1.133,-0.3685,16320.0
585.05,20.4,-1.144,-0.305,16350.0
585.1,20.52,-1.156,-0.2414,16370.0
585.15,20.5,-0.9797,-0.1753,16370.0
585.2,20.48,-0.8033,-0.1093,16360.0
585.25,20.37,-0.7711,-0.08084,16350.0
585.3,20.26,-0.7388,-0.05243,16350.0
585.35,20.19,-0.8364,-0.1788,16340.0
585.4,20.12,-0.9339,-0.3051,16320.0
585.45,20.0,-1.11,-0.407,16320.0
585.5,19.88,-1.287,-0.509,16320.0
585.55,19.94,-1.325,-0.2711,16310.0
585.6,20.0,-1.363,-0.03317,16280.0
585.65,20.07,-0.9962,-0.0278,16260.0
585.7,20.14,-0.6294,-0.02244,16260.0
585.75,20.12,-0.5756,-0.2112,16270.0
585.8,20.09,-0.5219,-0.4,16290.0
585.85,20.01,-0.5388,-0.2931,16310.0
585.9,19.93,-0.5557,-0.1863,16310.0
585.95,19.94,-0.5346,-0.2497,16310.0
586.0,19.95,-0.5135,-0.3131,16290.0
586.05,19.8,-0.3461,-0.2784,16260.0
586.1,19.65,-0.1787,-0.2436,16220.0
586.15,19.67,-0.2775,-0.2977,16190.0
586.2,19.69,-0.3762,-0.3517,16180.0
586.25,19.64,-0.5195,-0.5644,16200.0
586.3,19.59,-0.6628,-0.7772,16220.0
586.35,19.46,-0.6507,-0.7415,16240.0
586.4,19.32,-0.6385,-0.7058,16250.0
586.45,19.36,-0.591,-0.5907,16250.0
586.5,19.41,-0.5434,-0.4756,16230.0
586.55,19.43,-0.2944,-0.3984,16210.0
586.6,19.45,-0.04538,-0.3212,16190.0
586.65,19.59,-0.1262,-0.5712,16190.0
586.7,19.73,-0.207,-0.8211,16190.0
586.75,19.66,-0.1771,-0.6935,16180.0
586.8,19.59,-0.1473,-0.5658,16150.0
586.85,19.67,-0.02986,-0.5127,16130.0
586.9,19.74,0.08758,-0.4597,16110.0
586.95,19.68,0.2229,-0.4296,16100.0
587.0,19.62,0.3583,-0.3995,16100.0
587.05,19.4,0.3828,-0.384,16110.0
587.1,19.18,0.4072,-0.3685,16130.0
587.15,19.13,0.3595,-0.2894,16160.0
587.2,19.08,0.3117,-0.2102,16170.0
587.25,19.09,0.1994,-0.2188,16150.0
587.3,19.09,0.08718,-0.2273,16120.0
587.35,19.15,0.1905,-0.3387,16070.0
587.4,19.2,0.2938,-0.4502,16020.0
587.45,19.23,0.1893,-0.2261,15990.0
587.5,19.25,0.08479,-0.001951,15980.0
587.55,19.27,0.1409,0.03695,15990.0
587.6,19.28,0.1971,0.07585,16020.0
587.65,19.32,0.1712,-0.06707,16040.0
587.7,19.35,0.1453,-0.21,16050.0
587.75,19.3,0.2597,-0.3312,16040.0
587.8,19.25,0.3742,-0.4524,16030.0
587.85,19.48,0.1584,-0.1785,16010.0
587.9,19.7,-0.05732,0.09536,15980.0
587.95,19.5,-0.169,0.1302,15940.0
588.0,19.31,-0.2806,0.1651,15920.0
588.05,19.23,-0.452,0.08158,15910.0
588.1,19.15,-0.6234,-0.001951,15920.0
588.15,19.01,-0.7128,-0.03829,15940.0
588.2,18.87,-0.8021,-0.07463,15960.0
588.25,18.78,-0.7195,0.1522,15980.0
588.3,18.7,-0.6369,0.379,15990.0
588.35,18.63,-0.7158,0.415,15970.0
588.4,18.57,-0.7946,0.4509,15950.0
588.45,18.48,-0.7466,0.4856,15920.0
588.5,18.39,-0.6986,0.5202,15890.0
588.55,18.37,-0.5302,0.5327,15870.0
588.6,18.36,-0.3619,0.5453,15870.0
588.65,18.36,-0.1969,0.6036,15880.0
588.7,18.36,-0.03185,0.6619,15910.0
588.75,18.41,-0.07345,0.6741,15950.0
588.8,18.47,-0.115,0.6863,15980.0
588.85,18.67,-0.1827,0.5301,15990.0
588.9,18.87,-0.2504,0.3739,15970.0
588.95,18.84,-0.2814,0.2668,15930.0
589.0,18.82,-0.3125,0.1597,15880.0
589.05,18.72,-0.3969,0.1499,15820.0
589.1,18.63,-0.4813,0.14,15780.0
589.15,18.73,-0.1879,0.1233,15760.0
589.2,18.84,0.1055,0.1066,15770.0
589.25,18.67,0.03782,0.1811,15790.0
589.3,18.49,-0.02986,0.2556,15820.0
589.35,18.29,0.04757,0.1074,15850.0
589.4,18.09,0.125,-0.04073,15870.0
589.45,18.01,-0.2307,0.07182,15870.0
589.5,17.94,-0.5864,0.1844,15860.0
589.55,17.95,-0.6895,0.3334,15820.0
589.6,17.96,-0.7926,0.4824,15770.0
589.65,17.98,-0.7703,0.4639,15710.0
589.7,18.01,-0.748,0.4453,15670.0
589.75,17.96,-0.7096,0.6355,15640.0
589.8,17.91,-0.6712,0.8258,15630.0
589.85,17.96,-0.7158,0.8236,15660.0
589.9,18.0,-0.7603,0.8214,15690.0
589.95,17.79,-0.8652,0.7044,15720.0
590.0,17.57,-0.9701,0.5875,15740.0
590.05,17.57,-0.7309,0.5953,15740.0
590.1,17.56,-0.4916,0.6031,15720.0
590.15,17.55,-0.4574,0.6118,15690.0
590.2,17.55,-0.4232,0.6204,15660.0
590.25,17.54,-0.4037,0.3357,15640.0
590.3,17.53,-0.3842,0.05097,15620.0
590.35,17.42,-0.3734,-0.03756,15610.0
590.4,17.3,-0.3627,-0.1261,15590.0
590.45,17.2,-0.5378,-0.01597,15580.0
590.5,17.09,-0.713,0.09414,15580.0
590.55,17.05,-0.7299,-0.004634,15600.0
590.6,17.0,-0.7468,-0.1034,15620.0
590.65,16.98,-0.8137,-0.07536,15650.0
590.7,16.96,-0.8806,-0.04731,15670.0
590.75,16.92,-0.7462,-0.1069,15690.0
590.8,16.87,-0.6119,-0.1666,15690.0
590.85,17.08,-0.4863,-0.1723,15660.0
590.9,17.28,-0.3607,-0.178,15620.0
590.95,17.27,-0.6332,-0.01732,15580.0
591.0,17.26,-0.9056,0.1434,15550.0
591.05,17.23,-0.9164,-0.1766,15530.0
591.1,17.19,-0.9271,-0.4965,15530.0
591.15,17.33,-0.5947,-0.6113,15560.0
591.2,17.47,-0.2623,-0.726,15600.0
591.25,17.37,-0.3053,-0.6352,15650.0
591.3,17.27,-0.3483,-0.5443,15680.0
591.35,17.36,-0.4496,-0.6151,15690.0
591.4,17.45,-0.5509,-0.6858,15700.0
591.45,17.38,-0.4584,-0.7587,15680.0
591.5,17.3,-0.3658,-0.8316,15630.0
591.55,17.12,-0.3738,-0.6436,15560.0
591.6,16.95,-0.3818,-0.4556,15500.0
591.65,16.61,-0.4058,-0.303,15460.0
591.7,16.27,-0.4299,-0.1505,15450.0
591.75,16.16,-0.4429,-0.3341,15470.0
591.8,16.04,-0.4558,-0.5177,15510.0
591.85,16.27,-0.6769,-0.5353,15580.0
591.9,16.51,-0.8981,-0.5529,15650.0
591.95,16.65,-1.0,-0.5413,15690.0
592.0,16.79,-1.102,-0.5297,15680.0
592.05,16.8,-1.027,-0.4208,15640.0
592.1,16.8,-0.9526,-0.3119,15570.0
592.15,16.82,-0.8835,-0.2923,15500.0
592.2,16.84,-0.8145,-0.2727,15430.0
592.25,16.93,-0.6664,-0.1627,15390.0
592.3,17.02,-0.5183,-0.05268,15370.0
592.35,17.16,-0.5591,-0.1625,15400.0
592.4,17.3,-0.5999,-0.2724,15440.0
592.45,17.41,-0.492,-0.1567,15480.0
592.5,17.52,-0.3842,-0.04097,15500.0
592.55,17.33,-0.3551,0.06036,15520.0
592.6,17.15,-0.326,0.1617,15520.0
592.65,17.07,-0.3091,0.2945,15500.0
592.7,16.99,-0.2922,0.4273,15450.0
592.75,17.04,-0.2168,0.4124,15410.0
592.8,17.1,-0.1413,0.3975,15390.0
592.85,16.98,-0.1994,0.3589,15380.0
592.9,16.85,-0.2576,0.3202,15360.0
592.95,16.62,-0.4267,0.2188,15360.0
593.0,16.38,-0.5959,0.1173,15370.0
593.05,16.29,-0.6447,0.1539,15380.0
593.1,16.2,-0.6935,0.1905,15400.0
593.15,16.2,-0.4484,0.2342,15410.0
593.2,16.2,-0.2034,0.278,15420.0
593.25,16.25,-0.1851,0.3503,15430.0
593.3,16.3,-0.1668,0.4226,15440.0
593.35,16.26,-0.59,0.5697,15440.0
593.4,16.22,-1.013,0.7168,15430.0
593.45,16.3,-1.217,0.5971,15410.0
593.5,16.37,-1.42,0.4775,15390.0
593.55,16.43,-1.427,0.3753,15380.0
593.6,16.49,-1.434,0.2731,15370.0
593.65,16.37,-1.099,0.3408,15360.0
593.7,16.24,-0.7631,0.4085,15360.0
593.75,16.25,-0.8433,0.2787,15380.0
593.8,16.27,-0.9236,0.149,15390.0
593.85,16.24,-0.7685,0.2186,15390.0
593.9,16.22,-0.6134,0.2883,15400.0
593.95,16.07,-0.6298,0.2225,15400.0
594.0,15.92,-0.6461,0.1568,15410.0
594.05,15.83,-0.4908,0.1912,15400.0
594.1,15.74,-0.3356,0.2256,15380.0
594.15,15.82,-0.2335,0.2668,15360.0
594.2,15.89,-0.1314,0.308,15340.0
594.25,15.79,-0.3157,0.16,15310.0
594.3,15.68,-0.5,0.01195,15280.0
594.35,15.51,-0.4996,0.04597,15260.0
594.4,15.35,-0.4992,0.07999,15280.0
594.45,15.54,-0.6061,0.1797,15320.0
594.5,15.73,-0.713,0.2795,15360.0
594.55,15.75,-0.7731,0.3979,15390.0
594.6,15.78,-0.8332,0.5163,15400.0
594.65,15.64,-0.7388,0.4426,15380.0
594.7,15.49,-0.6445,0.369,15350.0
594.75,15.72,-0.7066,0.5802,15290.0
594.8,15.94,-0.7687,0.7914,15240.0
594.85,15.81,-0.632,0.8822,15210.0
594.9,15.68,-0.4952,0.9731,15220.0
594.95,15.77,-0.3836,1.045,15250.0
595.0,15.86,-0.2719,1.117,15270.0
595.05,15.96,-0.3087,0.9794,15280.0
595.1,16.06,-0.3455,0.8419,15290.0
595.15,16.03,-0.4435,0.6731,15300.0
595.2,15.99,-0.5414,0.5043,15300.0
595.25,15.92,-0.4013,0.3259,15290.0
595.3,15.85,-0.2611,0.1475,15260.0
595.35,15.95,-0.287,0.2039,15240.0
595.4,16.06,-0.3129,0.2602,15220.0
595.45,16.18,-0.1668,0.1383,15210.0
595.5,16.3,-0.0207,0.01634,15210.0
595.55,16.42,0.1973,-0.121,15210.0
595.6,16.54,0.4152,-0.2583,15230.0
595.65,16.53,0.1662,-0.1783,15270.0
595.7,16.52,-0.0828,-0.09828,15300.0
595.75,16.4,-0.165,-0.0317,15300.0
595.8,16.28,-0.2472,0.03487,15280.0
595.85,16.18,-0.4413,0.1823,15270.0
595.9,16.08,-0.6353,0.3297,15250.0
595.95,16.08,-0.6503,0.2902,15230.0
596.0,16.09,-0.6652,0.2507,15200.0
596.05,16.13,-0.5525,0.2255,15190.0
596.1,16.17,-0.4399,0.2002,15220.0
596.15,16.14,-0.4138,0.3046,15240.0
596.2,16.1,-0.3877,0.409,15250.0
596.25,16.16,-0.283,0.2413,15250.0
596.3,16.22,-0.1783,0.07365,15260.0
596.35,15.95,-0.05175,0.05804,15260.0
596.4,15.67,0.07484,0.04243,15240.0
596.45,15.8,0.2777,0.009389,15210.0
596.5,15.93,0.4805,-0.02366,15190.0
596.55,16.23,0.4962,0.1294,15190.0
596.6,16.53,0.5119,0.2824,15200.0
596.65,16.66,0.2472,0.1886,15200.0
596.7,16.78,-0.01752,0.09487,15200.0
596.75,16.71,0.08857,0.2452,15200.0
596.8,16.64,0.1947,0.3956,15220.0
596.85,16.65,0.08778,0.2522,15210.0
596.9,16.65,-0.01911,0.1088,15180.0
596.95,16.62,-0.09654,0.3246,15160.0
597.0,16.59,-0.174,0.5404,15150.0
597.05,16.66,-0.4116,0.4261,15160.0
597.1,16.73,-0.6493,0.3117,15170.0
597.15,16.68,-0.5137,0.3615,15170.0
597.2,16.63,-0.3782,0.4114,15180.0
597.25,16.41,-0.2605,0.3963,15190.0
597.3,16.19,-0.1429,0.3812,15200.0
597.35,16.32,-0.3589,0.5347,15190.0
597.4,16.46,-0.5748,0.6882,15150.0
597.45,16.51,-0.3945,0.9654,15120.0
597.5,16.55,-0.2142,1.243,15100.0
597.55,16.48,-0.1208,1.24,15100.0
597.6,16.41,-0.02747,1.237,15090.0
597.65,16.45,0.07643,1.144,15080.0
597.7,16.48,0.1803,1.052,15100.0
597.75,16.63,0.3167,0.9026,15140.0
597.8,16.78,0.453,0.7533,15170.0
597.85,16.72,0.3692,0.8353,15170.0
597.9,16.67,0.2854,0.9172,15150.0
597.95,16.49,0.1298,0.8072,15140.0
598.0,16.31,-0.02588,0.6972,15120.0
598.05,16.3,0.0418,0.7157,15100.0
598.1,16.29,0.1095,0.7341,15070.0
598.15,16.36,0.09076,0.5369,15070.0
598.2,16.43,0.07205,0.3397,15100.0
598.25,16.55,0.2259,0.453,15150.0
598.3,16.66,0.3798,0.5663,15180.0
598.35,16.75,0.4429,0.656,15180.0
598.4,16.84,0.506,0.7458,15180.0
598.45,17.0,0.4582,0.6542,15170.0
598.5,17.16,0.4104,0.5626,15140.0
598.55,17.16,0.45,0.4337,15100.0
598.6,17.16,0.4896,0.3048,15070.0
598.65,17.18,0.6174,0.2698,15060.0
598.7,17.2,0.7452,0.2349,15080.0
598.75,16.89,0.6109,0.3445,15100.0
598.8,16.59,0.4765,0.4541,15110.0
598.85,16.59,0.578,0.7565,15120.0
598.9,16.6,0.6795,1.059,15130.0
598.95,16.6,0.7106,0.9892,15130.0
599.0,16.6,0.7416,0.9194,15110.0
599.05,16.68,0.8529,0.8058,15070.0
599.1,16.75,0.9642,0.6921,15020.0
599.15,16.88,0.8843,0.8215,15000.0
599.2,17.02,0.8045,0.9509,14980.0
599.25,16.94,0.8668,0.696,14970.0
599.3,16.87,0.9291,0.4412,14960.0
599.35,16.62,0.8762,0.2929,14980.0
599.4,16.38,0.8232,0.1446,15010.0
599.45,16.51,0.7677,-0.06463,15010.0
599.5,16.65,0.7122,-0.2739,14990.0
599.55,16.73,0.4594,-0.1931,14960.0
599.6,16.81,0.2066,-0.1124,14950.0
599.65,16.82,0.371,0.1691,14940.0
599.7,16.82,0.5354,0.4507,14930.0
599.75,16.86,0.5153,0.4481,14920.0
599.8,16.9,0.4952,0.4456,14920.0
599.85,16.85,0.4369,0.6552,14940.0
599.9,16.8,0.3786,0.8648,14950.0
599.95,16.87,0.367,0.8545,14930.0
600.0,16.95,0.3555,0.8443,14910.0
600.05,17.02,0.3159,0.7519,14880.0
600.1,17.09,0.2763,0.6594,14870.0
600.15,17.02,0.1994,0.701,14860.0
600.2,16.95,0.1226,0.7426,14860.0
600.25,17.02,0.1135,0.7621,14880.0
600.3,17.08,0.1043,0.7816,14910.0
600.35,17.07,0.2249,0.745,14950.0
600.4,17.06,0.3455,0.7085,14960.0
600.45,16.9,0.5099,0.5785,14960.0
600.5,16.75,0.6744,0.4485,14930.0
600.55,16.65,0.5914,0.5081,14900.0
600.6,16.55,0.5084,0.5677,14870.0
600.65,16.51,0.6531,0.4592,14850.0
600.7,16.46,0.7978,0.3507,14830.0
600.75,16.43,0.8288,0.5469,14840.0
600.8,16.41,0.8599,0.7431,14870.0
600.85,16.38,0.7444,0.393,14910.0
600.9,16.35,0.629,0.04292,14940.0
600.95,16.44,0.467,-0.1394,14950.0
601.0,16.53,0.3049,-0.3217,14960.0
601.05,16.55,0.04857,-0.3295,14960.0
601.1,16.58,-0.2078,-0.3373,14940.0
601.15,16.42,-0.2562,-0.07207,14910.0
601.2,16.25,-0.3045,0.1931,14870.0
601.25,16.26,-0.2719,0.2368,14850.0
601.3,16.26,-0.2392,0.2805,14850.0
601.35,16.4,-0.1706,0.1015,14860.0
601.4,16.54,-0.1019,-0.07755,14870.0
601.45,16.56,-0.3368,-0.2598,14900.0
601.5,16.58,-0.5716,-0.4421,14920.0
601.55,16.62,-0.3057,-0.4623,14930.0
601.6,16.66,-0.03981,-0.4824,14910.0
601.65,16.73,-0.05951,-0.3601,14890.0
601.7,16.81,-0.07922,-0.2378,14870.0
601.75,16.74,-0.01115,-0.2859,14880.0
601.8,16.67,0.05693,-0.3341,14880.0
601.85,16.66,0.1047,-0.2574,14870.0
601.9,16.66,0.1525,-0.1807,14860.0
601.95,16.71,-0.2249,-0.1051,14850.0
602.0,16.77,-0.6023,-0.02951,14850.0
602.05,16.87,-0.7641,-0.002805,14830.0
602.1,16.97,-0.9259,0.0239,14800.0
602.15,17.09,-0.8187,-0.0278,14790.0
602.2,17.21,-0.7114,-0.0795,14790.0
602.25,17.12,-0.8417,0.01951,14800.0
602.3,17.03,-0.9721,0.1185,14820.0
602.35,16.99,-0.7398,0.1972,14830.0
602.4,16.95,-0.5076,0.2758,14840.0
602.45,16.92,-0.4853,0.2127,14860.0
602.5,16.88,-0.463,0.1495,14850.0
602.55,16.83,-0.4164,-0.00695,14810.0
602.6,16.78,-0.3698,-0.1634,14770.0
602.65,16.73,-0.3376,-0.1056,14720.0
602.7,16.68,-0.3053,-0.0478,14700.0
602.75,16.79,-0.3531,-0.1086,14680.0
602.8,16.9,-0.4009,-0.1695,14680.0
602.85,17.03,-0.5253,0.06755,14710.0
602.9,17.16,-0.6497,0.3046,14760.0
602.95,17.09,-0.4295,0.3786,14810.0
603.0,17.02,-0.2094,0.4526,14830.0
603.05,17.12,-0.1407,0.3279,14830.0
603.1,17.22,-0.07205,0.2031,14800.0
603.15,17.14,0.06966,0.2589,14760.0
603.2,17.06,0.2114,0.3146,14710.0
603.25,17.04,0.04319,0.3376,14660.0
603.3,17.02,-0.125,0.3607,14640.0
603.35,16.98,-0.1767,0.1997,14650.0
603.4,16.94,-0.2285,0.03878,14680.0
603.45,16.92,-0.2428,-0.01439,14730.0
603.5,16.9,-0.2572,-0.06755,14760.0
603.55,17.04,-0.3284,-0.201,14780.0
603.6,17.19,-0.3997,-0.3344,14790.0
603.65,17.36,-0.09494,-0.07926,14790.0
603.7,17.53,0.2098,0.1758,14760.0
603.75,17.54,0.01115,0.06804,14730.0
603.8,17.55,-0.1875,-0.03975,14700.0
603.85,17.54,-0.07404,0.01853,14680.0
603.9,17.52,0.03941,0.07682,14680.0
603.95,17.29,-0.0836,0.1068,14680.0
604.0,17.05,-0.2066,0.1368,14700.0
604.05,17.01,-0.2215,0.07475,14730.0
604.1,16.97,-0.2365,0.01268,14760.0
604.15,16.8,-0.2134,0.1627,14770.0
604.2,16.63,-0.1903,0.3126,14750.0
604.25,16.63,-0.2687,0.329,14730.0
604.3,16.62,-0.3471,0.3453,14700.0
604.35,16.77,-0.3322,0.3461,14680.0
604.4,16.92,-0.3173,0.3468,14670.0
604.45,17.01,-0.3933,0.4428,14680.0
604.5,17.11,-0.4693,0.5387,14710.0
604.55,17.21,-0.2799,0.4221,14750.0
604.6,17.32,-0.09036,0.3056,14770.0
604.65,17.39,-0.3025,0.2624,14760.0
604.7,17.46,-0.5147,0.2192,14740.0
604.75,17.45,-0.6011,0.2985,14700.0
604.8,17.44,-0.6875,0.3778,14660.0
604.85,17.43,-0.8531,0.2463,14620.0
604.9,17.42,-1.019,0.1149,14600.0
604.95,17.44,-1.078,-0.1556,14610.0
605.0,17.46,-1.138,-0.4261,14660.0
605.05,17.4,-1.159,-0.4591,14720.0
605.1,17.35,-1.181,-0.4921,14770.0
605.15,17.23,-0.8768,-0.6674,14810.0
605.2,17.11,-0.5728,-0.8426,14810.0
605.25,16.98,-0.6732,-0.9696,14770.0
605.3,16.85,-0.7735,-1.097,14710.0
605.35,16.8,-0.7219,-1.029,14650.0
605.4,16.76,-0.6704,-0.9609,14600.0
605.45,16.77,-0.6045,-0.9729,14590.0
605.5,16.78,-0.5386,-0.985,14600.0
605.55,16.75,-0.3483,-0.7297,14640.0
605.6,16.73,-0.158,-0.4743,14700.0
605.65,16.9,0.02846,-0.3941,14750.0
605.7,17.08,0.215,-0.3139,14800.0
605.75,17.11,0.2416,-0.1903,14820.0
605.8,17.14,0.2683,-0.06682,14800.0
605.85,17.11,0.1648,-0.01902,14770.0
605.9,17.09,0.0613,0.02878,14740.0
605.95,17.02,0.116,0.04512,14710.0
606.0,16.95,0.1708,0.06146,14690.0
606.05,16.89,0.08957,0.195,14680.0
606.1,16.83,0.00836,0.3285,14680.0
606.15,17.12,-0.08081,0.2146,14700.0
606.2,17.41,-0.17,0.1007,14730.0
606.25,17.71,-0.1487,0.1358,14750.0
606.3,18.01,-0.1274,0.171,14770.0
606.35,17.9,-0.1666,0.08828,14780.0
606.4,17.79,-0.2058,0.005609,14800.0
606.45,17.84,-0.291,0.2319,14810.0
606.5,17.89,-0.3762,0.4582,14790.0
606.55,17.88,-0.2651,0.6494,14750.0
606.6,17.87,-0.1541,0.8406,14710.0
606.65,17.82,-0.1373,1.031,14690.0
606.7,17.77,-0.1206,1.221,14680.0
606.75,17.57,-0.1033,1.083,14680.0
606.8,17.36,-0.08599,0.9448,14700.0
606.85,17.37,-0.06449,0.7124,14750.0
606.9,17.37,-0.04299,0.4799,14790.0
606.95,17.49,-0.07603,0.4851,14800.0
607.0,17.61,-0.1091,0.4902,14800.0
607.05,17.63,-0.1109,0.4296,14790.0
607.1,17.65,-0.1127,0.369,14770.0
607.15,17.48,-0.1015,0.568,14740.0
607.2,17.3,-0.09036,0.767,14690.0
607.25,17.36,-0.008758,0.9625,14660.0
607.3,17.43,0.07285,1.158,14650.0
607.35,17.39,0.05852,1.069,14660.0
607.4,17.36,0.04419,0.9796,14670.0
607.45,17.38,0.12,0.883,14670.0
607.5,17.4,0.1959,0.7863,14680.0
607.55,17.23,0.1831,0.3789,14690.0
607.6,17.07,0.1704,-0.02853,14690.0
607.65,17.15,0.166,0.03561,14670.0
607.7,17.24,0.1616,0.09975,14640.0
607.75,17.23,0.1063,0.4095,14630.0
607.8,17.22,0.05095,0.7192,14620.0
607.85,17.4,-0.03941,0.588,14600.0
607.9,17.57,-0.1298,0.4568,14580.0
607.95,17.81,-0.2757,0.2523,14570.0
608.0,18.05,-0.4216,0.0478,14580.0
608.05,18.11,-0.582,0.2768,14590.0
608.1,18.18,-0.7424,0.5058,14590.0
608.15,18.16,-0.8559,0.5154,14580.0
608.2,18.14,-0.9693,0.5251,14560.0
608.25,18.3,-1.18,0.7005,14550.0
608.3,18.46,-1.39,0.876,14520.0
608.35,18.46,-1.539,0.7514,14500.0
608.4,18.45,-1.687,0.6268,14490.0
608.45,18.35,-1.515,0.5451,14520.0
608.5,18.26,-1.342,0.4634,14560.0
608.55,18.11,-1.402,0.4092,14600.0
608.6,17.96,-1.461,0.3551,14600.0
608.65,18.03,-1.419,0.2875,14580.0
608.7,18.1,-1.376,0.22,14560.0
608.75,18.22,-1.306,0.1807,14520.0
608.8,18.34,-1.235,0.1414,14480.0
608.85,18.26,-1.373,0.1885,14450.0
608.9,18.18,-1.511,0.2356,14440.0
608.95,18.2,-1.747,0.2618,14460.0
609.0,18.22,-1.982,0.288,14490.0
609.05,18.22,-2.201,0.2084,14510.0
609.1,18.22,-2.42,0.1288,14530.0
609.15,18.19,-2.282,0.07231,14550.0
609.2,18.17,-2.144,0.01585,14550.0
609.25,18.03,-1.933,-0.1622,14530.0
609.3,17.89,-1.722,-0.3402,14500.0
609.35,17.89,-1.626,-0.2686,14470.0
609.4,17.89,-1.53,-0.1971,14470.0
609.45,17.92,-1.457,-0.1482,14490.0
609.5,17.95,-1.384,-0.09926,14510.0
609.55,17.91,-1.361,-0.09657,14510.0
609.6,17.86,-1.337,-0.09389,14520.0
609.65,17.95,-1.236,-0.06377,14520.0
609.7,18.03,-1.135,-0.03365,14510.0
609.75,18.1,-1.287,0.07999,14490.0
609.8,18.17,-1.439,0.1936,14460.0
609.85,18.11,-1.321,0.1727,14450.0
609.9,18.04,-1.203,0.1517,14460.0
609.95,17.98,-0.8171,0.2708,14460.0
610.0,17.91,-0.4315,0.39,14450.0
610.05,18.0,-0.3949,0.265,14440.0
610.1,18.08,-0.3583,0.14,14440.0
610.15,18.07,-0.6061,0.231,14450.0
610.2,18.05,-0.8539,0.3219,14450.0
610.25,18.0,-0.8009,0.4024,14440.0
610.3,17.94,-0.748,0.4829,14430.0
610.35,17.92,-0.8527,0.492,14430.0
610.4,17.9,-0.9574,0.5012,14430.0
610.45,17.78,-1.032,0.4604,14420.0
610.5,17.66,-1.107,0.4197,14400.0
610.55,17.8,-1.285,0.4675,14390.0
610.6,17.95,-1.462,0.5153,14380.0
610.65,17.83,-1.281,0.5983,14370.0
610.7,17.72,-1.1,0.6814,14360.0
610.75,17.62,-1.157,0.6059,14360.0
610.8,17.53,-1.214,0.5304,14380.0
610.85,17.55,-1.408,0.4763,14420.0
610.9,17.56,-1.603,0.4221,14440.0
610.95,17.53,-1.508,0.5092,14440.0
611.0,17.5,-1.414,0.5963,14430.0
611.05,17.48,-1.173,0.5812,14400.0
611.1,17.47,-0.9331,0.566,14370.0
611.15,17.56,-0.9588,0.589,14340.0
611.2,17.64,-0.9845,0.6119,14320.0
611.25,17.59,-0.9709,0.5274,14330.0
611.3,17.54,-0.9574,0.4429,14350.0
611.35,17.48,-0.7717,0.6013,14370.0
611.4,17.42,-0.586,0.7597,14380.0
611.45,17.38,-0.5277,0.8943,14380.0
611.5,17.34,-0.4693,1.029,14380.0
611.55,17.49,-0.5989,0.9382,14380.0
611.6,17.64,-0.7285,0.8475,14370.0
611.65,17.68,-0.7729,0.8971,14360.0
611.7,17.71,-0.8173,0.9467,14340.0
611.75,17.69,-0.6005,0.8739,14340.0
611.8,17.66,-0.3838,0.8011,14340.0
611.85,17.7,-0.2594,0.7598,14330.0
611.9,17.75,-0.135,0.7185,14310.0
611.95,17.88,-0.06011,0.5605,14310.0
612.0,18.01,0.01473,0.4026,14330.0
612.05,17.99,0.08758,0.2231,14350.0
612.1,17.97,0.1604,0.04365,14360.0
612.15,17.96,0.1779,0.2561,14360.0
612.2,17.95,0.1955,0.4685,14370.0
612.25,18.0,0.1505,0.4364,14370.0
612.3,18.04,0.1055,0.4043,14350.0
612.35,17.98,0.1568,0.5218,14310.0
612.4,17.92,0.2082,0.6392,14280.0
612.45,17.8,0.1628,0.7474,14270.0
612.5,17.67,0.1174,0.8555,14260.0
612.55,17.63,0.003185,0.9042,14250.0
612.6,17.58,-0.1111,0.9528,14260.0
612.65,17.61,-0.1188,0.743,14280.0
612.7,17.65,-0.1266,0.5331,14290.0
612.75,17.65,-0.2518,0.2529,14280.0
612.8,17.65,-0.377,-0.02731,14240.0
612.85,17.73,-0.3431,0.04707,14200.0
612.9,17.82,-0.3093,0.1215,14180.0
612.95,17.92,-0.0416,0.1344,14170.0
613.0,18.03,0.2261,0.1473,14180.0
613.05,18.06,0.1931,0.2459,14200.0
613.1,18.09,0.16,0.3446,14220.0
613.15,18.06,0.3063,0.1894,14230.0
613.2,18.04,0.4526,0.03414,14230.0
613.25,18.07,0.331,0.2724,14200.0
613.3,18.09,0.2094,0.5107,14150.0
613.35,18.15,0.1381,0.3184,14110.0
613.4,18.2,0.06688,0.1261,14090.0
613.45,18.21,0.211,-0.1891,14090.0
613.5,18.23,0.3551,-0.5043,14090.0
613.55,18.07,0.4144,-0.6102,14110.0
613.6,17.91,0.4737,-0.716,14150.0
613.65,17.81,0.4771,-0.8358,14190.0
613.7,17.71,0.4805,-0.9555,14210.0
613.75,17.44,0.543,-0.9258,14200.0
613.8,17.17,0.6055,-0.896,14170.0
613.85,17.16,0.5633,-0.7141,14130.0
613.9,17.16,0.5211,-0.5321,14090.0
613.95,17.27,0.6911,-0.2431,14050.0
614.0,17.38,0.8611,0.04585,14040.0
614.05,17.54,0.9584,0.183,14060.0
614.1,17.69,1.056,0.3202,14100.0
614.15,17.9,1.157,0.2622,14150.0
614.2,18.11,1.259,0.2041,14180.0
614.25,18.01,1.259,0.1764,14190.0
614.3,17.9,1.259,0.1488,14180.0
614.35,17.7,1.356,0.4541,14170.0
614.4,17.5,1.453,0.7594,14150.0
614.45,17.57,1.456,0.8402,14130.0
614.5,17.64,1.458,0.9209,14130.0
614.55,17.55,1.674,0.8778,14150.0
614.6,17.47,1.889,0.8348,14180.0
614.65,17.47,1.761,0.8864,14210.0
614.7,17.46,1.632,0.9379,14220.0
614.75,17.48,1.458,0.6366,14220.0
614.8,17.5,1.284,0.3353,14220.0
614.85,17.72,1.34,0.1516,14210.0
614.9,17.95,1.396,-0.03219,14200.0
614.95,18.01,1.316,-0.04378,14210.0
615.0,18.08,1.236,-0.05536,14230.0
615.05,18.1,1.145,0.04158,14280.0
615.1,18.11,1.055,0.1385,14310.0
615.15,17.96,1.103,0.05634,14310.0
615.2,17.8,1.151,-0.02585,14290.0
615.25,17.79,1.263,0.005487,14270.0
615.3,17.78,1.375,0.03683,14250.0
615.35,17.72,1.186,0.2868,14230.0
615.4,17.66,0.998,0.5368,14210.0
615.45,17.61,0.8491,0.5227,14210.0
615.5,17.56,0.7002,0.5087,14220.0
615.55,17.67,0.7106,0.35,14220.0
615.6,17.78,0.7209,0.1912,14220.0
615.65,17.94,0.9361,-0.00878,14210.0
615.7,18.09,1.151,-0.2088,14220.0
615.75,18.18,1.033,-0.1475,14240.0
615.8,18.26,0.9152,-0.08633,14260.0
615.85,18.16,0.7251,0.02792,14260.0
615.9,18.06,0.535,0.1422,14250.0
615.95,18.12,0.5308,0.0389,14240.0
616.0,18.18,0.5267,-0.06438,14220.0
616.05,18.14,0.537,0.07109,14180.0
616.1,18.09,0.5474,0.2066,14130.0
616.15,18.11,0.5241,0.01853,14110.0
616.2,18.13,0.5008,-0.1695,14120.0
616.25,18.1,0.4737,-0.1295,14150.0
616.3,18.07,0.4466,-0.0895,14170.0
616.35,18.06,0.6188,-0.1388,14200.0
616.4,18.04,0.791,-0.188,14240.0
616.45,18.0,0.8139,-0.08645,14280.0
616.5,17.97,0.8368,0.01512,14280.0
616.55,18.11,0.7404,0.1561,14260.0
616.6,18.26,0.6441,0.297,14220.0
616.65,17.98,0.582,0.1311,14180.0
616.7,17.71,0.5199,-0.03487,14160.0
616.75,17.51,0.467,-0.08706,14150.0
616.8,17.31,0.414,-0.1393,14170.0
616.85,17.45,0.4592,-0.004999,14200.0
616.9,17.59,0.5044,0.1293,14250.0
616.95,17.81,0.6543,0.1351,14280.0
617.0,18.03,0.8041,0.141,14300.0
617.05,17.95,0.6911,0.009023,14290.0
617.1,17.87,0.578,-0.1229,14270.0
617.15,17.79,0.4045,-0.1455,14260.0
617.2,17.71,0.2309,-0.168,14270.0
617.25,17.79,0.2791,0.003902,14280.0
617.3,17.87,0.3272,0.1758,14300.0
617.35,17.75,0.3119,0.1493,14320.0
617.4,17.63,0.2966,0.1227,14330.0
617.45,17.53,0.282,0.1441,14330.0
617.5,17.43,0.2675,0.1656,14320.0
617.55,17.39,0.4349,0.2206,14300.0
617.6,17.36,0.6023,0.2756,14280.0
617.65,17.28,0.448,0.2344,14280.0
617.7,17.2,0.2938,0.1931,14310.0
617.75,17.08,0.4644,0.2523,14340.0
617.8,16.96,0.6349,0.3114,14370.0
617.85,16.97,0.8165,0.3494,14400.0
617.9,16.98,0.998,0.3873,14420.0
617.95,17.17,0.9036,0.2895,14420.0
618.0,17.36,0.8093,0.1917,14400.0
618.05,17.44,0.7818,0.2311,14360.0
618.1,17.52,0.7544,0.2705,14310.0
618.15,17.62,0.7609,0.3474,14280.0
618.2,17.72,0.7675,0.4243,14250.0
618.25,17.66,0.6684,0.4754,14240.0
618.3,17.6,0.5693,0.5265,14250.0
618.35,17.6,0.3115,0.5935,14280.0
618.4,17.6,0.05374,0.6604,14330.0
618.45,17.44,-0.06051,0.5176,14370.0
618.5,17.29,-0.1748,0.3748,14400.0
618.55,17.27,-0.01771,0.2107,14400.0
618.6,17.26,0.1393,0.04658,14370.0
618.65,17.2,0.06349,-0.01378,14330.0
618.7,17.14,-0.01234,-0.07414,14280.0
618.75,17.01,0.06787,0.1241,14230.0
618.8,16.87,0.1481,0.3224,14190.0
618.85,16.79,0.03065,0.1536,14180.0
618.9,16.71,-0.08678,-0.01512,14200.0
618.95,16.54,-0.13,-0.134,14230.0
619.0,16.37,-0.1732,-0.2529,14280.0
619.05,16.19,-0.1063,-0.009755,14320.0
619.1,16.0,-0.03941,0.2334,14350.0
619.15,15.95,-0.2914,0.1362,14360.0
619.2,15.9,-0.5434,0.03902,14330.0
619.25,15.98,-0.4148,0.02573,14290.0
619.3,16.05,-0.2862,0.01244,14250.0
619.35,16.19,-0.2665,0.0111,14220.0
619.4,16.33,-0.2468,0.009755,14210.0
619.45,16.11,-0.1863,0.1464,14210.0
619.5,15.88,-0.1258,0.2831,14230.0
619.55,16.08,-0.05314,0.1755,14270.0
619.6,16.28,0.01951,0.0678,14300.0
619.65,16.34,0.05812,0.1213,14320.0
619.7,16.4,0.09673,0.1749,14300.0
619.75,16.3,0.1144,0.1294,14280.0
619.8,16.21,0.1322,0.08389,14260.0
619.85,16.2,0.08977,0.2223,14240.0
619.9,16.2,0.04737,0.3607,14240.0
619.95,16.25,0.0826,0.369,14260.0
620.0,16.29,0.1178,0.3773,14300.0
620.05,16.43,0.07504,0.2696,14330.0
620.1,16.56,0.03224,0.1619,14340.0
620.15,16.34,0.02588,0.2695,14340.0
620.2,16.12,0.01951,0.377,14320.0
620.25,16.0,-0.1608,0.3186,14290.0
620.3,15.88,-0.3412,0.2602,14260.0
620.35,16.06,-0.292,0.357,14230.0
620.4,16.25,-0.2428,0.4539,14210.0
620.45,16.35,-0.2213,0.4956,14210.0
620.5,16.44,-0.1998,0.5373,14250.0
620.55,16.67,-0.1692,0.8005,14300.0
620.6,16.9,-0.1385,1.064,14350.0
620.65,17.04,0.1256,0.9187,14380.0
620.7,17.17,0.3897,0.7736,14390.0
620.75,17.18,0.3063,0.4924,14380.0
620.8,17.19,0.2229,0.2112,14330.0
620.85,17.03,0.2418,0.01853,14250.0
620.9,16.87,0.2607,-0.1741,14170.0
620.95,16.91,0.2637,-0.1494,14120.0
621.0,16.95,0.2667,-0.1246,14120.0
621.05,17.16,0.249,-0.09231,14140.0
621.1,17.36,0.2313,-0.05999,14200.0
621.15,17.39,0.1777,-0.03183,14260.0
621.2,17.42,0.1242,-0.003658,14310.0
621.25,17.38,0.2552,0.09584,14340.0
621.3,17.34,0.3861,0.1953,14320.0
621.35,17.21,0.2526,0.09999,14280.0
621.4,17.09,0.119,0.004634,14230.0
621.45,17.0,0.1557,0.1021,14180.0
621.5,16.91,0.1923,0.1995,14130.0
621.55,17.08,0.5947,0.3355,14100.0
621.6,17.25,0.9972,0.4714,14090.0
621.65,17.12,0.8515,0.2824,14100.0
621.7,16.99,0.7058,0.0934,14140.0
621.75,16.77,0.5623,-0.06146,14170.0
621.8,16.55,0.4188,-0.2163,14210.0
621.85,16.52,0.3636,-0.1545,14240.0
621.9,16.49,0.3085,-0.09267,14250.0
621.95,16.78,0.377,-0.03378,14240.0
622.0,17.07,0.4455,0.02512,14210.0
622.05,17.14,0.2707,0.03963,14170.0
622.1,17.22,0.09594,0.05414,14120.0
622.15,17.38,-0.06867,0.04012,14090.0
622.2,17.54,-0.2333,0.02609,14070.0
622.25,17.56,-0.1537,0.09975,14080.0
622.3,17.59,-0.07404,0.1734,14110.0
622.35,17.5,-0.03264,0.1677,14150.0
622.4,17.4,0.008758,0.1619,14180.0
622.45,17.29,0.2661,0.237,14190.0
622.5,17.17,0.5235,0.3122,14190.0
622.55,17.06,0.6803,0.2323,14170.0
622.6,16.94,0.8372,0.1524,14150.0
622.65,16.95,0.6608,0.1336,14130.0
622.7,16.96,0.4845,0.1149,14110.0
622.75,16.86,0.4118,0.08499,14100.0
622.8,16.76,0.3392,0.05512,14100.0
622.85,16.89,0.1578,0.0506,14090.0
622.9,17.01,-0.02349,0.04609,14080.0
622.95,17.0,0.09693,-0.1015,14080.0
623.0,16.98,0.2174,-0.249,14090.0
623.05,16.95,0.2747,-0.5043,14100.0
623.1,16.92,0.332,-0.7597,14100.0
623.15,17.01,0.3941,-0.6982,14100.0
623.2,17.09,0.4562,-0.6368,14090.0
623.25,17.19,0.4823,-0.613,14080.0
623.3,17.29,0.5084,-0.5892,14070.0
623.35,17.09,0.6901,-0.5965,14040.0
623.4,16.88,0.8718,-0.6038,14020.0
623.45,16.84,0.8378,-0.5631,14020.0
623.5,16.8,0.8037,-0.5224,14030.0
623.55,16.82,0.8332,-0.4407,14030.0
623.6,16.83,0.8626,-0.359,14020.0
623.65,16.69,0.8256,-0.3865,14010.0
623.7,16.55,0.7886,-0.4141,14010.0
623.75,16.58,0.7645,-0.4654,13990.0
623.8,16.6,0.7404,-0.5168,13970.0
623.85,16.55,0.7554,-0.4729,13950.0
623.9,16.51,0.7703,-0.429,13940.0
623.95,16.44,0.7645,-0.3411,13930.0
624.0,16.37,0.7587,-0.2531,13930.0
624.05,16.48,0.8664,-0.1473,13930.0
624.1,16.58,0.9741,-0.04146,13930.0
624.15,16.62,0.8147,-0.0567,13940.0
624.2,16.66,0.6552,-0.07194,13950.0
624.25,16.5,0.7659,-0.1852,13930.0
624.3,16.35,0.8766,-0.2985,13910.0
624.35,16.39,0.7824,-0.1821,13880.0
624.4,16.43,0.6883,-0.0656,13840.0
624.45,16.51,0.5947,-0.06146,13830.0
624.5,16.6,0.5012,-0.05731,13830.0
624.55,16.6,0.3467,-0.1252,13840.0
624.6,16.59,0.1923,-0.1931,13880.0
624.65,16.64,0.1109,-0.1273,13920.0
624.7,16.69,0.02946,-0.06146,13940.0
624.75,16.61,-0.1557,-0.03731,13930.0
624.8,16.54,-0.3408,-0.01317,13900.0
624.85,16.51,-0.3414,0.1842,13860.0
624.9,16.48,-0.342,0.3817,13830.0
624.95,16.52,-0.4293,0.2123,13800.0
625.0,16.56,-0.5167,0.04292,13790.0
625.05,16.58,-0.5912,-0.08645,13790.0
625.1,16.61,-0.6656,-0.2158,13820.0
625.15,16.84,-0.6861,-0.3717,13840.0
625.2,17.08,-0.7066,-0.5275,13850.0
625.25,17.13,-0.8495,-0.501,13860.0
625.3,17.19,-0.9924,-0.4746,13860.0
625.35,17.24,-1.008,-0.4371,13850.0
625.4,17.29,-1.024,-0.3997,13840.0
625.45,17.4,-0.9924,-0.5124,13810.0
625.5,17.5,-0.9606,-0.6251,13800.0
625.55,17.25,-0.9084,-0.4853,13810.0
625.6,16.99,-0.8563,-0.3456,13820.0
625.65,17.16,-0.9317,-0.4343,13810.0
625.7,17.33,-1.007,-0.5231,13800.0
625.75,17.29,-1.2,-0.5642,13800.0
625.8,17.26,-1.392,-0.6053,13800.0
625.85,17.36,-1.465,-0.618,13790.0
625.9,17.47,-1.539,-0.6307,13770.0
625.95,17.45,-1.498,-0.6215,13750.0
626.0,17.43,-1.457,-0.6124,13750.0
626.05,17.42,-1.401,-0.4606,13770.0
626.1,17.41,-1.346,-0.3087,13780.0
626.15,17.5,-1.343,-0.1034,13790.0
626.2,17.59,-1.341,0.1019,13800.0
626.25,17.6,-1.335,0.04414,13800.0
626.3,17.61,-1.328,-0.01366,13790.0
626.35,17.62,-1.259,0.1238,13760.0
626.4,17.63,-1.19,0.2612,13730.0
626.45,17.74,-1.132,0.5097,13690.0
626.5,17.85,-1.074,0.7582,13670.0
626.55,18.05,-1.096,0.7011,13640.0
626.6,18.24,-1.118,0.6441,13630.0
626.65,18.36,-1.279,0.5766,13640.0
626.7,18.49,-1.441,0.5092,13670.0
626.75,18.59,-1.323,0.3223,13700.0
626.8,18.69,-1.206,0.1354,13720.0
626.85,18.76,-1.242,0.08999,13720.0
626.9,18.84,-1.279,0.04463,13710.0
626.95,18.78,-1.196,0.1055,13700.0
627.0,18.73,-1.113,0.1663,13670.0
627.05,18.39,-1.369,0.2253,13630.0
627.1,18.05,-1.625,0.2844,13600.0
627.15,18.03,-1.516,0.4386,13570.0
627.2,18.01,-1.407,0.5929,13560.0
627.25,18.03,-1.431,0.447,13560.0
627.3,18.04,-1.454,0.3012,13570.0
627.35,18.06,-1.368,0.1721,13610.0
627.4,18.08,-1.282,0.04292,13660.0
627.45,18.11,-1.138,-0.07938,13700.0
627.5,18.14,-0.9936,-0.2017,13720.0
627.55,18.0,-0.9906,-0.3829,13710.0
627.6,17.86,-0.9876,-0.5641,13680.0
627.65,17.94,-1.034,-0.6541,13650.0
627.7,18.03,-1.08,-0.7441,13610.0
627.75,17.97,-1.129,-0.9344,13570.0
627.8,17.91,-1.178,-1.125,13560.0
627.85,17.92,-1.208,-1.049,13570.0
627.9,17.93,-1.238,-0.9738,13590.0
627.95,17.94,-1.362,-0.969,13630.0
628.0,17.96,-1.486,-0.9643,13660.0
628.05,17.85,-1.456,-0.8289,13680.0
628.1,17.74,-1.426,-0.6936,13680.0
628.15,17.59,-1.371,-0.6527,13670.0
628.2,17.44,-1.317,-0.6119,13640.0
628.25,17.37,-1.237,-0.4434,13610.0
628.3,17.29,-1.157,-0.2748,13590.0
628.35,17.44,-1.092,-0.402,13580.0
628.4,17.59,-1.027,-0.5292,13600.0
628.45,17.64,-0.8473,-0.2216,13610.0
628.5,17.68,-0.668,0.08609,13610.0
628.55,17.71,-0.7438,-0.1215,13610.0
628.6,17.73,-0.8197,-0.329,13600.0
628.65,17.73,-0.8537,-0.5501,13590.0
628.7,17.72,-0.8877,-0.7711,13560.0
628.75,17.69,-0.9393,-0.6788,13540.0
628.8,17.66,-0.9908,-0.5865,13530.0
628.85,17.7,-0.8788,-0.5554,13530.0
628.9,17.74,-0.7667,-0.5243,13540.0
628.95,17.79,-0.9462,-0.762,13560.0
629.0,17.84,-1.126,-0.9996,13580.0
629.05,17.96,-0.9528,-0.9186,13590.0
629.1,18.08,-0.7798,-0.8375,13590.0
629.15,18.18,-0.9409,-0.8856,13580.0
629.2,18.28,-1.102,-0.9338,13550.0
629.25,18.32,-1.235,-0.8554,13510.0
629.3,18.35,-1.368,-0.777,13470.0
629.35,18.35,-1.356,-0.8181,13440.0
629.4,18.34,-1.344,-0.8592,13430.0
629.45,18.25,-1.42,-0.6313,13440.0
629.5,18.15,-1.496,-0.4034,13470.0
629.55,18.2,-1.494,-0.2591,13520.0
629.6,18.24,-1.491,-0.1149,13560.0
629.65,18.21,-1.397,-0.1827,13590.0
629.7,18.17,-1.304,-0.2505,13590.0
629.75,18.17,-1.337,-0.2123,13570.0
629.8,18.16,-1.37,-0.1741,13550.0
629.85,17.94,-1.281,-0.1425,13510.0
629.9,17.73,-1.193,-0.111,13480.0
629.95,17.65,-1.112,-0.2191,13450.0
630.0,17.56,-1.031,-0.3273,13460.0
630.05,17.64,-0.9853,-0.3197,13480.0
630.1,17.72,-0.9391,-0.3122,13510.0
630.15,17.69,-0.9769,-0.4613,13540.0
630.2,17.65,-1.015,-0.6104,13560.0
630.25,17.83,-0.821,-0.5857,13590.0
630.3,18.0,-0.6274,-0.5609,13610.0
630.35,17.96,-0.5714,-0.5625,13630.0
630.4,17.91,-0.5155,-0.5641,13630.0
630.45,17.83,-0.6148,-0.5534,13620.0
630.5,17.74,-0.7142,-0.5426,13610.0
630.55,17.71,-0.9136,-0.5914,13590.0
630.6,17.67,-1.113,-0.6402,13570.0
630.65,17.72,-1.11,-0.5653,13550.0
630.7,17.77,-1.107,-0.4904,13560.0
630.75,17.72,-1.214,-0.5936,13590.0
630.8,17.67,-1.322,-0.6968,13630.0
630.85,17.59,-1.389,-0.6491,13680.0
630.9,17.51,-1.456,-0.6014,13700.0
630.95,17.51,-1.408,-0.4517,13710.0
631.0,17.51,-1.359,-0.3019,13710.0
631.05,17.23,-1.277,-0.3016,13690.0
631.1,16.95,-1.195,-0.3012,13650.0
631.15,16.94,-1.143,-0.3644,13620.0
631.2,16.94,-1.092,-0.4275,13600.0
631.25,17.07,-1.258,-0.5187,13620.0
631.3,17.2,-1.424,-0.6099,13650.0
631.35,17.19,-1.261,-0.5614,13680.0
631.4,17.19,-1.097,-0.5129,13690.0
631.45,17.0,-1.103,-0.4591,13690.0
631.5,16.82,-1.108,-0.4053,13680.0
631.55,16.8,-0.9819,-0.5214,13670.0
631.6,16.79,-0.8555,-0.6375,13650.0
631.65,16.71,-0.6988,-0.5829,13640.0
631.7,16.62,-0.5422,-0.5282,13640.0
631.75,16.54,-0.4656,-0.31,13660.0
631.8,16.46,-0.3889,-0.0917,13680.0
631.85,16.47,-0.4355,0.02866,13690.0
631.9,16.48,-0.4821,0.149,13690.0
631.95,16.51,-0.4803,0.09133,13700.0
632.0,16.54,-0.4785,0.03365,13700.0
632.05,16.59,-0.4729,-0.03024,13680.0
632.1,16.64,-0.4673,-0.09414,13650.0
632.15,16.59,-0.5308,-0.2305,13640.0
632.2,16.54,-0.5943,-0.3668,13630.0
632.25,16.53,-0.6537,-0.4113,13640.0
632.3,16.53,-0.713,-0.4558,13640.0
632.35,16.65,-0.6015,-0.4164,13660.0
632.4,16.77,-0.49,-0.377,13690.0
632.45,16.7,-0.4546,-0.4081,13720.0
632.5,16.63,-0.4192,-0.4392,13730.0
632.55,16.57,-0.37,-0.4189,13720.0
632.6,16.52,-0.3209,-0.3985,13700.0
632.65,16.67,-0.3286,-0.3306,13690.0
632.7,16.81,-0.3364,-0.2627,13670.0
632.75,16.85,-0.2004,-0.3036,13640.0
632.8,16.88,-0.06449,-0.3446,13630.0
632.85,16.96,0.02747,-0.5768,13650.0
632.9,17.04,0.1194,-0.8089,13670.0
632.95,17.08,0.1736,-0.9401,13690.0
633.0,17.13,0.2277,-1.071,13710.0
633.05,17.05,0.1616,-1.112,13720.0
633.1,16.98,0.09554,-1.152,13720.0
633.15,17.14,-0.1359,-1.137,13720.0
633.2,17.31,-0.3674,-1.123,13710.0
633.25,17.27,-0.3794,-1.163,13700.0
633.3,17.23,-0.3913,-1.204,13690.0
633.35,16.97,-0.4463,-1.139,13690.0
633.4,16.71,-0.5012,-1.075,13690.0
633.45,16.7,-0.3445,-0.9649,13690.0
633.5,16.69,-0.1879,-0.855,13690.0
633.55,16.63,-0.2986,-0.7168,13690.0
633.6,16.57,-0.4092,-0.5785,13700.0
633.65,16.37,-0.4283,-0.5696,13710.0
633.7,16.17,-0.4474,-0.5607,13730.0
633.75,16.35,-0.3849,-0.6547,13740.0
633.8,16.52,-0.3224,-0.7487,13750.0
633.85,16.66,-0.456,-0.5954,13740.0
633.9,16.79,-0.5896,-0.4421,13730.0
633.95,16.88,-0.8067,-0.5291,13720.0
634.0,16.96,-1.024,-0.616,13720.0
634.05,16.99,-0.7798,-0.6492,13720.0
634.1,17.03,-0.5358,-0.6824,13730.0
634.15,16.94,-0.4938,-0.6685,13730.0
634.2,16.85,-0.4518,-0.6546,13730.0
634.25,16.63,-0.5139,-0.812,13720.0
634.3,16.41,-0.576,-0.9694,13710.0
634.35,16.36,-0.7492,-0.899,13710.0
634.4,16.31,-0.9224,-0.8287,13730.0
634.45,16.23,-0.7984,-0.8939,13760.0
634.5,16.14,-0.6744,-0.9592,13790.0
634.55,16.05,-0.5306,-0.7739,13830.0
634.6,15.97,-0.3869,-0.5887,13840.0
634.65,15.94,-0.462,-0.6499,13840.0
634.7,15.91,-0.537,-0.7111,13820.0
634.75,15.9,-0.457,-0.6877,13800.0
634.8,15.89,-0.377,-0.6643,13780.0
634.85,16.14,-0.3834,-0.7902,13780.0
634.9,16.38,-0.3897,-0.916,13780.0
634.95,16.41,-0.4821,-0.9355,13790.0
635.0,16.43,-0.5744,-0.955,13830.0
635.05,16.46,-0.6421,-0.8898,13880.0
635.1,16.49,-0.7098,-0.8245,13910.0
635.15,16.45,-0.5798,-0.8565,13940.0
635.2,16.41,-0.4498,-0.8884,13950.0
635.25,16.33,-0.3388,-0.8755,13950.0
635.3,16.26,-0.2277,-0.8626,13950.0
635.35,16.29,-0.1053,-0.7297,13940.0
635.4,16.31,0.01712,-0.5968,13920.0
635.45,16.36,0.07922,-0.6329,13910.0
635.5,16.41,0.1413,-0.669,13920.0
635.55,16.45,0.1433,-0.4013,13930.0
635.6,16.49,0.1453,-0.1336,13950.0
635.65,16.48,0.2504,-0.08755,13970.0
635.7,16.48,0.3555,-0.04146,13990.0
635.75,16.54,0.3772,0.1274,14010.0
635.8,16.6,0.3989,0.2963,14020.0
635.85,16.62,0.3931,0.2585,14020.0
635.9,16.64,0.3873,0.2207,14010.0
635.95,16.76,0.208,0.1601,14010.0
636.0,16.87,0.02866,0.0995,14010.0
636.05,16.66,0.0408,0.1193,14010.0
636.1,16.46,0.05295,0.139,14000.0
636.15,16.73,-0.2333,0.1256,14010.0
636.2,17.0,-0.5195,0.1122,14010.0
636.25,16.96,-0.3013,0.1312,14010.0
636.3,16.91,-0.0832,0.1502,14010.0
636.35,16.96,-0.2946,0.1989,14010.0
636.4,17.0,-0.506,0.2475,14030.0
636.45,17.09,-0.7438,0.2883,14050.0
636.5,17.18,-0.9817,0.329,14070.0
636.55,17.33,-0.831,0.3352,14090.0
636.6,17.48,-0.6803,0.3414,14110.0
636.65,17.43,-0.6029,0.1828,14120.0
636.7,17.38,-0.5255,0.02414,14100.0
636.75,17.42,-0.6409,-0.09572,14080.0
636.8,17.46,-0.7564,-0.2156,14060.0
636.85,17.59,-0.7789,-0.2485,14060.0
636.9,17.73,-0.8013,-0.2814,14070.0
636.95,17.69,-0.7818,-0.273,14090.0
637.0,17.64,-0.7623,-0.2646,14130.0
637.05,17.71,-0.6335,-0.06158,14170.0
637.1,17.78,-0.5048,0.1414,14190.0
637.15,17.84,-0.3993,0.1646,14190.0
637.2,17.9,-0.2938,0.1878,14180.0
637.25,17.9,-0.1773,0.1973,14180.0
637.3,17.9,-0.06091,0.2068,14190.0
637.35,17.81,-0.00199,0.268,14200.0
637.4,17.72,0.05693,0.3292,14220.0
637.45,17.69,0.05673,0.2107,14220.0
637.5,17.67,0.05653,0.09218,14210.0
637.55,17.74,-0.05573,0.1061,14200.0
637.6,17.82,-0.168,0.12,14190.0
637.65,18.01,-0.0009952,0.06524,14190.0
637.7,18.2,0.166,0.01049,14200.0
637.75,18.23,0.0424,0.02646,14220.0
637.8,18.27,-0.08121,0.04243,14260.0
637.85,18.13,-0.3871,0.2025,14290.0
637.9,17.99,-0.6931,0.3626,14300.0
637.95,17.81,-0.7341,0.2841,14300.0
638.0,17.64,-0.7751,0.2056,14290.0
638.05,17.57,-0.5613,0.2734,14280.0
638.1,17.51,-0.3475,0.3412,14270.0
638.15,17.47,-0.3268,0.4949,14270.0
638.2,17.44,-0.3061,0.6487,14290.0
638.25,17.35,-0.3686,0.5835,14310.0
638.3,17.27,-0.4311,0.5182,14310.0
638.35,17.23,-0.5595,0.5245,14310.0
638.4,17.18,-0.6879,0.5307,14300.0
638.45,17.14,-0.5991,0.387,14300.0
638.5,17.1,-0.5103,0.2434,14300.0
638.55,17.16,-0.548,0.166,14310.0
638.6,17.21,-0.5856,0.08853,14330.0
638.65,17.3,-0.4906,-0.05341,14370.0
638.7,17.38,-0.3957,-0.1953,14390.0
638.75,17.21,-0.4206,-0.04243,14400.0
638.8,17.05,-0.4455,0.1105,14380.0
638.85,17.03,-0.3631,0.1822,14360.0
638.9,17.01,-0.2806,0.2539,14330.0
638.95,16.98,-0.3234,-0.0428,14290.0
639.0,16.96,-0.3662,-0.3395,14250.0
639.05,16.78,-0.2323,-0.268,14240.0
639.1,16.61,-0.09833,-0.1966,14260.0
639.15,16.37,-0.1063,-0.205,14300.0
639.2,16.13,-0.1142,-0.2134,14350.0
639.25,16.0,-0.1668,-0.2003,14380.0
639.3,15.87,-0.2193,-0.1873,14410.0
639.35,15.87,-0.07384,-0.06768,14420.0
639.4,15.87,0.07165,0.05195,14400.0
639.45,15.87,0.01314,0.07402,14350.0
639.5,15.86,-0.04538,0.09609,14290.0
639.55,16.14,-0.2231,0.01171,14260.0
639.6,16.43,-0.4009,-0.07267,14250.0
639.65,16.63,-0.448,-0.0589,14260.0
639.7,16.83,-0.4952,-0.04512,14290.0
639.75,17.06,-0.5237,-0.1291,14330.0
639.8,17.3,-0.5521,-0.2131,14390.0
639.85,17.19,-0.5456,-0.1838,14430.0
639.9,17.08,-0.539,-0.1544,14440.0
639.95,17.19,-0.5271,-0.1518,14420.0
640.0,17.3,-0.5151,-0.1493,14390.0
640.05,17.25,-0.6236,-0.11,14380.0
640.1,17.2,-0.7321,-0.07072,14370.0
640.15,17.2,-0.7028,-0.05219,14360.0
640.2,17.2,-0.6736,-0.03365,14350.0
640.25,17.04,-0.4546,0.01049,14360.0
640.3,16.87,-0.2357,0.05463,14370.0
640.35,17.19,-0.2315,0.1418,14380.0
640.4,17.5,-0.2273,0.229,14390.0
640.45,17.36,-0.3426,0.2219,14410.0
640.5,17.23,-0.4578,0.2149,14430.0
640.55,17.25,-0.4554,0.1768,14450.0
640.6,17.27,-0.453,0.1388,14450.0
640.65,17.28,-0.3328,0.3092,14440.0
640.7,17.29,-0.2126,0.4797,14430.0
640.75,17.24,-0.2291,0.5167,14440.0
640.8,17.19,-0.2456,0.5536,14440.0
640.85,17.16,-0.1443,0.5479,14440.0
640.9,17.13,-0.04299,0.5421,14440.0
640.95,17.14,-0.07583,0.4214,14450.0
641.0,17.16,-0.1087,0.3007,14450.0
641.05,17.34,-0.291,0.2317,14450.0
641.1,17.51,-0.4733,0.1627,14440.0
641.15,17.64,-0.4719,0.1632,14440.0
641.2,17.77,-0.4705,0.1636,14440.0
641.25,17.77,-0.4355,0.23,14460.0
641.3,17.78,-0.4005,0.2963,14490.0
641.35,17.58,-0.467,0.2488,14510.0
641.4,17.38,-0.5334,0.2012,14530.0
641.45,17.3,-0.5326,0.16,14530.0
641.5,17.22,-0.5318,0.1188,14510.0
641.55,17.25,-0.5022,0.128,14490.0
641.6,17.29,-0.4725,0.1373,14450.0
641.65,17.39,-0.4634,0.1644,14410.0
641.7,17.49,-0.4542,0.1914,14380.0
641.75,17.33,-0.7536,0.1777,14370.0
641.8,17.18,-1.053,0.1639,14380.0
641.85,16.94,-0.997,0.1935,14400.0
641.9,16.71,-0.9411,0.2231,14420.0
641.95,16.71,-0.8808,0.2367,14450.0
642.0,16.7,-0.8204,0.2502,14460.0
642.05,16.75,-0.5285,0.4941,14450.0
642.1,16.8,-0.2365,0.738,14430.0
642.15,16.7,-0.2377,0.4397,14410.0
642.2,16.61,-0.2388,0.1414,14380.0
642.25,16.55,-0.3828,0.04597,14350.0
642.3,16.49,-0.5267,-0.04951,14320.0
642.35,16.72,-0.5145,0.2072,14300.0
642.4,16.95,-0.5024,0.4639,14280.0
642.45,16.85,-0.46,0.3131,14280.0
642.5,16.75,-0.4176,0.1624,14300.0
642.55,16.52,-0.5458,0.2134,14320.0
642.6,16.3,-0.674,0.2644,14340.0
642.65,16.03,-0.7333,0.2145,14360.0
642.7,15.77,-0.7926,0.1646,14360.0
642.75,15.7,-0.7526,0.3406,14370.0
642.8,15.63,-0.7126,0.5165,14350.0
642.85,15.85,-0.8632,0.7064,14320.0
642.9,16.07,-1.014,0.8962,14290.0
642.95,15.94,-1.025,0.8528,14260.0
643.0,15.81,-1.036,0.8094,14240.0
643.05,15.84,-1.145,0.477,14230.0
643.1,15.88,-1.255,0.1446,14250.0
643.15,16.02,-1.171,0.1735,14280.0
643.2,16.17,-1.086,0.2024,14320.0
643.25,16.09,-0.952,0.1595,14350.0
643.3,16.02,-0.8177,0.1166,14360.0
643.35,16.0,-0.7854,0.1385,14350.0
643.4,15.98,-0.7532,0.1605,14340.0
643.45,15.96,-0.8826,0.08231,14320.0
643.5,15.94,-1.012,0.004146,14310.0
643.55,15.95,-0.9978,-0.02414,14310.0
643.6,15.95,-0.9837,-0.05243,14310.0
643.65,15.91,-0.8837,-0.1277,14320.0
643.7,15.86,-0.7838,-0.2029,14350.0
643.75,15.94,-0.7938,-0.1543,14370.0
643.8,16.02,-0.8037,-0.1056,14380.0
643.85,16.1,-0.7158,-0.297,14380.0
643.9,16.18,-0.6278,-0.4885,14370.0
643.95,16.16,-0.5679,-0.5318,14360.0
644.0,16.15,-0.508,-0.5751,14340.0
644.05,15.96,-0.4522,-0.5826,14330.0
644.1,15.76,-0.3965,-0.5902,14350.0
644.15,15.83,-0.2064,-0.412,14380.0
644.2,15.9,-0.01632,-0.2339,14410.0
644.25,16.1,-0.04618,-0.3013,14440.0
644.3,16.3,-0.07603,-0.3687,14460.0
644.35,16.3,-0.2538,-0.3513,14460.0
644.4,16.3,-0.4315,-0.3339,14430.0
644.45,16.26,-0.4154,-0.265,14380.0
644.5,16.22,-0.3993,-0.1961,14320.0
644.55,16.37,-0.384,-0.1874,14290.0
644.6,16.52,-0.3686,-0.1788,14280.0
644.65,16.67,-0.4606,-0.2245,14290.0
644.7,16.82,-0.5525,-0.2702,14310.0
644.75,16.79,-0.577,0.003536,14340.0
644.8,16.75,-0.6015,0.2773,14380.0
644.85,16.71,-0.4759,0.1881,14410.0
644.9,16.68,-0.3503,0.09901,14410.0
644.95,16.69,-0.3724,-0.06085,14390.0
645.0,16.71,-0.3945,-0.2207,14360.0
645.05,16.63,-0.6029,-0.22,14330.0
645.1,16.55,-0.8113,-0.2192,14300.0
645.15,16.67,-1.021,-0.09072,14260.0
645.2,16.79,-1.231,0.0378,14230.0
645.25,16.62,-1.198,-0.035,14230.0
645.3,16.45,-1.165,-0.1078,14250.0
645.35,16.3,-1.19,-0.2674,14270.0
645.4,16.15,-1.215,-0.427,14300.0
645.45,15.94,-1.301,-0.2688,14340.0
645.5,15.72,-1.386,-0.1105,14380.0
645.55,15.7,-1.493,0.1072,14390.0
645.6,15.68,-1.6,0.3248,14380.0
645.65,15.65,-1.581,0.3178,14350.0
645.7,15.62,-1.562,0.3107,14310.0
645.75,15.66,-1.57,0.3547,14280.0
645.8,15.7,-1.579,0.3987,14250.0
645.85,15.68,-1.28,0.5581,14240.0
645.9,15.66,-0.9813,0.7175,14260.0
645.95,15.52,-1.172,0.6249,14290.0
646.0,15.37,-1.363,0.5324,14330.0
646.05,15.31,-1.427,0.4121,14370.0
646.1,15.25,-1.49,0.2919,14380.0
646.15,15.31,-1.398,0.511,14370.0
646.2,15.37,-1.305,0.7302,14370.0
646.25,15.43,-1.444,0.8005,14360.0
646.3,15.48,-1.583,0.8709,14350.0
646.35,15.3,-1.818,0.7059,14340.0
646.4,15.12,-2.053,0.5409,14330.0
646.45,15.25,-1.983,0.708,14340.0
646.5,15.39,-1.914,0.875,14350.0
646.55,15.29,-2.017,0.8304,14360.0
646.6,15.18,-2.119,0.7858,14360.0
646.65,15.24,-2.169,0.9792,14370.0
646.7,15.3,-2.219,1.173,14370.0
646.75,15.22,-2.357,0.9065,14370.0
646.8,15.14,-2.494,0.6404,14360.0
646.85,15.0,-2.411,0.6421,14360.0
646.9,14.87,-2.328,0.6438,14370.0
646.95,15.03,-2.067,0.6469,14390.0
647.0,15.2,-1.807,0.6499,14420.0
647.05,15.27,-1.862,0.686,14430.0
647.1,15.35,-1.917,0.7221,14430.0
647.15,15.37,-1.852,0.763,14430.0
647.2,15.39,-1.787,0.8038,14410.0
647.25,15.31,-1.896,0.5332,14380.0
647.3,15.23,-2.006,0.2627,14350.0
647.35,15.23,-1.853,0.4157,14330.0
647.4,15.22,-1.701,0.5687,14330.0
647.45,15.3,-1.727,0.7364,14350.0
647.5,15.39,-1.754,0.904,14370.0
647.55,15.56,-1.977,0.713,14390.0
647.6,15.74,-2.2,0.5219,14400.0
647.65,15.76,-2.101,0.5759,14410.0
647.7,15.78,-2.002,0.6299,14420.0
647.75,15.92,-1.83,0.5177,14400.0
647.8,16.06,-1.658,0.4056,14370.0
647.85,16.19,-1.382,0.3434,14330.0
647.9,16.32,-1.106,0.2812,14300.0
647.95,16.14,-1.053,0.3686,14290.0
648.0,15.96,-1.0,0.456,14290.0
648.05,15.99,-1.179,0.5497,14280.0
648.1,16.02,-1.357,0.6433,14290.0
648.15,15.9,-1.483,0.5794,14300.0
648.2,15.79,-1.609,0.5156,14320.0
648.25,15.65,-1.609,0.4834,14340.0
648.3,15.51,-1.61,0.4512,14350.0
648.35,15.72,-1.755,0.4162,14350.0
648.4,15.94,-1.899,0.3812,14340.0
648.45,15.71,-1.984,0.3856,14320.0
648.5,15.49,-2.069,0.39,14280.0
648.55,15.51,-2.053,0.3822,14250.0
648.6,15.53,-2.037,0.3743,14240.0
648.65,15.64,-2.024,0.3813,14250.0
648.7,15.76,-2.011,0.3882,14260.0
648.75,15.51,-1.992,0.3352,14270.0
648.8,15.26,-1.974,0.2822,14280.0
648.85,15.23,-1.931,0.2217,14290.0
648.9,15.2,-1.888,0.1612,14300.0
648.95,15.22,-1.944,0.15,14300.0
649.0,15.24,-2.0,0.1388,14310.0
649.05,15.24,-2.005,0.1062,14320.0
649.1,15.24,-2.011,0.07365,14340.0
649.15,15.21,-2.017,-0.1608,14350.0
649.2,15.18,-2.022,-0.3953,14340.0
649.25,15.13,-1.722,-0.4769,14330.0
649.3,15.08,-1.421,-0.5585,14310.0
649.35,15.02,-1.282,-0.4365,14280.0
649.4,14.96,-1.143,-0.3146,14240.0
649.45,14.99,-1.057,-0.1877,14230.0
649.5,15.03,-0.9697,-0.06073,14240.0
649.55,15.01,-0.8306,-0.2902,14280.0
649.6,15.0,-0.6915,-0.5197,14330.0
649.65,14.94,-0.7631,-0.4431,14380.0
649.7,14.88,-0.8348,-0.3665,14410.0
649.75,14.85,-0.8489,-0.1023,14410.0
649.8,14.82,-0.863,0.1619,14380.0
649.85,14.82,-1.049,0.4185,14320.0
649.9,14.83,-1.234,0.675,14260.0
649.95,14.84,-1.225,0.7731,14230.0
650.0,14.85,-1.215,0.8711,14230.0
650.05,14.91,-1.181,0.7197,14250.0
650.1,14.98,-1.146,0.5682,14290.0
650.15,14.93,-1.098,0.4924,14320.0
650.2,14.89,-1.05,0.4165,14340.0
650.25,14.89,-1.075,0.1622,14340.0
650.3,14.9,-1.101,-0.09218,14330.0
650.35,15.08,-1.1,-0.02987,14300.0
650.4,15.27,-1.1,0.03244,14290.0
650.45,15.39,-1.064,0.03743,14290.0
650.5,15.5,-1.028,0.04243,14300.0
650.55,15.55,-1.004,-0.01427,14300.0
650.6,15.6,-0.9801,-0.07097,14280.0
650.65,15.5,-1.048,0.005365,14260.0
650.7,15.4,-1.116,0.0817,14260.0
650.75,15.57,-0.9713,0.04378,14250.0
650.8,15.74,-0.8268,0.005853,14250.0
650.85,15.75,-0.9343,0.1728,14250.0
650.9,15.76,-1.042,0.3397,14270.0
650.95,15.66,-1.16,-0.003292,14300.0
651.0,15.56,-1.279,-0.3463,14310.0
651.05,15.6,-1.299,-0.3255,14300.0
651.1,15.64,-1.319,-0.3046,14270.0
651.15,15.66,-1.148,-0.3645,14250.0
651.2,15.68,-0.9761,-0.4243,14230.0
651.25,15.74,-0.6797,-0.2617,14200.0
651.3,15.79,-0.3834,-0.09901,14190.0
651.35,15.93,-0.2464,-0.06889,14200.0
651.4,16.07,-0.1095,-0.03878,14230.0
651.45,16.02,-0.1686,0.03097,14250.0
651.5,15.98,-0.2277,0.1007,14260.0
651.55,16.11,-0.3004,0.2716,14260.0
651.6,16.25,-0.373,0.4424,14250.0
651.65,16.13,-0.3666,0.334,14250.0
651.7,16.0,-0.3603,0.2256,14230.0
651.75,15.93,-0.3053,0.3791,14220.0
651.8,15.86,-0.2504,0.5326,14210.0
651.85,15.66,-0.2335,0.549,14210.0
651.9,15.47,-0.2166,0.5653,14220.0
651.95,15.49,-0.5681,0.4421,14220.0
652.0,15.5,-0.9196,0.319,14210.0
652.05,15.5,-0.7102,0.427,14210.0
652.1,15.5,-0.5008,0.5351,14210.0
652.15,15.83,-0.492,0.5232,14210.0
652.2,16.16,-0.4833,0.5114,14210.0
652.25,16.02,-0.543,0.3787,14200.0
652.3,15.89,-0.6027,0.2461,14210.0
652.35,15.83,-0.6819,0.2106,14220.0
652.4,15.77,-0.7611,0.1751,14210.0
652.45,15.73,-0.7546,0.1622,14210.0
652.5,15.69,-0.748,0.1493,14210.0
652.55,15.62,-0.3097,0.06182,14210.0
652.6,15.54,0.1286,-0.02561,14220.0
652.65,15.4,0.4001,0.2224,14240.0
652.7,15.25,0.6716,0.4704,14240.0
652.75,15.29,0.5571,0.4369,14240.0
652.8,15.33,0.4427,0.4034,14230.0
652.85,15.3,0.1943,0.2472,14220.0
652.9,15.28,-0.05414,0.09097,14200.0
652.95,15.21,0.1791,-0.01378,14190.0
653.0,15.13,0.4124,-0.1185,14190.0
653.05,15.28,0.3386,-0.2044,14200.0
653.1,15.43,0.2647,-0.2902,14230.0
653.15,15.57,0.1612,-0.1091,14250.0
653.2,15.7,0.05772,0.07194,14250.0
653.25,15.79,-0.1513,0.1996,14240.0
653.3,15.87,-0.3603,0.3273,14210.0
653.35,15.76,-0.3294,0.1861,14180.0
653.4,15.65,-0.2986,0.04487,14150.0
653.45,15.63,-0.07265,-0.1101,14130.0
653.5,15.61,0.1533,-0.2651,14140.0
653.55,15.82,0.2191,-0.08658,14160.0
653.6,16.04,0.285,0.09194,14190.0
653.65,16.12,0.2522,0.05975,14200.0
653.7,16.19,0.2193,0.02756,14200.0
653.75,15.95,0.291,0.08523,14190.0
653.8,15.7,0.3627,0.1429,14160.0
653.85,15.68,0.4801,0.2436,14130.0
653.9,15.66,0.5975,0.3444,14100.0
653.95,15.52,0.6825,0.158,14080.0
654.0,15.38,0.7675,-0.02829,14090.0
654.05,15.36,0.5004,0.01597,14110.0
654.1,15.34,0.2333,0.06024,14130.0
654.15,15.1,0.2146,0.201,14130.0
654.2,14.85,0.1959,0.3417,14140.0
654.25,14.95,0.2335,0.1507,14150.0
654.3,15.05,0.2711,-0.04024,14140.0
654.35,15.07,0.2275,-0.1556,14130.0
654.4,15.1,0.1839,-0.2709,14100.0
654.45,15.02,0.1071,-0.1468,14090.0
654.5,14.93,0.03025,-0.02268,14080.0
654.55,14.89,0.2108,-0.1204,14070.0
654.6,14.84,0.3913,-0.218,14060.0
654.65,15.02,0.4023,-0.2706,14060.0
654.7,15.21,0.4132,-0.3231,14080.0
654.75,15.27,0.1722,-0.4273,14100.0
654.8,15.34,-0.06887,-0.5314,14110.0
654.85,15.43,-0.08121,-0.4948,14110.0
654.9,15.52,-0.09355,-0.4582,14100.0
654.95,15.82,-0.07185,-0.3247,14100.0
655.0,16.12,-0.05016,-0.1912,14080.0
655.05,16.02,-0.1013,0.07402,14060.0
655.1,15.92,-0.1525,0.3392,14050.0
655.15,15.91,0.03742,0.1016,14050.0
655.2,15.9,0.2273,-0.1361,14060.0
655.25,15.75,0.212,-0.003048,14070.0
655.3,15.61,0.1967,0.13,14090.0
655.35,15.59,0.1037,0.183,14100.0
655.4,15.56,0.01075,0.2361,14120.0
655.45,15.54,-0.1509,0.05865,14140.0
655.5,15.52,-0.3125,-0.1188,14140.0
655.55,15.16,-0.293,0.09475,14130.0
655.6,14.81,-0.2735,0.3083,14110.0
655.65,14.73,-0.296,0.4451,14090.0
655.7,14.64,-0.3185,0.5819,14080.0
655.75,14.8,-0.3865,0.4767,14070.0
655.8,14.96,-0.4546,0.3714,14070.0
655.85,14.83,-0.2783,0.4209,14090.0
655.9,14.69,-0.1019,0.4704,14120.0
655.95,14.63,-0.3328,0.2435,14150.0
656.0,14.56,-0.5637,0.01658,14150.0
656.05,14.47,-0.4805,-0.0506,14140.0
656.1,14.38,-0.3973,-0.1178,14110.0
656.15,14.45,-0.5187,-0.05048,14070.0
656.2,14.52,-0.6401,0.01683,14050.0
656.25,14.43,-0.4134,-0.1661,14030.0
656.3,14.33,-0.1867,-0.349,14030.0
656.35,14.24,-0.1662,-0.4117,14040.0
656.4,14.15,-0.1457,-0.4743,14060.0
656.45,14.1,-0.2928,-0.4425,14080.0
656.5,14.05,-0.4399,-0.4107,14090.0
656.55,13.98,-0.1881,-0.4051,14090.0
656.6,13.92,0.06369,-0.3995,14090.0
656.65,13.76,0.08917,-0.2178,14070.0
656.7,13.61,0.1146,-0.03609,14030.0
656.75,13.71,0.2187,-0.06085,14000.0
656.8,13.81,0.3228,-0.0856,13980.0
656.85,13.96,0.4598,-0.1543,13980.0
656.9,14.11,0.5967,-0.2229,13990.0
656.95,13.96,0.489,-0.4131,14000.0
657.0,13.8,0.3814,-0.6033,14010.0
657.05,13.74,0.2434,-0.5153,14030.0
657.1,13.69,0.1055,-0.4273,14040.0
657.15,13.61,0.07603,-0.4974,14030.0
657.2,13.54,0.04658,-0.5675,14010.0
657.25,13.61,0.1517,-0.5012,14000.0
657.3,13.68,0.2568,-0.4348,13990.0
657.35,13.67,0.212,-0.2937,13980.0
657.4,13.66,0.1672,-0.1527,13970.0
657.45,13.74,0.3101,-0.07316,13960.0
657.5,13.82,0.453,0.006341,13970.0
657.55,13.67,0.5505,-0.2101,13980.0
657.6,13.51,0.6481,-0.4265,14000.0
657.65,13.5,0.6232,-0.5204,14000.0
657.7,13.48,0.5983,-0.6143,14000.0
657.75,13.48,0.6371,-0.5381,13990.0
657.8,13.48,0.6759,-0.4619,13980.0
657.85,13.43,0.6065,-0.4056,13970.0
657.9,13.39,0.537,-0.3492,13950.0
657.95,13.4,0.4465,-0.3009,13950.0
658.0,13.41,0.3559,-0.2527,13960.0
658.05,13.45,0.2534,-0.3889,13990.0
658.1,13.49,0.1509,-0.5251,14020.0
658.15,13.65,0.299,-0.5106,14030.0
658.2,13.82,0.447,-0.496,14020.0
658.25,13.71,0.4713,-0.3397,14000.0
658.3,13.6,0.4956,-0.1834,13970.0
658.35,13.79,0.4797,-0.04487,13950.0
658.4,13.99,0.4638,0.09365,13940.0
658.45,13.9,0.6007,0.1217,13960.0
658.5,13.81,0.7376,0.1497,13980.0
658.55,13.71,0.5746,0.1651,14000.0
658.6,13.6,0.4116,0.1805,14010.0
658.65,13.58,0.4355,0.09572,14000.0
658.7,13.55,0.4594,0.01097,13980.0
658.75,13.66,0.3732,-0.1346,13960.0
658.8,13.76,0.287,-0.2802,13940.0
658.85,13.83,0.2201,-0.275,13920.0
658.9,13.91,0.1533,-0.2697,13910.0
658.95,14.0,0.259,-0.307,13900.0
659.0,14.1,0.3646,-0.3444,13880.0
659.05,14.03,0.3838,-0.3437,13870.0
659.1,13.96,0.4029,-0.3431,13870.0
659.15,14.04,0.2858,-0.3409,13860.0
659.2,14.12,0.1688,-0.3387,13860.0
659.25,14.11,0.09454,-0.2775,13860.0
659.3,14.11,0.0203,-0.2163,13850.0
659.35,13.98,-0.07185,-0.345,13840.0
659.4,13.86,-0.164,-0.4736,13820.0
659.45,13.86,-0.2046,-0.4587,13790.0
659.5,13.86,-0.2452,-0.4439,13760.0
659.55,13.87,-0.2548,-0.4498,13750.0
659.6,13.87,-0.2643,-0.4558,13750.0
659.65,13.84,-0.3549,-0.5117,13770.0
659.7,13.81,-0.4455,-0.5675,13780.0
659.75,13.83,-0.422,-0.5203,13780.0
659.8,13.86,-0.3985,-0.4731,13770.0
659.85,13.84,-0.7683,-0.4928,13750.0
659.9,13.82,-1.138,-0.5124,13730.0
659.95,13.77,-1.187,-0.6748,13700.0
660.0,13.72,-1.236,-0.8372,13690.0
660.05,13.9,-0.9659,-0.6905,13690.0
660.1,14.08,-0.6955,-0.5438,13700.0
660.15,14.03,-0.6115,-0.5042,13720.0
660.2,13.97,-0.5275,-0.4646,13740.0
660.25,14.04,-0.4733,-0.4778,13750.0
660.3,14.11,-0.4192,-0.4909,13760.0
660.35,14.1,-0.4482,-0.5331,13750.0
660.4,14.1,-0.4773,-0.5753,13740.0
660.45,14.1,-0.6218,-0.3223,13710.0
660.5,14.11,-0.7663,-0.06926,13690.0
660.55,14.02,-0.6357,-0.2166,13670.0
660.6,13.93,-0.5052,-0.3639,13660.0
660.65,14.06,-0.496,-0.3629,13650.0
660.7,14.18,-0.4869,-0.3619,13660.0
660.75,14.07,-0.743,-0.2689,13670.0
660.8,13.96,-0.9992,-0.1758,13690.0
660.85,13.91,-0.8917,-0.03817,13720.0
660.9,13.86,-0.7842,0.0995,13740.0
660.95,13.72,-0.841,-0.03743,13750.0
661.0,13.59,-0.8977,-0.1744,13740.0
661.05,13.53,-0.6365,-0.2067,13710.0
661.1,13.46,-0.3754,-0.239,13670.0
661.15,13.43,-0.4666,-0.2336,13630.0
661.2,13.39,-0.5577,-0.2283,13610.0
661.25,13.32,-0.7583,-0.2183,13600.0
661.3,13.24,-0.959,-0.2083,13600.0
661.35,13.36,-0.9164,-0.1112,13620.0
661.4,13.47,-0.8738,-0.01414,13650.0
661.45,13.59,-0.7534,0.00317,13680.0
661.5,13.72,-0.633,0.02049,13700.0
661.55,13.69,-0.6941,0.02378,13700.0
661.6,13.66,-0.7552,0.02707,13670.0
661.65,13.89,-0.6572,-0.07463,13630.0
661.7,14.12,-0.5593,-0.1763,13590.0
661.75,14.08,-0.5995,-0.1534,13550.0
661.8,14.04,-0.6397,-0.1305,13520.0
661.85,13.94,-0.7687,-0.1847,13500.0
661.9,13.84,-0.8977,-0.239,13510.0
661.95,13.74,-0.8378,-0.1183,13540.0
662.0,13.64,-0.7779,0.002439,13570.0
662.05,13.57,-0.7221,-0.02549,13580.0
662.1,13.51,-0.6664,-0.05341,13570.0
662.15,13.53,-0.5647,-0.09231,13550.0
662.2,13.56,-0.463,-0.1312,13500.0
662.25,13.57,-0.4719,0.05694,13450.0
662.3,13.58,-0.4809,0.2451,13420.0
662.35,13.62,-0.5229,0.06707,13400.0
662.4,13.65,-0.5649,-0.111,13400.0
662.45,13.62,-0.754,-0.1823,13400.0
662.5,13.6,-0.9431,-0.2536,13420.0
662.55,13.53,-1.033,-0.09158,13440.0
662.6,13.47,-1.123,0.07048,13450.0
662.65,13.56,-1.235,0.2166,13440.0
662.7,13.66,-1.348,0.3626,13420.0
662.75,13.83,-1.264,0.3346,13390.0
662.8,13.99,-1.181,0.3066,13340.0
662.85,14.06,-1.478,0.149,13300.0
662.9,14.13,-1.775,-0.008536,13270.0
662.95,13.95,-1.855,0.07548,13250.0
663.0,13.78,-1.934,0.1595,13250.0
663.05,13.8,-1.926,0.1762,13270.0
663.1,13.83,-1.918,0.1929,13300.0
663.15,13.96,-1.894,0.005731,13330.0
663.2,14.08,-1.87,-0.1814,13340.0
663.25,14.07,-1.876,-0.08341,13340.0
663.3,14.05,-1.883,0.01463,13320.0
663.35,14.09,-1.978,0.06243,13270.0
663.4,14.14,-2.074,0.1102,13220.0
663.45,14.1,-2.155,0.0367,13170.0
663.5,14.07,-2.237,-0.03683,13150.0
663.55,14.13,-2.23,0.005731,13140.0
663.6,14.18,-2.222,0.04829,13150.0
663.65,14.4,-2.182,-0.001463,13180.0
663.7,14.62,-2.142,-0.05121,13210.0
663.75,14.38,-2.074,-0.1671,13230.0
663.8,14.13,-2.006,-0.2829,13230.0
663.85,13.99,-2.08,-0.1101,13210.0
663.9,13.85,-2.154,0.06268,13170.0
663.95,13.82,-1.866,0.08682,13130.0
664.0,13.8,-1.578,0.111,13100.0
664.05,13.8,-1.756,0.1905,13070.0
664.1,13.79,-1.933,0.27,13040.0
664.15,13.71,-1.874,0.2423,13040.0
664.2,13.63,-1.814,0.2146,13050.0
664.25,13.63,-1.618,0.1436,13070.0
664.3,13.64,-1.422,0.07267,13090.0
664.35,13.57,-1.439,0.1649,13100.0
664.4,13.5,-1.456,0.257,13110.0
664.45,13.42,-1.306,0.3748,13100.0
664.5,13.34,-1.156,0.4926,13070.0
664.55,13.49,-1.03,0.2012,13020.0
664.6,13.63,-0.9048,-0.09023,12970.0
664.65,13.65,-0.9638,-0.1072,12940.0
664.7,13.67,-1.023,-0.1241,12930.0
664.75,13.64,-1.138,-0.08402,12950.0
664.8,13.6,-1.253,-0.0439,12970.0
664.85,13.51,-1.384,-0.005853,13010.0
664.9,13.42,-1.516,0.03219,13040.0
664.95,13.45,-1.55,0.01049,13060.0
665.0,13.47,-1.585,-0.01122,13040.0
665.05,13.41,-1.705,-0.07938,13000.0
665.1,13.35,-1.826,-0.1475,12960.0
665.15,13.41,-1.589,-0.2264,12930.0
665.2,13.46,-1.351,-0.3053,12910.0
665.25,13.43,-1.318,-0.2181,12900.0
665.3,13.4,-1.284,-0.131,12900.0
665.35,13.21,-1.31,-0.3791,12920.0
665.4,13.01,-1.336,-0.6272,12940.0
665.45,12.73,-1.234,-0.5109,12950.0
665.5,12.45,-1.133,-0.3946,12950.0
665.55,12.41,-1.231,-0.1724,12930.0
665.6,12.37,-1.329,0.04975,12910.0
665.65,12.32,-1.057,-0.02024,12880.0
665.7,12.26,-0.7854,-0.09023,12860.0
665.75,12.35,-0.6831,-0.2378,12850.0
665.8,12.44,-0.5808,-0.3853,12850.0
665.85,12.56,-0.7432,-0.4329,12850.0
665.9,12.68,-0.9056,-0.4804,12860.0
665.95,12.77,-0.8684,-0.6073,12870.0
666.0,12.87,-0.8312,-0.7341,12870.0
666.05,12.98,-1.005,-0.6964,12860.0
666.1,13.09,-1.178,-0.6587,12840.0
666.15,13.18,-1.193,-0.8348,12820.0
666.2,13.26,-1.207,-1.011,12810.0
666.25,13.26,-1.102,-1.083,12810.0
666.3,13.25,-0.996,-1.155,12810.0
666.35,12.92,-0.9291,-1.082,12820.0
666.4,12.59,-0.8622,-1.009,12830.0
666.45,12.5,-0.783,-0.9617,12830.0
666.5,12.41,-0.7038,-0.9143,12820.0
666.55,12.44,-0.8256,-1.021,12820.0
666.6,12.48,-0.9474,-1.127,12800.0
666.65,12.63,-0.7629,-1.071,12790.0
666.7,12.77,-0.5784,-1.014,12770.0
666.75,12.8,-0.545,-1.068,12760.0
666.8,12.82,-0.5115,-1.121,12740.0
666.85,12.7,-0.4548,-1.294,12730.0
666.9,12.57,-0.3981,-1.468,12720.0
666.95,12.48,-0.3891,-1.424,12710.0
667.0,12.39,-0.3802,-1.379,12710.0
667.05,12.28,-0.3312,-1.362,12720.0
667.1,12.16,-0.2822,-1.345,12720.0
667.15,12.24,-0.2727,-1.346,12720.0
667.2,12.33,-0.2631,-1.346,12710.0
667.25,12.17,-0.284,-1.28,12690.0
667.3,12.01,-0.3049,-1.213,12660.0
667.35,11.99,-0.4693,-1.145,12630.0
667.4,11.97,-0.6337,-1.076,12600.0
667.45,12.1,-0.4705,-1.027,12570.0
667.5,12.23,-0.3073,-0.9777,12560.0
667.55,12.27,-0.2392,-0.8536,12560.0
667.6,12.31,-0.1712,-0.7294,12580.0
667.65,12.3,-0.2677,-0.696,12590.0
667.7,12.28,-0.3642,-0.6626,12590.0
667.75,12.25,-0.4319,-0.8638,12590.0
667.8,12.21,-0.4996,-1.065,12580.0
667.85,12.08,-0.6236,-0.941,12560.0
667.9,11.95,-0.7476,-0.817,12530.0
667.95,12.02,-0.8547,-0.7031,12500.0
668.0,12.08,-0.9618,-0.5892,12490.0
668.05,12.12,-0.9823,-0.7191,12480.0
668.1,12.16,-1.003,-0.8489,12470.0
668.15,12.18,-0.8511,-0.8309,12460.0
668.2,12.2,-0.6994,-0.8128,12470.0
668.25,12.23,-0.6751,-0.8077,12480.0
668.3,12.26,-0.6509,-0.8026,12490.0
668.35,12.31,-0.758,-0.6018,12500.0
668.4,12.35,-0.865,-0.4009,12510.0
668.45,12.41,-0.9437,-0.1291,12500.0
668.5,12.47,-1.022,0.1427,12480.0
668.55,12.55,-0.8915,-0.01597,12440.0
668.6,12.62,-0.7607,-0.1746,12400.0
668.65,12.63,-0.6763,-0.1967,12380.0
668.7,12.63,-0.5919,-0.2188,12370.0
668.75,12.68,-0.5707,-0.1432,12380.0
668.8,12.74,-0.5494,-0.06755,12400.0
668.85,12.66,-0.3652,-0.1785,12430.0
668.9,12.59,-0.1811,-0.2895,12450.0
668.95,12.64,-0.06588,-0.4456,12460.0
669.0,12.69,0.04936,-0.6016,12450.0
669.05,12.58,0.1537,-0.441,12410.0
669.1,12.47,0.258,-0.2805,12380.0
669.15,12.44,0.289,-0.3067,12350.0
669.2,12.41,0.3201,-0.3329,12340.0
669.25,12.51,0.281,-0.4057,12350.0
669.3,12.6,0.242,-0.4785,12360.0
669.35,12.52,0.05076,-0.5121,12380.0
669.4,12.45,-0.1405,-0.5458,12390.0
669.45,12.66,-0.1439,-0.614,12390.0
669.5,12.88,-0.1473,-0.6821,12370.0
669.55,13.03,-0.09375,-0.5362,12350.0
669.6,13.19,-0.04021,-0.3902,12340.0
669.65,13.11,0.03205,-0.3548,12340.0
669.7,13.03,0.1043,-0.3195,12350.0
669.75,13.0,0.1903,-0.3091,12360.0
669.8,12.96,0.2763,-0.2987,12370.0
669.85,12.99,0.1696,-0.3379,12370.0
669.9,13.03,0.0629,-0.377,12360.0
669.95,13.11,0.07066,-0.5003,12350.0
670.0,13.2,0.07842,-0.6236,12330.0
670.05,13.19,0.0824,-0.5655,12310.0
670.1,13.19,0.08638,-0.5075,12290.0
670.15,13.2,-0.03344,-0.39,12270.0
670.2,13.21,-0.1533,-0.2724,12250.0
670.25,13.3,-0.2392,-0.454,12240.0
670.3,13.39,-0.3252,-0.6355,12240.0
670.35,13.41,-0.3368,-0.528,12240.0
670.4,13.43,-0.3483,-0.4204,12250.0
670.45,13.4,-0.4833,-0.6091,12260.0
670.5,13.36,-0.6182,-0.7977,12260.0
670.55,13.42,-0.3949,-0.822,12260.0
670.6,13.47,-0.1716,-0.8462,12240.0
670.65,13.52,-0.1897,-0.7513,12210.0
670.7,13.57,-0.2078,-0.6563,12160.0
670.75,13.62,-0.3447,-0.5675,12110.0
670.8,13.66,-0.4817,-0.4787,12070.0
670.85,13.74,-0.4528,-0.3635,12050.0
670.9,13.82,-0.424,-0.2483,12050.0
670.95,13.98,-0.3644,-0.1502,12070.0
671.0,14.14,-0.3049,-0.05219,12100.0
671.05,14.12,-0.4658,-0.0884,12130.0
671.1,14.1,-0.6266,-0.1246,12150.0
671.15,14.15,-0.6055,-0.1472,12140.0
671.2,14.19,-0.5844,-0.1697,12120.0
671.25,14.1,-0.4922,-0.1634,12080.0
671.3,14.01,-0.4001,-0.1571,12030.0
671.35,13.9,-0.3808,-0.08865,11990.0
671.4,13.79,-0.3615,-0.02024,11960.0
671.45,13.87,-0.331,-0.04256,11960.0
671.5,13.95,-0.3006,-0.06487,11990.0
671.55,13.92,-0.2387,0.01195,12010.0
671.6,13.89,-0.1767,0.08877,12030.0
671.65,13.97,0.2,0.2364,12040.0
671.7,14.04,0.5768,0.3841,12040.0
671.75,13.86,0.3049,0.2658,12020.0
671.8,13.67,0.03304,0.1475,12000.0
671.85,13.72,0.1047,0.2034,11990.0
671.9,13.76,0.1764,0.2592,12000.0
671.95,13.61,0.2484,0.1233,12010.0
672.0,13.46,0.3205,-0.01268,12030.0
672.05,13.47,0.1642,0.0678,12030.0
672.1,13.49,0.007962,0.1483,12030.0
672.15,13.59,0.1801,0.02585,12020.0
672.2,13.7,0.3523,-0.09657,12000.0
672.25,13.71,0.2022,-0.03329,11980.0
672.3,13.72,0.05215,0.03,11980.0
672.35,13.81,-0.1314,0.1105,12000.0
672.4,13.9,-0.3149,0.191,12030.0
672.45,14.01,-0.04319,0.159,12060.0
672.5,14.11,0.2285,0.1271,12090.0
672.55,13.96,0.2671,0.09194,12110.0
672.6,13.81,0.3057,0.05682,12120.0
672.65,13.82,0.3215,0.03902,12100.0
672.7,13.83,0.3372,0.02122,12070.0
672.75,13.72,0.289,0.001707,12030.0
672.8,13.6,0.2408,-0.0178,11990.0
672.85,13.61,0.1489,-0.05219,11960.0
672.9,13.62,0.05693,-0.08658,11950.0
672.95,13.4,0.1294,-0.2385,11960.0
673.0,13.18,0.2018,-0.3904,12000.0
673.05,13.04,2.235e-08,-0.3735,12040.0
673.1,12.9,-0.2018,-0.3565,12090.0
673.15,12.85,-0.125,-0.2602,12130.0
673.2,12.8,-0.04817,-0.1639,12140.0
673.25,12.95,-0.1077,-0.36,12130.0
673.3,13.1,-0.1672,-0.556,12080.0
673.35,13.06,-0.1722,-0.5802,12020.0
673.4,13.02,-0.1771,-0.6043,11960.0
673.45,13.11,-0.129,-0.4189,11920.0
673.5,13.2,-0.08081,-0.2334,11900.0
673.55,13.15,-0.08877,-0.2763,11910.0
673.6,13.1,-0.09673,-0.3192,11930.0
673.65,13.29,-0.01732,-0.1894,11970.0
673.7,13.48,0.0621,-0.05951,12020.0
673.75,13.65,0.1055,-0.1505,12060.0
673.8,13.83,0.1489,-0.2414,12080.0
673.85,13.88,0.1198,-0.2896,12080.0
673.9,13.93,0.09076,-0.3378,12080.0
673.95,13.88,0.2779,-0.1842,12050.0
674.0,13.83,0.465,-0.03073,11990.0
674.05,13.88,0.4114,0.01219,11940.0
674.1,13.94,0.3579,0.05512,11900.0
674.15,13.68,0.3601,0.003292,11880.0
674.2,13.41,0.3623,-0.04853,11880.0
674.25,13.39,0.4447,0.02744,11900.0
674.3,13.36,0.5271,0.1034,11940.0
674.35,13.48,0.4538,0.1434,11990.0
674.4,13.6,0.3806,0.1834,12030.0
674.45,13.64,0.4367,0.2902,12050.0
674.5,13.69,0.4928,0.397,12050.0
674.55,13.71,0.5263,0.3868,12030.0
674.6,13.73,0.5597,0.3765,12000.0
674.65,13.74,0.6527,0.41,11970.0
674.7,13.75,0.7456,0.4434,11950.0
674.75,13.83,0.7707,0.2478,11930.0
674.8,13.91,0.7958,0.05219,11930.0
674.85,13.86,0.8272,-0.1169,11950.0
674.9,13.81,0.8587,-0.2861,11990.0
674.95,13.75,0.9035,-0.1479,12020.0
675.0,13.69,0.9482,-0.009755,12050.0
675.05,13.86,0.8686,-0.08267,12060.0
675.1,14.04,0.789,-0.1556,12070.0
675.15,14.09,0.8187,-0.2894,12070.0
675.2,14.15,0.8483,-0.4231,12060.0
675.25,14.06,0.8563,-0.3347,12060.0
675.3,13.98,0.8642,-0.2463,12080.0
675.35,14.03,0.8402,-0.1612,12100.0
675.4,14.09,0.8161,-0.07609,12130.0
675.45,14.21,0.8234,-0.0217,12150.0
675.5,14.33,0.8308,0.03268,12160.0
675.55,14.23,0.7777,-0.01585,12160.0
675.6,14.13,0.7245,-0.06438,12150.0
675.65,14.23,0.6119,-0.07194,12140.0
675.7,14.33,0.4992,-0.0795,12130.0
675.75,14.23,0.4602,-0.1471,12140.0
675.8,14.14,0.4212,-0.2146,12160.0
675.85,14.06,0.3814,-0.3212,12200.0
675.9,13.99,0.3416,-0.4278,12230.0
675.95,14.15,0.2976,-0.5332,12250.0
676.0,14.31,0.2536,-0.6387,12260.0
676.05,14.27,0.3175,-0.461,12250.0
676.1,14.24,0.3814,-0.2834,12230.0
676.15,14.28,0.3937,-0.2403,12200.0
676.2,14.32,0.406,-0.1973,12160.0
676.25,14.14,0.3071,-0.3479,12150.0
676.3,13.97,0.2082,-0.4985,12140.0
676.35,14.08,0.2468,-0.4036,12150.0
676.4,14.19,0.2854,-0.3087,12160.0
676.45,14.18,0.4023,-0.4193,12170.0
676.5,14.16,0.5191,-0.5299,12190.0
676.55,14.18,0.3784,-0.4609,12200.0
676.6,14.21,0.2377,-0.3919,12210.0
676.65,14.01,0.3682,-0.5017,12200.0
676.7,13.82,0.4988,-0.6114,12190.0
676.75,13.86,0.6069,-0.7314,12170.0
676.8,13.91,0.715,-0.8514,12130.0
676.85,13.85,0.5627,-0.7765,12090.0
676.9,13.79,0.4104,-0.7016,12060.0
676.95,13.78,0.5201,-0.77,12040.0
677.0,13.77,0.6298,-0.8384,12040.0
677.05,13.63,0.5683,-1.12,12050.0
677.1,13.5,0.5068,-1.403,12090.0
677.15,13.39,0.4465,-1.293,12140.0
677.2,13.28,0.3861,-1.184,12180.0
677.25,13.32,0.2619,-1.088,12200.0
677.3,13.36,0.1377,-0.9918,12200.0
677.35,13.31,-0.01871,-0.8441,12180.0
677.4,13.26,-0.1752,-0.6963,12140.0
677.45,13.36,-0.1728,-0.596,12090.0
677.5,13.45,-0.1704,-0.4958,12050.0
677.55,13.4,-0.08997,-0.6047,12030.0
677.6,13.34,-0.009554,-0.7136,12040.0
677.65,13.31,0.001592,-0.6102,12060.0
677.7,13.28,0.01274,-0.5068,12100.0
677.75,13.28,-0.2152,-0.294,12150.0
677.8,13.28,-0.4431,-0.08121,12190.0
677.85,13.18,-0.5159,0.07414,12200.0
677.9,13.09,-0.5888,0.2295,12200.0
677.95,13.03,-0.3549,0.07292,12170.0
678.0,12.98,-0.121,-0.08365,12150.0
678.05,13.02,-0.02727,-0.3198,12130.0
678.1,13.06,0.06648,-0.556,12110.0
678.15,12.77,0.08181,-0.5384,12100.0
678.2,12.48,0.09713,-0.5207,12120.0
678.25,12.6,0.1445,-0.4893,12140.0
678.3,12.72,0.1919,-0.458,12180.0
678.35,12.8,0.1933,-0.5568,12210.0
678.4,12.89,0.1947,-0.6555,12230.0
678.45,13.09,0.2808,-0.6555,12250.0
678.5,13.3,0.367,-0.6555,12260.0
678.55,13.49,0.3396,-0.6926,12250.0
678.6,13.69,0.3121,-0.7297,12230.0
678.65,14.0,0.4797,-0.6087,12220.0
678.7,14.32,0.6473,-0.4878,12210.0
678.75,14.1,0.55,-0.483,12220.0
678.8,13.87,0.4526,-0.4782,12230.0
678.85,13.81,0.3173,-0.3665,12260.0
678.9,13.74,0.1819,-0.2548,12290.0
678.95,13.8,0.2904,-0.4154,12310.0
679.0,13.87,0.3989,-0.576,12330.0
679.05,13.81,0.3553,-0.5951,12340.0
679.1,13.76,0.3117,-0.6141,12330.0
679.15,13.69,0.203,-0.3209,12320.0
679.2,13.62,0.09435,-0.0278,12310.0
679.25,13.57,-0.07882,0.08792,12310.0
679.3,13.52,-0.252,0.2036,12310.0
679.35,13.55,-0.2566,0.2455,12320.0
679.4,13.58,-0.2611,0.2873,12330.0
679.45,13.51,-0.2777,0.3483,12340.0
679.5,13.43,-0.2942,0.4092,12350.0
679.55,13.59,-0.3272,0.2958,12360.0
679.6,13.75,-0.3603,0.1824,12360.0
679.65,13.79,-0.327,0.1972,12360.0
679.7,13.82,-0.2938,0.2119,12350.0
679.75,13.87,-0.2325,0.1929,12350.0
679.8,13.91,-0.1712,0.1739,12360.0
679.85,13.79,-0.03921,0.3426,12360.0
679.9,13.68,0.09275,0.5114,12380.0
679.95,13.63,0.1256,0.4391,12400.0
680.0,13.58,0.1584,0.3668,12410.0
680.05,13.39,0.1706,0.3064,12420.0
680.1,13.2,0.1827,0.2461,12410.0
680.15,13.33,0.1666,0.05097,12400.0
680.2,13.46,0.1505,-0.1441,12380.0
680.25,13.63,0.3171,0.08097,12370.0
680.3,13.79,0.4837,0.3061,12370.0
680.35,13.86,0.3033,0.4118,12390.0
680.4,13.94,0.123,0.5175,12430.0
680.45,14.06,0.1857,0.4279,12470.0
680.5,14.18,0.2484,0.3383,12500.0
680.55,14.22,0.1853,0.2623,12520.0
680.6,14.26,0.1222,0.1863,12530.0
680.65,14.36,0.3467,0.214,12520.0
680.7,14.46,0.5712,0.2417,12500.0
680.75,14.34,0.4875,0.2428,12470.0
680.8,14.21,0.4037,0.2439,12450.0
680.85,14.44,0.3597,0.03195,12450.0
680.9,14.66,0.3157,-0.18,12460.0
680.95,14.69,0.3,-0.4425,12490.0
681.0,14.73,0.2842,-0.705,12530.0
681.05,14.59,0.2253,-0.6599,12560.0
681.1,14.46,0.1664,-0.6148,12590.0
681.15,14.62,0.2158,-0.6491,12600.0
681.2,14.78,0.2651,-0.6833,12600.0
681.25,14.84,0.1861,-0.5937,12590.0
681.3,14.91,0.1071,-0.5041,12570.0
681.35,14.72,0.1539,-0.5665,12550.0
681.4,14.53,0.2006,-0.629,12550.0
681.45,14.47,0.2385,-0.5732,12560.0
681.5,14.42,0.2763,-0.5175,12580.0
681.55,14.51,0.2211,-0.6383,12600.0
681.6,14.61,0.166,-0.7592,12620.0
681.65,14.65,-0.07484,-0.8511,12640.0
681.7,14.7,-0.3157,-0.9431,12650.0
681.75,14.88,-0.4478,-1.028,12660.0
681.8,15.06,-0.58,-1.113,12670.0
681.85,15.1,-0.6449,-1.081,12670.0
681.9,15.14,-0.7098,-1.049,12650.0
681.95,15.0,-0.6481,-0.8764,12640.0
682.0,14.85,-0.5864,-0.7033,12630.0
682.05,14.82,-0.7852,-0.6515,12640.0
682.1,14.79,-0.9841,-0.5997,12670.0
682.15,14.91,-0.8871,-0.6085,12710.0
682.2,15.03,-0.7902,-0.6172,12760.0
682.25,15.1,-0.6355,-0.5602,12790.0
682.3,15.16,-0.4809,-0.5031,12790.0
682.35,15.16,-0.5488,-0.382,12760.0
682.4,15.16,-0.6166,-0.2609,12730.0
682.45,15.45,-0.6604,-0.2463,12700.0
682.5,15.75,-0.7042,-0.2317,12690.0
682.55,15.83,-0.9128,-0.1385,12710.0
682.6,15.91,-1.121,-0.04536,12730.0
682.65,15.81,-1.25,-0.1313,12760.0
682.7,15.71,-1.379,-0.2173,12780.0
682.75,15.82,-1.297,-0.1725,12800.0
682.8,15.92,-1.216,-0.1278,12800.0
682.85,15.71,-1.177,-0.1543,12790.0
682.9,15.49,-1.138,-0.1807,12780.0
682.95,15.5,-1.107,-0.1683,12770.0
683.0,15.51,-1.076,-0.1558,12760.0
683.05,15.32,-0.9019,-0.284,12740.0
683.1,15.13,-0.7281,-0.4121,12740.0
683.15,15.32,-0.8055,-0.4195,12740.0
683.2,15.5,-0.8829,-0.4268,12760.0
683.25,15.45,-0.7233,-0.5263,12770.0
683.3,15.39,-0.5637,-0.6258,12790.0
683.35,15.34,-0.3107,-0.6188,12800.0
683.4,15.29,-0.05772,-0.6119,12810.0
683.45,15.24,-0.05892,-0.4076,12820.0
683.5,15.2,-0.06011,-0.2034,12810.0
683.55,15.03,-0.1961,-0.08353,12800.0
683.6,14.86,-0.332,0.03634,12800.0
683.65,14.85,-0.4226,-0.1346,12790.0
683.7,14.84,-0.5131,-0.3056,12790.0
683.75,14.97,-0.7643,-0.3651,12790.0
683.8,15.1,-1.016,-0.4246,12800.0
683.85,14.95,-1.067,-0.1961,12830.0
683.9,14.81,-1.119,0.03244,12860.0
683.95,14.93,-0.7999,0.05902,12880.0
684.0,15.05,-0.4813,0.0856,12890.0
684.05,15.14,-0.1879,0.2447,12900.0
684.1,15.24,0.1055,0.4039,12890.0
684.15,15.01,0.1471,0.3352,12890.0
684.2,14.78,0.1887,0.2666,12880.0
684.25,14.79,0.08081,0.06621,12880.0
684.3,14.8,-0.02707,-0.1341,12880.0
684.35,14.72,-0.1389,-0.125,12890.0
684.4,14.64,-0.2508,-0.1158,12900.0
684.45,14.55,-0.4333,-0.1461,12930.0
684.5,14.47,-0.6158,-0.1763,12960.0
684.55,14.41,-0.5504,-0.0367,12980.0
684.6,14.35,-0.4849,0.1029,13000.0
684.65,14.47,-0.5113,0.1708,13000.0
684.7,14.58,-0.5378,0.2388,12990.0
684.75,14.45,-0.5762,-0.1647,12980.0
684.8,14.32,-0.6146,-0.5682,12970.0
684.85,14.32,-0.4851,-0.6543,12970.0
684.9,14.32,-0.3555,-0.7404,12980.0
684.95,14.64,-0.4719,-0.7892,12990.0
685.0,14.95,-0.5884,-0.838,13010.0
685.05,15.05,-0.6337,-0.7853,13030.0
685.1,15.14,-0.6791,-0.7326,13050.0
685.15,15.3,-0.7862,-0.6012,13070.0
685.2,15.46,-0.8933,-0.4697,13080.0
685.25,15.32,-1.056,-0.3318,13100.0
685.3,15.18,-1.219,-0.1939,13120.0
685.35,15.21,-1.378,-0.1806,13130.0
685.4,15.25,-1.537,-0.1673,13130.0
685.45,15.28,-1.465,-0.09572,13110.0
685.5,15.31,-1.392,-0.02414,13090.0
685.55,15.25,-1.4,-0.05755,13080.0
685.6,15.19,-1.409,-0.09097,13080.0
685.65,15.15,-1.327,-0.2817,13080.0
685.7,15.12,-1.244,-0.4724,13100.0
685.75,15.3,-1.216,-0.6693,13120.0
685.8,15.49,-1.188,-0.8662,13150.0
685.85,15.63,-1.432,-0.7039,13160.0
685.9,15.78,-1.676,-0.5416,13160.0
685.95,15.66,-1.415,-0.3774,13150.0
686.0,15.54,-1.154,-0.2131,13140.0
686.05,15.44,-1.28,-0.2953,13130.0
686.1,15.33,-1.406,-0.3775,13130.0
686.15,15.46,-1.359,-0.1941,13140.0
686.2,15.59,-1.312,-0.01073,13140.0
686.25,15.63,-1.431,-0.02939,13160.0
686.3,15.67,-1.55,-0.04804,13160.0
686.35,15.59,-1.556,-0.133,13150.0
686.4,15.5,-1.562,-0.218,13130.0
686.45,15.38,-1.373,-0.3379,13130.0
686.5,15.26,-1.185,-0.4578,13130.0
686.55,15.15,-1.145,-0.5407,13140.0
686.6,15.04,-1.106,-0.6236,13170.0
686.65,15.19,-1.023,-0.4564,13210.0
686.7,15.33,-0.9407,-0.2892,13240.0
686.75,15.38,-0.9998,-0.309,13250.0
686.8,15.43,-1.059,-0.3287,13240.0
686.85,15.47,-1.164,-0.4245,13230.0
686.9,15.51,-1.269,-0.5202,13220.0
686.95,15.6,-1.421,-0.6326,13220.0
687.0,15.7,-1.573,-0.745,13210.0
687.05,15.57,-1.455,-0.528,13200.0
687.1,15.45,-1.337,-0.3109,13210.0
687.15,15.6,-1.086,-0.2322,13220.0
687.2,15.75,-0.8352,-0.1534,13240.0
687.25,15.71,-0.7703,-0.1257,13260.0
687.3,15.68,-0.7054,-0.09804,13280.0
687.35,15.69,-0.6282,-0.1364,13300.0
687.4,15.71,-0.5509,-0.1749,13310.0
687.45,15.64,-0.3617,-0.183,13330.0
687.5,15.57,-0.1724,-0.1912,13330.0
687.55,15.73,-0.383,-0.1619,13330.0
687.6,15.9,-0.5935,-0.1327,13330.0
687.65,15.88,-0.5685,-0.1132,13350.0
687.7,15.87,-0.5434,-0.09365,13360.0
687.75,15.91,-0.6668,-0.0795,13360.0
687.8,15.96,-0.7902,-0.06536,13350.0
687.85,16.24,-0.7524,-0.05548,13360.0
687.9,16.51,-0.7146,-0.0456,13380.0
687.95,16.49,-0.7466,0.1558,13390.0
688.0,16.46,-0.7787,0.3573,13390.0
688.05,16.23,-0.7966,0.2422,13400.0
688.1,16.0,-0.8145,0.1271,13430.0
688.15,16.14,-0.7179,0.02463,13450.0
688.2,16.28,-0.6214,-0.0778,13460.0
688.25,16.3,-0.4015,-0.01719,13460.0
688.3,16.32,-0.1815,0.04341,13480.0
688.35,16.16,-0.2404,-0.2539,13490.0
688.4,16.01,-0.2994,-0.5512,13490.0
688.45,15.84,-0.4632,-0.5707,13490.0
688.5,15.67,-0.627,-0.5902,13480.0
688.55,15.62,-0.5782,-0.6427,13470.0
688.6,15.57,-0.5295,-0.6953,13460.0
688.65,15.67,-0.4297,-0.5093,13450.0
688.7,15.76,-0.33,-0.3234,13440.0
688.75,15.83,-0.2197,-0.2457,13440.0
688.8,15.9,-0.1095,-0.168,13460.0
688.85,15.93,-0.1558,-0.1628,13480.0
688.9,15.95,-0.2022,-0.1575,13510.0
688.95,15.92,-0.285,-0.1782,13520.0
689.0,15.9,-0.3678,-0.1988,13540.0
689.05,15.92,-0.5629,-0.183,13540.0
689.1,15.94,-0.758,-0.1673,13540.0
689.15,15.85,-0.8388,-0.1718,13520.0
689.2,15.76,-0.9196,-0.1763,13510.0
689.25,15.69,-0.6751,-0.3929,13490.0
689.3,15.62,-0.4307,-0.6094,13480.0
689.35,15.9,-0.6931,-0.6898,13480.0
689.4,16.18,-0.9554,-0.7702,13490.0
689.45,16.24,-1.082,-0.5468,13520.0
689.5,16.3,-1.209,-0.3234,13550.0
689.55,16.3,-1.158,-0.3651,13570.0
689.6,16.29,-1.107,-0.4068,13580.0
689.65,16.32,-1.17,-0.4121,13590.0
689.7,16.35,-1.232,-0.4175,13600.0
689.75,16.31,-1.215,-0.2957,13610.0
689.8,16.28,-1.197,-0.1739,13620.0
689.85,16.28,-1.169,-0.1047,13620.0
689.9,16.29,-1.142,-0.03561,13610.0
689.95,16.42,-0.9238,-0.02914,13610.0
690.0,16.56,-0.7054,-0.02268,13600.0
690.05,16.65,-0.6817,-0.1566,13580.0
690.1,16.74,-0.658,-0.2905,13570.0
690.15,16.59,-0.6712,-0.208,13590.0
690.2,16.43,-0.6843,-0.1256,13620.0
690.25,16.48,-0.863,-0.2231,13660.0
690.3,16.53,-1.042,-0.3207,13700.0
690.35,16.52,-0.9861,-0.1422,13740.0
690.4,16.52,-0.9303,0.03634,13770.0
690.45,16.59,-1.176,0.119,13780.0
690.5,16.65,-1.422,0.2017,13760.0
690.55,16.56,-1.349,0.1584,13730.0
690.6,16.46,-1.277,0.1151,13680.0
690.65,16.33,-1.226,0.217,13650.0
690.7,16.2,-1.174,0.319,13640.0
690.75,16.27,-1.204,0.5376,13650.0
690.8,16.34,-1.234,0.7563,13690.0
690.85,16.4,-1.286,0.6074,13740.0
690.9,16.46,-1.337,0.4585,13790.0
690.95,16.47,-1.326,0.5136,13840.0
691.0,16.49,-1.315,0.5687,13860.0
691.05,16.48,-1.358,0.5434,13860.0
691.1,16.48,-1.402,0.518,13830.0
691.15,16.4,-1.277,0.352,13800.0
691.2,16.31,-1.152,0.1861,13770.0
691.25,16.39,-1.084,0.09682,13750.0
691.3,16.47,-1.016,0.00756,13750.0
691.35,16.55,-1.031,0.07292,13750.0
691.4,16.62,-1.047,0.1383,13770.0
691.45,16.57,-1.113,0.1868,13800.0
691.5,16.52,-1.179,0.2353,13820.0
691.55,16.33,-0.9224,0.2473,13840.0
691.6,16.15,-0.666,0.2592,13870.0
691.65,16.06,-0.6097,0.1832,13880.0
691.7,15.97,-0.5533,0.1071,13890.0
691.75,15.82,-0.4825,0.1549,13880.0
691.8,15.68,-0.4116,0.2027,13870.0
691.85,15.55,-0.4415,0.2462,13850.0
691.9,15.43,-0.4713,0.2897,13830.0
691.95,15.48,-0.6586,0.1005,13820.0
692.0,15.52,-0.8459,-0.08877,13830.0
692.05,15.48,-0.617,-0.1178,13850.0
692.1,15.44,-0.3881,-0.1468,13870.0
692.15,15.79,-0.2743,-0.103,13900.0
692.2,16.14,-0.1604,-0.05926,13930.0
692.25,16.32,-0.03065,0.06548,13940.0
692.3,16.5,0.09912,0.1902,13950.0
692.35,16.59,0.2649,0.1923,13940.0
692.4,16.69,0.4307,0.1944,13930.0
692.45,16.46,0.4343,0.09877,13920.0
692.5,16.24,0.4379,0.00317,13930.0
692.55,16.1,0.4634,-0.06414,13930.0
692.6,15.97,0.4888,-0.1314,13940.0
692.65,16.09,0.6013,-0.2039,13960.0
692.7,16.22,0.7138,-0.2763,13980.0
692.75,16.15,0.9954,-0.2927,13990.0
692.8,16.09,1.277,-0.309,13980.0
692.85,16.16,1.254,-0.4909,13970.0
692.9,16.23,1.23,-0.6729,13970.0
692.95,16.33,1.19,-0.7441,13980.0
693.0,16.44,1.149,-0.8153,13980.0
693.05,16.53,1.208,-0.8592,13980.0
693.1,16.63,1.267,-0.9031,14000.0
693.15,16.55,1.128,-0.8544,14040.0
693.2,16.48,0.9884,-0.8058,14070.0
693.25,16.38,1.017,-0.8178,14080.0
693.3,16.28,1.046,-0.8299,14090.0
693.35,16.28,1.215,-0.7777,14090.0
693.4,16.27,1.385,-0.7255,14070.0
693.45,16.35,1.469,-0.4709,14030.0
693.5,16.43,1.553,-0.2163,13990.0
693.55,16.42,1.475,-0.08036,13970.0
693.6,16.4,1.396,0.0556,13960.0
693.65,16.49,1.412,0.2022,13970.0
693.7,16.57,1.427,0.3487,14010.0
693.75,16.53,1.709,0.3116,14060.0
693.8,16.48,1.99,0.2744,14120.0
693.85,16.4,1.928,0.2792,14160.0
693.9,16.33,1.865,0.2841,14180.0
693.95,16.31,1.737,0.08987,14160.0
694.0,16.3,1.608,-0.1044,14120.0
694.05,16.28,1.695,-0.2129,14060.0
694.1,16.27,1.781,-0.3214,14020.0
694.15,16.23,1.788,-0.5835,13980.0
694.2,16.19,1.796,-0.8455,13970.0
694.25,16.23,1.649,-0.6992,14000.0
694.3,16.27,1.502,-0.5529,14070.0
694.35,16.29,1.628,-0.5199,14140.0
694.4,16.3,1.755,-0.487,14200.0
694.45,16.25,1.941,-0.3878,14220.0
694.5,16.2,2.128,-0.2885,14210.0
694.55,16.15,1.963,-0.2973,14160.0
694.6,16.1,1.799,-0.3061,14110.0
694.65,16.25,1.803,-0.3985,14070.0
694.7,16.4,1.807,-0.4909,14040.0
694.75,16.52,1.826,-0.3869,14050.0
694.8,16.64,1.845,-0.2829,14090.0
694.85,16.61,1.812,-0.2677,14140.0
694.9,16.57,1.779,-0.2524,14180.0
694.95,16.63,1.763,-0.5395,14200.0
695.0,16.68,1.747,-0.8265,14200.0
695.05,16.6,1.781,-0.8075,14190.0
695.1,16.53,1.815,-0.7884,14150.0
695.15,16.59,1.647,-0.6668,14110.0
695.2,16.66,1.48,-0.5451,14070.0
695.25,16.53,1.365,-0.3485,14060.0
695.3,16.4,1.25,-0.1519,14070.0
695.35,16.39,1.14,0.1723,14100.0
695.4,16.39,1.03,0.4965,14150.0
695.45,16.58,0.9526,0.2848,14210.0
695.5,16.78,0.8754,0.07316,14260.0
695.55,16.81,0.7976,0.03804,14270.0
695.6,16.85,0.7197,0.002926,14240.0
695.65,16.76,0.6753,-0.07219,14180.0
695.7,16.67,0.631,-0.1473,14130.0
695.75,16.79,0.6628,-0.2047,14080.0
695.8,16.91,0.6947,-0.2622,14050.0
695.85,16.87,0.7711,-0.1667,14060.0
695.9,16.84,0.8475,-0.07121,14100.0
695.95,16.71,0.738,0.05585,14160.0
696.0,16.58,0.6286,0.1829,14230.0
696.05,16.49,0.4992,0.2478,14260.0
696.1,16.41,0.3698,0.3126,14270.0
696.15,16.41,0.2932,0.2679,14250.0
696.2,16.41,0.2166,0.2231,14210.0
696.25,16.42,-0.1037,0.1338,14160.0
696.3,16.42,-0.424,0.04439,14090.0
696.35,16.59,-0.4363,-0.0217,14050.0
696.4,16.77,-0.4486,-0.0878,14030.0
696.45,16.77,-0.07763,-0.1113,14050.0
696.5,16.77,0.2934,-0.1349,14090.0
696.55,16.82,0.3595,0.06292,14150.0
696.6,16.87,0.4256,0.2607,14200.0
696.65,16.77,0.4606,0.2983,14250.0
696.7,16.67,0.4956,0.3358,14260.0
696.75,16.68,0.3967,0.1903,14240.0
696.8,16.68,0.2978,0.04487,14200.0
696.85,16.75,0.1535,0.1536,14130.0
696.9,16.81,0.009156,0.2624,14080.0
696.95,16.89,-0.1688,0.02829,14050.0
697.0,16.98,-0.3467,-0.2058,14050.0
697.05,16.94,-0.5012,-0.2127,14080.0
697.1,16.9,-0.6556,-0.2195,14140.0
697.15,16.82,-0.5965,-0.1097,14210.0
697.2,16.73,-0.5374,2.98e-08,14270.0
697.25,16.71,-0.7619,-0.08316,14300.0
697.3,16.69,-0.9865,-0.1663,14290.0
697.35,16.65,-0.9817,-0.06914,14260.0
697.4,16.61,-0.9769,0.02805,14220.0
697.45,16.58,-1.051,0.0745,14170.0
697.5,16.55,-1.125,0.121,14130.0
697.55,16.49,-1.061,0.02622,14120.0
697.6,16.44,-0.9968,-0.06853,14140.0
697.65,16.35,-0.8567,-0.08536,14190.0
697.7,16.27,-0.7166,-0.1022,14240.0
697.75,16.28,-0.6901,-0.07243,14280.0
697.8,16.3,-0.6636,-0.04268,14300.0
697.85,16.1,-0.5595,0.105,14290.0
697.9,15.9,-0.4554,0.2527,14270.0
697.95,16.08,-0.4634,-0.02049,14220.0
698.0,16.26,-0.4713,-0.2936,14180.0
698.05,16.27,-0.5547,-0.1336,14160.0
698.1,16.29,-0.6381,0.02634,14160.0
698.15,16.26,-0.6335,0.1241,14190.0
698.2,16.23,-0.629,0.2219,14220.0
698.25,16.34,-0.9259,0.05292,14260.0
698.3,16.44,-1.223,-0.1161,14290.0
698.35,16.6,-1.261,0.0867,14290.0
698.4,16.75,-1.299,0.2895,14260.0
698.45,16.75,-1.134,0.3982,14210.0
698.5,16.74,-0.9685,0.507,14160.0
698.55,16.76,-0.989,0.4682,14130.0
698.6,16.78,-1.01,0.4295,14120.0
698.65,16.87,-0.9588,0.5451,14130.0
698.7,16.95,-0.908,0.6607,14160.0
698.75,17.04,-0.6459,0.4862,14220.0
698.8,17.13,-0.3838,0.3117,14270.0
698.85,17.0,-0.2293,0.4179,14290.0
698.9,16.87,-0.07484,0.5241,14270.0
698.95,16.81,-0.1105,0.4067,14230.0
699.0,16.75,-0.1461,0.2892,14170.0
699.05,16.84,-0.1467,0.2385,14120.0
699.1,16.93,-0.1473,0.1878,14080.0
699.15,16.93,-0.3368,0.04317,14070.0
699.2,16.92,-0.5263,-0.1015,14090.0
699.25,17.21,-0.5633,-0.2357,14140.0
699.3,17.5,-0.6003,-0.37,14200.0
699.35,17.45,-0.3865,-0.1996,14240.0
699.4,17.41,-0.1728,-0.02927,14280.0
699.45,17.59,-0.2116,-0.01695,14290.0
699.5,17.77,-0.2504,-0.004634,14280.0
699.55,17.72,-0.2321,-0.1761,14250.0
699.6,17.67,-0.2138,-0.3475,14210.0
699.65,17.71,-0.3161,-0.387,14180.0
699.7,17.74,-0.4184,-0.4265,14170.0
699.75,17.64,-0.2231,-0.5199,14160.0
699.8,17.54,-0.02787,-0.6133,14170.0
699.85,17.59,0.04777,-0.4734,14200.0
699.9,17.63,0.1234,-0.3334,14250.0
699.95,17.55,0.05135,-0.4,14300.0
700.0,17.47,-0.0207,-0.4665,14340.0
700.05,17.55,0.1726,-0.4198,14350.0
700.1,17.64,0.3658,-0.3731,14340.0
700.15,17.69,0.252,-0.3962,14330.0
700.2,17.74,0.1381,-0.4192,14320.0
700.25,17.82,-0.134,-0.2091,14300.0
700.3,17.89,-0.406,0.0009755,14290.0
700.35,17.91,-0.6206,0.1703,14290.0
700.4,17.92,-0.8352,0.3397,14290.0
700.45,17.84,-0.7936,0.2812,14290.0
700.5,17.76,-0.752,0.2227,14300.0
700.55,17.62,-0.6105,0.07999,14320.0
700.6,17.47,-0.4689,-0.06268,14330.0
700.65,17.36,-0.5484,0.006707,14330.0
700.7,17.25,-0.6278,0.07609,14340.0
700.75,17.23,-0.6541,0.04756,14340.0
700.8,17.21,-0.6803,0.01902,14330.0
700.85,17.09,-0.7132,0.01975,14330.0
700.9,16.97,-0.746,0.02049,14320.0
700.95,16.82,-0.9068,-0.004756,14320.0
701.0,16.68,-1.068,-0.03,14320.0
701.05,16.65,-0.8656,0.03597,14320.0
701.1,16.62,-0.6636,0.1019,14310.0
701.15,16.63,-0.6449,0.1434,14290.0
701.2,16.64,-0.6262,0.1849,14260.0
701.25,16.74,-0.5454,0.1225,14250.0
701.3,16.84,-0.4646,0.06024,14250.0
701.35,16.71,-0.542,0.2299,14250.0
701.4,16.59,-0.6194,0.3995,14270.0
701.45,16.63,-0.8195,0.5465,14280.0
701.5,16.67,-1.019,0.6936,14300.0
701.55,16.42,-1.114,0.6008,14310.0
701.6,16.17,-1.208,0.508,14310.0
701.65,16.01,-1.072,0.3693,14300.0
701.7,15.86,-0.9351,0.2307,14300.0
701.75,15.85,-0.6594,0.2755,14290.0
701.8,15.83,-0.3838,0.3202,14280.0
701.85,15.82,-0.2721,0.3547,14270.0
701.9,15.81,-0.1604,0.3892,14260.0
701.95,15.77,-0.3073,0.4624,14260.0
702.0,15.74,-0.4542,0.5356,14260.0
702.05,15.63,-0.6174,0.474,14270.0
702.1,15.53,-0.7806,0.4124,14290.0
702.15,15.6,-0.7233,0.3904,14320.0
702.2,15.66,-0.666,0.3685,14340.0
702.25,15.76,-0.8626,0.1646,14360.0
702.3,15.87,-1.059,-0.03926,14380.0
702.35,15.89,-0.9663,0.0339,14400.0
702.4,15.92,-0.8734,0.1071,14400.0
702.45,15.75,-0.9847,0.01707,14400.0
702.5,15.58,-1.096,-0.07292,14390.0
702.55,15.79,-1.179,-0.1622,14360.0
702.6,15.99,-1.262,-0.2514,14330.0
702.65,15.9,-1.286,-0.3211,14320.0
702.7,15.8,-1.31,-0.3907,14330.0
702.75,15.91,-1.142,-0.3411,14360.0
702.8,16.02,-0.9737,-0.2914,14410.0
702.85,16.0,-0.9811,-0.5473,14470.0
702.9,15.98,-0.9884,-0.8031,14530.0
702.95,16.03,-1.065,-0.8024,14570.0
703.0,16.08,-1.142,-0.8016,14570.0
703.05,15.89,-0.9669,-0.7349,14530.0
703.1,15.69,-0.7914,-0.6682,14490.0
703.15,15.73,-0.9255,-0.4678,14450.0
703.2,15.77,-1.06,-0.2673,14420.0
703.25,15.61,-0.8175,-0.2847,14420.0
703.3,15.45,-0.5752,-0.3022,14440.0
703.35,15.25,-0.6206,-0.161,14470.0
703.4,15.06,-0.666,-0.01975,14510.0
703.45,15.18,-0.7717,0.1052,14520.0
703.5,15.3,-0.8774,0.2302,14520.0
703.55,15.4,-1.011,0.1217,14510.0
703.6,15.51,-1.144,0.01317,14510.0
703.65,15.37,-1.165,0.1182,14510.0
703.7,15.24,-1.187,0.2231,14520.0
703.75,15.28,-0.992,0.1057,14530.0
703.8,15.32,-0.7974,-0.01171,14540.0
703.85,15.1,-0.7229,-0.08414,14540.0
703.9,14.89,-0.6485,-0.1566,14520.0
703.95,14.85,-0.6606,-0.1424,14470.0
704.0,14.81,-0.6728,-0.1283,14420.0
704.05,14.71,-0.7663,-0.1382,14390.0
704.1,14.62,-0.8599,-0.148,14370.0
704.15,14.72,-0.9745,-0.0211,14380.0
704.2,14.81,-1.089,0.1058,14400.0
704.25,14.87,-1.062,0.05048,14440.0
704.3,14.94,-1.035,-0.004878,14510.0
704.35,14.89,-0.9353,-0.2439,14560.0
704.4,14.84,-0.8352,-0.4829,14600.0
704.45,15.08,-0.9331,-0.4641,14590.0
704.5,15.31,-1.031,-0.4453,14560.0
704.55,15.33,-0.9353,-0.5266,14510.0
704.6,15.35,-0.8396,-0.608,14430.0
704.65,15.4,-0.8513,-0.6442,14360.0
704.7,15.45,-0.863,-0.6804,14320.0
704.75,15.46,-0.751,-0.7398,14330.0
704.8,15.46,-0.6389,-0.7992,14370.0
704.85,15.43,-0.62,-0.7043,14440.0
704.9,15.41,-0.6011,-0.6094,14510.0
704.95,15.34,-0.7416,-0.4613,14570.0
705.0,15.28,-0.8822,-0.3131,14610.0
705.05,15.28,-0.8047,-0.1985,14610.0
705.1,15.27,-0.7273,-0.08389,14570.0
705.15,15.26,-0.7241,-0.003536,14520.0
705.2,15.25,-0.7209,0.07682,14460.0
705.25,15.51,-0.7593,0.06926,14410.0
705.3,15.76,-0.7978,0.0617,14380.0
705.35,15.88,-0.6455,-0.1482,14380.0
705.4,16.0,-0.4932,-0.358,14420.0
705.45,16.12,-0.4807,-0.5064,14480.0
705.5,16.23,-0.4681,-0.6548,14540.0
705.55,16.02,-0.4347,-0.5755,14580.0
705.6,15.81,-0.4013,-0.4963,14600.0
705.65,15.68,-0.4441,-0.5524,14610.0
705.7,15.55,-0.4869,-0.6085,14600.0
705.75,15.54,-0.5402,-0.4549,14580.0
705.8,15.52,-0.5935,-0.3014,14550.0
705.85,15.52,-0.7558,-0.2764,14520.0
705.9,15.52,-0.918,-0.2514,14520.0
705.95,15.57,-0.8459,-0.343,14530.0
706.0,15.63,-0.7739,-0.4346,14550.0
706.05,15.62,-0.6949,-0.4037,14570.0
706.1,15.61,-0.6158,-0.3729,14590.0
706.15,15.66,-0.5237,-0.4546,14600.0
706.2,15.71,-0.4315,-0.5363,14600.0
706.25,15.74,-0.507,-0.5882,14590.0
706.3,15.78,-0.5824,-0.6402,14570.0
706.35,15.94,-0.5072,-0.5488,14580.0
706.4,16.11,-0.4319,-0.4575,14610.0
706.45,16.02,-0.4005,-0.5548,14650.0
706.5,15.93,-0.369,-0.6521,14680.0
706.55,15.87,-0.4049,-0.7398,14690.0
706.6,15.8,-0.4407,-0.8275,14680.0
706.65,15.71,-0.4013,-0.867,14660.0
706.7,15.63,-0.3619,-0.9065,14610.0
706.75,15.79,-0.2136,-1.011,14560.0
706.8,15.96,-0.06529,-1.116,14520.0
706.85,16.16,-0.207,-1.025,14500.0
706.9,16.36,-0.3487,-0.9336,14510.0
706.95,16.22,-0.3342,-0.7561,14550.0
707.0,16.08,-0.3197,-0.5787,14610.0
707.05,16.16,-0.3163,-0.5894,14660.0
707.1,16.25,-0.3129,-0.6002,14710.0
707.15,16.14,-0.4534,-0.603,14730.0
707.2,16.03,-0.5939,-0.6058,14730.0
707.25,16.07,-0.7231,-0.7554,14700.0
707.3,16.1,-0.8523,-0.905,14640.0
707.35,16.29,-0.9437,-0.8689,14570.0
707.4,16.47,-1.035,-0.8328,14510.0
707.45,16.56,-1.022,-0.8576,14470.0
707.5,16.64,-1.008,-0.8823,14450.0
707.55,16.66,-1.093,-0.9798,14470.0
707.6,16.68,-1.178,-1.077,14510.0
707.65,16.71,-0.8981,-0.7505,14580.0
707.7,16.73,-0.6178,-0.4239,14650.0
707.75,16.64,-0.7134,-0.4979,14700.0
707.8,16.54,-0.8089,-0.5719,14710.0
707.85,16.68,-0.705,-0.3711,14700.0
707.9,16.82,-0.6011,-0.1702,14660.0
707.95,16.84,-0.4397,-0.1595,14620.0
708.0,16.86,-0.2783,-0.1488,14570.0
708.05,16.57,-0.458,-0.0328,14520.0
708.1,16.29,-0.6377,0.08316,14500.0
708.15,16.19,-0.3706,-0.09304,14490.0
708.2,16.09,-0.1035,-0.2692,14510.0
708.25,16.26,0.1009,-0.2311,14540.0
708.3,16.44,0.3053,-0.1929,14570.0
708.35,16.51,0.168,-0.2923,14620.0
708.4,16.58,0.03065,-0.3917,14660.0
708.45,16.56,-0.1377,-0.4115,14690.0
708.5,16.53,-0.3061,-0.4314,14680.0
708.55,16.59,-0.2156,-0.2752,14660.0
708.6,16.64,-0.125,-0.119,14630.0
708.65,16.57,-0.1553,-0.3164,14600.0
708.7,16.5,-0.1855,-0.5138,14590.0
708.75,16.42,-0.1668,-0.516,14580.0
708.8,16.34,-0.1481,-0.5182,14590.0
708.85,16.35,-0.2844,-0.4486,14610.0
708.9,16.35,-0.4208,-0.379,14630.0
708.95,16.3,-0.3555,-0.4313,14630.0
709.0,16.26,-0.2902,-0.4836,14630.0
709.05,16.21,-0.3742,-0.119,14640.0
709.1,16.17,-0.4582,0.2456,14670.0
709.15,16.03,-0.4184,0.3406,14690.0
709.2,15.89,-0.3786,0.4356,14700.0
709.25,15.94,-0.411,0.203,14710.0
709.3,15.98,-0.4435,-0.02951,14710.0
709.35,15.96,-0.6079,-0.1628,14710.0
709.4,15.94,-0.7723,-0.2961,14680.0
709.45,16.02,-0.7745,-0.07182,14640.0
709.5,16.09,-0.7767,0.1524,14610.0
709.55,15.92,-0.6174,0.08682,14590.0
709.6,15.75,-0.4582,0.02122,14600.0
709.65,15.65,-0.4084,-0.02012,14620.0
709.7,15.56,-0.3587,-0.06146,14640.0
709.75,15.54,-0.3929,-0.1505,14690.0
709.8,15.52,-0.4271,-0.2395,14750.0
709.85,15.48,-0.4124,-0.258,14790.0
709.9,15.44,-0.3977,-0.2766,14780.0
709.95,15.33,-0.5342,-0.4893,14740.0
710.0,15.22,-0.6708,-0.7021,14690.0
710.05,15.28,-0.4417,-0.8165,14650.0
710.1,15.35,-0.2126,-0.9309,14600.0
710.15,15.44,-0.2898,-0.8327,14550.0
710.2,15.52,-0.367,-0.7346,14540.0
710.25,15.4,-0.372,-0.7046,14560.0
710.3,15.28,-0.377,-0.6746,14610.0
710.35,15.23,-0.1811,-0.647,14660.0
710.4,15.17,0.01473,-0.6194,14700.0
710.45,15.27,-0.1823,-0.6305,14730.0
710.5,15.38,-0.3794,-0.6416,14760.0
710.55,15.31,-0.4303,-0.643,14750.0
710.6,15.24,-0.4813,-0.6443,14710.0
710.65,15.38,-0.5874,-0.6101,14670.0
710.7,15.51,-0.6935,-0.5758,14640.0
710.75,15.48,-0.7918,-0.6476,14630.0
710.8,15.46,-0.8901,-0.7194,14620.0
710.85,15.32,-0.9656,-0.6194,14620.0
710.9,15.19,-1.041,-0.5195,14630.0
710.95,15.27,-1.115,-0.3425,14660.0
711.0,15.35,-1.189,-0.1656,14680.0
711.05,15.52,-1.254,-0.2958,14690.0
711.1,15.69,-1.318,-0.4261,14690.0
711.15,15.58,-1.168,-0.5875,14700.0
711.2,15.47,-1.018,-0.7489,14720.0
711.25,15.61,-1.131,-0.7332,14730.0
711.3,15.75,-1.245,-0.7175,14730.0
711.35,15.74,-1.245,-0.5174,14730.0
711.4,15.72,-1.245,-0.3173,14720.0
711.45,15.73,-1.288,-0.3457,14720.0
711.5,15.74,-1.331,-0.3741,14690.0
711.55,15.78,-1.504,-0.3556,14660.0
711.6,15.83,-1.678,-0.337,14650.0
711.65,15.98,-1.6,-0.4185,14650.0
711.7,16.13,-1.522,-0.4999,14670.0
711.75,16.05,-1.385,-0.5655,14680.0
711.8,15.96,-1.247,-0.6311,14700.0
711.85,16.06,-1.22,-0.7556,14730.0
711.9,16.16,-1.193,-0.8801,14740.0
711.95,16.28,-1.309,-0.8621,14740.0
712.0,16.41,-1.426,-0.8441,14710.0
712.05,16.4,-1.449,-0.8798,14670.0
712.1,16.4,-1.471,-0.9155,14650.0
712.15,16.42,-1.714,-1.107,14650.0
712.2,16.44,-1.957,-1.298,14640.0
712.25,16.34,-1.7,-1.24,14640.0
712.3,16.24,-1.442,-1.183,14640.0
712.35,16.35,-1.555,-1.165,14640.0
712.4,16.46,-1.668,-1.148,14640.0
712.45,16.52,-1.625,-1.143,14640.0
712.5,16.58,-1.581,-1.138,14650.0
712.55,16.54,-1.547,-1.077,14670.0
712.6,16.5,-1.513,-1.015,14690.0
712.65,16.4,-1.64,-1.083,14710.0
712.7,16.29,-1.767,-1.151,14690.0
712.75,16.31,-1.535,-1.256,14660.0
712.8,16.33,-1.303,-1.362,14620.0
712.85,16.34,-1.141,-1.337,14580.0
712.9,16.36,-0.9781,-1.312,14540.0
712.95,16.34,-1.066,-1.285,14510.0
713.0,16.32,-1.153,-1.258,14510.0
713.05,16.1,-1.291,-1.152,14540.0
713.1,15.88,-1.429,-1.047,14590.0
713.15,15.79,-1.688,-0.8184,14630.0
713.2,15.7,-1.946,-0.5897,14660.0
713.25,15.64,-1.965,-0.7544,14680.0
713.3,15.57,-1.984,-0.9192,14680.0
713.35,15.58,-1.795,-0.8271,14650.0
713.4,15.59,-1.607,-0.735,14600.0
713.45,15.49,-1.685,-0.7441,14540.0
713.5,15.39,-1.764,-0.7531,14510.0
713.55,15.51,-1.893,-0.9527,14490.0
713.6,15.63,-2.023,-1.152,14490.0
713.65,15.5,-2.029,-1.181,14510.0
713.7,15.38,-2.035,-1.21,14540.0
713.75,15.37,-2.046,-1.073,14580.0
713.8,15.35,-2.057,-0.9353,14600.0
713.85,15.4,-1.807,-0.7874,14610.0
713.9,15.45,-1.556,-0.6394,14610.0
713.95,15.36,-1.558,-0.6882,14600.0
714.0,15.28,-1.559,-0.737,14590.0
714.05,15.32,-1.737,-0.7926,14570.0
714.1,15.36,-1.914,-0.8482,14530.0
714.15,15.39,-1.835,-0.7693,14510.0
714.2,15.43,-1.757,-0.6904,14500.0
714.25,15.64,-1.782,-0.7499,14500.0
714.3,15.84,-1.808,-0.8094,14510.0
714.35,15.74,-1.662,-0.8415,14510.0
714.4,15.65,-1.517,-0.8736,14520.0
714.45,15.6,-1.412,-0.9723,14540.0
714.5,15.55,-1.307,-1.071,14550.0
714.55,15.7,-1.344,-0.8298,14540.0
714.6,15.85,-1.38,-0.5885,14520.0
714.65,16.0,-1.324,-0.6287,14500.0
714.7,16.15,-1.268,-0.669,14480.0
714.75,16.29,-1.467,-0.4898,14470.0
714.8,16.42,-1.666,-0.3107,14450.0
714.85,16.28,-1.903,-0.3922,14450.0
714.9,16.13,-2.141,-0.4736,14460.0
714.95,16.18,-2.028,-0.4015,14460.0
715.0,16.23,-1.915,-0.3295,14460.0
715.05,15.98,-1.855,-0.3992,14450.0
715.1,15.74,-1.795,-0.469,14460.0
715.15,15.75,-1.773,-0.4657,14470.0
715.2,15.75,-1.751,-0.4624,14480.0
715.25,15.69,-1.709,-0.3083,14480.0
715.3,15.62,-1.666,-0.1541,14470.0
715.35,15.46,-1.386,-0.07731,14460.0
715.4,15.29,-1.106,-0.0004877,14440.0
715.45,15.47,-1.083,-0.2617,14420.0
715.5,15.64,-1.06,-0.5229,14390.0
715.55,15.75,-1.015,-0.4615,14370.0
715.6,15.86,-0.9697,-0.4002,14370.0
715.65,15.88,-0.9612,-0.133,14390.0
715.7,15.9,-0.9526,0.1341,14410.0
715.75,15.91,-0.9389,-0.08402,14420.0
715.8,15.91,-0.9251,-0.3022,14430.0
715.85,16.01,-0.7261,-0.4341,14440.0
715.9,16.12,-0.5271,-0.566,14420.0
715.95,16.05,-0.418,-0.3147,14410.0
716.0,15.98,-0.3089,-0.06341,14390.0
716.05,15.96,-0.3364,-0.06316,14380.0
716.1,15.94,-0.3638,-0.06292,14370.0
716.15,16.0,-0.6001,-0.0984,14360.0
716.2,16.06,-0.8364,-0.1339,14340.0
716.25,15.94,-0.7735,-0.03512,14330.0
716.3,15.83,-0.7106,0.06365,14330.0
716.35,15.76,-0.712,-0.07877,14330.0
716.4,15.7,-0.7134,-0.2212,14340.0
716.45,15.77,-0.6813,-0.3806,14340.0
716.5,15.84,-0.6493,-0.5399,14350.0
716.55,15.81,-0.7122,-0.5168,14350.0
716.6,15.78,-0.7751,-0.4936,14350.0
716.65,15.65,-0.7629,-0.5797,14340.0
716.7,15.52,-0.7508,-0.6658,14320.0
716.75,15.58,-0.8179,-0.658,14310.0
716.8,15.64,-0.8849,-0.6502,14310.0
716.85,15.58,-0.6449,-0.5684,14310.0
716.9,15.52,-0.4049,-0.4865,14300.0
716.95,15.43,-0.4208,-0.6247,14290.0
717.0,15.34,-0.4367,-0.7628,14300.0
717.05,15.39,-0.6447,-0.8906,14300.0
717.1,15.44,-0.8527,-1.018,14300.0
717.15,15.37,-0.7267,-1.12,14300.0
717.2,15.3,-0.6007,-1.222,14300.0
717.25,15.33,-0.4017,-1.049,14300.0
717.3,15.35,-0.2026,-0.8765,14310.0
717.35,15.27,-0.1079,-0.7426,14310.0
717.4,15.19,-0.01314,-0.6087,14300.0
717.45,15.29,-0.005971,-0.5147,14290.0
717.5,15.4,0.001194,-0.4207,14290.0
717.55,15.35,-0.1495,-0.4653,14290.0
717.6,15.3,-0.3002,-0.5099,14290.0
717.65,15.26,-0.3135,-0.4425,14290.0
717.7,15.22,-0.3268,-0.3751,14290.0
717.75,15.15,-0.3826,-0.4924,14310.0
717.8,15.08,-0.4383,-0.6097,14310.0
717.85,14.99,-0.3475,-0.4621,14290.0
717.9,14.9,-0.2568,-0.3146,14280.0
717.95,14.88,-0.07763,-0.1363,14280.0
718.0,14.86,0.1015,0.04195,14290.0
718.05,14.92,0.116,0.06963,14300.0
718.1,14.98,0.1306,0.09731,14320.0
718.15,14.85,-0.01393,-0.03256,14340.0
718.2,14.73,-0.1584,-0.1624,14350.0
718.25,14.99,-0.06867,-0.1356,14340.0
718.3,15.26,0.0211,-0.1088,14300.0
718.35,15.41,0.07345,0.02073,14260.0
718.4,15.56,0.1258,0.1502,14240.0
718.45,15.56,0.1363,0.4356,14240.0
718.5,15.57,0.1469,0.7209,14250.0
718.55,15.5,-0.07205,0.4463,14260.0
718.6,15.43,-0.291,0.1717,14270.0
718.65,15.44,-0.4021,0.184,14280.0
718.7,15.46,-0.5131,0.1963,14280.0
718.75,15.42,-0.3296,0.2233,14260.0
718.8,15.39,-0.1461,0.2502,14230.0
718.85,15.32,-0.1125,0.2531,14220.0
718.9,15.25,-0.07882,0.2561,14220.0
718.95,15.26,-0.2785,0.3235,14210.0
719.0,15.27,-0.4781,0.3909,14190.0
719.05,15.09,-0.3692,0.464,14170.0
719.1,14.9,-0.2603,0.537,14160.0
719.15,15.03,-0.34,0.3491,14160.0
719.2,15.16,-0.4196,0.1612,14160.0
719.25,15.16,-0.4248,0.1669,14150.0
719.3,15.15,-0.4299,0.1727,14160.0
719.35,15.11,-0.4536,0.2095,14170.0
719.4,15.06,-0.4773,0.2463,14180.0
719.45,14.92,-0.7647,0.1422,14170.0
719.5,14.78,-1.052,0.03804,14160.0
719.55,14.67,-0.8841,-0.07426,14150.0
719.6,14.56,-0.7162,-0.1866,14140.0
719.65,14.45,-0.4457,-0.4006,14130.0
719.7,14.35,-0.1752,-0.6146,14120.0
719.75,14.55,-0.1736,-0.5886,14110.0
719.8,14.74,-0.172,-0.5626,14120.0
719.85,14.75,-0.4331,-0.5503,14130.0
719.9,14.75,-0.6943,-0.538,14140.0
719.95,14.78,-0.7635,-0.4853,14160.0
720.0,14.8,-0.8328,-0.4326,14170.0
720.05,14.66,-0.706,-0.293,14190.0
720.1,14.51,-0.5792,-0.1534,14200.0
720.15,14.46,-0.6252,-0.2107,14190.0
720.2,14.42,-0.6712,-0.268,14170.0
720.25,14.32,-0.7321,-0.2839,14160.0
720.3,14.23,-0.793,-0.2997,14150.0
720.35,14.15,-0.7438,-0.2,14140.0
720.4,14.07,-0.6947,-0.1002,14140.0
720.45,14.0,-0.5605,-0.06231,14140.0
720.5,13.93,-0.4263,-0.02439,14160.0
720.55,13.82,-0.2279,0.005121,14210.0
720.6,13.71,-0.02946,0.03463,14240.0
720.65,13.7,0.1164,0.02548,14260.0
720.7,13.69,0.2623,0.01634,14260.0
720.75,13.67,0.127,0.1957,14240.0
720.8,13.65,-0.00836,0.3751,14220.0
720.85,13.6,-0.05076,0.3604,14190.0
720.9,13.54,-0.09315,0.3458,14160.0
720.95,13.52,0.1059,0.3123,14140.0
721.0,13.5,0.3049,0.2787,14140.0
721.05,13.32,0.2307,0.1206,14160.0
721.1,13.14,0.1564,-0.03756,14180.0
721.15,12.99,0.02707,0.01414,14200.0
721.2,12.83,-0.1023,0.06585,14220.0
721.25,12.75,-0.09693,-0.1344,14220.0
721.3,12.66,-0.09156,-0.3346,14210.0
721.35,12.81,0.001791,-0.3547,14170.0
721.4,12.95,0.09514,-0.3748,14130.0
721.45,13.1,0.1141,-0.3306,14100.0
721.5,13.25,0.133,-0.2863,14090.0
721.55,13.24,-0.002389,-0.3726,14100.0
721.6,13.23,-0.1377,-0.459,14120.0
721.65,13.29,0.02986,-0.542,14140.0
721.7,13.35,0.1974,-0.6251,14150.0
721.75,13.44,0.1449,-0.688,14150.0
721.8,13.54,0.09236,-0.7509,14130.0
721.85,13.52,-0.07603,-0.887,14090.0
721.9,13.51,-0.2444,-1.023,14060.0
721.95,13.7,-0.07404,-0.9801,14040.0
722.0,13.9,0.09634,-0.9372,14040.0
722.05,13.82,0.3382,-0.9349,14040.0
722.1,13.74,0.58,-0.9326,14050.0
722.15,13.72,0.4737,-0.7277,14080.0
722.2,13.71,0.3674,-0.5229,14110.0
722.25,13.71,0.2826,-0.6097,14120.0
722.3,13.72,0.1978,-0.6965,14100.0
722.35,13.71,0.2172,-0.6182,14070.0
722.4,13.7,0.2365,-0.5399,14030.0
722.45,13.41,0.248,-0.4584,13990.0
722.5,13.11,0.2596,-0.3768,13950.0
722.55,13.11,0.2148,-0.3196,13930.0
722.6,13.1,0.17,-0.2624,13940.0
722.65,13.09,0.209,-0.3833,13970.0
722.7,13.08,0.248,-0.5041,14010.0
722.75,13.19,0.125,-0.4409,14050.0
722.8,13.29,0.00199,-0.3778,14070.0
722.85,13.34,-0.08738,-0.6102,14070.0
722.9,13.38,-0.1767,-0.8426,14050.0
722.95,13.42,-0.1322,-0.7848,14000.0
723.0,13.47,-0.08758,-0.727,13950.0
723.05,13.6,-0.2166,-0.6146,13900.0
723.1,13.73,-0.3455,-0.5021,13880.0
723.15,13.72,-0.2484,-0.4129,13880.0
723.2,13.7,-0.1513,-0.3236,13890.0
723.25,13.63,-0.2251,-0.2875,13930.0
723.3,13.56,-0.299,-0.2514,13970.0
723.35,13.5,-0.2126,-0.3626,14000.0
723.4,13.44,-0.1262,-0.4739,14020.0
723.45,13.4,-0.04996,-0.4502,14020.0
723.5,13.35,0.02627,-0.4265,14000.0
723.55,13.28,-0.07006,-0.4091,13970.0
723.6,13.21,-0.1664,-0.3917,13940.0
723.65,13.42,-0.2848,-0.3779,13910.0
723.7,13.63,-0.4033,-0.3641,13880.0
723.75,13.73,-0.453,-0.5014,13860.0
723.8,13.83,-0.5028,-0.6387,13870.0
723.85,13.83,-0.2655,-0.6603,13890.0
723.9,13.84,-0.02826,-0.6819,13920.0
723.95,13.74,0.02607,-0.4919,13940.0
724.0,13.64,0.08041,-0.3019,13960.0
724.05,13.46,0.04518,-0.3437,13970.0
724.1,13.28,0.009952,-0.3856,13970.0
724.15,13.17,-0.1929,-0.4632,13940.0
724.2,13.06,-0.3957,-0.5409,13900.0
724.25,13.0,-0.5062,-0.4926,13860.0
724.3,12.95,-0.6166,-0.4443,13840.0
724.35,12.83,-0.6407,-0.5373,13820.0
724.4,12.71,-0.6648,-0.6302,13810.0
724.45,12.6,-0.7997,-0.5957,13810.0
724.5,12.49,-0.9347,-0.5612,13830.0
724.55,12.65,-0.7836,-0.3013,13840.0
724.6,12.8,-0.6326,-0.04146,13840.0
724.65,12.6,-0.5137,-0.0606,13830.0
724.7,12.4,-0.3949,-0.07975,13820.0
724.75,12.37,-0.2617,-0.07182,13800.0
724.8,12.35,-0.1286,-0.0639,13770.0
724.85,12.21,-0.3792,-0.2848,13740.0
724.9,12.07,-0.6298,-0.5058,13720.0
724.95,11.99,-0.6419,-0.5106,13730.0
725.0,11.91,-0.6541,-0.5153,13750.0
725.05,12.01,-0.6232,-0.3853,13760.0
725.1,12.1,-0.5923,-0.2553,13760.0
725.15,12.06,-0.6003,-0.4778,13750.0
725.2,12.02,-0.6083,-0.7002,13730.0
725.25,12.01,-0.578,-0.6646,13700.0
725.3,12.0,-0.5478,-0.629,13650.0
725.35,11.95,-0.5659,-0.5697,13610.0
725.4,11.9,-0.584,-0.5104,13600.0
725.45,11.96,-0.7384,-0.4669,13620.0
725.5,12.02,-0.8929,-0.4234,13650.0
725.55,11.82,-0.9443,-0.4189,13680.0
725.6,11.62,-0.9956,-0.4143,13710.0
725.65,11.54,-0.912,-0.5644,13730.0
725.7,11.45,-0.8284,-0.7146,13740.0
725.75,11.65,-0.6505,-0.8315,13700.0
725.8,11.84,-0.4725,-0.9484,13640.0
725.85,11.87,-0.3278,-0.9718,13580.0
725.9,11.9,-0.1831,-0.9953,13540.0
725.95,11.83,-0.3445,-0.8988,13530.0
726.0,11.76,-0.506,-0.8024,13530.0
726.05,11.72,-0.5856,-0.6958,13550.0
726.1,11.68,-0.6652,-0.5892,13590.0
726.15,11.75,-0.6809,-0.4919,13640.0
726.2,11.83,-0.6966,-0.3946,13670.0
726.25,11.76,-0.8276,-0.3712,13690.0
726.3,11.69,-0.9586,-0.3478,13690.0
726.35,11.7,-0.8969,-0.1433,13680.0
726.4,11.71,-0.8352,0.06121,13660.0
726.45,11.76,-0.7138,0.04353,13620.0
726.5,11.8,-0.5923,0.02585,13550.0
726.55,11.77,-0.5579,-0.1191,13500.0
726.6,11.74,-0.5235,-0.2641,13480.0
726.65,11.89,-0.4441,-0.1058,13480.0
726.7,12.03,-0.3646,0.05243,13510.0
726.75,12.21,-0.4797,-0.1641,13550.0
726.8,12.39,-0.5947,-0.3807,13620.0
726.85,12.38,-0.7291,-0.293,13660.0
726.9,12.37,-0.8634,-0.2053,13670.0
726.95,12.38,-0.8601,-0.07694,13640.0
727.0,12.39,-0.8567,0.05146,13570.0
727.05,12.34,-0.9948,0.0178,13510.0
727.1,12.29,-1.133,-0.01585,13460.0
727.15,12.34,-1.067,-0.1102,13420.0
727.2,12.38,-1.0,-0.2046,13400.0
727.25,12.38,-1.161,-0.1145,13420.0
727.3,12.38,-1.321,-0.02439,13470.0
727.35,12.38,-1.302,0.03134,13510.0
727.4,12.38,-1.283,0.08706,13530.0
727.45,12.27,-1.08,0.1291,13510.0
727.5,12.16,-0.8766,0.1712,13480.0
727.55,12.23,-0.8443,0.2596,13440.0
727.6,12.3,-0.8121,0.348,13390.0
727.65,12.27,-0.8429,0.195,13340.0
727.7,12.24,-0.8738,0.04195,13310.0
727.75,12.31,-0.58,-0.1634,13320.0
727.8,12.39,-0.2862,-0.3687,13360.0
727.85,12.5,-0.2285,-0.2186,13390.0
727.9,12.62,-0.1708,-0.06853,13400.0
727.95,12.58,-0.2156,0.09877,13400.0
728.0,12.54,-0.2603,0.2661,13380.0
728.05,12.51,-0.2434,0.2236,13360.0
728.1,12.49,-0.2265,0.1812,13310.0
728.15,12.42,-0.09972,0.2017,13270.0
728.2,12.34,0.02707,0.2222,13250.0
728.25,12.56,0.1771,0.2725,13250.0
728.3,12.78,0.3272,0.3229,13270.0
728.35,12.78,0.3105,0.3536,13280.0
728.4,12.78,0.2938,0.3843,13300.0
728.45,12.91,0.4375,0.2392,13310.0
728.5,13.03,0.5812,0.09414,13330.0
728.55,12.89,0.6035,0.1571,13320.0
728.6,12.75,0.6258,0.22,13290.0
728.65,12.61,0.5498,0.08267,13250.0
728.7,12.47,0.4737,-0.05463,13220.0
728.75,12.6,0.4098,0.2434,13210.0
728.8,12.74,0.3459,0.5414,13190.0
728.85,12.84,0.1837,0.509,13190.0
728.9,12.95,0.0215,0.4765,13200.0
728.95,12.83,-0.1061,0.4645,13230.0
729.0,12.71,-0.2337,0.4524,13270.0
729.05,12.68,-0.2767,0.3956,13310.0
729.1,12.65,-0.3197,0.3387,13320.0
729.15,12.36,-0.454,0.3083,13310.0
729.2,12.08,-0.5884,0.2778,13290.0
729.25,11.77,-0.6519,0.2496,13250.0
729.3,11.47,-0.7154,0.2214,13200.0
729.35,11.6,-0.6176,0.1751,13150.0
729.4,11.74,-0.5199,0.1288,13130.0
729.45,11.85,-0.3804,0.3664,13150.0
729.5,11.96,-0.2408,0.6041,13180.0
729.55,12.01,-0.4403,0.4013,13220.0
729.6,12.06,-0.6397,0.1985,13260.0
729.65,11.99,-0.6572,0.4454,13310.0
729.7,11.92,-0.6748,0.6924,13340.0
729.75,12.11,-0.5515,0.7319,13320.0
729.8,12.29,-0.4283,0.7714,13280.0
729.85,12.13,-0.5705,0.6959,13230.0
729.9,11.96,-0.7126,0.6204,13190.0
729.95,11.93,-0.6485,0.507,13150.0
730.0,11.9,-0.5844,0.3936,13120.0
730.05,11.99,-0.4383,0.2578,13110.0
730.1,12.08,-0.2922,0.1219,13150.0
730.15,12.13,-0.418,0.2575,13200.0
730.2,12.18,-0.5438,0.3931,13250.0
730.25,12.25,-0.5233,0.3352,13270.0
730.3,12.33,-0.5028,0.2773,13280.0
730.35,12.38,-0.5169,0.2648,13280.0
730.4,12.44,-0.531,0.2524,13250.0
730.45,12.38,-0.4232,0.3051,13210.0
730.5,12.32,-0.3153,0.3578,13160.0
730.55,12.38,-0.3738,0.2998,13130.0
730.6,12.45,-0.4323,0.2419,13130.0
730.65,12.38,-0.577,0.1057,13140.0
730.7,12.3,-0.7217,-0.03048,13160.0
730.75,12.41,-0.5782,0.005487,13180.0
730.8,12.52,-0.4347,0.04146,13200.0
730.85,12.44,-0.4369,0.0478,13220.0
730.9,12.37,-0.4391,0.05414,13230.0
730.95,12.45,-0.2964,0.2522,13210.0
731.0,12.53,-0.1537,0.4502,13190.0
731.05,12.53,-0.2858,0.2413,13170.0
731.1,12.52,-0.418,0.03244,13160.0
731.15,12.45,-0.5103,-0.01256,13150.0
731.2,12.39,-0.6027,-0.05755,13140.0
731.25,12.37,-0.6055,-0.09084,13140.0
731.3,12.36,-0.6083,-0.1241,13160.0
731.35,12.44,-0.6529,-0.1771,13180.0
731.4,12.52,-0.6974,-0.23,13180.0
731.45,12.74,-0.7838,-0.1385,13170.0
731.5,12.97,-0.8702,-0.04707,13160.0
731.55,12.94,-0.9341,0.02841,13140.0
731.6,12.92,-0.998,0.1039,13130.0
731.65,12.91,-0.8384,0.02792,13110.0
731.7,12.9,-0.6787,-0.04804,13110.0
731.75,12.87,-0.7974,0.09231,13120.0
731.8,12.83,-0.916,0.2327,13140.0
731.85,12.87,-0.8344,0.3537,13160.0
731.9,12.92,-0.7528,0.4748,13170.0
731.95,12.89,-0.5241,0.4689,13170.0
732.0,12.86,-0.2954,0.4629,13160.0
732.05,12.82,-0.3607,0.5248,13150.0
732.1,12.78,-0.4259,0.5868,13140.0
732.15,12.82,-0.4363,0.4004,13130.0
732.2,12.87,-0.4466,0.2141,13120.0
732.25,13.03,-0.2514,0.2553,13130.0
732.3,13.2,-0.05613,0.2966,13150.0
732.35,13.33,0.09216,0.2238,13160.0
732.4,13.47,0.2404,0.151,13160.0
732.45,13.44,-0.1314,0.3912,13170.0
732.5,13.41,-0.5032,0.6314,13190.0
732.55,13.4,-0.6461,0.3996,13200.0
732.6,13.38,-0.789,0.1678,13200.0
732.65,13.49,-1.07,-0.04146,13190.0
732.7,13.59,-1.35,-0.2507,13180.0
732.75,13.67,-1.209,-0.1453,13170.0
732.8,13.74,-1.068,-0.04,13140.0
732.85,14.01,-1.178,-0.0717,13100.0
732.9,14.28,-1.288,-0.1034,13080.0
732.95,14.23,-1.216,0.001463,13090.0
733.0,14.18,-1.143,0.1063,13120.0
733.05,14.23,-0.9082,0.2716,13150.0
733.1,14.27,-0.6732,0.4368,13180.0
733.15,14.33,-0.5396,0.4697,13210.0
733.2,14.39,-0.406,0.5026,13230.0
733.25,14.45,-0.5615,0.173,13230.0
733.3,14.52,-0.7169,-0.1566,13190.0
733.35,14.6,-0.6883,0.03853,13140.0
733.4,14.68,-0.6596,0.2336,13100.0
733.45,14.62,-0.6335,0.3055,13080.0
733.5,14.56,-0.6075,0.3773,13070.0
733.55,14.45,-0.5693,0.1702,13070.0
733.6,14.34,-0.531,-0.03683,13080.0
733.65,14.3,-0.6254,0.0995,13110.0
733.7,14.26,-0.7197,0.2358,13150.0
733.75,14.31,-0.6911,0.4146,13160.0
733.8,14.36,-0.6624,0.5933,13160.0
733.85,14.22,-0.7374,0.5373,13160.0
733.9,14.08,-0.8125,0.4812,13160.0
733.95,14.08,-0.696,0.2394,13160.0
734.0,14.09,-0.5796,-0.002439,13150.0
734.05,14.02,-0.6976,-0.03951,13120.0
734.1,13.95,-0.8157,-0.07658,13110.0
734.15,13.98,-0.7432,0.1061,13100.0
734.2,14.01,-0.6708,0.2887,13090.0
734.25,14.1,-0.4787,0.3016,13080.0
734.3,14.18,-0.2866,0.3144,13080.0
734.35,14.17,-0.4391,0.3361,13090.0
734.4,14.15,-0.5916,0.3578,13110.0
734.45,14.15,-0.3045,0.3865,13130.0
734.5,14.15,-0.01752,0.4153,13140.0
734.55,14.03,-0.09673,0.3402,13150.0
734.6,13.9,-0.176,0.2651,13170.0
734.65,13.98,-0.2156,0.4832,13180.0
734.7,14.05,-0.2552,0.7014,13180.0
734.75,14.11,-0.2351,0.6955,13170.0
734.8,14.18,-0.215,0.6897,13170.0
734.85,14.15,-0.1055,0.7421,13170.0
734.9,14.11,0.003981,0.7945,13170.0
734.95,14.29,-0.1184,0.6546,13160.0
735.0,14.46,-0.2408,0.5146,13150.0
735.05,14.64,-0.2116,0.4703,13140.0
735.1,14.82,-0.1823,0.4261,13150.0
735.15,14.89,0.009753,0.32,13170.0
735.2,14.95,0.2018,0.2139,13200.0
735.25,14.8,0.2733,0.1924,13240.0
735.3,14.66,0.3447,0.171,13290.0
735.35,14.69,0.3571,0.2941,13330.0
735.4,14.72,0.3694,0.4173,13350.0
735.45,14.71,0.34,0.3925,13340.0
735.5,14.7,0.3105,0.3678,13310.0
735.55,14.79,0.3666,0.1234,13270.0
735.6,14.87,0.4228,-0.121,13240.0
735.65,14.73,0.5671,0.1417,13200.0
735.7,14.58,0.7114,0.4043,13190.0
735.75,14.74,0.7297,0.5518,13220.0
735.8,14.89,0.748,0.6992,13270.0
735.85,14.79,0.7607,0.6577,13330.0
735.9,14.69,0.7735,0.6163,13370.0
735.95,14.73,0.5752,0.4406,13410.0
736.0,14.77,0.377,0.2648,13430.0
736.05,14.73,0.5185,0.3358,13430.0
736.1,14.68,0.66,0.4068,13400.0
736.15,14.72,0.8599,0.4002,13370.0
736.2,14.75,1.06,0.3936,13350.0
736.25,14.43,1.024,0.4903,13360.0
736.3,14.11,0.988,0.587,13370.0
736.35,14.06,1.01,0.4857,13380.0
736.4,14.02,1.031,0.3843,13410.0
736.45,14.04,0.8183,0.1311,13440.0
736.5,14.07,0.6051,-0.1222,13460.0
736.55,14.0,0.6978,-0.2368,13460.0
736.6,13.94,0.7906,-0.3514,13460.0
736.65,13.96,0.8682,-0.3881,13470.0
736.7,13.98,0.9458,-0.4248,13490.0
736.75,14.03,1.069,-0.4373,13520.0
736.8,14.07,1.191,-0.4497,13540.0
736.85,14.22,1.102,-0.3689,13550.0
736.9,14.38,1.012,-0.288,13570.0
736.95,14.35,0.8212,-0.3735,13590.0
737.0,14.32,0.6302,-0.459,13590.0
737.05,14.25,0.6019,-0.116,13570.0
737.1,14.18,0.5736,0.227,13550.0
737.15,14.22,0.3535,0.1632,13550.0
737.2,14.27,0.1334,0.09926,13560.0
737.25,14.18,0.2004,0.2181,13580.0
737.3,14.09,0.2675,0.337,13610.0
737.35,14.27,0.2255,0.4887,13640.0
737.4,14.45,0.1835,0.6404,13680.0
737.45,14.43,0.2054,0.6138,13720.0
737.5,14.42,0.2273,0.5873,13730.0
737.55,14.41,0.4261,0.7625,13720.0
737.6,14.4,0.625,0.9377,13690.0
737.65,14.49,0.5886,0.8278,13660.0
737.7,14.58,0.5521,0.718,13640.0
737.75,14.49,0.5183,0.5804,13630.0
737.8,14.4,0.4845,0.4429,13640.0
737.85,14.19,0.4389,0.4769,13670.0
737.9,13.97,0.3933,0.5109,13730.0
737.95,14.09,0.299,0.5298,13780.0
738.0,14.21,0.2046,0.5487,13800.0
738.05,14.34,0.1194,0.6047,13810.0
738.1,14.47,0.03424,0.6607,13820.0
738.15,14.35,-0.003981,0.5075,13830.0
738.2,14.22,-0.0422,0.3544,13830.0
738.25,14.12,0.0003981,0.3126,13840.0
738.3,14.03,0.04299,0.2709,13850.0
738.35,14.24,0.2168,0.3937,13880.0
738.4,14.46,0.3905,0.5165,13900.0
738.45,14.24,0.2707,0.2789,13900.0
738.5,14.01,0.1509,0.04121,13890.0
738.55,14.12,0.03603,0.0189,13900.0
738.6,14.23,-0.07882,-0.003414,13920.0
738.65,14.2,-0.03025,-0.02085,13950.0
738.7,14.16,0.01831,-0.03829,13980.0
738.75,14.22,0.2303,-0.1758,14000.0
738.8,14.28,0.4423,-0.3134,14030.0
738.85,14.23,0.3766,-0.1406,14060.0
738.9,14.19,0.3109,0.03219,14090.0
738.95,14.21,0.4843,-0.06877,14100.0
739.0,14.23,0.6576,-0.1697,14110.0
739.05,13.99,0.6361,-0.1643,14130.0
739.1,13.75,0.6146,-0.1588,14140.0
739.15,13.56,0.5531,-0.1875,14140.0
739.2,13.38,0.4916,-0.2163,14130.0
739.25,13.46,0.3664,-0.2379,14120.0
739.3,13.54,0.2412,-0.2595,14130.0
739.35,13.69,0.3969,-0.26,14150.0
739.4,13.84,0.5525,-0.2605,14170.0
739.45,13.93,0.62,-0.204,14210.0
739.5,14.02,0.6875,-0.1475,14260.0
739.55,14.36,0.8804,-0.02097,14330.0
739.6,14.71,1.073,0.1056,14370.0
739.65,14.7,0.9741,-0.05438,14380.0
739.7,14.7,0.875,-0.2144,14360.0
739.75,14.65,0.6933,-0.05792,14350.0
739.8,14.61,0.5115,0.09853,14340.0
739.85,14.38,0.5263,0.03756,14330.0
739.9,14.15,0.541,-0.02341,14320.0
739.95,14.2,0.4968,-0.001463,14330.0
740.0,14.26,0.4526,0.02049,14360.0
740.05,14.4,0.4238,0.04756,14410.0
740.1,14.54,0.3949,0.07463,14450.0
740.15,14.72,0.2295,-0.09133,14470.0
740.2,14.91,0.06409,-0.2573,14490.0
740.25,14.88,0.1493,-0.2757,14520.0
740.3,14.85,0.2345,-0.2941,14550.0
740.35,14.84,0.3346,-0.1321,14540.0
740.4,14.84,0.4347,0.03,14510.0
740.45,14.84,0.4379,0.04646,14480.0
740.5,14.85,0.4411,0.06292,14460.0
740.55,15.0,0.579,-0.101,14440.0
740.6,15.15,0.7169,-0.2648,14420.0
740.65,15.2,0.703,-0.3211,14410.0
740.7,15.26,0.6891,-0.3773,14460.0
740.75,15.09,0.5422,-0.4857,14530.0
740.8,14.93,0.3953,-0.5941,14600.0
740.85,14.88,0.2331,-0.6126,14650.0
740.9,14.82,0.07086,-0.6311,14680.0
740.95,14.7,0.1728,-0.6009,14690.0
741.0,14.58,0.2747,-0.5707,14690.0
741.05,14.48,0.3053,-0.2597,14640.0
741.1,14.37,0.336,0.05121,14590.0
741.15,14.56,0.4596,0.191,14570.0
741.2,14.75,0.5832,0.3307,14580.0
741.25,14.87,0.4775,0.1827,14620.0
741.3,14.99,0.3718,0.03463,14660.0
741.35,15.07,0.2759,-0.02402,14700.0
741.4,15.14,0.1799,-0.08267,14760.0
741.45,15.24,0.1529,-0.1779,14810.0
741.5,15.34,0.1258,-0.2731,14830.0
741.55,15.33,-0.05135,-0.3806,14820.0
741.6,15.32,-0.2285,-0.488,14810.0
741.65,15.19,-0.1139,-0.4906,14800.0
741.7,15.06,0.0007962,-0.4931,14810.0
741.75,15.07,-0.1889,-0.5764,14810.0
741.8,15.09,-0.3786,-0.6597,14810.0
741.85,15.0,-0.3189,-0.6615,14830.0
741.9,14.92,-0.2592,-0.6633,14860.0
741.95,15.04,-0.3002,-0.5546,14880.0
742.0,15.16,-0.3412,-0.4458,14890.0
742.05,15.24,-0.341,-0.4332,14880.0
742.1,15.32,-0.3408,-0.4207,14890.0
742.15,15.31,-0.3871,-0.2685,14900.0
742.2,15.29,-0.4335,-0.1163,14930.0
742.25,15.28,-0.5147,-0.1425,14950.0
742.3,15.27,-0.5959,-0.1688,14960.0
742.35,15.3,-0.4942,-0.2755,14980.0
742.4,15.33,-0.3925,-0.3822,14980.0
742.45,15.15,-0.3217,-0.417,14970.0
742.5,14.97,-0.2508,-0.4519,14950.0
742.55,15.07,-0.2355,-0.3189,14940.0
742.6,15.17,-0.2201,-0.1858,14940.0
742.65,15.34,-0.1901,-0.1855,14940.0
742.7,15.5,-0.16,-0.1851,14960.0
742.75,15.38,-0.1077,-0.27,14980.0
742.8,15.26,-0.05533,-0.3548,14990.0
742.85,15.28,-0.2217,-0.5224,14990.0
742.9,15.3,-0.3881,-0.6899,15010.0
742.95,15.4,-0.3485,-0.5549,15030.0
743.0,15.5,-0.3089,-0.42,15050.0
743.05,15.49,-0.3644,-0.2925,15050.0
743.1,15.48,-0.42,-0.1651,15050.0
743.15,15.34,-0.338,-0.1671,15030.0
743.2,15.2,-0.256,-0.169,15000.0
743.25,15.41,-0.4066,-0.1594,14950.0
743.3,15.63,-0.5573,-0.1497,14920.0
743.35,15.49,-0.4926,-0.1761,14910.0
743.4,15.35,-0.4279,-0.2024,14940.0
743.45,15.32,-0.5675,-0.123,14990.0
743.5,15.3,-0.707,-0.04365,15060.0
743.55,15.21,-0.9538,0.03719,15110.0
743.6,15.13,-1.201,0.118,15150.0
743.65,15.26,-1.234,-0.06255,15150.0
743.7,15.4,-1.267,-0.2431,15120.0
743.75,15.42,-1.265,-0.1374,15060.0
743.8,15.44,-1.264,-0.0317,15000.0
743.85,15.34,-1.174,0.02573,14960.0
743.9,15.25,-1.084,0.08316,14950.0
743.95,15.11,-1.18,0.09097,14970.0
744.0,14.96,-1.275,0.09877,15010.0
744.05,14.98,-1.275,0.2323,15080.0
744.1,15.0,-1.276,0.3658,15140.0
744.15,14.88,-1.332,0.3604,15180.0
744.2,14.77,-1.388,0.3551,15190.0
744.25,14.8,-1.345,0.3858,15180.0
744.3,14.82,-1.303,0.4165,15150.0
744.35,14.84,-1.438,0.3451,15110.0
744.4,14.85,-1.573,0.2736,15060.0
744.45,14.8,-1.522,0.0467,15040.0
744.5,14.75,-1.471,-0.1802,15040.0
744.55,14.65,-1.391,-0.06841,15070.0
744.6,14.55,-1.31,0.04341,15100.0
744.65,14.65,-1.254,-0.1055,15140.0
744.7,14.75,-1.198,-0.2544,15180.0
744.75,14.53,-1.253,-0.3401,15190.0
744.8,14.32,-1.308,-0.4258,15180.0
744.85,14.35,-1.253,-0.3217,15160.0
744.9,14.38,-1.197,-0.2175,15140.0
744.95,14.32,-1.03,-0.2677,15110.0
745.0,14.25,-0.8626,-0.3178,15110.0
745.05,14.44,-0.9516,-0.2661,15120.0
745.1,14.64,-1.041,-0.2144,15140.0
745.15,14.67,-0.9874,-0.09023,15160.0
745.2,14.69,-0.9343,0.0339,15180.0
745.25,14.83,-1.001,0.09621,15190.0
745.3,14.98,-1.068,0.1585,15190.0
745.35,15.04,-0.9267,0.297,15160.0
745.4,15.11,-0.785,0.4356,15130.0
745.45,15.04,-0.7653,0.3495,15120.0
745.5,14.97,-0.7456,0.2634,15120.0
745.55,14.97,-0.8451,0.343,15140.0
745.6,14.97,-0.9447,0.4226,15170.0
745.65,15.05,-0.8682,0.4219,15210.0
745.7,15.12,-0.7918,0.4212,15240.0
745.75,15.36,-0.7243,0.3695,15260.0
745.8,15.59,-0.6568,0.3178,15230.0
745.85,15.44,-0.5354,0.2183,15180.0
745.9,15.28,-0.414,0.1188,15140.0
745.95,15.45,-0.3621,0.1845,15110.0
746.0,15.63,-0.3101,0.2502,15110.0
746.05,15.43,-0.4244,0.3202,15120.0
746.1,15.23,-0.5386,0.3902,15150.0
746.15,15.41,-0.6178,0.5315,15200.0
746.2,15.6,-0.697,0.6729,15250.0
746.25,15.55,-0.6592,0.4446,15280.0
746.3,15.5,-0.6214,0.2163,15270.0
746.35,15.42,-0.5643,0.1177,15240.0
746.4,15.33,-0.5072,0.01902,15210.0
746.45,15.3,-0.5036,0.02073,15170.0
746.5,15.26,-0.5,0.02244,15130.0
746.55,15.45,-0.4297,0.05377,15110.0
746.6,15.64,-0.3595,0.08511,15130.0
746.65,15.65,-0.2966,0.1766,15180.0
746.7,15.67,-0.2337,0.268,15230.0
746.75,15.68,-0.2625,0.3951,15260.0
746.8,15.68,-0.2914,0.5221,15280.0
746.85,15.73,-0.1976,0.4387,15290.0
746.9,15.79,-0.1039,0.3553,15270.0
746.95,15.74,0.01274,0.4406,15230.0
747.0,15.69,0.1294,0.5258,15180.0
747.05,15.78,-0.04399,0.3795,15140.0
747.1,15.87,-0.2174,0.2331,15140.0
747.15,16.07,-0.2864,0.01597,15170.0
747.2,16.27,-0.3555,-0.2012,15210.0
747.25,16.05,-0.6174,-0.01171,15250.0
747.3,15.82,-0.8794,0.1778,15290.0
747.35,15.9,-1.003,0.1016,15320.0
747.4,15.98,-1.126,0.02536,15320.0
747.45,15.73,-0.9833,-0.04378,15280.0
747.5,15.48,-0.8404,-0.1129,15230.0
747.55,15.38,-0.8571,-0.08706,15190.0
747.6,15.29,-0.8738,-0.06121,15170.0
747.65,15.1,-0.878,0.05768,15170.0
747.7,14.92,-0.8822,0.1766,15190.0
747.75,14.99,-0.9433,0.09743,15220.0
747.8,15.05,-1.004,0.01829,15270.0
747.85,15.11,-1.081,-0.07475,15310.0
747.9,15.16,-1.158,-0.1678,15320.0
747.95,15.49,-1.025,-0.1134,15320.0
748.0,15.81,-0.8921,-0.05902,15300.0
748.05,15.95,-0.9526,0.08072,15280.0
748.1,16.08,-1.013,0.2205,15240.0
748.15,15.96,-0.9976,0.1491,15210.0
748.2,15.83,-0.9821,0.0778,15200.0
748.25,15.8,-1.006,0.04231,15210.0
748.3,15.78,-1.03,0.006829,15260.0
748.35,15.92,-0.9669,0.07133,15300.0
748.4,16.06,-0.9036,0.1358,15330.0
748.45,15.7,-0.8959,0.1624,15350.0
748.5,15.34,-0.8881,0.189,15350.0
748.55,15.25,-0.7422,0.4752,15350.0
748.6,15.15,-0.5963,0.7614,15320.0
748.65,15.26,-0.416,0.601,15290.0
748.7,15.37,-0.2357,0.4407,15280.0
748.75,15.31,-0.1801,0.2479,15280.0
748.8,15.24,-0.1246,0.05512,15300.0
748.85,15.36,-0.259,0.05426,15320.0
748.9,15.48,-0.3933,0.05341,15340.0
748.95,15.37,-0.3863,0.09328,15360.0
749.0,15.27,-0.3794,0.1332,15380.0
749.05,15.47,-0.5205,0.1385,15370.0
749.1,15.66,-0.6616,0.1439,15350.0
749.15,15.57,-0.7225,0.09511,15340.0
749.2,15.47,-0.7834,0.04634,15340.0
749.25,15.35,-0.8159,-0.02366,15350.0
749.3,15.23,-0.8483,-0.09365,15350.0
749.35,15.15,-1.079,-0.04878,15360.0
749.4,15.06,-1.309,-0.003902,15380.0
749.45,15.17,-1.492,0.1254,15400.0
749.5,15.29,-1.676,0.2546,15400.0
749.55,15.42,-1.429,0.3761,15380.0
749.6,15.56,-1.182,0.4975,15370.0
749.65,15.51,-1.153,0.6531,15360.0
749.7,15.46,-1.125,0.8087,15360.0
749.75,15.36,-1.34,0.5638,15350.0
749.8,15.26,-1.555,0.319,15340.0
749.85,15.25,-1.708,0.2566,15330.0
749.9,15.25,-1.86,0.1941,15330.0
749.95,15.23,-1.855,0.264,15340.0
750.0,15.21,-1.85,0.3339,15360.0
750.05,15.17,-1.792,0.4181,15370.0
750.1,15.12,-1.735,0.5024,15390.0
750.15,15.12,-1.665,0.2189,15410.0
750.2,15.11,-1.594,-0.06463,15410.0
750.25,14.99,-1.463,-0.00695,15400.0
750.3,14.87,-1.332,0.05073,15370.0
750.35,14.73,-1.284,0.007072,15350.0
750.4,14.59,-1.237,-0.03658,15340.0
750.45,14.39,-1.18,0.1907,15340.0
750.5,14.2,-1.123,0.418,15350.0
750.55,14.23,-1.047,0.4897,15370.0
750.6,14.26,-0.9697,0.5614,15400.0
750.65,14.21,-0.874,0.4785,15430.0
750.7,14.15,-0.7783,0.3956,15440.0
750.75,14.35,-0.8682,0.374,15450.0
750.8,14.55,-0.9582,0.3524,15460.0
750.85,14.61,-0.9347,0.3879,15460.0
750.9,14.68,-0.9112,0.4234,15440.0
750.95,14.62,-0.9204,0.5424,15430.0
751.0,14.56,-0.9295,0.6614,15420.0
751.05,14.4,-0.6091,0.8428,15420.0
751.1,14.23,-0.2886,1.024,15430.0
751.15,14.25,-0.3197,1.11,15440.0
751.2,14.27,-0.3507,1.195,15470.0
751.25,14.31,-0.412,1.105,15490.0
751.3,14.34,-0.4733,1.016,15510.0
751.35,14.29,-0.3999,1.062,15520.0
751.4,14.23,-0.3264,1.108,15520.0
751.45,14.06,-0.4548,1.072,15510.0
751.5,13.9,-0.5832,1.035,15490.0
751.55,13.94,-0.5199,1.05,15470.0
751.6,13.98,-0.4566,1.065,15460.0
751.65,14.06,-0.4938,0.9192,15460.0
751.7,14.14,-0.531,0.7736,15460.0
751.75,14.2,-0.8541,0.72,15470.0
751.8,14.26,-1.177,0.6665,15490.0
751.85,14.37,-1.119,0.8458,15510.0
751.9,14.48,-1.06,1.025,15520.0
751.95,14.5,-1.033,0.9449,15520.0
752.0,14.52,-1.005,0.8648,15510.0
752.05,14.77,-1.021,0.7969,15500.0
752.1,15.02,-1.037,0.7289,15490.0
752.15,15.14,-0.9452,0.6453,15470.0
752.2,15.25,-0.8531,0.5616,15460.0
752.25,15.32,-0.8923,0.5368,15440.0
752.3,15.4,-0.9315,0.5119,15420.0
752.35,15.37,-0.6069,0.3078,15420.0
752.4,15.34,-0.2822,0.1036,15420.0
752.45,15.47,-0.2906,-0.08206,15440.0
752.5,15.6,-0.299,-0.2678,15450.0
752.55,15.58,-0.5716,-0.3344,15460.0
752.6,15.55,-0.8443,-0.4009,15450.0
752.65,15.5,-0.8023,-0.2746,15450.0
752.7,15.44,-0.7603,-0.1483,15430.0
752.75,15.68,-0.6809,-0.2123,15420.0
752.8,15.91,-0.6015,-0.2763,15410.0
752.85,15.96,-0.4849,-0.3064,15410.0
752.9,16.0,-0.3682,-0.3365,15420.0
752.95,16.01,-0.1871,-0.3205,15440.0
753.0,16.02,-0.005971,-0.3044,15450.0
753.05,16.03,0.02727,-0.379,15450.0
753.1,16.04,0.06051,-0.4536,15450.0
753.15,16.02,0.02687,-0.3372,15440.0
753.2,16.0,-0.006767,-0.2207,15420.0
753.25,15.97,-0.01115,-0.2288,15410.0
753.3,15.93,-0.01553,-0.2368,15410.0
753.35,15.95,-0.2398,-0.02634,15440.0
753.4,15.96,-0.4642,0.1841,15460.0
753.45,15.96,-0.7343,0.264,15480.0
753.5,15.96,-1.004,0.3439,15480.0
753.55,15.78,-0.9478,0.5365,15480.0
753.6,15.6,-0.8913,0.7292,15470.0
753.65,15.42,-0.7733,0.6735,15460.0
753.7,15.25,-0.6552,0.6177,15450.0
753.75,15.29,-0.6011,0.5498,15430.0
753.8,15.34,-0.547,0.4819,15420.0
753.85,15.51,-0.6174,0.5171,15430.0
753.9,15.69,-0.6879,0.5524,15450.0
753.95,15.71,-0.7713,0.2808,15460.0
754.0,15.73,-0.8547,0.009267,15470.0
754.05,15.64,-0.8634,-0.07463,15490.0
754.1,15.56,-0.8722,-0.1585,15490.0
754.15,15.58,-0.8778,0.01122,15470.0
754.2,15.6,-0.8833,0.181,15450.0
754.25,15.64,-0.9242,0.01354,15440.0
754.3,15.67,-0.965,-0.1539,15440.0
754.35,15.73,-0.9835,-0.2184,15450.0
754.4,15.79,-1.002,-0.2829,15450.0
754.45,15.86,-1.068,-0.233,15440.0
754.5,15.93,-1.134,-0.1832,15450.0
754.55,15.8,-1.055,-0.1502,15450.0
754.6,15.68,-0.9757,-0.1173,15440.0
754.65,15.66,-0.9661,0.04573,15430.0
754.7,15.64,-0.9566,0.2088,15430.0
754.75,15.71,-0.7036,0.1616,15430.0
754.8,15.77,-0.4506,0.1144,15420.0
754.85,15.83,-0.4703,-0.05487,15390.0
754.9,15.88,-0.49,-0.2241,15360.0
754.95,15.85,-0.422,0.09194,15350.0
755.0,15.81,-0.3539,0.408,15350.0
755.05,16.0,-0.09673,0.2631,15340.0
755.1,16.2,0.1604,0.1183,15330.0
755.15,16.34,0.1777,0.1341,15340.0
755.2,16.48,0.1951,0.15,15350.0
755.25,16.36,0.2592,-0.2077,15360.0
755.3,16.23,0.3232,-0.5653,15350.0
755.35,16.2,0.4052,-0.6188,15340.0
755.4,16.17,0.4873,-0.6724,15330.0
755.45,16.07,0.4592,-0.4176,15330.0
755.5,15.96,0.4311,-0.1629,15330.0
755.55,16.06,0.4397,-0.3176,15320.0
755.6,16.16,0.4482,-0.4724,15320.0
755.65,16.19,0.2639,-0.3791,15320.0
755.7,16.23,0.07962,-0.2858,15310.0
755.75,16.65,0.02767,-0.3675,15290.0
755.8,17.07,-0.02428,-0.4492,15270.0
755.85,17.08,-0.04419,-0.5127,15270.0
755.9,17.09,-0.06409,-0.5763,15280.0
755.95,16.94,0.1449,-0.4879,15290.0
756.0,16.78,0.3539,-0.3995,15300.0
756.05,16.81,0.3543,-0.5026,15310.0
756.1,16.84,0.3547,-0.6058,15320.0
756.15,16.87,0.5257,-0.6748,15320.0
756.2,16.9,0.6966,-0.7438,15310.0
756.25,16.97,0.4974,-0.7126,15290.0
756.3,17.03,0.2982,-0.6814,15270.0
756.35,17.0,0.3716,-0.6632,15260.0
756.4,16.96,0.4451,-0.6451,15250.0
756.45,16.89,0.5161,-0.7043,15230.0
756.5,16.83,0.5872,-0.7636,15220.0
756.55,16.78,0.586,-0.9044,15230.0
756.6,16.73,0.5848,-1.045,15240.0
756.65,16.78,0.3111,-0.9467,15260.0
756.7,16.83,0.03742,-0.8482,15290.0
756.75,16.74,0.123,-0.8499,15300.0
756.8,16.65,0.2086,-0.8516,15290.0
756.85,16.73,0.1931,-0.8004,15280.0
756.9,16.81,0.1775,-0.7492,15260.0
756.95,16.77,0.1819,-0.5646,15240.0
757.0,16.73,0.1863,-0.38,15230.0
757.05,16.65,0.05892,-0.4539,15230.0
757.1,16.58,-0.06847,-0.5277,15240.0
757.15,16.54,-0.2472,-0.3281,15260.0
757.2,16.51,-0.4259,-0.1285,15260.0
757.25,16.44,-0.3481,-0.1021,15250.0
757.3,16.37,-0.2703,-0.0756,15240.0
757.35,16.53,-0.2799,-0.1343,15220.0
757.4,16.69,-0.2894,-0.1929,15200.0
757.45,16.81,-0.1351,-0.08353,15180.0
757.5,16.93,0.01911,0.02585,15180.0
757.55,16.93,0.02966,-0.1707,15200.0
757.6,16.93,0.04021,-0.3673,15210.0
757.65,17.06,0.1316,-0.3233,15210.0
757.7,17.18,0.2229,-0.2792,15190.0
757.75,17.2,0.08917,-0.1867,15160.0
757.8,17.22,-0.04459,-0.09414,15150.0
757.85,17.14,-0.2486,-0.009511,15140.0
757.9,17.06,-0.4526,0.07511,15130.0
757.95,16.9,-0.4365,0.1467,15140.0
758.0,16.74,-0.4204,0.2183,15150.0
758.05,16.81,-0.5543,0.08206,15160.0
758.1,16.89,-0.6883,-0.05414,15160.0
758.15,16.95,-0.4737,0.1143,15150.0
758.2,17.02,-0.2592,0.2827,15120.0
758.25,16.96,-0.2132,0.1502,15090.0
758.3,16.9,-0.1672,0.0178,15070.0
758.35,16.85,-0.1716,-0.08036,15060.0
758.4,16.8,-0.176,-0.1785,15070.0
758.45,16.83,-0.1827,-0.3547,15090.0
758.5,16.86,-0.1895,-0.5309,15120.0
758.55,16.78,-0.3025,-0.5059,15150.0
758.6,16.7,-0.4156,-0.4809,15150.0
758.65,16.79,-0.3573,-0.23,15120.0
758.7,16.89,-0.299,0.02097,15090.0
758.75,16.82,-0.1742,-0.06487,15060.0
758.8,16.76,-0.04936,-0.1507,15030.0
758.85,16.8,-0.1652,-0.294,15020.0
758.9,16.85,-0.281,-0.4373,15020.0
758.95,16.76,-0.1576,-0.2523,15040.0
759.0,16.68,-0.03424,-0.06731,15070.0
759.05,16.63,-0.1718,0.2341,15090.0
759.1,16.59,-0.3093,0.5356,15090.0
759.15,16.55,-0.05951,0.4556,15070.0
759.2,16.51,0.1903,0.3756,15050.0
759.25,16.7,0.04677,0.3642,15020.0
759.3,16.89,-0.09673,0.3529,15000.0
759.35,16.73,0.01732,0.4093,14970.0
759.4,16.58,0.1314,0.4658,14960.0
759.45,16.5,-0.003384,0.4954,14980.0
759.5,16.43,-0.1381,0.5251,15010.0
759.55,16.36,-0.084,0.196,15030.0
759.6,16.28,-0.02986,-0.1332,15050.0
759.65,16.32,0.209,0.03914,15060.0
759.7,16.35,0.4478,0.2114,15040.0
759.75,16.49,0.2303,0.397,15010.0
759.8,16.63,0.01274,0.5826,14960.0
759.85,16.51,0.008559,0.5803,14920.0
759.9,16.39,0.004379,0.578,14900.0
759.95,16.2,0.1194,0.5512,14900.0
760.0,16.01,0.2345,0.5243,14920.0
760.05,15.93,0.1614,0.5491,14940.0
760.1,15.85,0.08837,0.5738,14960.0
760.15,15.75,0.1121,0.6482,14980.0
760.2,15.66,0.1357,0.7226,14990.0
760.25,15.75,0.2504,0.7138,14980.0
760.3,15.84,0.365,0.705,14960.0
760.35,15.8,0.1326,0.8434,14940.0
760.4,15.76,-0.09992,0.9818,14920.0
760.45,15.81,-0.05056,0.9273,14910.0
760.5,15.87,-0.001194,0.8728,14890.0
760.55,15.7,0.1791,0.9539,14880.0
760.6,15.54,0.3595,1.035,14870.0
760.65,15.56,0.4094,1.136,14880.0
760.7,15.58,0.4594,1.237,14900.0
760.75,15.69,0.4996,1.248,14920.0
760.8,15.81,0.5398,1.259,14950.0
760.85,15.93,0.5074,1.008,14970.0
760.9,16.04,0.4749,0.7567,14980.0
760.95,15.84,0.3883,0.4673,14960.0
761.0,15.63,0.3017,0.1778,14930.0
761.05,15.6,0.2396,0.2551,14910.0
761.1,15.57,0.1775,0.3324,14900.0
761.15,15.85,0.2918,0.1144,14910.0
761.2,16.13,0.406,-0.1036,14920.0
761.25,16.08,0.49,-0.1955,14930.0
761.3,16.03,0.574,-0.2873,14940.0
761.35,16.09,0.4954,-0.235,14940.0
761.4,16.14,0.4168,-0.1827,14940.0
761.45,16.03,0.1807,-0.1673,14930.0
761.5,15.91,-0.05533,-0.1519,14920.0
761.55,15.82,-0.06509,-0.1278,14930.0
761.6,15.72,-0.07484,-0.1036,14940.0
761.65,15.64,-0.05553,-0.01792,14960.0
761.7,15.56,-0.03623,0.0678,14960.0
761.75,15.38,0.04319,0.05914,14960.0
761.8,15.2,0.1226,0.05048,14940.0
761.85,15.23,0.123,-0.05268,14910.0
761.9,15.25,0.1234,-0.1558,14880.0
761.95,15.14,0.01553,0.0,14870.0
762.0,15.02,-0.09236,0.1558,14870.0
762.05,14.93,-0.2755,0.02829,14880.0
762.1,14.83,-0.4586,-0.09926,14910.0
762.15,14.83,-0.3585,-0.08243,14930.0
762.2,14.83,-0.2584,-0.0656,14940.0
762.25,14.94,-0.2261,0.1083,14940.0
762.3,15.06,-0.1939,0.2822,14920.0
762.35,15.09,-0.09554,0.4129,14880.0
762.4,15.12,0.002787,0.5436,14840.0
762.45,15.0,-0.2124,0.587,14810.0
762.5,14.89,-0.4275,0.6304,14810.0
762.55,14.78,-0.3447,0.4151,14830.0
762.6,14.68,-0.2619,0.1997,14860.0
762.65,14.72,-0.2373,0.1586,14880.0
762.7,14.75,-0.2126,0.1175,14900.0
762.75,14.72,-0.3358,0.0211,14890.0
762.8,14.69,-0.459,-0.07536,14870.0
762.85,14.84,-0.4779,0.04,14830.0
762.9,14.99,-0.4968,0.1553,14800.0
762.95,15.14,-0.6592,0.09243,14780.0
763.0,15.29,-0.8216,0.02951,14780.0
763.05,15.36,-1.02,-0.1256,14800.0
763.1,15.43,-1.218,-0.2807,14820.0
763.15,15.26,-1.377,-0.131,14840.0
763.2,15.1,-1.536,0.01878,14850.0
763.25,15.13,-1.376,-0.02622,14840.0
763.3,15.16,-1.216,-0.07121,14830.0
763.35,15.29,-0.8995,0.06036,14820.0
763.4,15.41,-0.5828,0.1919,14800.0
763.45,15.39,-0.5201,0.4048,14790.0
763.5,15.37,-0.4574,0.6177,14790.0
763.55,15.44,-0.5426,0.7765,14800.0
763.6,15.51,-0.6278,0.9353,14820.0
763.65,15.47,-0.8288,0.606,14830.0
763.7,15.42,-1.03,0.2768,14840.0
763.75,15.54,-0.9821,0.1323,14850.0
763.8,15.65,-0.9343,-0.01219,14850.0
763.85,15.86,-0.6889,0.03548,14850.0
763.9,16.06,-0.4435,0.08316,14840.0
763.95,16.2,-0.6592,0.2155,14820.0
764.0,16.33,-0.875,0.3478,14810.0
764.05,16.42,-0.7673,0.4491,14810.0
764.1,16.5,-0.6596,0.5504,14810.0
764.15,16.34,-0.5295,0.5213,14820.0
764.2,16.19,-0.3993,0.4921,14830.0
764.25,16.12,-0.5203,0.5732,14840.0
764.3,16.06,-0.6413,0.6543,14860.0
764.35,15.96,-0.8039,0.6821,14870.0
764.4,15.87,-0.9665,0.7099,14870.0
764.45,15.79,-0.8322,0.6482,14860.0
764.5,15.72,-0.6978,0.5865,14850.0
764.55,15.68,-0.7677,0.614,14830.0
764.6,15.64,-0.8376,0.6414,14800.0
764.65,15.65,-0.9576,0.7499,14780.0
764.7,15.65,-1.078,0.8584,14770.0
764.75,15.74,-1.232,0.6203,14780.0
764.8,15.83,-1.386,0.3822,14810.0
764.85,15.81,-1.293,0.5559,14830.0
764.9,15.8,-1.2,0.7297,14850.0
764.95,15.93,-1.008,0.7128,14860.0
765.0,16.06,-0.8153,0.696,14850.0
765.05,16.04,-0.7082,0.8289,14810.0
765.1,16.02,-0.6011,0.9618,14760.0
765.15,16.07,-0.5549,0.9757,14730.0
765.2,16.12,-0.5088,0.9896,14730.0
765.25,16.26,-0.4705,0.9955,14750.0
765.3,16.39,-0.4323,1.001,14760.0
765.35,16.26,-0.3732,1.052,14770.0
765.4,16.13,-0.3141,1.103,14780.0
765.45,15.88,-0.129,1.096,14780.0
765.5,15.64,0.05613,1.089,14760.0
765.55,15.7,-0.1533,1.186,14740.0
765.6,15.76,-0.3627,1.283,14720.0
765.65,15.54,-0.3288,1.272,14720.0
765.7,15.31,-0.295,1.262,14720.0
765.75,15.31,-0.06966,1.334,14720.0
765.8,15.31,0.1557,1.407,14720.0
765.85,15.3,0.06847,1.034,14720.0
765.9,15.28,-0.01871,0.6611,14720.0
765.95,15.43,-0.03802,0.7215,14710.0
766.0,15.57,-0.05732,0.7819,14700.0
766.05,15.55,0.1771,0.6658,14690.0
766.1,15.53,0.4116,0.5497,14700.0
766.15,15.68,0.5965,0.552,14710.0
766.2,15.84,0.7814,0.5543,14720.0
766.25,15.86,0.9044,0.3664,14720.0
766.3,15.87,1.027,0.1785,14710.0
766.35,15.91,0.8959,0.3383,14710.0
766.4,15.95,0.7643,0.498,14710.0
766.45,15.9,0.615,0.4703,14710.0
766.5,15.85,0.4658,0.4426,14720.0
766.55,15.95,0.4168,0.4659,14720.0
766.6,16.05,0.3678,0.4892,14730.0
766.65,15.98,0.2806,0.5159,14730.0
766.7,15.92,0.1935,0.5426,14710.0
766.75,15.76,0.289,0.603,14690.0
766.8,15.6,0.3845,0.6633,14680.0
766.85,15.72,0.4877,0.6969,14680.0
766.9,15.84,0.5908,0.7304,14700.0
766.95,15.67,0.5378,0.9727,14720.0
767.0,15.5,0.4849,1.215,14740.0
767.05,15.43,0.5515,1.021,14760.0
767.1,15.36,0.6182,0.8272,14770.0
767.15,15.14,0.7134,0.6162,14750.0
767.2,14.91,0.8085,0.4051,14710.0
767.25,15.08,0.9222,0.4512,14670.0
767.3,15.25,1.036,0.4973,14650.0
767.35,15.26,1.079,0.2773,14640.0
767.4,15.27,1.122,0.05731,14650.0
767.45,15.33,1.006,0.1125,14670.0
767.5,15.39,0.8897,0.1678,14700.0
767.55,15.49,0.9486,0.1045,14720.0
767.6,15.59,1.008,0.04121,14730.0
767.65,15.69,0.9297,0.02658,14710.0
767.7,15.78,0.8519,0.01195,14670.0
767.75,15.81,0.8642,-0.05829,14630.0
767.8,15.85,0.8766,-0.1285,14610.0
767.85,15.82,0.8849,-0.2798,14610.0
767.9,15.8,0.8933,-0.4312,14630.0
767.95,15.8,0.9078,-0.6153,14650.0
768.0,15.81,0.9224,-0.7994,14680.0
768.05,15.7,0.9616,-0.6316,14680.0
768.1,15.59,1.001,-0.4639,14660.0
768.15,15.67,0.874,-0.4603,14620.0
768.2,15.74,0.7472,-0.4568,14580.0
768.25,15.79,0.7462,-0.402,14560.0
768.3,15.85,0.7452,-0.3473,14560.0
768.35,16.01,0.8266,-0.3039,14570.0
768.4,16.18,0.908,-0.2605,14600.0
768.45,16.05,0.5979,-0.1607,14640.0
768.5,15.92,0.2878,-0.06097,14660.0
768.55,15.99,0.5601,0.04085,14660.0
768.6,16.05,0.8324,0.1427,14620.0
768.65,15.9,0.9094,0.3273,14570.0
768.7,15.75,0.9865,0.5119,14530.0
768.75,15.75,1.232,0.4467,14510.0
768.8,15.75,1.478,0.3814,14510.0
768.85,15.53,1.59,0.4302,14520.0
768.9,15.32,1.701,0.479,14540.0
768.95,15.31,1.388,0.3265,14560.0
769.0,15.3,1.076,0.1741,14580.0
769.05,15.43,0.9084,0.1773,14570.0
769.1,15.57,0.7412,0.1805,14560.0
769.15,15.6,0.6334,0.2079,14540.0
769.2,15.64,0.5255,0.2353,14530.0
769.25,15.42,0.5255,0.4074,14520.0
769.3,15.21,0.5255,0.5794,14500.0
769.35,15.3,0.4466,0.6493,14490.0
769.4,15.39,0.3678,0.7192,14480.0
769.45,15.54,0.3069,0.782,14470.0
769.5,15.69,0.246,0.8448,14470.0
769.55,15.79,-0.07285,0.8709,14470.0
769.6,15.88,-0.3917,0.897,14480.0
769.65,15.82,-0.3692,0.8943,14510.0
769.7,15.75,-0.3467,0.8916,14520.0
769.75,15.7,-0.3039,0.7267,14530.0
769.8,15.66,-0.2611,0.5619,14520.0
769.85,15.59,-0.2373,0.4519,14500.0
769.9,15.52,-0.2134,0.3419,14480.0
769.95,15.5,-0.241,0.3239,14460.0
770.0,15.48,-0.2687,0.3058,14450.0
770.05,15.31,-0.2637,0.4936,14450.0
770.1,15.15,-0.2588,0.6814,14470.0
770.15,15.21,-0.3543,0.5925,14480.0
770.2,15.26,-0.4498,0.5036,14480.0
770.25,15.05,-0.3696,0.5502,14470.0
770.3,14.84,-0.2894,0.5968,14460.0
770.35,14.76,-0.3999,0.5298,14450.0
770.4,14.68,-0.5103,0.4629,14430.0
770.45,14.63,-0.6359,0.392,14420.0
770.5,14.59,-0.7615,0.3212,14430.0
770.55,14.54,-0.7227,0.3185,14450.0
770.6,14.49,-0.6839,0.3158,14480.0
770.65,14.61,-0.6407,0.2049,14490.0
770.7,14.73,-0.5975,0.09389,14480.0
770.75,14.69,-0.3893,0.09353,14450.0
770.8,14.64,-0.1811,0.09316,14430.0
770.85,14.74,-0.03762,-0.2007,14410.0
770.9,14.83,0.1059,-0.4946,14390.0
770.95,14.86,0.06529,-0.5015,14380.0
771.0,14.88,0.02468,-0.5085,14400.0
771.05,14.9,0.04638,-0.2486,14440.0
771.1,14.93,0.06807,0.01122,14490.0
771.15,14.97,0.2337,0.07243,14510.0
771.2,15.01,0.3993,0.1336,14520.0
771.25,15.16,0.2566,0.1567,14520.0
771.3,15.31,0.1139,0.1797,14510.0
771.35,15.18,-0.08419,0.1614,14480.0
771.4,15.06,-0.2822,0.1432,14440.0
771.45,15.07,-0.04857,0.2764,14410.0
771.5,15.08,0.1851,0.4097,14400.0
771.55,15.13,0.01513,0.5256,14400.0
771.6,15.18,-0.1549,0.6414,14390.0
771.65,15.16,-0.2343,0.6707,14400.0
771.7,15.13,-0.3137,0.6999,14430.0
771.75,15.0,-0.2619,0.6118,14480.0
771.8,14.87,-0.2102,0.5236,14500.0
771.85,15.26,-0.3447,0.4156,14510.0
771.9,15.65,-0.4793,0.3075,14500.0
771.95,15.53,-0.577,0.2342,14480.0
772.0,15.41,-0.6748,0.161,14460.0
772.05,15.18,-0.6208,0.1066,14420.0
772.1,14.95,-0.5669,0.05219,14370.0
772.15,15.07,-0.5571,-0.1711,14340.0
772.2,15.18,-0.5474,-0.3943,14340.0
772.25,15.28,-0.627,-0.3453,14360.0
772.3,15.37,-0.7066,-0.2963,14380.0
772.35,15.32,-0.667,-0.4375,14410.0
772.4,15.26,-0.6274,-0.5787,14450.0
772.45,15.31,-0.5255,-0.6082,14490.0
772.5,15.35,-0.4236,-0.6377,14500.0
772.55,15.33,-0.6244,-0.7185,14460.0
772.6,15.31,-0.8252,-0.7992,14430.0
772.65,15.48,-0.9136,-0.9011,14410.0
772.7,15.64,-1.002,-1.003,14390.0
772.75,15.83,-0.8927,-0.8923,14360.0
772.8,16.03,-0.7834,-0.7816,14350.0
772.85,15.9,-0.8129,-0.6269,14360.0
772.9,15.78,-0.8423,-0.4721,14390.0
772.95,15.74,-0.7181,-0.468,14420.0
773.0,15.71,-0.5939,-0.4639,14430.0
773.05,15.68,-0.6865,-0.3247,14440.0
773.1,15.66,-0.779,-0.1856,14440.0
773.15,15.92,-0.8306,-0.08292,14430.0
773.2,16.19,-0.8822,0.01975,14400.0
773.25,16.23,-0.872,0.1267,14360.0
773.3,16.27,-0.8619,0.2336,14340.0
773.35,16.1,-1.006,0.1632,14350.0
773.4,15.93,-1.15,0.09267,14370.0
773.45,15.94,-1.081,0.1895,14400.0
773.5,15.94,-1.012,0.2863,14420.0
773.55,15.84,-0.9154,0.3074,14440.0
773.6,15.73,-0.8189,0.3285,14450.0
773.65,15.75,-0.7185,0.3041,14430.0
773.7,15.76,-0.6182,0.2797,14400.0
773.75,15.76,-0.7564,0.1419,14370.0
773.8,15.75,-0.8945,0.004146,14360.0
773.85,15.82,-1.054,0.01207,14360.0
773.9,15.89,-1.213,0.02,14380.0
773.95,15.79,-1.226,0.1034,14410.0
774.0,15.69,-1.24,0.1868,14450.0
774.05,15.72,-1.343,0.1913,14490.0
774.1,15.75,-1.445,0.1958,14500.0
774.15,15.82,-1.256,0.4573,14470.0
774.2,15.88,-1.066,0.7187,14430.0
774.25,15.9,-1.088,0.8691,14410.0
774.3,15.92,-1.109,1.019,14410.0
774.35,15.86,-0.9779,0.874,14410.0
774.4,15.81,-0.8463,0.7287,14420.0
774.45,15.8,-0.6744,0.7389,14440.0
774.5,15.79,-0.5024,0.7492,14460.0
774.55,15.78,-0.5245,0.8425,14480.0
774.6,15.77,-0.5466,0.9358,14490.0
774.65,15.87,-0.331,1.046,14500.0
774.7,15.97,-0.1154,1.155,14510.0
774.75,16.02,-0.1612,1.071,14530.0
774.8,16.07,-0.207,0.9862,14540.0
774.85,15.99,-0.02229,0.8943,14530.0
774.9,15.92,0.1624,0.8024,14510.0
774.95,15.89,0.1252,0.805,14500.0
775.0,15.86,0.08798,0.8077,14500.0
775.05,15.9,-0.1156,0.7338,14500.0
775.1,15.93,-0.3193,0.6599,14510.0
775.15,16.02,-0.1851,0.6019,14530.0
775.2,16.12,-0.05095,0.5438,14570.0
775.25,16.14,-0.1079,0.4915,14620.0
775.3,16.17,-0.1648,0.4392,14650.0
775.35,16.1,-0.3806,0.1355,14670.0
775.4,16.02,-0.5963,-0.1683,14680.0
775.45,16.15,-0.5004,-0.2197,14670.0
775.5,16.27,-0.4045,-0.2712,14650.0
775.55,16.2,-0.2552,-0.2188,14620.0
775.6,16.12,-0.1059,-0.1663,14590.0
775.65,16.21,-0.1344,-0.04134,14580.0
775.7,16.29,-0.1628,0.08365,14590.0
775.75,16.35,-0.1463,0.1111,14610.0
775.8,16.41,-0.1298,0.1385,14630.0
775.85,16.36,-0.383,0.3563,14660.0
775.9,16.31,-0.6361,0.5741,14690.0
775.95,16.53,-0.5191,0.6826,14720.0
776.0,16.75,-0.4021,0.7911,14730.0
776.05,16.47,-0.5296,1.022,14730.0
776.1,16.2,-0.6572,1.252,14730.0
776.15,16.12,-0.8133,1.062,14740.0
776.2,16.05,-0.9693,0.8714,14730.0
776.25,15.92,-1.118,0.6637,14700.0
776.3,15.79,-1.266,0.456,14680.0
776.35,15.95,-1.3,0.5362,14670.0
776.4,16.11,-1.333,0.6163,14670.0
776.45,16.17,-1.491,0.617,14680.0
776.5,16.22,-1.649,0.6177,14700.0
776.55,16.26,-1.657,0.8678,14740.0
776.6,16.3,-1.665,1.118,14790.0
776.65,16.5,-1.71,0.9172,14830.0
776.7,16.7,-1.756,0.7165,14840.0
776.75,16.56,-1.629,0.5471,14830.0
776.8,16.42,-1.502,0.3778,14810.0
776.85,16.21,-1.513,0.3297,14780.0
776.9,16.0,-1.524,0.2817,14740.0
776.95,15.94,-1.465,0.1605,14720.0
777.0,15.88,-1.405,0.03926,14720.0
777.05,16.0,-1.158,0.05256,14750.0
777.1,16.11,-0.9108,0.06585,14780.0
777.15,16.12,-0.7794,0.2747,14800.0
777.2,16.12,-0.6481,0.4836,14810.0
777.25,16.06,-0.4845,0.1962,14830.0
777.3,16.0,-0.3209,-0.09121,14840.0
777.35,16.0,-0.2185,-0.149,14840.0
777.4,15.99,-0.1162,-0.2068,14820.0
777.45,16.07,-0.05175,-0.1193,14820.0
777.5,16.15,0.01274,-0.0317,14830.0
777.55,16.12,-0.07325,0.1996,14850.0
777.6,16.09,-0.1592,0.4309,14860.0
777.65,16.09,-0.03244,0.3689,14850.0
777.7,16.09,0.09435,0.3068,14830.0
777.75,16.04,0.05095,0.3066,14820.0
777.8,15.99,0.007564,0.3063,14800.0
777.85,16.04,-0.3551,0.06463,14790.0
777.9,16.08,-0.7177,-0.1771,14800.0
777.95,16.21,-0.6535,-0.1644,14830.0
778.0,16.33,-0.5892,-0.1517,14880.0
778.05,16.36,-0.3278,-0.3103,14920.0
778.1,16.38,-0.06648,-0.469,14930.0
778.15,16.63,-0.1791,-0.5466,14920.0
778.2,16.88,-0.2918,-0.6243,14910.0
778.25,16.73,-0.1242,-0.4995,14900.0
778.3,16.57,0.04339,-0.3746,14860.0
778.35,16.45,0.0828,-0.259,14820.0
778.4,16.34,0.1222,-0.1434,14800.0
778.45,16.29,-0.01353,-0.09609,14810.0
778.5,16.24,-0.1493,-0.04878,14830.0
778.55,16.42,-0.2771,-0.1021,14850.0
778.6,16.59,-0.4049,-0.1553,14900.0
778.65,16.48,-0.5265,-0.0139,14950.0
778.7,16.37,-0.6481,0.1275,15010.0
778.75,16.33,-0.5912,-0.03244,15040.0
778.8,16.29,-0.5342,-0.1924,15040.0
778.85,16.17,-0.6417,-0.3296,15010.0
778.9,16.04,-0.7492,-0.4668,14980.0
778.95,16.03,-0.5615,-0.4718,14940.0
779.0,16.03,-0.3738,-0.4768,14900.0
779.05,16.18,-0.3597,-0.3084,14900.0
779.1,16.33,-0.3455,-0.14,14920.0
779.15,16.21,-0.4357,-0.2614,14990.0
779.2,16.1,-0.5259,-0.3829,15050.0
779.25,16.35,-0.4588,-0.3001,15100.0
779.3,16.61,-0.3917,-0.2173,15130.0
779.35,16.63,-0.4041,-0.2898,15140.0
779.4,16.65,-0.4164,-0.3624,15130.0
779.45,16.81,-0.325,-0.2088,15090.0
779.5,16.96,-0.2337,-0.05512,15050.0
779.55,17.03,-0.08539,-0.007438,15020.0
779.6,17.1,0.0629,0.04024,15010.0
779.65,17.13,0.02846,-0.07304,15020.0
779.7,17.17,-0.005971,-0.1863,15030.0
779.75,17.14,-0.1023,-0.2753,15050.0
779.8,17.11,-0.1986,-0.3644,15070.0
779.85,17.14,-0.07106,-0.3525,15100.0
779.9,17.16,0.05653,-0.3407,15120.0
779.95,17.1,0.2492,-0.2195,15130.0
780.0,17.04,0.4419,-0.09828,15130.0
780.05,17.12,0.2594,0.03439,15150.0
780.1,17.2,0.07683,0.1671,15160.0
780.15,17.14,0.156,0.4045,15160.0
780.2,17.08,0.2353,0.6419,15140.0
780.25,17.13,0.2777,0.6931,15130.0
780.3,17.17,0.3201,0.7443,15120.0
780.35,17.28,0.4763,0.8589,15110.0
780.4,17.39,0.6326,0.9736,15110.0
780.45,17.37,0.59,0.9069,15120.0
780.5,17.35,0.5474,0.8402,15140.0
780.55,17.71,0.4391,0.7118,15170.0
780.6,18.06,0.3308,0.5834,15210.0
780.65,18.2,0.3971,0.5301,15230.0
780.7,18.33,0.4634,0.4768,15240.0
780.75,18.25,0.4882,0.5808,15240.0
780.8,18.17,0.5131,0.6848,15240.0
780.85,18.17,0.66,0.4593,15230.0
780.9,18.16,0.8069,0.2339,15210.0
780.95,18.02,0.8069,0.2178,15190.0
781.0,17.87,0.8069,0.2017,15170.0
781.05,17.93,0.575,0.2608,15170.0
781.1,17.98,0.3431,0.32,15180.0
781.15,18.08,0.2494,0.3197,15200.0
781.2,18.18,0.1557,0.3195,15230.0
781.25,18.23,0.2635,0.4213,15280.0
781.3,18.27,0.3714,0.5231,15320.0
781.35,18.11,0.2472,0.5398,15350.0
781.4,17.95,0.123,0.5565,15350.0
781.45,17.73,0.04658,0.542,15340.0
781.5,17.51,-0.02986,0.5275,15330.0
781.55,17.5,0.1791,0.7215,15330.0
781.6,17.49,0.3881,0.9155,15310.0
781.65,17.61,0.3435,0.7572,15300.0
781.7,17.74,0.299,0.599,15320.0
781.75,17.77,0.1795,0.6235,15350.0
781.8,17.8,0.06011,0.648,15370.0
781.85,17.91,0.03861,0.5621,15390.0
781.9,18.01,0.01712,0.4763,15410.0
781.95,17.95,-0.1483,0.5198,15420.0
782.0,17.88,-0.3137,0.5634,15430.0
782.05,17.89,-0.1334,0.3797,15410.0
782.1,17.9,0.04697,0.1961,15390.0
782.15,18.0,0.124,0.1452,15380.0
782.2,18.1,0.201,0.09438,15390.0
782.25,18.07,0.1353,0.0706,15390.0
782.3,18.04,0.06966,0.04682,15400.0
782.35,17.83,-0.1509,-0.04585,15400.0
782.4,17.61,-0.3714,-0.1385,15420.0
782.45,17.44,-0.2824,-0.03853,15430.0
782.5,17.26,-0.1935,0.06146,15420.0
782.55,17.22,-0.2237,0.04585,15400.0
782.6,17.17,-0.254,0.03024,15380.0
782.65,17.11,-0.1672,0.243,15370.0
782.7,17.05,-0.08041,0.4558,15370.0
782.75,17.09,-0.1634,0.5437,15380.0
782.8,17.13,-0.2464,0.6316,15390.0
782.85,17.3,-0.3629,0.4774,15410.0
782.9,17.47,-0.4793,0.3231,15430.0
782.95,17.62,-0.5444,0.2153,15450.0
783.0,17.77,-0.6095,0.1075,15450.0
783.05,17.78,-0.2836,0.07255,15430.0
783.1,17.8,0.0422,0.03756,15420.0
783.15,17.63,-0.04717,0.01646,15400.0
783.2,17.47,-0.1365,-0.004634,15380.0
783.25,17.54,-0.204,0.01585,15360.0
783.3,17.61,-0.2715,0.03634,15360.0
783.35,17.52,-0.1348,-0.007072,15380.0
783.4,17.43,0.00199,-0.05048,15420.0
783.45,17.52,-0.07126,0.1333,15460.0
783.5,17.62,-0.1445,0.317,15480.0
783.55,17.64,-0.05513,0.4426,15480.0
783.6,17.66,0.03424,0.5682,15480.0
783.65,17.48,0.1049,0.5662,15470.0
783.7,17.29,0.1756,0.5641,15450.0
783.75,17.42,0.05752,0.3598,15430.0
783.8,17.56,-0.06051,0.1556,15420.0
783.85,17.54,-0.04956,0.1019,15420.0
783.9,17.52,-0.03861,0.04829,15440.0
783.95,17.41,-0.0001991,0.05902,15450.0
784.0,17.3,0.03822,0.06975,15460.0
784.05,17.06,0.09972,0.1829,15480.0
784.1,16.83,0.1612,0.2961,15520.0
784.15,16.77,0.3567,0.1245,15540.0
784.2,16.72,0.5521,-0.04707,15550.0
784.25,16.82,0.4465,-0.223,15550.0
784.3,16.92,0.3408,-0.399,15550.0
784.35,16.88,0.3288,-0.3675,15540.0
784.4,16.84,0.3169,-0.3361,15520.0
784.45,16.88,0.5949,-0.08048,15500.0
784.5,16.93,0.873,0.1751,15470.0
784.55,16.96,0.9634,0.1699,15470.0
784.6,16.98,1.054,0.1646,15480.0
784.65,16.84,0.9922,0.1756,15490.0
784.7,16.7,0.9307,0.1866,15500.0
784.75,16.59,0.9632,0.3453,15510.0
784.8,16.48,0.9956,0.5041,15520.0
784.85,16.57,0.8216,0.3851,15540.0
784.9,16.66,0.6477,0.2661,15550.0
784.95,16.97,0.6813,0.1842,15550.0
785.0,17.28,0.715,0.1024,15540.0
785.05,17.37,0.7556,0.1869,15520.0
785.1,17.46,0.7962,0.2714,15490.0
785.15,17.42,0.6274,0.3557,15460.0
785.2,17.38,0.4586,0.44,15430.0
785.25,17.35,0.3935,0.5012,15420.0
785.3,17.32,0.3284,0.5624,15430.0
785.35,17.17,0.2729,0.4451,15450.0
785.4,17.02,0.2174,0.3278,15470.0
785.45,16.98,0.3264,0.1239,15480.0
785.5,16.95,0.4355,-0.07999,15490.0
785.55,16.99,0.3945,-0.07658,15510.0
785.6,17.03,0.3535,-0.07316,15500.0
785.65,17.0,0.1865,-0.1832,15490.0
785.7,16.97,0.01951,-0.2931,15470.0
785.75,16.89,0.08818,-0.3074,15470.0
785.8,16.82,0.1568,-0.3217,15470.0
785.85,16.75,0.2325,-0.4165,15450.0
785.9,16.68,0.3081,-0.5114,15430.0
785.95,16.66,0.3276,-0.4063,15420.0
786.0,16.64,0.3471,-0.3012,15440.0
786.05,16.69,0.2554,-0.3715,15460.0
786.1,16.75,0.1636,-0.4419,15460.0
786.15,16.99,0.2697,-0.6399,15470.0
786.2,17.23,0.3758,-0.838,15480.0
786.25,17.34,0.5213,-0.626,15500.0
786.3,17.46,0.6668,-0.4141,15500.0
786.35,17.37,0.8923,-0.4851,15490.0
786.4,17.28,1.118,-0.556,15480.0
786.45,17.31,1.084,-0.5627,15480.0
786.5,17.35,1.05,-0.5694,15490.0
786.55,17.18,0.9351,-0.5019,15470.0
786.6,17.01,0.8201,-0.4343,15450.0
786.65,17.03,0.6939,-0.2406,15440.0
786.7,17.05,0.5677,-0.04682,15450.0
786.75,17.02,0.3481,-0.2021,15450.0
786.8,16.98,0.1286,-0.3573,15450.0
786.85,16.95,0.06787,-0.5334,15450.0
786.9,16.91,0.007165,-0.7094,15460.0
786.95,16.83,-0.1712,-0.7847,15480.0
787.0,16.75,-0.3495,-0.8599,15480.0
787.05,16.59,-0.3043,-0.8102,15460.0
787.1,16.43,-0.2592,-0.7604,15430.0
787.15,16.38,-0.2787,-0.793,15410.0
787.2,16.32,-0.2982,-0.8255,15390.0
787.25,16.09,-0.3931,-0.598,15360.0
787.3,15.86,-0.4881,-0.3704,15340.0
787.35,15.95,-0.6045,-0.2489,15340.0
787.4,16.04,-0.7209,-0.1273,15360.0
787.45,15.9,-0.6821,-0.1269,15390.0
787.5,15.75,-0.6433,-0.1266,15400.0
787.55,15.61,-0.7016,-0.2106,15400.0
787.6,15.47,-0.7599,-0.2946,15400.0
787.65,15.44,-0.9417,-0.1039,15380.0
787.7,15.41,-1.123,0.08682,15340.0
787.75,15.49,-1.138,0.06353,15290.0
787.8,15.56,-1.153,0.04024,15260.0
787.85,15.37,-1.032,0.01512,15270.0
787.9,15.17,-0.9108,-0.009999,15280.0
787.95,14.93,-1.037,-0.2099,15300.0
788.0,14.69,-1.164,-0.4097,15310.0
788.05,14.9,-0.9128,-0.4652,15330.0
788.1,15.11,-0.6616,-0.5207,15360.0
788.15,15.12,-0.5798,-0.5703,15360.0
788.2,15.12,-0.498,-0.6199,15350.0
788.25,15.19,-0.3228,-0.9037,15330.0
788.3,15.25,-0.1477,-1.187,15310.0
788.35,15.1,-0.1702,-1.122,15290.0
788.4,14.95,-0.1927,-1.056,15260.0
788.45,14.84,-0.07783,-0.9203,15250.0
788.5,14.72,0.03702,-0.7845,15250.0
788.55,14.71,0.2219,-0.8165,15280.0
788.6,14.71,0.4068,-0.8484,15320.0
788.65,14.77,0.5239,-0.8406,15330.0
788.7,14.83,0.6409,-0.8328,15320.0
788.75,14.83,0.3443,-0.6383,15290.0
788.8,14.82,0.04777,-0.4439,15260.0
788.85,14.81,-0.09076,-0.3194,15220.0
788.9,14.81,-0.2293,-0.1949,15190.0
788.95,14.79,-0.3043,-0.1357,15180.0
789.0,14.77,-0.3794,-0.07658,15210.0
789.05,14.63,-0.3069,-0.08914,15260.0
789.1,14.49,-0.2345,-0.1017,15290.0
789.15,14.36,-0.1974,-0.09938,15300.0
789.2,14.23,-0.1604,-0.09706,15280.0
789.25,14.0,-0.1947,-0.04426,15250.0
789.3,13.76,-0.2289,0.008536,15220.0
789.35,13.69,-0.1342,0.0239,15170.0
789.4,13.62,-0.03941,0.03926,15130.0
789.45,13.58,-0.09673,-0.1371,15110.0
789.5,13.55,-0.1541,-0.3134,15100.0
789.55,13.55,-0.3035,-0.506,15100.0
789.6,13.55,-0.453,-0.6987,15100.0
789.65,13.57,-0.4522,-0.7374,15110.0
789.7,13.59,-0.4514,-0.776,15130.0
789.75,13.56,-0.3563,-0.9329,15160.0
789.8,13.54,-0.2611,-1.09,15170.0
789.85,13.57,-0.2197,-0.9875,15150.0
789.9,13.59,-0.1783,-0.885,15120.0
789.95,13.61,-0.1533,-0.6866,15070.0
790.0,13.63,-0.1282,-0.4882,15020.0
790.05,13.66,-0.08698,-0.5229,14970.0
790.1,13.68,-0.04578,-0.5575,14940.0
790.15,13.93,-0.1015,-0.5595,14940.0
790.2,14.18,-0.1572,-0.5614,14970.0
790.25,14.15,-0.2824,-0.3795,15010.0
790.3,14.12,-0.4076,-0.1975,15040.0
790.35,14.05,-0.4425,-0.3246,15060.0
790.4,13.97,-0.4773,-0.4517,15070.0
790.45,13.89,-0.4898,-0.5843,15060.0
790.5,13.8,-0.5024,-0.717,15040.0
790.55,13.71,-0.4297,-0.6397,15000.0
790.6,13.61,-0.3571,-0.5624,14970.0
790.65,13.62,-0.4353,-0.2169,14950.0
790.7,13.64,-0.5135,0.1285,14930.0
790.75,13.65,-0.6174,-0.009389,14940.0
790.8,13.65,-0.7213,-0.1473,14970.0
790.85,13.42,-0.5348,-0.2397,15010.0
790.9,13.18,-0.3483,-0.3322,15040.0
790.95,13.24,-0.3404,-0.3076,15060.0
791.0,13.3,-0.3324,-0.2831,15060.0
791.05,13.65,-0.5923,-0.2862,15030.0
791.1,14.01,-0.8523,-0.2892,14990.0
791.15,14.09,-0.8121,-0.2611,14950.0
791.2,14.18,-0.7719,-0.2329,14910.0
791.25,14.29,-0.4371,-0.3229,14900.0
791.3,14.4,-0.1023,-0.4129,14910.0
791.35,14.16,-0.06887,-0.3861,14930.0
791.4,13.93,-0.03543,-0.3592,14960.0
791.45,13.87,-0.09355,-0.4796,14990.0
791.5,13.81,-0.1517,-0.5999,15020.0
791.55,13.82,0.05712,-0.5307,15020.0
791.6,13.83,0.2659,-0.4614,15000.0
791.65,13.81,0.2261,-0.2506,14960.0
791.7,13.79,0.1863,-0.03975,14900.0
791.75,13.86,-0.04299,0.03951,14850.0
791.8,13.93,-0.2723,0.1188,14820.0
791.85,13.76,-0.3857,0.1538,14810.0
791.9,13.59,-0.4992,0.1888,14830.0
791.95,13.8,-0.5774,-0.05377,14860.0
792.0,14.0,-0.6556,-0.2963,14890.0
792.05,13.99,-0.6429,-0.2247,14910.0
792.1,13.98,-0.6302,-0.1532,14900.0
792.15,13.88,-0.5639,-0.3402,14860.0
792.2,13.77,-0.4976,-0.5273,14820.0
792.25,13.66,-0.4152,-0.6631,14760.0
792.3,13.55,-0.3328,-0.7989,14700.0
792.35,13.39,-0.1353,-0.7672,14680.0
792.4,13.22,0.0621,-0.7355,14680.0
792.45,13.23,-0.09892,-0.5295,14700.0
792.5,13.24,-0.2599,-0.3234,14730.0
792.55,13.31,-0.1481,-0.4823,14740.0
792.6,13.39,-0.03623,-0.6411,14740.0
792.65,13.19,-0.05334,-0.697,14720.0
792.7,12.99,-0.07046,-0.7528,14680.0
792.75,13.05,-0.1891,-0.558,14640.0
792.8,13.1,-0.3077,-0.3631,14600.0
792.85,13.09,-0.06867,-0.2152,14570.0
792.9,13.08,0.1704,-0.06731,14550.0
792.95,12.89,0.1984,-0.04341,14560.0
793.0,12.7,0.2265,-0.01951,14570.0
793.05,12.69,0.0621,0.002195,14600.0
793.1,12.69,-0.1023,0.0239,14620.0
793.15,12.97,-0.4538,0.1514,14630.0
793.2,13.26,-0.8053,0.279,14630.0
793.25,13.19,-0.8429,0.1966,14600.0
793.3,13.13,-0.8806,0.1141,14560.0
793.35,13.07,-0.7311,0.02268,14510.0
793.4,13.0,-0.5816,-0.06877,14490.0
793.45,13.05,-0.3993,-0.1116,14480.0
793.5,13.09,-0.217,-0.1544,14490.0
793.55,13.12,0.01214,-0.1678,14510.0
793.6,13.15,0.2412,-0.1812,14530.0
793.65,13.34,0.4025,-0.1219,14540.0
793.7,13.52,0.5637,-0.06268,14540.0
793.75,13.56,0.3232,-0.08962,14520.0
793.8,13.59,0.0828,-0.1166,14490.0
793.85,13.54,-0.04896,0.004999,14470.0
793.9,13.49,-0.1807,0.1266,14450.0
793.95,13.55,-0.04757,0.1271,14450.0
794.0,13.61,0.08559,0.1275,14450.0
794.05,13.43,-0.01115,0.2684,14450.0
794.1,13.26,-0.1079,0.4092,14440.0
794.15,13.31,-0.09733,0.5325,14440.0
794.2,13.36,-0.08678,0.6558,14440.0
794.25,13.44,-0.04439,0.4432,14430.0
794.3,13.51,-0.00199,0.2307,14420.0
794.35,13.6,-0.1455,0.1625,14410.0
794.4,13.69,-0.289,0.09438,14390.0
794.45,13.69,-0.2874,0.02036,14360.0
794.5,13.68,-0.2858,-0.05365,14330.0
794.55,13.77,-0.2404,-0.2022,14300.0
794.6,13.87,-0.1951,-0.3507,14300.0
794.65,13.7,-0.1676,-0.3678,14300.0
794.7,13.53,-0.1401,-0.3848,14310.0
794.75,13.53,-0.1415,-0.3328,14320.0
794.8,13.52,-0.1429,-0.2807,14310.0
794.85,13.48,-0.2864,-0.222,14300.0
794.9,13.43,-0.4299,-0.1634,14280.0
794.95,13.44,-0.2388,-0.1941,14240.0
795.0,13.45,-0.04777,-0.2249,14210.0
795.05,13.49,0.0217,0.03756,14180.0
795.1,13.54,0.09116,0.3,14160.0
795.15,13.55,-0.009156,0.4747,14150.0
795.2,13.57,-0.1095,0.6494,14150.0
795.25,13.57,0.009952,0.5946,14150.0
795.3,13.57,0.1294,0.5397,14160.0
795.35,13.58,0.1441,0.4114,14160.0
795.4,13.6,0.1588,0.2831,14160.0
795.45,13.44,0.1557,0.5008,14140.0
795.5,13.29,0.1525,0.7185,14110.0
795.55,13.25,-0.04677,0.7171,14090.0
795.6,13.21,-0.246,0.7158,14070.0
795.65,13.33,-0.1405,0.5021,14060.0
795.7,13.44,-0.03503,0.2885,14060.0
795.75,13.51,-0.04896,0.1881,14060.0
795.8,13.58,-0.0629,0.0878,14080.0
795.85,13.49,-0.07623,0.2751,14090.0
795.9,13.4,-0.08957,0.4624,14090.0
795.95,13.4,-0.05951,0.2451,14070.0
796.0,13.4,-0.02946,0.0278,14060.0
796.05,13.59,0.05772,0.1805,14040.0
796.1,13.78,0.1449,0.3331,14020.0
796.15,13.82,0.1129,0.4812,14000.0
796.2,13.85,0.08081,0.6292,14000.0
796.25,13.8,0.03722,0.4982,14010.0
796.3,13.75,-0.006369,0.3673,14010.0
796.35,13.84,-0.1202,0.3812,14020.0
796.4,13.93,-0.2341,0.3951,14020.0
796.45,13.92,-0.406,0.5555,14010.0
796.5,13.9,-0.578,0.716,14010.0
796.55,13.82,-0.4944,0.73,14010.0
796.6,13.74,-0.4108,0.7441,14010.0
796.65,13.71,-0.3226,0.6364,14000.0
796.7,13.68,-0.2345,0.5287,13980.0
796.75,13.5,-0.4707,0.5158,13960.0
796.8,13.32,-0.707,0.5029,13940.0
796.85,13.27,-0.5826,0.4458,13920.0
796.9,13.21,-0.4582,0.3887,13900.0
796.95,13.27,-0.1658,0.4137,13910.0
797.0,13.32,0.1266,0.4387,13930.0
797.05,13.43,-0.01572,0.4842,13950.0
797.1,13.54,-0.158,0.5297,13970.0
797.15,13.62,-0.2852,0.519,13970.0
797.2,13.7,-0.4124,0.5082,13950.0
797.25,13.68,-0.4554,0.2085,13910.0
797.3,13.66,-0.4984,-0.09121,13870.0
797.35,13.57,-0.3324,-0.09633,13830.0
797.4,13.47,-0.1664,-0.1015,13820.0
797.45,13.57,-0.1604,-0.06121,13830.0
797.5,13.68,-0.1545,-0.02097,13840.0
797.55,13.74,-0.13,-0.06499,13850.0
797.6,13.81,-0.1055,-0.109,13850.0
797.65,13.79,-0.05235,-0.07865,13860.0
797.7,13.78,0.0007961,-0.04829,13850.0
797.75,13.56,0.07524,0.04109,13820.0
797.8,13.35,0.1497,0.1305,13780.0
797.85,13.4,0.2231,0.03573,13750.0
797.9,13.45,0.2966,-0.05902,13730.0
797.95,13.44,0.4273,-0.304,13730.0
798.0,13.43,0.5581,-0.549,13720.0
798.05,13.5,0.5287,-0.4743,13720.0
798.1,13.57,0.4992,-0.3997,13720.0
798.15,13.56,0.34,-0.4175,13720.0
798.2,13.55,0.1807,-0.4353,13720.0
798.25,13.34,0.2494,-0.3118,13700.0
798.3,13.12,0.3181,-0.1883,13670.0
798.35,12.73,0.4234,-0.1514,13650.0
798.4,12.34,0.5287,-0.1146,13630.0
798.45,12.39,0.4367,0.007194,13620.0
798.5,12.45,0.3447,0.129,13610.0
798.55,12.45,0.4325,0.0278,13610.0
798.6,12.46,0.5203,-0.07341,13620.0
798.65,12.32,0.6194,-0.0795,13630.0
798.7,12.18,0.7185,-0.0856,13640.0
798.75,12.26,0.4882,-0.2568,13630.0
798.8,12.35,0.258,-0.428,13610.0
798.85,12.41,0.3061,-0.4514,13600.0
798.9,12.48,0.3543,-0.4748,13590.0
798.95,12.75,0.2954,-0.5136,13570.0
799.0,13.03,0.2365,-0.5524,13550.0
799.05,13.12,0.4064,-0.6064,13550.0
799.1,13.21,0.5764,-0.6604,13550.0
799.15,13.2,0.7349,-0.6133,13570.0
799.2,13.2,0.8933,-0.5663,13580.0
799.25,13.04,0.5414,-0.397,13600.0
799.3,12.89,0.1895,-0.2278,13610.0
799.35,12.98,0.1636,-0.2049,13600.0
799.4,13.07,0.1377,-0.1819,13590.0
799.45,12.93,0.323,-0.2836,13560.0
799.5,12.79,0.5084,-0.3853,13530.0
799.55,13.0,0.5229,-0.342,13510.0
799.6,13.2,0.5374,-0.2987,13510.0
799.65,13.23,0.588,-0.2145,13510.0
799.7,13.26,0.6385,-0.1302,13520.0
799.75,13.33,0.4411,0.05121,13530.0
799.8,13.39,0.2436,0.2327,13530.0
799.85,13.38,-0.03224,0.3961,13530.0
799.9,13.37,-0.3081,0.5595,13520.0
799.95,13.38,-0.1338,0.4948,13520.0
800.0,13.39,0.0406,0.4302,13510.0
800.05,13.25,-0.07146,0.4513,13500.0
800.1,13.11,-0.1835,0.4724,13480.0
800.15,13.13,-0.05135,0.5098,13470.0
800.2,13.14,0.08081,0.5473,13460.0
800.25,13.11,0.09654,0.4419,13450.0
800.3,13.08,0.1123,0.3365,13440.0
800.35,13.27,-0.03463,0.2783,13430.0
800.4,13.45,-0.1815,0.22,13430.0
800.45,13.68,-0.297,0.2618,13430.0
800.5,13.91,-0.4124,0.3036,13430.0
800.55,14.06,-0.4574,0.3186,13440.0
800.6,14.21,-0.5024,0.3336,13430.0
800.65,13.96,-0.453,0.252,13430.0
800.7,13.72,-0.4037,0.1705,13420.0
800.75,13.62,-0.3155,0.1712,13420.0
800.8,13.53,-0.2273,0.1719,13410.0
800.85,13.64,-0.1955,0.3639,13390.0
800.9,13.75,-0.1636,0.5558,13380.0
800.95,13.89,-0.3579,0.4374,13360.0
801.0,14.03,-0.5521,0.319,13340.0
801.05,13.95,-0.5597,0.03951,13330.0
801.1,13.87,-0.5673,-0.24,13330.0
801.15,13.84,-0.714,-0.2712,13340.0
801.2,13.8,-0.8607,-0.3024,13350.0
801.25,13.7,-0.9234,-0.3525,13350.0
801.3,13.61,-0.9861,-0.4026,13340.0
801.35,13.67,-0.8147,-0.4108,13330.0
801.4,13.73,-0.6433,-0.419,13320.0
801.45,13.71,-0.5137,-0.5165,13310.0
801.5,13.68,-0.3842,-0.6141,13310.0
801.55,13.61,-0.324,-0.7419,13310.0
801.6,13.55,-0.2639,-0.8697,13310.0
801.65,13.65,-0.2868,-0.8464,13300.0
801.7,13.75,-0.3097,-0.8231,13280.0
801.75,13.59,-0.07126,-0.7391,13270.0
801.8,13.42,0.1672,-0.655,13250.0
801.85,13.65,0.2044,-0.6594,13250.0
801.9,13.88,0.2416,-0.6638,13260.0
801.95,13.81,0.4258,-0.8849,13270.0
802.0,13.74,0.6099,-1.106,13290.0
802.05,13.77,0.6033,-1.015,13310.0
802.1,13.8,0.5967,-0.9243,13310.0
802.15,13.74,0.6871,-0.6919,13300.0
802.2,13.68,0.7775,-0.4595,13270.0
802.25,13.54,0.5712,-0.4654,13240.0
802.3,13.4,0.365,-0.4714,13200.0
802.35,13.6,0.1232,-0.3914,13170.0
802.4,13.79,-0.1186,-0.3114,13160.0
802.45,13.84,0.005772,-0.1196,13170.0
802.5,13.89,0.1302,0.07219,13190.0
802.55,13.87,0.1503,0.03158,13220.0
802.6,13.86,0.1704,-0.009023,13250.0
802.65,13.69,0.03085,-0.004512,13260.0
802.7,13.53,-0.1087,7.451e-09,13260.0
802.75,13.3,-0.2172,-0.01439,13240.0
802.8,13.07,-0.3256,-0.02878,13200.0
802.85,12.87,-0.3013,0.05487,13150.0
802.9,12.68,-0.2771,0.1385,13110.0
802.95,12.66,-0.2864,0.07036,13080.0
803.0,12.65,-0.2958,0.002195,13080.0
803.05,12.77,-0.1005,-0.03987,13080.0
803.1,12.89,0.09474,-0.08194,13090.0
803.15,12.78,0.3073,-0.002927,13110.0
803.2,12.66,0.5199,0.07609,13130.0
803.25,12.81,0.4598,-0.05036,13130.0
803.3,12.97,0.3997,-0.1768,13130.0
803.35,13.06,0.4484,-0.08987,13120.0
803.4,13.16,0.4972,-0.002927,13110.0
803.45,13.14,0.4516,-0.0506,13100.0
803.5,13.12,0.406,-0.09828,13100.0
803.55,13.11,0.6988,0.04292,13090.0
803.6,13.09,0.9916,0.1841,13080.0
803.65,13.25,0.9978,0.1813,13070.0
803.7,13.4,1.004,0.1785,13060.0
803.75,13.76,0.9421,0.02817,13040.0
803.8,14.12,0.8802,-0.1222,13030.0
803.85,14.16,0.922,-0.4459,13020.0
803.9,14.2,0.9638,-0.7697,13030.0
803.95,14.09,0.9554,-0.7386,13050.0
804.0,13.98,0.947,-0.7075,13070.0
804.05,13.82,1.172,-0.5386,13090.0
804.1,13.66,1.396,-0.3697,13110.0
804.15,13.66,1.491,-0.4211,13120.0
804.2,13.65,1.585,-0.4724,13110.0
804.25,13.56,1.412,-0.3687,13090.0
804.3,13.47,1.239,-0.2651,13060.0
804.35,13.51,1.187,-0.3137,13030.0
804.4,13.55,1.136,-0.3624,13000.0
804.45,13.46,1.031,-0.2738,12970.0
804.5,13.37,0.9267,-0.1851,12960.0
804.55,13.35,0.6469,-0.3089,12970.0
804.6,13.33,0.367,-0.4326,13010.0
804.65,13.34,0.3439,-0.4797,13050.0
804.7,13.35,0.3209,-0.5268,13080.0
804.75,13.43,0.4632,-0.6109,13100.0
804.8,13.52,0.6055,-0.695,13110.0
804.85,13.51,0.5703,-0.5668,13100.0
804.9,13.5,0.535,-0.4385,13060.0
804.95,13.38,0.4538,-0.2464,13000.0
805.0,13.25,0.3726,-0.05438,12950.0
805.05,13.35,0.4419,0.3026,12920.0
805.1,13.45,0.5111,0.6597,12900.0
805.15,13.46,0.5404,0.7144,12910.0
805.2,13.46,0.5697,0.7692,12930.0
805.25,13.43,0.4679,0.6285,12960.0
805.3,13.4,0.3662,0.4878,12990.0
805.35,13.41,0.4041,0.4815,13010.0
805.4,13.43,0.4419,0.4753,13010.0
805.45,13.31,0.5095,0.4403,12990.0
805.5,13.18,0.5772,0.4053,12960.0
805.55,13.36,0.5673,0.4396,12930.0
805.6,13.53,0.5573,0.4739,12900.0
805.65,13.46,0.7673,0.2164,12860.0
805.7,13.39,0.9773,-0.04097,12840.0
805.75,13.39,0.9936,0.03487,12840.0
805.8,13.39,1.01,0.1107,12850.0
805.85,13.52,0.9174,0.01927,12860.0
805.9,13.64,0.8248,-0.07219,12890.0
805.95,13.62,0.9275,-0.05999,12910.0
806.0,13.61,1.03,-0.0478,12920.0
806.05,13.66,0.9749,0.1182,12910.0
806.1,13.7,0.9196,0.2841,12890.0
806.15,13.73,1.059,0.1194,12870.0
806.2,13.76,1.199,-0.04536,12860.0
806.25,13.57,1.263,-0.04158,12870.0
806.3,13.38,1.326,-0.0378,12880.0
806.35,13.25,1.231,0.01524,12900.0
806.4,13.12,1.135,0.06829,12920.0
806.45,13.17,1.137,0.2377,12930.0
806.5,13.23,1.138,0.407,12920.0
806.55,13.29,1.145,0.551,12900.0
806.6,13.35,1.152,0.695,12880.0
806.65,13.36,1.189,0.5964,12860.0
806.7,13.37,1.226,0.4977,12860.0
806.75,13.23,1.154,0.4062,12870.0
806.8,13.1,1.082,0.3146,12900.0
806.85,13.34,0.9908,0.5096,12920.0
806.9,13.57,0.8993,0.7046,12930.0
806.95,13.67,0.5285,0.5415,12940.0
807.0,13.76,0.1576,0.3785,12930.0
807.05,13.81,0.01015,0.4523,12920.0
807.1,13.85,-0.1373,0.526,12920.0
807.15,13.95,-0.164,0.5643,12910.0
807.2,14.05,-0.1907,0.6026,12900.0
807.25,14.15,-0.248,0.5119,12900.0
807.3,14.25,-0.3053,0.4212,12890.0
807.35,14.12,-0.3248,0.2262,12900.0
807.4,13.99,-0.3443,0.03122,12900.0
807.45,14.14,-0.1817,0.1175,12890.0
807.5,14.29,-0.01911,0.2039,12880.0
807.55,14.45,-0.04717,0.2955,12880.0
807.6,14.61,-0.07524,0.387,12880.0
807.65,14.51,-0.0832,0.3058,12880.0
807.7,14.4,-0.09116,0.2246,12880.0
807.75,14.53,0.002189,0.1458,12880.0
807.8,14.66,0.09554,0.06707,12880.0
807.85,14.68,0.2176,-0.01841,12860.0
807.9,14.71,0.3396,-0.1039,12840.0
807.95,14.72,0.2787,-0.1827,12820.0
808.0,14.74,0.2178,-0.2614,12800.0
808.05,14.78,0.01413,-0.2727,12790.0
808.1,14.82,-0.1895,-0.2839,12780.0
808.15,14.86,-0.1614,-0.4348,12780.0
808.2,14.91,-0.1334,-0.5858,12790.0
808.25,14.76,0.04837,-0.5543,12800.0
808.3,14.61,0.2301,-0.5229,12800.0
808.35,14.57,0.1324,-0.5482,12790.0
808.4,14.53,0.03463,-0.5736,12770.0
808.45,14.61,0.03025,-0.4899,12750.0
808.5,14.7,0.02588,-0.4063,12730.0
808.55,14.65,0.213,-0.4251,12720.0
808.6,14.59,0.4001,-0.4439,12710.0
808.65,14.63,0.4134,-0.3512,12700.0
808.7,14.67,0.4267,-0.2585,12700.0
808.75,14.48,0.3802,0.008048,12700.0
808.8,14.28,0.3336,0.2746,12710.0
808.85,14.22,0.4463,0.03768,12720.0
808.9,14.16,0.5589,-0.1992,12740.0
808.95,14.19,0.4538,-0.2228,12760.0
809.0,14.23,0.3487,-0.2463,12780.0
809.05,14.26,0.4021,-0.1385,12790.0
809.1,14.29,0.4554,-0.03073,12780.0
809.15,14.38,0.4946,-0.09279,12760.0
809.2,14.47,0.5338,-0.1549,12750.0
809.25,14.51,0.6389,-0.106,12740.0
809.3,14.55,0.744,-0.05707,12740.0
809.35,14.62,0.4451,0.003048,12760.0
809.4,14.69,0.1461,0.06316,12790.0
809.45,14.74,0.1121,-0.1508,12830.0
809.5,14.79,0.07802,-0.3648,12870.0
809.55,14.82,0.1978,-0.5998,12900.0
809.6,14.85,0.3177,-0.8348,12920.0
809.65,14.79,0.2727,-0.9259,12920.0
809.7,14.73,0.2277,-1.017,12920.0
809.75,14.44,0.2731,-0.8521,12900.0
809.8,14.14,0.3185,-0.6872,12890.0
809.85,14.21,0.2673,-0.5938,12880.0
809.9,14.28,0.2162,-0.5004,12880.0
809.95,14.18,0.1272,-0.2898,12880.0
810.0,14.08,0.03822,-0.07926,12890.0
810.05,14.0,0.2042,-0.1283,12910.0
810.1,13.93,0.3702,-0.1773,12930.0
810.15,13.91,0.4809,-0.3951,12950.0
810.2,13.89,0.5916,-0.6129,12960.0
810.25,14.05,0.5324,-0.5951,12960.0
810.3,14.2,0.4733,-0.5773,12960.0
810.35,14.19,0.3254,-0.551,12950.0
810.4,14.18,0.1775,-0.5248,12950.0
810.45,14.23,0.1935,-0.5685,12940.0
810.5,14.27,0.2094,-0.6121,12940.0
810.55,14.27,0.3404,-0.4332,12940.0
810.6,14.27,0.4713,-0.2544,12940.0
810.65,14.23,0.4142,-0.3597,12930.0
810.7,14.19,0.3571,-0.4651,12930.0
810.75,14.06,0.09415,-0.5926,12930.0
810.8,13.93,-0.1688,-0.7202,12930.0
810.85,13.86,-0.1986,-0.8666,12930.0
810.9,13.79,-0.2285,-1.013,12940.0
810.95,13.69,-0.06349,-0.8872,12950.0
811.0,13.59,0.1015,-0.7614,12960.0
811.05,13.62,0.07365,-0.6054,12970.0
811.1,13.64,0.04578,-0.4495,12970.0
811.15,13.7,0.07902,-0.4118,12960.0
811.2,13.76,0.1123,-0.3741,12940.0
811.25,13.8,0.1367,-0.1644,12920.0
811.3,13.84,0.1612,0.04536,12910.0
811.35,13.89,0.1799,-0.02183,12900.0
811.4,13.93,0.1986,-0.08901,12910.0
811.45,14.06,0.2739,-0.1572,12930.0
811.5,14.18,0.3491,-0.2253,12950.0
811.55,14.46,0.09176,-0.0389,12970.0
811.6,14.74,-0.1656,0.1475,12970.0
811.65,14.76,-0.259,0.2756,12950.0
811.7,14.78,-0.3523,0.4036,12930.0
811.75,14.67,-0.04877,0.3433,12920.0
811.8,14.56,0.2548,0.2829,12910.0
811.85,14.54,0.4041,0.02183,12910.0
811.9,14.52,0.5533,-0.2392,12920.0
811.95,14.58,0.4942,-0.3373,12930.0
812.0,14.64,0.4351,-0.4353,12950.0
812.05,14.5,0.2377,-0.3258,12950.0
812.1,14.36,0.04021,-0.2163,12950.0
812.15,14.43,0.2303,-0.2583,12940.0
812.2,14.5,0.4204,-0.3002,12940.0
812.25,14.58,0.2645,-0.1616,12940.0
812.3,14.66,0.1087,-0.02292,12940.0
812.35,14.79,0.294,0.0456,12940.0
812.4,14.93,0.4793,0.1141,12950.0
812.45,14.93,0.417,0.1682,12960.0
812.5,14.93,0.3547,0.2222,12970.0
812.55,15.08,0.5082,0.1761,12970.0
812.6,15.23,0.6616,0.13,12990.0
812.65,15.07,0.5458,0.01012,13010.0
812.7,14.92,0.4299,-0.1097,13030.0
812.75,14.71,0.37,-0.1256,13020.0
812.8,14.49,0.3101,-0.1414,13000.0
812.85,14.68,0.408,-0.07499,12970.0
812.9,14.87,0.506,-0.008536,12940.0
812.95,14.91,0.4447,0.1125,12930.0
813.0,14.96,0.3834,0.2336,12930.0
813.05,14.77,0.617,0.4167,12940.0
813.1,14.59,0.8507,0.5997,12980.0
813.15,14.72,0.7476,0.7841,13030.0
813.2,14.86,0.6445,0.9684,13060.0
813.25,14.86,0.4518,0.7641,13050.0
813.3,14.85,0.2592,0.5597,13030.0
813.35,14.98,0.2908,0.5391,13010.0
813.4,15.12,0.3224,0.5185,12990.0
813.45,15.15,0.5513,0.5145,12960.0
813.5,15.19,0.7802,0.5104,12950.0
813.55,15.02,0.7578,0.4326,12950.0
813.6,14.85,0.7353,0.3548,12960.0
813.65,14.6,0.7006,0.3085,12970.0
813.7,14.35,0.666,0.2622,12960.0
813.75,14.49,0.7745,0.2559,12950.0
813.8,14.62,0.8829,0.2497,12950.0
813.85,14.71,1.251,0.3436,12960.0
813.9,14.79,1.619,0.4375,12970.0
813.95,14.77,1.59,0.3559,12990.0
814.0,14.76,1.562,0.2744,13000.0
814.05,14.75,1.597,0.428,13010.0
814.1,14.74,1.633,0.5816,13010.0
814.15,14.96,1.672,0.6116,12990.0
814.2,15.19,1.711,0.6416,12960.0
814.25,15.26,1.689,0.6668,12920.0
814.3,15.34,1.668,0.6919,12890.0
814.35,15.2,1.508,0.5619,12870.0
814.4,15.05,1.348,0.4319,12870.0
814.45,15.08,1.3,0.6471,12890.0
814.5,15.11,1.252,0.8623,12920.0
814.55,14.93,1.219,0.8737,12960.0
814.6,14.76,1.185,0.885,12990.0
814.65,14.73,1.33,0.7711,13010.0
814.7,14.71,1.474,0.6572,13000.0
814.75,14.74,1.534,0.4987,12980.0
814.8,14.77,1.595,0.3402,12940.0
814.85,14.77,1.636,0.3641,12900.0
814.9,14.77,1.678,0.388,12860.0
814.95,14.61,1.676,0.5937,12840.0
815.0,14.45,1.675,0.7994,12840.0
815.05,14.33,1.58,0.7824,12860.0
815.1,14.2,1.484,0.7653,12890.0
815.15,14.27,1.525,0.845,12920.0
815.2,14.34,1.566,0.9248,12940.0
815.25,14.32,1.498,0.8422,12960.0
815.3,14.3,1.429,0.7597,12950.0
815.35,14.18,1.394,0.6885,12940.0
815.4,14.06,1.359,0.6172,12920.0
815.45,14.03,1.477,0.4982,12900.0
815.5,14.01,1.595,0.3792,12890.0
815.55,13.95,1.688,0.4211,12880.0
815.6,13.88,1.781,0.4629,12890.0
815.65,13.74,1.668,0.4073,12920.0
815.7,13.61,1.556,0.3517,12960.0
815.75,13.69,1.628,0.5854,13000.0
815.8,13.77,1.7,0.8192,13020.0
815.85,13.79,1.615,0.8275,13040.0
815.9,13.81,1.53,0.8358,13030.0
815.95,13.65,1.354,0.7287,13010.0
816.0,13.48,1.179,0.6216,12980.0
816.05,13.37,1.231,0.6958,12960.0
816.1,13.26,1.283,0.7699,12960.0
816.15,13.25,1.204,0.7965,12990.0
816.2,13.23,1.125,0.8231,13030.0
816.25,13.36,1.01,0.9358,13080.0
816.3,13.5,0.8949,1.048,13110.0
816.35,13.51,1.116,0.8992,13120.0
816.4,13.53,1.336,0.7499,13110.0
816.45,13.55,1.437,0.8626,13080.0
816.5,13.57,1.538,0.9753,13050.0
816.55,13.7,1.345,1.024,13030.0
816.6,13.82,1.152,1.073,13030.0
816.65,13.64,1.209,0.9978,13040.0
816.7,13.45,1.266,0.9228,13060.0
816.75,13.48,1.24,0.8186,13090.0
816.8,13.5,1.214,0.7143,13120.0
816.85,13.5,1.214,0.5379,13150.0
816.9,13.5,1.214,0.3614,13160.0
816.95,13.38,1.233,0.4223,13150.0
817.0,13.26,1.253,0.4831,13130.0
817.05,13.42,1.34,0.6272,13110.0
817.1,13.59,1.428,0.7714,13090.0
817.15,13.3,1.554,0.8095,13070.0
817.2,13.01,1.68,0.8477,13060.0
817.25,13.08,1.737,0.727,13060.0
817.3,13.16,1.794,0.6063,13070.0
817.35,13.46,1.954,0.7883,13100.0
817.4,13.76,2.114,0.9704,13120.0
817.45,13.64,1.924,0.966,13140.0
817.5,13.52,1.734,0.9616,13150.0
817.55,13.47,1.654,0.9022,13150.0
817.6,13.43,1.574,0.8428,13130.0
817.65,13.34,1.663,0.8004,13090.0
817.7,13.26,1.752,0.758,13060.0
817.75,13.21,1.631,0.7902,13040.0
817.8,13.15,1.511,0.8223,13030.0
817.85,13.12,1.46,0.6914,13040.0
817.9,13.09,1.409,0.5604,13050.0
817.95,13.06,1.351,0.5262,13080.0
818.0,13.03,1.294,0.4919,13100.0
818.05,13.06,1.41,0.4595,13110.0
818.1,13.1,1.526,0.427,13100.0
818.15,12.91,1.615,0.4759,13070.0
818.2,12.73,1.704,0.5248,13040.0
818.25,12.73,1.588,0.4146,13020.0
818.3,12.74,1.473,0.3044,13000.0
818.35,12.87,1.405,0.3183,13000.0
818.4,13.0,1.338,0.3322,13000.0
818.45,12.83,1.382,0.5157,13020.0
818.5,12.65,1.425,0.6992,13060.0
818.55,12.7,1.525,0.7827,13080.0
818.6,12.75,1.626,0.8662,13100.0
818.65,12.64,1.843,1.024,13110.0
818.7,12.53,2.059,1.182,13110.0
818.75,12.42,1.727,1.017,13100.0
818.8,12.31,1.395,0.8523,13090.0
818.85,12.36,1.42,0.7296,13070.0
818.9,12.41,1.445,0.6068,13070.0
818.95,12.43,1.468,0.4518,13090.0
819.0,12.46,1.491,0.2968,13110.0
819.05,12.59,1.373,0.1928,13120.0
819.1,12.72,1.255,0.08877,13140.0
819.15,12.71,1.311,0.1075,13150.0
819.2,12.71,1.368,0.1263,13170.0
819.25,12.55,1.128,0.1072,13180.0
819.3,12.39,0.8873,0.08804,13170.0
819.35,12.41,0.7265,-0.05182,13160.0
819.4,12.42,0.5657,-0.1917,13160.0
819.45,12.4,0.7796,0.01707,13180.0
819.5,12.39,0.9936,0.2258,13200.0
819.55,12.33,1.02,0.1261,13220.0
819.6,12.28,1.047,0.02634,13230.0
819.65,12.45,0.9038,-0.05634,13250.0
819.7,12.62,0.7603,-0.139,13250.0
819.75,12.71,0.7269,-0.3276,13240.0
819.8,12.8,0.6935,-0.5163,13220.0
819.85,12.93,0.6027,-0.6043,13200.0
819.9,13.06,0.5119,-0.6924,13190.0
819.95,12.93,0.6833,-0.7439,13190.0
820.0,12.8,0.8547,-0.7955,13190.0
820.05,12.88,1.034,-0.5758,13190.0
820.1,12.96,1.214,-0.3561,13200.0
820.15,12.85,1.28,-0.2801,13230.0
820.2,12.73,1.346,-0.2041,13250.0
820.25,12.64,1.297,-0.0806,13260.0
820.3,12.54,1.247,0.04292,13260.0
820.35,12.6,1.223,0.04182,13250.0
820.4,12.67,1.199,0.04073,13230.0
820.45,12.6,1.15,0.1283,13190.0
820.5,12.52,1.1,0.2158,13150.0
820.55,12.59,0.9855,0.2151,13120.0
820.6,12.65,0.8706,0.2144,13110.0
820.65,12.75,0.5904,0.2281,13130.0
820.7,12.85,0.3101,0.2419,13140.0
820.75,12.85,0.3386,0.1273,13160.0
820.8,12.84,0.367,0.01268,13180.0
820.85,12.85,0.4873,-0.1656,13210.0
820.9,12.85,0.6075,-0.3439,13230.0
820.95,12.91,0.5844,-0.4175,13220.0
821.0,12.96,0.5613,-0.4912,13200.0
821.05,12.88,0.5358,-0.4768,13170.0
821.1,12.8,0.5103,-0.4624,13140.0
821.15,12.83,0.3947,-0.4143,13110.0
821.2,12.85,0.2791,-0.3663,13080.0
821.25,12.88,0.2908,-0.4663,13070.0
821.3,12.9,0.3025,-0.5663,13080.0
821.35,12.77,0.2128,-0.3346,13110.0
821.4,12.64,0.123,-0.1029,13160.0
821.45,12.65,0.1638,0.07682,13190.0
821.5,12.65,0.2046,0.2566,13210.0
821.55,12.6,0.3515,0.237,13230.0
821.6,12.55,0.4984,0.2175,13220.0
821.65,12.63,0.3171,0.01475,13200.0
821.7,12.71,0.1357,-0.188,13170.0
821.75,12.65,0.03802,-0.4279,13150.0
821.8,12.58,-0.05971,-0.6677,13160.0
821.85,12.52,-0.1547,-0.4723,13190.0
821.9,12.45,-0.2496,-0.2768,13210.0
821.95,12.57,-0.2444,-0.2786,13240.0
822.0,12.7,-0.2392,-0.2805,13270.0
822.05,12.63,-0.1152,-0.1556,13290.0
822.1,12.56,0.008758,-0.03073,13280.0
822.15,12.45,0.0838,-0.06646,13270.0
822.2,12.34,0.1588,-0.1022,13270.0
822.25,12.22,0.3889,-0.09097,13280.0
822.3,12.09,0.619,-0.07975,13310.0
822.35,12.17,0.6905,0.01049,13320.0
822.4,12.24,0.7619,0.1007,13340.0
822.45,12.43,0.7239,0.1608,13360.0
822.5,12.63,0.6859,0.221,13400.0
822.55,12.63,0.7106,0.2459,13410.0
822.6,12.63,0.7353,0.2709,13410.0
822.65,12.65,0.6363,0.3982,13390.0
822.7,12.67,0.5374,0.5256,13390.0
822.75,12.68,0.4787,0.4818,13390.0
822.8,12.69,0.42,0.438,13390.0
822.85,12.91,0.6893,0.3174,13390.0
822.9,13.13,0.9586,0.1968,13400.0
822.95,13.11,1.023,0.035,13430.0
823.0,13.09,1.087,-0.1268,13470.0
823.05,12.98,0.9261,-0.1635,13480.0
823.1,12.86,0.7655,-0.2002,13480.0
823.15,12.94,0.827,-0.2644,13480.0
823.2,13.02,0.8885,-0.3285,13480.0
823.25,13.0,0.9281,-0.2353,13480.0
823.3,12.98,0.9677,-0.1422,13450.0
823.35,12.91,1.035,-0.09316,13420.0
823.4,12.83,1.103,-0.04414,13410.0
823.45,12.89,1.267,-0.09865,13430.0
823.5,12.95,1.432,-0.1532,13450.0
823.55,12.88,1.256,-0.1251,13460.0
823.6,12.81,1.08,-0.09706,13470.0
823.65,12.79,1.045,-0.1914,13490.0
823.7,12.77,1.01,-0.2858,13510.0
823.75,12.84,1.068,-0.2594,13500.0
823.8,12.91,1.127,-0.2329,13480.0
823.85,12.91,1.079,-0.2338,13460.0
823.9,12.91,1.031,-0.2346,13460.0
823.95,13.07,0.8987,-0.1519,13460.0
824.0,13.23,0.7659,-0.06926,13440.0
824.05,13.31,0.7858,-0.0956,13420.0
824.1,13.38,0.8057,-0.1219,13420.0
824.15,13.55,0.7239,-0.05707,13430.0
824.2,13.71,0.6421,0.007804,13440.0
824.25,13.66,0.7749,0.04817,13440.0
824.3,13.61,0.9076,0.08853,13450.0
824.35,13.55,0.9656,0.1611,13460.0
824.4,13.49,1.023,0.2336,13480.0
824.45,13.48,1.074,0.1947,13480.0
824.5,13.47,1.125,0.1558,13470.0
824.55,13.28,1.134,0.1801,13450.0
824.6,13.09,1.143,0.2044,13460.0
824.65,13.18,1.162,-0.01122,13480.0
824.7,13.26,1.181,-0.2268,13490.0
824.75,13.42,1.26,-0.3615,13490.0
824.8,13.58,1.338,-0.4963,13490.0
824.85,13.67,1.532,-0.4863,13510.0
824.9,13.75,1.726,-0.4763,13530.0
824.95,13.81,1.812,-0.2539,13520.0
825.0,13.87,1.898,-0.03146,13510.0
825.05,14.02,1.942,-0.04097,13520.0
825.1,14.18,1.986,-0.05048,13560.0
825.15,14.16,1.916,-0.302,13600.0
825.2,14.15,1.847,-0.5536,13620.0
825.25,14.02,1.743,-0.7082,13640.0
825.3,13.89,1.639,-0.8628,13670.0
825.35,13.89,1.619,-0.7481,13700.0
825.4,13.88,1.598,-0.6333,13700.0
825.45,13.98,1.597,-0.7808,13670.0
825.5,14.08,1.596,-0.9282,13650.0
825.55,14.16,1.411,-0.8973,13650.0
825.6,14.23,1.226,-0.8665,13660.0
825.65,14.21,1.054,-0.6691,13670.0
825.7,14.19,0.8826,-0.4717,13690.0
825.75,14.25,0.7619,-0.3923,13750.0
825.8,14.3,0.6413,-0.3129,13810.0
825.85,14.25,0.7982,-0.2422,13860.0
825.9,14.2,0.955,-0.1714,13880.0
825.95,14.37,0.905,-0.02548,13870.0
826.0,14.54,0.8551,0.1205,13850.0
826.05,14.66,0.7607,0.06316,13840.0
826.1,14.78,0.6664,0.005853,13810.0
826.15,14.83,0.5997,0.155,13780.0
826.2,14.87,0.533,0.3041,13790.0
826.25,14.71,0.6029,0.4211,13830.0
826.3,14.55,0.6728,0.538,13890.0
826.35,14.6,0.5161,0.4951,13940.0
826.4,14.64,0.3595,0.4521,13970.0
826.45,14.72,0.4162,0.2513,13980.0
826.5,14.81,0.4729,0.05048,13980.0
826.55,14.82,0.4451,-0.00439,13960.0
826.6,14.82,0.4172,-0.05926,13910.0
826.65,14.79,0.3316,-0.01097,13870.0
826.7,14.76,0.246,0.03731,13870.0
826.75,14.62,0.1909,0.09499,13910.0
826.8,14.48,0.1357,0.1527,13950.0
826.85,14.34,0.05772,0.3374,13980.0
826.9,14.19,-0.0203,0.5221,14000.0
826.95,14.12,0.1298,0.3867,14010.0
827.0,14.04,0.2799,0.2512,14020.0
827.05,14.22,0.3718,0.2395,14000.0
827.1,14.4,0.4638,0.2278,13970.0
827.15,14.42,0.2934,0.1738,13950.0
827.2,14.43,0.123,0.1197,13960.0
827.25,14.53,0.08738,0.02573,13990.0
827.3,14.63,0.05175,-0.06829,14000.0
827.35,14.56,0.03901,0.06792,14000.0
827.4,14.48,0.02627,0.2041,14020.0
827.45,14.67,-0.1234,0.2814,14050.0
827.5,14.86,-0.2731,0.3587,14060.0
827.55,14.98,-0.3722,0.5595,14050.0
827.6,15.09,-0.4713,0.7602,14040.0
827.65,15.13,-0.2349,0.6808,14040.0
827.7,15.17,0.001592,0.6014,14050.0
827.75,15.25,-0.0836,0.4301,14050.0
827.8,15.33,-0.1688,0.2588,14050.0
827.85,15.29,-0.2613,0.4282,14060.0
827.9,15.25,-0.3539,0.5977,14100.0
827.95,15.41,-0.2582,0.7081,14130.0
828.0,15.56,-0.1624,0.8184,14130.0
828.05,15.4,0.003981,0.7714,14130.0
828.1,15.24,0.1704,0.7243,14120.0
828.15,15.34,0.3997,0.6891,14120.0
828.2,15.44,0.629,0.6538,14110.0
828.25,15.44,0.5818,0.638,14100.0
828.3,15.44,0.5346,0.6221,14100.0
828.35,15.44,0.1718,0.511,14130.0
828.4,15.45,-0.1911,0.4,14160.0
828.45,15.45,-0.0615,0.3657,14180.0
828.5,15.45,0.06807,0.3314,14190.0
828.55,15.51,0.2227,0.1211,14200.0
828.6,15.57,0.3774,-0.08926,14210.0
828.65,15.52,0.4142,-0.2648,14210.0
828.7,15.46,0.451,-0.4404,14200.0
828.75,15.27,0.4765,-0.2798,14190.0
828.8,15.08,0.502,-0.1193,14190.0
828.85,15.06,0.5852,-0.1258,14190.0
828.9,15.05,0.6684,-0.1324,14190.0
828.95,15.3,0.5537,-0.1603,14200.0
829.0,15.56,0.4391,-0.1883,14210.0
829.05,15.5,0.4466,-0.05012,14230.0
829.1,15.44,0.4542,0.08804,14260.0
829.15,15.55,0.6011,0.1012,14290.0
829.2,15.65,0.748,0.1144,14310.0
829.25,15.7,0.8071,0.04865,14320.0
829.3,15.76,0.8662,-0.01707,14310.0
829.35,15.68,0.9104,-0.1477,14280.0
829.4,15.6,0.9546,-0.2783,14240.0
829.45,15.68,1.056,-0.0006097,14200.0
829.5,15.76,1.158,0.277,14180.0
829.55,15.81,1.184,0.2985,14200.0
829.6,15.85,1.21,0.32,14250.0
829.65,15.99,1.426,0.3269,14310.0
829.7,16.12,1.642,0.3339,14360.0
829.75,16.19,1.737,0.5831,14390.0
829.8,16.25,1.832,0.8323,14390.0
829.85,16.15,1.59,0.5531,14360.0
829.9,16.05,1.348,0.2739,14330.0
829.95,15.85,1.358,0.2763,14300.0
830.0,15.66,1.368,0.2787,14280.0
830.05,15.54,1.289,0.2359,14280.0
830.1,15.42,1.21,0.1931,14310.0
830.15,15.47,1.144,0.2773,14340.0
830.2,15.51,1.078,0.3614,14360.0
830.25,15.63,0.9797,0.2725,14390.0
830.3,15.75,0.8818,0.1836,14420.0
830.35,15.69,0.7369,0.2351,14440.0
830.4,15.63,0.5919,0.2866,14440.0
830.45,15.8,0.4984,0.1911,14430.0
830.5,15.97,0.4049,0.0956,14430.0
830.55,16.0,0.3977,-0.2391,14420.0
830.6,16.03,0.3905,-0.5738,14420.0
830.65,15.85,0.2546,-0.5087,14420.0
830.7,15.66,0.1186,-0.4436,14420.0
830.75,15.74,-0.1091,-0.4068,14440.0
830.8,15.82,-0.3368,-0.37,14470.0
830.85,15.97,-0.3392,-0.3758,14490.0
830.9,16.13,-0.3416,-0.3817,14480.0
830.95,16.06,-0.3875,-0.2635,14460.0
831.0,15.98,-0.4335,-0.1453,14450.0
831.05,15.85,-0.3726,-0.1294,14430.0
831.1,15.73,-0.3117,-0.1134,14430.0
831.15,15.74,-0.4327,-0.1562,14430.0
831.2,15.75,-0.5537,-0.199,14450.0
831.25,15.79,-0.6678,0.02122,14490.0
831.3,15.83,-0.7818,0.2414,14530.0
831.35,15.88,-0.8193,0.09645,14540.0
831.4,15.93,-0.8567,-0.04853,14520.0
831.45,15.76,-0.5468,-0.05012,14470.0
831.5,15.59,-0.2369,-0.0517,14430.0
831.55,15.43,-0.1787,0.01841,14390.0
831.6,15.27,-0.1206,0.08853,14360.0
831.65,15.27,0.01174,0.04292,14360.0
831.7,15.26,0.1441,-0.002683,14390.0
831.75,15.27,0.03702,0.1689,14440.0
831.8,15.27,-0.07006,0.3405,14490.0
831.85,15.3,-0.282,0.4113,14520.0
831.9,15.33,-0.494,0.4821,14530.0
831.95,15.29,-0.3613,0.5312,14520.0
832.0,15.24,-0.2285,0.5802,14500.0
832.05,14.99,-0.06111,0.6133,14470.0
832.1,14.74,0.1063,0.6465,14420.0
832.15,14.67,0.07643,0.4873,14380.0
832.2,14.61,0.04658,0.328,14350.0
832.25,14.71,0.1877,0.1457,14350.0
832.3,14.81,0.3288,-0.03658,14370.0
832.35,14.89,0.2655,-0.1283,14390.0
832.4,14.96,0.2022,-0.22,14420.0
832.45,15.07,0.2558,-0.3439,14460.0
832.5,15.19,0.3093,-0.4678,14500.0
832.55,15.19,0.243,-0.5826,14500.0
832.6,15.2,0.1767,-0.6975,14480.0
832.65,15.4,0.2795,-0.5907,14460.0
832.7,15.59,0.3822,-0.4838,14430.0
832.75,15.73,0.5052,-0.5112,14400.0
832.8,15.87,0.6282,-0.5385,14360.0
832.85,15.87,0.7094,-0.5277,14340.0
832.9,15.88,0.7906,-0.517,14350.0
832.95,15.75,0.7968,-0.4681,14390.0
833.0,15.62,0.8029,-0.4192,14430.0
833.05,15.76,0.7574,-0.5458,14470.0
833.1,15.89,0.7118,-0.6724,14490.0
833.15,16.04,0.5109,-0.6769,14500.0
833.2,16.2,0.3101,-0.6814,14490.0
833.25,16.19,0.2689,-0.5303,14460.0
833.3,16.19,0.2277,-0.3792,14410.0
833.35,15.96,0.2834,-0.2868,14370.0
833.4,15.73,0.3392,-0.1944,14370.0
833.45,15.63,0.3613,-0.2503,14400.0
833.5,15.53,0.3834,-0.3063,14430.0
833.55,15.6,0.325,-0.2125,14450.0
833.6,15.67,0.2667,-0.1188,14470.0
833.65,15.65,0.239,0.01317,14470.0
833.7,15.63,0.2114,0.1451,14440.0
833.75,15.59,0.06867,-0.03804,14400.0
833.8,15.56,-0.07404,-0.2212,14360.0
833.85,15.64,0.0822,-0.1785,14340.0
833.9,15.71,0.2385,-0.1358,14350.0
833.95,15.74,0.3752,-0.1084,14370.0
834.0,15.76,0.5119,-0.08097,14390.0
834.05,15.63,0.5101,-0.07877,14410.0
834.1,15.5,0.5084,-0.07658,14410.0
834.15,15.49,0.1801,-0.1792,14400.0
834.2,15.48,-0.1481,-0.2819,14370.0
834.25,15.45,-0.1308,-0.01939,14320.0
834.3,15.42,-0.1135,0.2431,14270.0
834.35,15.37,-0.3483,0.2741,14240.0
834.4,15.31,-0.5832,0.3051,14230.0
834.45,15.14,-0.6334,0.1425,14240.0
834.5,14.96,-0.6835,-0.02,14250.0
834.55,15.11,-0.4371,-0.0428,14290.0
834.6,15.25,-0.1907,-0.0656,14330.0
834.65,15.22,-0.4126,-0.04695,14360.0
834.7,15.2,-0.6345,-0.02829,14360.0
834.75,15.19,-0.7739,-0.211,14330.0
834.8,15.19,-0.9132,-0.3936,14280.0
834.85,15.36,-0.6827,-0.2629,14230.0
834.9,15.54,-0.4522,-0.1322,14180.0
834.95,15.67,-0.419,-0.02341,14130.0
835.0,15.8,-0.3857,0.08536,14110.0
835.05,15.99,-0.2596,0.01634,14130.0
835.1,16.17,-0.1334,-0.05268,14170.0
835.15,16.14,-0.1238,-0.161,14220.0
835.2,16.12,-0.1142,-0.2692,14250.0
835.25,16.08,0.003782,-0.3146,14280.0
835.3,16.04,0.1218,-0.36,14280.0
835.35,16.13,0.1485,-0.2981,14270.0
835.4,16.23,0.1752,-0.2363,14230.0
835.45,16.22,0.06091,-0.2828,14190.0
835.5,16.22,-0.05334,-0.3292,14160.0
835.55,16.2,-0.1097,-0.1753,14150.0
835.6,16.19,-0.166,-0.02146,14150.0
835.65,16.18,-0.3131,-0.01341,14150.0
835.7,16.18,-0.4602,-0.005365,14150.0
835.75,16.17,-0.4843,-0.0878,14160.0
835.8,16.16,-0.5084,-0.1702,14180.0
835.85,16.13,-0.5304,-0.09462,14190.0
835.9,16.1,-0.5525,-0.01902,14190.0
835.95,16.17,-0.5593,0.07719,14190.0
836.0,16.25,-0.5661,0.1734,14190.0
836.05,16.36,-0.3971,0.1288,14190.0
836.1,16.48,-0.2281,0.08414,14180.0
836.15,16.62,-0.1976,0.1489,14180.0
836.2,16.76,-0.1672,0.2136,14160.0
836.25,16.74,-0.06668,0.1299,14150.0
836.3,16.72,0.03384,0.04609,14120.0
836.35,16.65,-0.004777,0.2772,14090.0
836.4,16.59,-0.04339,0.5082,14070.0
836.45,16.58,0.0629,0.4069,14060.0
836.5,16.56,0.1692,0.3056,14070.0
836.55,16.43,-0.005573,0.1356,14100.0
836.6,16.29,-0.1803,-0.03439,14130.0
836.65,16.2,-0.2779,0.07158,14160.0
836.7,16.11,-0.3754,0.1775,14170.0
836.75,15.83,-0.5291,0.2005,14160.0
836.8,15.56,-0.6827,0.2234,14130.0
836.85,15.47,-0.5199,0.0856,14090.0
836.9,15.39,-0.3571,-0.05219,14050.0
836.95,15.34,-0.1445,0.09475,14000.0
837.0,15.29,0.06807,0.2417,13980.0
837.05,15.36,0.4397,0.1105,13970.0
837.1,15.43,0.8113,-0.02073,13980.0
837.15,15.52,0.8923,0.02,14000.0
837.2,15.61,0.9733,0.06073,14020.0
837.25,15.77,0.7751,0.2667,14050.0
837.3,15.92,0.5768,0.4726,14070.0
837.35,15.8,0.4277,0.4957,14070.0
837.4,15.69,0.2787,0.5187,14040.0
837.45,15.63,0.1598,0.5007,14010.0
837.5,15.58,0.041,0.4826,13970.0
837.55,15.55,0.1395,0.5003,13930.0
837.6,15.52,0.2381,0.518,13900.0
837.65,15.41,0.3153,0.4475,13880.0
837.7,15.3,0.3925,0.377,13870.0
837.75,15.4,0.239,0.3739,13870.0
837.8,15.5,0.08559,0.3707,13870.0
837.85,15.62,0.1182,0.3909,13880.0
837.9,15.74,0.1509,0.4112,13890.0
837.95,15.74,0.2207,0.2756,13900.0
838.0,15.74,0.2906,0.14,13890.0
838.05,15.62,0.2128,0.04573,13890.0
838.1,15.5,0.135,-0.04853,13880.0
838.15,15.36,0.2814,-0.001829,13880.0
838.2,15.21,0.4279,0.04487,13870.0
838.25,15.14,0.4928,-0.03122,13850.0
838.3,15.07,0.5577,-0.1073,13830.0
838.35,14.99,0.3631,-0.2186,13800.0
838.4,14.92,0.1684,-0.33,13770.0
838.45,15.16,0.1947,-0.3398,13750.0
838.5,15.4,0.2209,-0.3497,13740.0
838.55,15.46,0.4664,-0.1621,13740.0
838.6,15.52,0.7118,0.02561,13760.0
838.65,15.58,0.6318,-0.07341,13790.0
838.7,15.64,0.5517,-0.1724,13800.0
838.75,15.66,0.3,-0.09304,13800.0
838.8,15.68,0.04817,-0.01366,13800.0
838.85,15.55,0.02468,0.1692,13790.0
838.9,15.42,0.001194,0.3522,13780.0
838.95,15.23,-0.07643,0.3672,13750.0
839.0,15.04,-0.1541,0.3822,13720.0
839.05,14.98,-0.3278,0.2791,13690.0
839.1,14.92,-0.5016,0.1761,13690.0
839.15,15.08,-0.4612,0.143,13690.0
839.2,15.25,-0.4208,0.11,13700.0
839.25,15.34,-0.1841,0.1373,13710.0
839.3,15.43,0.05255,0.1646,13720.0
839.35,15.58,-0.1103,0.05938,13740.0
839.4,15.73,-0.2731,-0.04585,13750.0
839.45,15.83,-0.3264,-0.06731,13750.0
839.5,15.93,-0.3798,-0.08877,13740.0
839.55,16.0,-0.2096,-0.02353,13730.0
839.6,16.07,-0.03941,0.0417,13720.0
839.65,16.31,-0.2337,0.0706,13700.0
839.7,16.54,-0.4279,0.0995,13670.0
839.75,16.62,-0.4737,0.121,13650.0
839.8,16.71,-0.5195,0.1424,13640.0
839.85,16.78,-0.4843,-0.08645,13650.0
839.9,16.86,-0.449,-0.3153,13650.0
839.95,16.69,-0.4568,-0.3239,13660.0
840.0,16.53,-0.4646,-0.3324,13670.0
840.05,16.55,-0.2605,-0.3273,13670.0
840.1,16.57,-0.05653,-0.3222,13660.0
840.15,16.68,-0.08897,-0.449,13640.0
840.2,16.79,-0.1214,-0.5758,13620.0
840.25,16.69,0.0199,-0.4419,13600.0
840.3,16.58,0.1612,-0.308,13590.0
840.35,16.48,0.342,-0.4108,13560.0
840.4,16.39,0.5227,-0.5136,13530.0
840.45,16.24,0.4998,-0.4029,13510.0
840.5,16.1,0.4769,-0.2922,13510.0
840.55,16.01,0.07325,-0.01341,13510.0
840.6,15.92,-0.3304,0.2653,13510.0
840.65,15.77,-0.3358,0.1679,13510.0
840.7,15.62,-0.3412,0.07048,13510.0
840.75,15.62,-0.1344,0.1419,13500.0
840.8,15.63,0.07245,0.2134,13480.0
840.85,15.78,0.1244,0.2614,13440.0
840.9,15.93,0.1764,0.3095,13420.0
840.95,15.91,-0.0215,0.304,13410.0
841.0,15.88,-0.2193,0.2985,13410.0
841.05,15.88,-0.3045,0.3623,13410.0
841.1,15.88,-0.3897,0.4261,13410.0
841.15,15.81,0.02309,0.211,13410.0
841.2,15.74,0.4359,-0.004146,13410.0
841.25,15.74,0.3433,0.08024,13390.0
841.3,15.74,0.2508,0.1646,13360.0
841.35,15.73,0.3402,0.205,13330.0
841.4,15.72,0.4295,0.2453,13330.0
841.45,15.58,0.5036,0.05414,13340.0
841.5,15.43,0.5776,-0.1371,13360.0
841.55,15.45,0.6962,-0.01427,13370.0
841.6,15.48,0.8149,0.1085,13370.0
841.65,15.3,0.751,0.1979,13370.0
841.7,15.13,0.6871,0.2873,13350.0
841.75,14.97,0.4789,0.3698,13320.0
841.8,14.81,0.2707,0.4524,13290.0
841.85,14.88,0.1568,0.4218,13280.0
841.9,14.95,0.04299,0.3912,13290.0
841.95,15.05,0.0209,0.3906,13310.0
842.0,15.14,-0.001194,0.39,13330.0
842.05,15.13,-0.03364,0.34,13340.0
842.1,15.11,-0.06608,0.29,13350.0
842.15,15.01,0.07166,0.2201,13340.0
842.2,14.92,0.2094,0.1502,13330.0
842.25,14.84,0.162,0.05865,13310.0
842.3,14.75,0.1146,-0.03292,13300.0
842.35,14.85,0.3211,0.07365,13300.0
842.4,14.94,0.5275,0.1802,13300.0
842.45,14.89,0.5519,0.3722,13310.0
842.5,14.84,0.5764,0.5641,13320.0
842.55,14.85,0.5661,0.6071,13310.0
842.6,14.87,0.5557,0.6502,13300.0
842.65,14.62,0.739,0.537,13290.0
842.7,14.38,0.9224,0.4239,13280.0
842.75,14.48,0.9393,0.3007,13290.0
842.8,14.58,0.9562,0.1775,13290.0
842.85,14.51,0.9646,0.2958,13290.0
842.9,14.43,0.9729,0.4141,13300.0
842.95,14.55,0.8561,0.5124,13300.0
843.0,14.67,0.7392,0.6107,13300.0
843.05,14.68,1.017,0.4563,13290.0
843.1,14.68,1.294,0.3019,13280.0
843.15,14.69,1.222,0.3095,13260.0
843.2,14.69,1.149,0.317,13240.0
843.25,14.61,1.054,0.4271,13220.0
843.3,14.53,0.9582,0.5373,13190.0
843.35,14.61,0.9365,0.516,13170.0
843.4,14.69,0.9148,0.4948,13170.0
843.45,14.63,0.9377,0.5385,13190.0
843.5,14.57,0.9606,0.5821,13200.0
843.55,14.52,1.15,0.4343,13210.0
843.6,14.48,1.34,0.2866,13210.0
843.65,14.61,1.514,0.1444,13200.0
843.7,14.75,1.688,0.002195,13170.0
843.75,14.74,1.597,0.1065,13120.0
843.8,14.74,1.506,0.2107,13070.0
843.85,14.81,1.4,0.2661,13040.0
843.9,14.88,1.295,0.3214,13040.0
843.95,15.03,1.281,0.07475,13050.0
844.0,15.18,1.268,-0.1719,13070.0
844.05,15.05,1.251,-0.1774,13100.0
844.1,14.93,1.235,-0.1829,13120.0
844.15,14.97,1.281,-0.03756,13140.0
844.2,15.02,1.327,0.1078,13130.0
844.25,14.96,1.472,0.02317,13090.0
844.3,14.9,1.617,-0.06146,13050.0
844.35,14.69,1.717,-0.06414,13040.0
844.4,14.48,1.816,-0.06682,13030.0
844.45,14.39,1.969,0.002683,13030.0
844.5,14.3,2.122,0.07219,13040.0
844.55,14.29,1.919,0.1479,13070.0
844.6,14.28,1.715,0.2236,13090.0
844.65,14.34,1.653,0.3418,13100.0
844.7,14.39,1.59,0.4599,13100.0
844.75,14.41,1.673,0.2651,13100.0
844.8,14.42,1.756,0.07024,13110.0
844.85,14.31,1.668,0.07645,13120.0
844.9,14.2,1.581,0.08267,13120.0
844.95,14.32,1.577,0.06621,13110.0
845.0,14.45,1.573,0.04975,13100.0
845.05,14.46,1.482,0.2302,13110.0
845.1,14.46,1.392,0.4107,13120.0
845.15,14.57,1.227,0.33,13120.0
845.2,14.67,1.062,0.2492,13140.0
845.25,14.72,1.07,0.3689,13170.0
845.3,14.77,1.078,0.4885,13190.0
845.35,14.68,0.8754,0.4579,13180.0
845.4,14.59,0.6724,0.4273,13150.0
845.45,14.55,0.5957,0.2191,13120.0
845.5,14.51,0.5191,0.01097,13110.0
845.55,14.61,0.5529,0.1224,13110.0
845.6,14.71,0.5868,0.2339,13130.0
845.65,14.64,0.702,0.1658,13160.0
845.7,14.57,0.8173,0.09779,13210.0
845.75,14.58,0.7934,0.3808,13240.0
845.8,14.59,0.7695,0.6638,13250.0
845.85,14.51,0.6433,0.7072,13210.0
845.9,14.43,0.5171,0.7506,13170.0
845.95,14.49,0.4299,0.6965,13130.0
846.0,14.55,0.3427,0.6424,13110.0
846.05,14.51,0.2751,0.5957,13110.0
846.1,14.46,0.2074,0.549,13120.0
846.15,14.34,0.2681,0.3334,13150.0
846.2,14.21,0.3288,0.1178,13190.0
846.25,14.13,0.3071,0.1674,13210.0
846.3,14.04,0.2854,0.217,13200.0
846.35,14.19,0.2808,0.0867,13170.0
846.4,14.35,0.2763,-0.04365,13150.0
846.45,14.42,0.244,-0.03658,13140.0
846.5,14.49,0.2118,-0.02951,13130.0
846.55,14.55,0.1344,0.04658,13120.0
846.6,14.61,0.05693,0.1227,13100.0
846.65,14.67,0.1224,0.0528,13100.0
846.7,14.73,0.1879,-0.01707,13100.0
846.75,14.8,0.1547,-0.1707,13090.0
846.8,14.88,0.1214,-0.3244,13080.0
846.85,14.79,0.01433,-0.242,13090.0
846.9,14.69,-0.09275,-0.1597,13100.0
846.95,14.59,-0.08857,0.06987,13110.0
847.0,14.5,-0.08439,0.2995,13100.0
847.05,14.41,0.09295,0.2555,13090.0
847.1,14.32,0.2703,0.2114,13080.0
847.15,14.16,0.1312,0.2058,13080.0
847.2,14.0,-0.007962,0.2002,13080.0
847.25,13.79,0.006568,-0.1556,13070.0
847.3,13.57,0.0211,-0.5114,13060.0
847.35,13.55,0.1636,-0.4085,13080.0
847.4,13.54,0.3061,-0.3056,13100.0
847.45,13.54,0.2392,-0.4946,13100.0
847.5,13.53,0.1724,-0.6836,13100.0
847.55,13.62,0.3836,-0.732,13090.0
847.6,13.71,0.5947,-0.7804,13100.0
847.65,13.66,0.4212,-0.8789,13100.0
847.7,13.62,0.2476,-0.9775,13100.0
847.75,13.68,0.239,-0.758,13110.0
847.8,13.74,0.2305,-0.5385,13150.0
847.85,13.73,0.3471,-0.4746,13180.0
847.9,13.71,0.4638,-0.4107,13210.0
847.95,13.58,0.239,-0.4934,13210.0
848.0,13.45,0.01433,-0.576,13200.0
848.05,13.45,0.04399,-0.6207,13180.0
848.1,13.45,0.07365,-0.6653,13160.0
848.15,13.44,-0.127,-0.6127,13150.0
848.2,13.43,-0.3276,-0.5602,13140.0
848.25,13.29,-0.4319,-0.7199,13160.0
848.3,13.15,-0.5362,-0.8797,13200.0
848.35,13.17,-0.3816,-0.967,13250.0
848.4,13.2,-0.2269,-1.054,13280.0
848.45,13.36,-0.2751,-0.986,13300.0
848.5,13.53,-0.3232,-0.9177,13300.0
848.55,13.53,-0.3778,-0.7576,13290.0
848.6,13.53,-0.4323,-0.5975,13250.0
848.65,13.47,-0.5659,-0.6753,13220.0
848.7,13.4,-0.6994,-0.7531,13190.0
848.75,13.27,-0.798,-0.604,13180.0
848.8,13.14,-0.8965,-0.4548,13190.0
848.85,13.43,-0.7205,-0.4948,13210.0
848.9,13.71,-0.5446,-0.5348,13230.0
848.95,13.75,-0.5125,-0.6181,13250.0
849.0,13.78,-0.4805,-0.7014,13280.0
849.05,13.77,-0.4731,-0.5684,13300.0
849.1,13.76,-0.4658,-0.4353,13300.0
849.15,13.65,-0.2183,-0.4432,13280.0
849.2,13.54,0.02906,-0.4512,13250.0
849.25,13.59,0.05076,-0.3091,13210.0
849.3,13.64,0.07245,-0.1671,13160.0
849.35,13.59,-0.02826,-0.1051,13120.0
849.4,13.54,-0.129,-0.04317,13100.0
849.45,13.5,-0.08917,0.05365,13110.0
849.5,13.46,-0.04936,0.1505,13160.0
849.55,13.56,-0.041,0.1006,13200.0
849.6,13.65,-0.03264,0.05073,13230.0
849.65,13.58,0.1051,-0.04878,13240.0
849.7,13.51,0.2428,-0.1483,13230.0
849.75,13.47,0.3541,-0.1729,13180.0
849.8,13.43,0.4654,-0.1975,13120.0
849.85,13.49,0.5494,-0.2889,13060.0
849.9,13.55,0.6334,-0.3802,13030.0
849.95,13.38,0.7269,-0.3092,13030.0
850.0,13.21,0.8204,-0.2383,13060.0
850.05,13.38,0.8392,-0.01512,13100.0
850.1,13.56,0.8579,0.208,13150.0
850.15,13.68,0.6628,0.2162,13180.0
850.2,13.81,0.4677,0.2244,13190.0
850.25,13.7,0.6531,0.2846,13170.0
850.3,13.6,0.8384,0.3448,13120.0
850.35,13.41,0.9301,0.2179,13070.0
850.4,13.22,1.022,0.09097,13040.0
850.45,13.32,0.9333,-0.07121,13040.0
850.5,13.41,0.8447,-0.2334,13070.0
850.55,13.4,0.8037,-0.07572,13100.0
850.6,13.4,0.7627,0.08194,13150.0
850.65,13.22,0.835,-0.05548,13180.0
850.7,13.03,0.9072,-0.1929,13200.0
850.75,12.89,0.6576,-0.1986,13190.0
850.8,12.75,0.408,-0.2044,13160.0
850.85,12.59,0.6127,0.007438,13140.0
850.9,12.43,0.8173,0.2192,13120.0
850.95,12.63,0.626,0.2503,13110.0
851.0,12.84,0.4347,0.2814,13110.0
851.05,12.8,0.378,0.09804,13120.0
851.1,12.77,0.3213,-0.08536,13150.0
851.15,12.75,0.5245,-0.1284,13200.0
851.2,12.73,0.7277,-0.1714,13230.0
851.25,12.74,0.6409,-0.2235,13250.0
851.3,12.74,0.5541,-0.2756,13250.0
851.35,12.7,0.5756,-0.08938,13240.0
851.4,12.66,0.5971,0.09682,13210.0
851.45,12.54,0.3798,0.133,13180.0
851.5,12.41,0.1624,0.1692,13160.0
851.55,12.4,0.3563,0.201,13160.0
851.6,12.39,0.5502,0.2327,13180.0
851.65,12.48,0.5111,0.3101,13210.0
851.7,12.57,0.4721,0.3875,13230.0
851.75,12.63,0.3449,0.2916,13240.0
851.8,12.69,0.2178,0.1956,13250.0
851.85,12.75,0.2711,0.2249,13250.0
851.9,12.82,0.3244,0.2541,13230.0
851.95,12.67,0.2301,0.3319,13210.0
852.0,12.51,0.1357,0.4097,13210.0
852.05,12.54,0.1318,0.4947,13220.0
852.1,12.57,0.1278,0.5797,13230.0
852.15,12.6,0.1119,0.4976,13230.0
852.2,12.64,0.09594,0.4156,13230.0
852.25,12.68,0.05593,0.487,13210.0
852.3,12.72,0.01592,0.5585,13200.0
852.35,12.61,0.1756,0.3166,13180.0
852.4,12.5,0.3352,0.07463,13150.0
852.45,12.3,0.1278,0.01707,13140.0
852.5,12.1,-0.07962,-0.04048,13150.0
852.55,12.37,-0.07802,0.2051,13150.0
852.6,12.63,-0.07643,0.4507,13140.0
852.65,12.62,0.05255,0.5085,13130.0
852.7,12.6,0.1815,0.5663,13120.0
852.75,12.7,0.04478,0.5709,13120.0
852.8,12.8,-0.09196,0.5755,13130.0
852.85,12.87,-0.1222,0.5903,13130.0
852.9,12.94,-0.1525,0.6051,13120.0
852.95,12.86,-0.03065,0.6638,13090.0
853.0,12.78,0.09116,0.7226,13060.0
853.05,12.9,0.02448,0.6583,13010.0
853.1,13.02,-0.0422,0.5941,12970.0
853.15,12.91,-0.01911,0.5014,12940.0
853.2,12.81,0.003981,0.4087,12940.0
853.25,12.85,-0.007564,0.5215,12950.0
853.3,12.9,-0.01911,0.6343,12970.0
853.35,13.12,0.07165,0.6777,13000.0
853.4,13.34,0.1624,0.7211,13020.0
853.45,13.04,0.2647,0.6109,13020.0
853.5,12.73,0.367,0.5007,13020.0
853.55,12.68,0.3346,0.3083,12990.0
853.6,12.62,0.3021,0.1158,12960.0
853.65,12.46,0.4365,0.05804,12930.0
853.7,12.31,0.5709,0.0002439,12910.0
853.75,12.25,0.6662,-0.2675,12890.0
853.8,12.2,0.7615,-0.5353,12880.0
853.85,12.37,0.8025,-0.405,12890.0
853.9,12.53,0.8435,-0.2746,12930.0
853.95,12.48,0.6274,-0.3503,12960.0
854.0,12.43,0.4112,-0.4261,12980.0
854.05,12.54,0.3656,-0.3024,12980.0
854.1,12.65,0.3201,-0.1788,12970.0
854.15,12.62,0.5255,-0.1143,12960.0
854.2,12.6,0.7309,-0.04975,12940.0
854.25,12.56,0.6889,-0.0917,12920.0
854.3,12.53,0.6469,-0.1336,12900.0
854.35,12.45,0.7241,-0.126,12900.0
854.4,12.37,0.8013,-0.1183,12900.0
854.45,12.08,0.8686,0.06975,12900.0
854.5,11.78,0.9359,0.2578,12890.0
854.55,11.67,0.8559,0.2086,12890.0
854.6,11.56,0.7759,0.1595,12890.0
854.65,11.65,0.291,-0.1625,12900.0
854.7,11.74,-0.1939,-0.4846,12890.0
854.75,11.77,-0.2663,-0.4902,12890.0
854.8,11.79,-0.3388,-0.4958,12890.0
854.85,11.88,-0.3439,-0.5324,12890.0
854.9,11.97,-0.3491,-0.569,12880.0
854.95,11.98,-0.4377,-0.4253,12880.0
855.0,11.99,-0.5263,-0.2817,12870.0
855.05,12.03,-0.2657,-0.3522,12860.0
855.1,12.07,-0.005175,-0.4226,12840.0
855.15,12.0,0.02707,-0.3818,12820.0
855.2,11.93,0.05931,-0.3409,12780.0
855.25,11.87,-0.08081,-0.5666,12750.0
855.3,11.82,-0.2209,-0.7924,12730.0
855.35,11.78,-0.1407,-0.7496,12730.0
855.4,11.73,-0.06051,-0.7068,12740.0
855.45,11.71,0.06509,-0.6164,12760.0
855.5,11.69,0.1907,-0.526,12790.0
855.55,11.72,-0.03244,-0.5092,12800.0
855.6,11.74,-0.2556,-0.4924,12800.0
855.65,11.69,-0.2671,-0.4425,12780.0
855.7,11.63,-0.2787,-0.3926,12740.0
855.75,11.52,-0.1154,-0.4545,12700.0
855.8,11.4,0.04777,-0.5163,12660.0
855.85,11.2,0.2249,-0.5282,12620.0
855.9,11.0,0.4021,-0.5402,12580.0
855.95,11.01,0.4273,-0.6146,12560.0
856.0,11.01,0.4526,-0.6889,12560.0
856.05,11.25,0.4787,-0.7347,12580.0
856.1,11.48,0.5048,-0.7804,12610.0
856.15,11.36,0.3788,-0.668,12640.0
856.2,11.24,0.2528,-0.5555,12670.0
856.25,11.32,0.2743,-0.4417,12690.0
856.3,11.4,0.2958,-0.3278,12670.0
856.35,11.35,0.2269,-0.2442,12630.0
856.4,11.29,0.158,-0.1607,12580.0
856.45,11.28,0.2647,-0.3341,12520.0
856.5,11.27,0.3714,-0.5075,12470.0
856.55,11.21,0.365,-0.3751,12440.0
856.6,11.15,0.3587,-0.2427,12440.0
856.65,11.31,0.3806,-0.3175,12470.0
856.7,11.47,0.4025,-0.3924,12520.0
856.75,11.43,0.4106,-0.2085,12570.0
856.8,11.38,0.4188,-0.02463,12610.0
856.85,11.25,0.2787,-0.04609,12620.0
856.9,11.12,0.1385,-0.06755,12610.0
856.95,11.24,0.2725,-0.1456,12590.0
857.0,11.35,0.4064,-0.2236,12560.0
857.05,11.34,0.241,-0.1623,12520.0
857.1,11.34,0.07564,-0.101,12490.0
857.15,11.45,0.08897,-0.3348,12490.0
857.2,11.57,0.1023,-0.5687,12510.0
857.25,11.54,-0.247,-0.5282,12530.0
857.3,11.52,-0.5963,-0.4878,12560.0
857.35,11.46,-0.7371,-0.5304,12590.0
857.4,11.4,-0.8778,-0.5731,12610.0
857.45,11.3,-1.003,-0.6019,12610.0
857.5,11.19,-1.128,-0.6307,12590.0
857.55,11.16,-1.139,-0.8497,12560.0
857.6,11.13,-1.15,-1.069,12540.0
857.65,11.09,-1.291,-0.8353,12540.0
857.7,11.06,-1.432,-0.6019,12550.0
857.75,11.14,-1.384,-0.5281,12560.0
857.8,11.22,-1.336,-0.4543,12580.0
857.85,11.41,-1.381,-0.3414,12600.0
857.9,11.6,-1.426,-0.2285,12610.0
857.95,11.62,-1.375,-0.0189,12600.0
858.0,11.64,-1.324,0.1907,12580.0
858.05,11.54,-1.182,0.1771,12540.0
858.1,11.43,-1.04,0.1634,12510.0
858.15,11.41,-0.8903,0.2001,12490.0
858.2,11.39,-0.7404,0.2368,12490.0
858.25,11.42,-0.7627,0.2833,12500.0
858.3,11.44,-0.785,0.3297,12520.0
858.35,11.67,-0.6475,0.3775,12560.0
858.4,11.89,-0.5099,0.4253,12590.0
858.45,11.92,-0.452,0.4417,12590.0
858.5,11.95,-0.3941,0.458,12570.0
858.55,11.91,-0.501,0.3951,12520.0
858.6,11.88,-0.6079,0.3322,12470.0
858.65,11.97,-0.6276,0.4692,12410.0
858.7,12.06,-0.6473,0.6063,12370.0
858.75,12.07,-0.8642,0.7235,12360.0
858.8,12.09,-1.081,0.8406,12380.0
858.85,12.2,-0.8734,0.7442,12430.0
858.9,12.31,-0.6656,0.6477,12480.0
858.95,12.06,-0.6535,0.5659,12510.0
859.0,11.82,-0.6413,0.4841,12510.0
859.05,11.69,-0.7976,0.4385,12490.0
859.1,11.55,-0.9538,0.3929,12440.0
859.15,11.68,-0.8423,0.1756,12370.0
859.2,11.8,-0.7309,-0.0417,12300.0
859.25,11.8,-0.6399,-0.05231,12250.0
859.3,11.8,-0.549,-0.06292,12260.0
859.35,11.8,-0.4954,-0.2256,12290.0
859.4,11.8,-0.4419,-0.3882,12340.0
859.45,11.74,-0.4401,-0.3044,12390.0
859.5,11.67,-0.4383,-0.2205,12430.0
859.55,11.75,-0.4763,-0.1147,12440.0
859.6,11.84,-0.5143,-0.009023,12420.0
859.65,11.74,-0.6242,-0.005853,12370.0
859.7,11.64,-0.7341,-0.002683,12310.0
859.75,11.82,-0.8435,-0.1036,12270.0
859.8,12.01,-0.953,-0.2046,12250.0
859.85,12.05,-0.7323,-0.1358,12270.0
859.9,12.1,-0.5115,-0.06707,12310.0
859.95,12.13,-0.5947,-0.2202,12360.0
860.0,12.15,-0.6779,-0.3734,12420.0
860.05,12.22,-0.7621,-0.3704,12450.0
860.1,12.29,-0.8463,-0.3675,12450.0
860.15,12.33,-0.8839,-0.3856,12420.0
860.2,12.38,-0.9216,-0.4036,12380.0
860.25,12.33,-0.8595,-0.42,12350.0
860.3,12.28,-0.7974,-0.4363,12330.0
860.35,12.37,-0.6198,-0.2969,12340.0
860.4,12.46,-0.4423,-0.1575,12370.0
860.45,12.63,-0.6184,-0.1235,12420.0
860.5,12.81,-0.7946,-0.0895,12470.0
860.55,12.93,-0.8079,-0.1078,12510.0
860.6,13.06,-0.8212,-0.1261,12530.0
860.65,13.02,-0.8155,0.05012,12530.0
860.7,12.98,-0.8097,0.2263,12500.0
860.75,13.14,-0.4691,0.0428,12470.0
860.8,13.29,-0.1286,-0.1407,12430.0
860.85,13.32,-0.1819,-0.4042,12400.0
860.9,13.36,-0.2353,-0.6677,12390.0
860.95,13.39,-0.09017,-0.4173,12410.0
861.0,13.42,0.05494,-0.1668,12450.0
861.05,13.3,0.1348,-0.1283,12500.0
861.1,13.18,0.2146,-0.08975,12560.0
861.15,13.09,0.1063,-0.03195,12600.0
861.2,13.0,-0.00199,0.02585,12620.0
861.25,13.0,-0.03145,0.1069,12610.0
861.3,13.0,-0.06091,0.188,12570.0
861.35,13.07,0.0205,0.1525,12520.0
861.4,13.15,0.1019,0.1171,12470.0
861.45,13.1,0.1262,0.1519,12430.0
861.5,13.06,0.1505,0.1868,12420.0
861.55,13.03,-0.07245,0.3046,12430.0
861.6,13.01,-0.2954,0.4224,12490.0
861.65,13.04,-0.1925,0.3325,12540.0
861.7,13.07,-0.08957,0.2427,12590.0
861.75,12.96,-0.1039,0.0867,12600.0
861.8,12.85,-0.1182,-0.06926,12600.0
861.85,12.73,-0.1278,-0.1449,12570.0
861.9,12.61,-0.1373,-0.2205,12520.0
861.95,12.68,-0.1875,-0.1502,12470.0
862.0,12.74,-0.2377,-0.07999,12440.0
862.05,12.95,-0.2428,-0.03487,12450.0
862.1,13.16,-0.248,0.01024,12480.0
862.15,13.13,-0.5372,0.04134,12510.0
862.2,13.1,-0.8264,0.07243,12540.0
862.25,13.15,-0.8907,0.04097,12560.0
862.3,13.19,-0.955,0.009511,12560.0
862.35,13.35,-0.8322,0.06865,12540.0
862.4,13.5,-0.7094,0.1278,12510.0
862.45,13.56,-0.6833,0.1455,12470.0
862.5,13.62,-0.6572,0.1632,12460.0
862.55,13.36,-0.6875,-0.001219,12460.0
862.6,13.1,-0.7177,-0.1656,12490.0
862.65,13.08,-0.6423,-0.164,12510.0
862.7,13.05,-0.5669,-0.1624,12540.0
862.75,13.13,-0.5565,-0.3696,12570.0
862.8,13.21,-0.5462,-0.5768,12580.0
862.85,13.14,-0.4359,-0.4374,12560.0
862.9,13.07,-0.3256,-0.298,12530.0
862.95,13.04,-0.01095,-0.03122,12490.0
863.0,13.0,0.3037,0.2356,12470.0
863.05,12.92,0.382,0.1621,12460.0
863.1,12.84,0.4602,0.08853,12460.0
863.15,12.8,0.3921,0.1123,12470.0
863.2,12.76,0.324,0.1361,12510.0
863.25,12.74,0.1471,0.1469,12570.0
863.3,12.71,-0.02986,0.1578,12610.0
863.35,12.66,0.03145,-0.05256,12630.0
863.4,12.62,0.09275,-0.2629,12630.0
863.45,12.72,0.13,-0.2903,12620.0
863.5,12.83,0.1672,-0.3178,12590.0
863.55,12.87,-0.06011,-0.2529,12560.0
863.6,12.91,-0.2874,-0.188,12530.0
863.65,13.06,-0.2371,-0.04621,12520.0
863.7,13.21,-0.1867,0.0956,12530.0
863.75,13.2,-0.07743,0.2596,12570.0
863.8,13.18,0.03185,0.4236,12600.0
863.85,13.18,-0.29,0.3039,12630.0
863.9,13.19,-0.6119,0.1841,12660.0
863.95,13.04,-0.6435,0.1024,12670.0
864.0,12.89,-0.6751,0.02073,12650.0
864.05,13.01,-0.5611,0.05694,12620.0
864.1,13.13,-0.447,0.09316,12580.0
864.15,13.2,-0.5476,0.01305,12570.0
864.2,13.27,-0.6481,-0.06707,12570.0
864.25,13.21,-0.9536,-0.2199,12580.0
864.3,13.14,-1.259,-0.3726,12590.0
864.35,13.2,-1.236,-0.156,12620.0
864.4,13.26,-1.213,0.06073,12660.0
864.45,13.14,-1.099,0.08182,12680.0
864.5,13.02,-0.9853,0.1029,12680.0
864.55,13.03,-1.058,0.2374,12660.0
864.6,13.04,-1.131,0.3719,12640.0
864.65,12.75,-1.225,0.3892,12610.0
864.7,12.47,-1.318,0.4065,12580.0
864.75,12.64,-1.402,0.2986,12550.0
864.8,12.8,-1.486,0.1907,12550.0
864.85,12.64,-1.426,-0.01354,12570.0
864.9,12.48,-1.367,-0.2178,12620.0
864.95,12.51,-1.27,-0.282,12670.0
865.0,12.53,-1.173,-0.3463,12720.0
865.05,12.43,-1.331,-0.1423,12760.0
865.1,12.34,-1.49,0.0617,12770.0
865.15,12.54,-1.529,0.08621,12760.0
865.2,12.74,-1.568,0.1107,12720.0
865.25,12.7,-1.389,0.0278,12670.0
865.3,12.65,-1.211,-0.05512,12630.0
865.35,12.64,-1.353,0.01329,12620.0
865.4,12.63,-1.495,0.0817,12630.0
865.45,12.72,-1.488,-0.05963,12680.0
865.5,12.81,-1.48,-0.201,12740.0
865.55,12.68,-1.519,-0.2462,12800.0
865.6,12.55,-1.558,-0.2914,12840.0
865.65,12.56,-1.801,-0.1663,12850.0
865.7,12.57,-2.044,-0.04121,12830.0
865.75,12.5,-1.938,0.04061,12800.0
865.8,12.43,-1.832,0.1224,12750.0
865.85,12.48,-1.638,0.06463,12720.0
865.9,12.53,-1.444,0.006829,12700.0
865.95,12.68,-1.425,0.03695,12710.0
866.0,12.83,-1.405,0.06707,12730.0
866.05,12.79,-1.253,0.07414,12770.0
866.1,12.75,-1.101,0.08121,12810.0
866.15,12.7,-1.072,0.0489,12850.0
866.2,12.65,-1.044,0.01658,12860.0
866.25,12.58,-1.12,-0.3123,12850.0
866.3,12.5,-1.196,-0.6411,12820.0
866.35,12.39,-1.181,-0.6676,12780.0
866.4,12.29,-1.166,-0.6941,12750.0
866.45,12.45,-0.9904,-0.5548,12720.0
866.5,12.61,-0.8145,-0.4156,12720.0
866.55,12.58,-1.025,-0.5796,12740.0
866.6,12.54,-1.235,-0.7436,12770.0
866.65,12.63,-1.322,-0.6002,12820.0
866.7,12.71,-1.409,-0.4568,12850.0
866.75,12.79,-1.371,-0.4552,12870.0
866.8,12.87,-1.332,-0.4536,12880.0
866.85,12.86,-1.439,-0.2816,12860.0
866.9,12.85,-1.545,-0.1095,12830.0
866.95,12.84,-1.445,0.04682,12800.0
867.0,12.83,-1.346,0.2031,12770.0
867.05,12.73,-1.358,0.008658,12750.0
867.1,12.62,-1.371,-0.1858,12760.0
867.15,12.77,-1.411,0.03683,12780.0
867.2,12.92,-1.451,0.2595,12800.0
867.25,12.95,-1.258,0.1291,12830.0
867.3,12.97,-1.065,-0.001219,12860.0
867.35,12.78,-1.099,0.04585,12880.0
867.4,12.58,-1.133,0.09292,12890.0
867.45,12.53,-1.202,0.1401,12890.0
867.5,12.47,-1.271,0.1873,12870.0
867.55,12.46,-1.114,0.1727,12850.0
867.6,12.45,-0.9558,0.158,12840.0
867.65,12.42,-1.003,0.195,12830.0
867.7,12.4,-1.051,0.2319,12820.0
867.75,12.5,-1.046,-0.006219,12840.0
867.8,12.61,-1.042,-0.2444,12860.0
867.85,12.56,-0.8979,-0.4525,12890.0
867.9,12.51,-0.754,-0.6607,12890.0
867.95,12.61,-0.6893,-0.816,12890.0
868.0,12.71,-0.6246,-0.9714,12890.0
868.05,12.59,-0.7412,-0.9268,12880.0
868.1,12.46,-0.8579,-0.8823,12880.0
868.15,12.45,-0.7285,-0.9531,12890.0
868.2,12.43,-0.5991,-1.024,12900.0
868.25,12.49,-0.6296,-0.9073,12920.0
868.3,12.54,-0.66,-0.7909,12950.0
868.35,12.4,-0.7376,-0.8665,12960.0
868.4,12.25,-0.8153,-0.9421,12950.0
868.45,12.29,-0.8031,-1.061,12940.0
868.5,12.33,-0.791,-1.18,12920.0
868.55,12.47,-0.7333,-1.102,12910.0
868.6,12.61,-0.6755,-1.025,12910.0
868.65,12.82,-0.8129,-0.9017,12910.0
868.7,13.04,-0.9502,-0.7789,12930.0
868.75,12.97,-0.8266,-0.8263,12950.0
868.8,12.91,-0.703,-0.8736,12960.0
868.85,12.76,-0.6799,-1.012,12970.0
868.9,12.62,-0.6568,-1.151,12970.0
868.95,12.63,-0.7601,-1.027,12960.0
869.0,12.65,-0.8634,-0.9033,12970.0
869.05,12.5,-0.8185,-0.9301,12970.0
869.1,12.36,-0.7735,-0.957,12970.0
869.15,12.27,-0.5734,-0.7177,12960.0
869.2,12.18,-0.3734,-0.4785,12960.0
869.25,12.37,-0.375,-0.328,12950.0
869.3,12.56,-0.3766,-0.1775,12930.0
869.35,12.71,-0.5553,-0.1122,12920.0
869.4,12.86,-0.7341,-0.04682,12910.0
869.45,12.77,-0.9441,-0.2985,12930.0
869.5,12.69,-1.154,-0.5502,12950.0
869.55,12.58,-1.185,-0.4602,12960.0
869.6,12.47,-1.216,-0.3702,12970.0
869.65,12.39,-1.054,-0.3418,12970.0
869.7,12.32,-0.8929,-0.3134,12970.0
869.75,12.38,-0.9863,-0.3141,12960.0
869.8,12.44,-1.08,-0.3148,12950.0
869.85,12.46,-0.8919,-0.2739,12950.0
869.9,12.48,-0.7042,-0.2329,12950.0
869.95,12.46,-0.4912,-0.5195,12970.0
870.0,12.45,-0.2783,-0.806,12990.0
870.05,12.54,-0.3322,-0.6325,13010.0
870.1,12.63,-0.3861,-0.459,13020.0
870.15,12.53,-0.2516,-0.2775,13020.0
870.2,12.42,-0.117,-0.09609,13010.0
870.25,12.49,-0.04618,-0.1027,13000.0
870.3,12.55,0.02468,-0.1093,13000.0
870.35,12.25,-0.1594,-0.2202,13000.0
870.4,11.96,-0.3435,-0.3312,13010.0
870.45,11.96,-0.4783,-0.1291,13040.0
870.5,11.97,-0.613,0.07292,13070.0
870.55,12.07,-0.6154,0.08511,13090.0
870.6,12.16,-0.6178,0.09731,13110.0
870.65,12.21,-0.6123,-0.1188,13120.0
870.7,12.26,-0.6067,-0.3348,13120.0
870.75,12.21,-0.6594,-0.2145,13110.0
870.8,12.16,-0.7122,-0.09414,13090.0
870.85,12.14,-0.8244,-0.06682,13070.0
870.9,12.12,-0.9367,-0.03951,13070.0
870.95,11.96,-0.7203,0.06707,13080.0
871.0,11.79,-0.504,0.1736,13100.0
871.05,11.82,-0.378,0.02683,13110.0
871.1,11.84,-0.252,-0.12,13140.0
871.15,11.72,-0.3029,-0.1903,13170.0
871.2,11.59,-0.3539,-0.2607,13190.0
871.25,11.57,-0.2767,-0.2913,13190.0
871.3,11.56,-0.1994,-0.3219,13180.0
871.35,11.53,-0.1574,-0.2706,13160.0
871.4,11.5,-0.1154,-0.2192,13150.0
871.45,11.51,-0.1276,-0.2523,13130.0
871.5,11.53,-0.1397,-0.2853,13120.0
871.55,11.39,-0.06568,-0.155,13120.0
871.6,11.24,0.00836,-0.02463,13150.0
871.65,11.43,-0.01035,-0.179,13180.0
871.7,11.61,-0.02906,-0.3334,13210.0
871.75,11.66,-0.1075,-0.2355,13230.0
871.8,11.7,-0.1859,-0.1375,13240.0
871.85,11.58,-0.1988,-0.2117,13260.0
871.9,11.47,-0.2118,-0.2858,13260.0
871.95,11.61,-0.2152,-0.4589,13240.0
872.0,11.74,-0.2185,-0.6319,13200.0
872.05,11.69,-0.1342,-0.5812,13190.0
872.1,11.64,-0.04976,-0.5304,13190.0
872.15,11.67,0.003583,-0.3663,13200.0
872.2,11.7,0.05693,-0.2022,13220.0
872.25,11.79,0.2765,-0.1273,13230.0
872.3,11.88,0.496,-0.05243,13250.0
872.35,12.06,0.5406,-0.07633,13280.0
872.4,12.25,0.5852,-0.1002,13280.0
872.45,12.32,0.5316,0.07365,13270.0
872.5,12.4,0.4781,0.2475,13270.0
872.55,12.38,0.3507,0.3106,13280.0
872.6,12.36,0.2233,0.3736,13300.0
872.65,12.33,0.3581,0.4423,13300.0
872.7,12.29,0.4928,0.5109,13300.0
872.75,12.34,0.5416,0.6594,13310.0
872.8,12.39,0.5904,0.808,13320.0
872.85,12.53,0.5179,0.863,13330.0
872.9,12.66,0.4455,0.9179,13340.0
872.95,12.71,0.3511,0.8081,13330.0
873.0,12.75,0.2568,0.6982,13340.0
873.05,12.68,0.1929,0.6711,13350.0
873.1,12.62,0.129,0.6441,13350.0
873.15,12.62,0.2351,0.5249,13350.0
873.2,12.62,0.3412,0.4058,13360.0
873.25,12.73,0.2603,0.454,13400.0
873.3,12.84,0.1795,0.5021,13440.0
873.35,12.59,0.2168,0.5943,13470.0
873.4,12.33,0.254,0.6865,13470.0
873.45,12.27,0.3784,0.3812,13460.0
873.5,12.2,0.5028,0.07585,13460.0
873.55,12.05,0.4518,0.1279,13440.0
873.6,11.89,0.4009,0.18,13410.0
873.65,11.9,0.4246,0.2197,13380.0
873.7,11.9,0.4482,0.2595,13380.0
873.75,11.94,0.6119,0.4225,13410.0
873.8,11.98,0.7755,0.5855,13430.0
873.85,11.77,0.5197,0.6837,13450.0
873.9,11.57,0.2639,0.7819,13470.0
873.95,11.59,0.3304,0.7845,13500.0
874.0,11.61,0.3969,0.7872,13520.0
874.05,11.47,0.6682,0.7981,13510.0
874.1,11.34,0.9395,0.8089,13490.0
874.15,11.4,0.9142,1.049,13470.0
874.2,11.46,0.8889,1.289,13460.0
874.25,11.47,1.003,1.285,13460.0
874.3,11.48,1.117,1.282,13450.0
874.35,11.5,1.223,1.262,13450.0
874.4,11.52,1.329,1.242,13450.0
874.45,11.42,1.399,1.245,13470.0
874.5,11.32,1.469,1.248,13500.0
874.55,11.33,1.128,1.318,13520.0
874.6,11.33,0.7862,1.388,13530.0
874.65,11.19,0.7564,1.306,13550.0
874.7,11.05,0.7265,1.224,13570.0
874.75,11.11,0.6775,1.137,13580.0
874.8,11.17,0.6286,1.05,13570.0
874.85,11.2,0.6268,1.22,13560.0
874.9,11.23,0.625,1.391,13560.0
874.95,11.21,0.6109,1.29,13570.0
875.0,11.19,0.5967,1.189,13580.0
875.05,11.17,0.5271,1.202,13580.0
875.1,11.14,0.4574,1.216,13590.0
875.15,11.21,0.417,1.124,13600.0
875.2,11.27,0.3766,1.033,13620.0
875.25,11.16,0.3905,0.6899,13620.0
875.3,11.06,0.4045,0.3473,13620.0
875.35,10.89,0.2836,0.2494,13640.0
875.4,10.71,0.1628,0.1514,13680.0
875.45,10.7,0.2359,0.09414,13730.0
875.5,10.69,0.3089,0.03683,13760.0
875.55,10.74,0.3963,0.1361,13770.0
875.6,10.78,0.4837,0.2353,13780.0
875.65,10.76,0.5263,0.2711,13780.0
875.7,10.73,0.5689,0.3068,13750.0
875.75,10.76,0.6039,0.522,13720.0
875.8,10.79,0.6389,0.7372,13700.0
875.85,10.86,0.5551,0.5229,13720.0
875.9,10.93,0.4713,0.3085,13760.0
875.95,11.04,0.2408,0.2499,13800.0
876.0,11.15,0.01035,0.1912,13840.0
876.05,11.42,0.1357,0.3513,13890.0
876.1,11.68,0.2611,0.5114,13920.0
876.15,11.87,0.3137,0.6174,13940.0
876.2,12.06,0.3662,0.7233,13940.0
876.25,12.16,0.2215,0.7275,13920.0
876.3,12.26,0.07683,0.7316,13910.0
876.35,12.33,0.3107,0.7288,13910.0
876.4,12.39,0.5446,0.726,13910.0
876.45,12.38,0.5579,0.6916,13920.0
876.5,12.37,0.5712,0.6572,13940.0
876.55,12.38,0.3774,0.5115,13980.0
876.6,12.39,0.1835,0.3658,14010.0
876.65,12.4,0.1622,0.4103,14030.0
876.7,12.41,0.1409,0.4548,14030.0
876.75,12.53,0.1752,0.4578,14020.0
876.8,12.66,0.2094,0.4607,14010.0
876.85,12.68,0.3394,0.488,14000.0
876.9,12.69,0.4693,0.5153,13990.0
876.95,12.67,0.4636,0.4191,13980.0
877.0,12.64,0.4578,0.3229,13990.0
877.05,12.6,0.3845,0.3887,14010.0
877.1,12.57,0.3113,0.4546,14050.0
877.15,12.57,0.2651,0.5769,14070.0
877.2,12.58,0.2189,0.6992,14090.0
877.25,12.4,0.2301,0.5853,14100.0
877.3,12.22,0.2412,0.4714,14100.0
877.35,12.16,0.2568,0.453,14090.0
877.4,12.1,0.2723,0.4346,14050.0
877.45,12.09,0.1634,0.5331,14000.0
877.5,12.08,0.05454,0.6316,14000.0
877.55,12.06,-0.04837,0.6149,14030.0
877.6,12.04,-0.1513,0.5982,14080.0
877.65,12.02,-0.04797,0.3048,14120.0
877.7,12.0,0.05533,0.01146,14160.0
877.75,11.93,0.1017,-0.02402,14210.0
877.8,11.86,0.1481,-0.05951,14230.0
877.85,11.95,0.042,-0.0884,14220.0
877.9,12.04,-0.06409,-0.1173,14170.0
877.95,11.93,0.2038,-0.08987,14120.0
878.0,11.82,0.4717,-0.06243,14100.0
878.05,12.04,0.6009,0.001707,14090.0
878.1,12.26,0.7301,0.06585,14100.0
878.15,12.33,0.8784,0.06316,14130.0
878.2,12.39,1.027,0.06048,14210.0
878.25,12.25,0.9882,0.3175,14300.0
878.3,12.11,0.9498,0.5746,14370.0
878.35,12.12,0.9908,0.4391,14400.0
878.4,12.13,1.032,0.3036,14390.0
878.45,12.2,0.917,0.2942,14360.0
878.5,12.28,0.8021,0.2848,14310.0
878.55,12.42,0.8027,0.4336,14250.0
878.6,12.57,0.8033,0.5824,14210.0
878.65,12.46,0.6341,0.3241,14220.0
878.7,12.35,0.465,0.06585,14280.0
878.75,12.29,0.5287,0.0478,14380.0
878.8,12.24,0.5923,0.02975,14470.0
878.85,12.15,0.577,0.07146,14540.0
878.9,12.06,0.5617,0.1132,14580.0
878.95,11.95,0.4723,0.2205,14590.0
879.0,11.84,0.383,0.3278,14560.0
879.05,12.14,0.4735,0.2042,14520.0
879.1,12.45,0.5641,0.08072,14470.0
879.15,12.27,0.3838,-0.0489,14460.0
879.2,12.09,0.2034,-0.1785,14480.0
879.25,12.09,0.1592,-0.0378,14520.0
879.3,12.1,0.115,0.1029,14560.0
879.35,12.12,0.1133,0.2583,14610.0
879.4,12.14,0.1115,0.4136,14660.0
879.45,12.29,0.2611,0.5106,14690.0
879.5,12.44,0.4108,0.6075,14690.0
879.55,12.52,0.2842,0.5901,14660.0
879.6,12.61,0.1576,0.5726,14640.0
879.65,12.48,0.123,0.3941,14620.0
879.7,12.35,0.08837,0.2156,14600.0
879.75,12.29,-0.09116,0.2206,14580.0
879.8,12.23,-0.2707,0.2256,14590.0
879.85,12.32,-0.1984,0.1321,14620.0
879.9,12.42,-0.1262,0.03853,14660.0
879.95,12.48,-0.09076,0.1533,14690.0
880.0,12.54,-0.05533,0.268,14680.0
880.05,12.49,-0.1419,0.1718,14660.0
880.1,12.44,-0.2285,0.0756,14640.0
880.15,12.49,-0.3103,0.00317,14610.0
880.2,12.55,-0.3921,-0.06926,14580.0
880.25,12.64,-0.1075,-0.04231,14560.0
880.3,12.73,0.1771,-0.01536,14560.0
880.35,12.47,-0.03165,0.245,14590.0
880.4,12.22,-0.2404,0.5053,14630.0
880.45,12.1,-0.3812,0.3986,14670.0
880.5,11.97,-0.5219,0.2919,14700.0
880.55,12.08,-0.4604,0.1274,14720.0
880.6,12.2,-0.3989,-0.03707,14730.0
880.65,12.42,-0.3583,-0.2039,14720.0
880.7,12.64,-0.3177,-0.3707,14680.0
880.75,12.53,-0.1917,-0.3911,14650.0
880.8,12.43,-0.06568,-0.4114,14630.0
880.85,12.42,-0.0629,-0.305,14640.0
880.9,12.41,-0.06011,-0.1985,14660.0
880.95,12.22,-0.07126,0.03756,14700.0
881.0,12.04,-0.0824,0.2736,14770.0
881.05,12.06,-0.2707,0.3861,14830.0
881.1,12.09,-0.459,0.4985,14870.0
881.15,12.04,-0.3565,0.4297,14880.0
881.2,11.99,-0.254,0.3609,14850.0
881.25,12.19,-0.3012,0.5319,14820.0
881.3,12.39,-0.3483,0.7028,14790.0
881.35,12.43,-0.4114,0.44,14790.0
881.4,12.48,-0.4745,0.1771,14820.0
881.45,12.64,-0.4492,0.02305,14880.0
881.5,12.8,-0.424,-0.131,14960.0
881.55,12.87,-0.5519,-0.1744,15020.0
881.6,12.95,-0.6799,-0.2178,15060.0
881.65,12.89,-0.4867,-0.2711,15070.0
881.7,12.83,-0.2934,-0.3244,15060.0
881.75,12.89,-0.2586,-0.233,15030.0
881.8,12.94,-0.2237,-0.1417,15000.0
881.85,12.78,-0.2104,0.2451,14990.0
881.9,12.61,-0.1971,0.6319,15000.0
881.95,12.66,-0.1495,0.7046,15030.0
882.0,12.71,-0.1019,0.7772,15080.0
882.05,12.83,-0.07205,0.6163,15130.0
882.1,12.96,-0.0422,0.4553,15170.0
882.15,12.98,0.06907,0.3663,15200.0
882.2,13.0,0.1803,0.2773,15200.0
882.25,13.01,0.2291,0.125,15200.0
882.3,13.02,0.2779,-0.02731,15190.0
882.35,13.23,0.6013,0.06975,15170.0
882.4,13.44,0.9247,0.1668,15150.0
882.45,13.63,0.8461,0.1405,15130.0
882.5,13.82,0.7675,0.1141,15130.0
882.55,13.91,0.8035,-0.02451,15140.0
882.6,14.01,0.8396,-0.1632,15130.0
882.65,14.04,0.7197,-0.1313,15130.0
882.7,14.07,0.5999,-0.0995,15140.0
882.75,13.94,0.5082,-0.04134,15170.0
882.8,13.81,0.4164,0.01683,15190.0
882.85,13.86,0.3169,0.04439,15200.0
882.9,13.91,0.2174,0.07194,15200.0
882.95,13.91,0.05732,0.05585,15210.0
883.0,13.9,-0.1027,0.03975,15200.0
883.05,13.69,-0.1095,0.1538,15170.0
883.1,13.48,-0.1162,0.2678,15130.0
883.15,13.48,-0.1298,0.2727,15110.0
883.2,13.47,-0.1433,0.2775,15110.0
883.25,13.54,-0.216,0.1762,15120.0
883.3,13.6,-0.2886,0.07487,15140.0
883.35,13.69,-0.1473,0.2039,15170.0
883.4,13.78,-0.005971,0.3329,15210.0
883.45,13.82,-0.07126,0.4304,15240.0
883.5,13.86,-0.1365,0.528,15250.0
883.55,13.87,-0.1489,0.3745,15250.0
883.6,13.88,-0.1612,0.221,15250.0
883.65,13.78,-0.07245,0.2107,15250.0
883.7,13.68,0.01632,0.2005,15250.0
883.75,13.6,-0.05434,0.392,15230.0
883.8,13.52,-0.125,0.5836,15210.0
883.85,13.47,0.07305,0.471,15210.0
883.9,13.43,0.2711,0.3585,15230.0
883.95,13.33,0.3067,0.3445,15260.0
884.0,13.24,0.3424,0.3305,15300.0
884.05,13.32,0.3429,0.5569,15350.0
884.1,13.41,0.3435,0.7833,15400.0
884.15,13.49,0.5147,0.6874,15440.0
884.2,13.57,0.6859,0.5914,15450.0
884.25,13.5,0.5533,0.5933,15440.0
884.3,13.43,0.4208,0.5953,15420.0
884.35,13.5,0.5868,0.4775,15420.0
884.4,13.56,0.7528,0.3597,15420.0
884.45,13.68,0.7267,0.2934,15410.0
884.5,13.8,0.7006,0.227,15420.0
884.55,13.78,0.5703,0.3345,15440.0
884.6,13.76,0.4399,0.4419,15480.0
884.65,13.71,0.5561,0.2617,15500.0
884.7,13.66,0.6724,0.08145,15510.0
884.75,13.87,0.624,0.03414,15520.0
884.8,14.09,0.5756,-0.01317,15530.0
884.85,13.97,0.4148,0.04134,15530.0
884.9,13.85,0.254,0.09584,15530.0
884.95,13.81,0.3306,0.1775,15520.0
885.0,13.76,0.4072,0.2592,15500.0
885.05,14.01,0.3843,-0.1361,15490.0
885.1,14.25,0.3615,-0.5314,15470.0
885.15,14.14,0.3535,-0.3637,15450.0
885.2,14.03,0.3455,-0.1961,15420.0
885.25,13.84,0.3782,-0.1503,15410.0
885.3,13.64,0.4108,-0.1046,15420.0
885.35,13.6,0.4285,0.1547,15450.0
885.4,13.55,0.4463,0.4141,15470.0
885.45,13.62,0.1835,0.5904,15490.0
885.5,13.69,-0.07922,0.7667,15500.0
885.55,13.52,-0.05235,0.7533,15500.0
885.6,13.34,-0.02548,0.7399,15470.0
885.65,13.39,0.006369,0.5786,15410.0
885.7,13.44,0.03822,0.4173,15360.0
885.75,13.46,-0.09435,0.4068,15330.0
885.8,13.49,-0.2269,0.3963,15320.0
885.85,13.51,-0.288,0.347,15320.0
885.9,13.54,-0.3491,0.2978,15340.0
885.95,13.43,-0.2812,0.4697,15380.0
886.0,13.33,-0.2134,0.6416,15420.0
886.05,13.3,-0.1198,0.5765,15460.0
886.1,13.27,-0.02627,0.5114,15490.0
886.15,13.42,0.08837,0.4309,15500.0
886.2,13.58,0.203,0.3504,15490.0
886.25,13.52,0.3364,0.2602,15460.0
886.3,13.47,0.4697,0.17,15430.0
886.35,13.41,0.4759,0.04475,15390.0
886.4,13.34,0.4821,-0.08048,15360.0
886.45,13.25,0.3141,0.1569,15350.0
886.5,13.16,0.1461,0.3943,15380.0
886.55,13.23,-0.1656,0.367,15440.0
886.6,13.29,-0.4773,0.3397,15510.0
886.65,13.28,-0.4327,0.04536,15570.0
886.7,13.26,-0.3881,-0.249,15620.0
886.75,13.32,-0.08419,0.06999,15630.0
886.8,13.37,0.2197,0.389,15610.0
886.85,13.32,0.08837,0.4402,15560.0
886.9,13.28,-0.04299,0.4914,15520.0
886.95,13.19,-0.2394,0.5396,15500.0
887.0,13.1,-0.4359,0.5877,15500.0
887.05,13.16,-0.3853,0.4557,15520.0
887.1,13.22,-0.3348,0.3236,15560.0
887.15,13.34,-0.3949,0.3973,15590.0
887.2,13.45,-0.455,0.4709,15620.0
887.25,13.54,-0.5593,0.4096,15630.0
887.3,13.64,-0.6636,0.3483,15610.0
887.35,13.68,-0.5852,0.3631,15590.0
887.4,13.73,-0.5068,0.378,15560.0
887.45,13.71,-0.6475,0.3634,15550.0
887.5,13.69,-0.7882,0.3487,15550.0
887.55,13.64,-0.7655,0.3168,15560.0
887.6,13.59,-0.7428,0.2848,15570.0
887.65,13.58,-0.697,0.3396,15570.0
887.7,13.56,-0.6513,0.3943,15560.0
887.75,13.22,-0.7058,0.2606,15560.0
887.8,12.87,-0.7603,0.1268,15550.0
887.85,12.87,-0.7086,0.0628,15540.0
887.9,12.86,-0.6568,-0.001219,15530.0
887.95,13.13,-0.6393,-0.1981,15530.0
888.0,13.39,-0.6218,-0.3951,15530.0
888.05,13.48,-0.8352,-0.4062,15510.0
888.1,13.56,-1.049,-0.4173,15500.0
888.15,13.54,-1.08,-0.3091,15480.0
888.2,13.52,-1.112,-0.201,15480.0
888.25,13.65,-1.194,-0.1383,15480.0
888.3,13.77,-1.277,-0.0756,15490.0
888.35,13.66,-1.258,-0.1035,15510.0
888.4,13.56,-1.238,-0.1314,15530.0
888.45,13.52,-1.014,-0.1396,15550.0
888.5,13.49,-0.7898,-0.1478,15550.0
888.55,13.34,-0.5515,-0.1202,15530.0
888.6,13.18,-0.3133,-0.09267,15510.0
888.65,13.14,-0.25,-0.03853,15510.0
888.7,13.1,-0.1867,0.01561,15510.0
888.75,13.12,-0.4066,0.1972,15510.0
888.8,13.15,-0.6266,0.3787,15510.0
888.85,13.43,-0.743,0.3564,15510.0
888.9,13.72,-0.8595,0.3341,15520.0
888.95,13.91,-1.052,0.2879,15530.0
889.0,14.09,-1.244,0.2417,15530.0
889.05,13.97,-1.35,0.2889,15540.0
889.1,13.85,-1.455,0.3361,15570.0
889.15,13.75,-1.377,0.1935,15600.0
889.2,13.65,-1.299,0.05097,15610.0
889.25,13.54,-1.246,-0.01841,15610.0
889.3,13.44,-1.193,-0.0878,15590.0
889.35,13.47,-1.215,-0.09853,15570.0
889.4,13.49,-1.237,-0.1093,15560.0
889.45,13.42,-1.288,-0.1955,15550.0
889.5,13.34,-1.339,-0.2817,15550.0
889.55,13.3,-1.516,-0.288,15560.0
889.6,13.25,-1.693,-0.2944,15580.0
889.65,13.33,-1.655,-0.2373,15580.0
889.7,13.4,-1.617,-0.1802,15570.0
889.75,13.41,-1.634,-0.2262,15560.0
889.8,13.42,-1.65,-0.2722,15560.0
889.85,13.46,-1.841,-0.3367,15570.0
889.9,13.49,-2.033,-0.4012,15560.0
889.95,13.34,-1.955,-0.4815,15550.0
890.0,13.19,-1.878,-0.5619,15550.0
890.05,13.36,-1.709,-0.5993,15550.0
890.1,13.52,-1.54,-0.6368,15560.0
890.15,13.57,-1.362,-0.5573,15550.0
890.2,13.61,-1.184,-0.4778,15530.0
890.25,13.46,-1.173,-0.3383,15520.0
890.3,13.31,-1.162,-0.1988,15510.0
890.35,13.46,-1.189,-0.00756,15500.0
890.4,13.6,-1.216,0.1836,15500.0
890.45,13.67,-1.202,0.2774,15510.0
890.5,13.74,-1.187,0.3712,15530.0
890.55,13.93,-1.265,0.2829,15550.0
890.6,14.13,-1.342,0.1946,15550.0
890.65,14.01,-1.493,0.4148,15540.0
890.7,13.88,-1.644,0.6351,15530.0
890.75,13.9,-1.682,0.6202,15530.0
890.8,13.92,-1.719,0.6053,15540.0
890.85,13.96,-1.69,0.7052,15550.0
890.9,14.01,-1.661,0.805,15570.0
890.95,13.85,-1.629,0.808,15590.0
891.0,13.7,-1.597,0.8109,15610.0
891.05,13.79,-1.58,0.907,15610.0
891.1,13.88,-1.564,1.003,15600.0
891.15,13.77,-1.48,1.163,15590.0
891.2,13.66,-1.397,1.323,15600.0
891.25,13.53,-1.412,1.295,15620.0
891.3,13.41,-1.426,1.266,15630.0
891.35,13.5,-1.501,1.148,15630.0
891.4,13.6,-1.576,1.029,15640.0
891.45,13.74,-1.497,0.7061,15650.0
891.5,13.88,-1.418,0.3836,15650.0
891.55,14.05,-1.208,0.3808,15650.0
891.6,14.22,-0.9972,0.378,15670.0
891.65,14.32,-0.8437,0.5809,15700.0
891.7,14.41,-0.6903,0.7838,15730.0
891.75,14.23,-0.6642,0.9137,15740.0
891.8,14.05,-0.6381,1.044,15730.0
891.85,14.1,-0.708,1.035,15730.0
891.9,14.14,-0.7779,1.026,15720.0
891.95,14.23,-0.8232,1.218,15700.0
892.0,14.32,-0.8686,1.409,15680.0
892.05,14.19,-0.7868,1.401,15670.0
892.1,14.07,-0.705,1.393,15670.0
892.15,14.12,-0.5147,1.193,15680.0
892.2,14.18,-0.3244,0.9935,15690.0
892.25,14.24,-0.3931,0.9311,15690.0
892.3,14.31,-0.4618,0.8687,15700.0
892.35,14.16,-0.5103,1.006,15720.0
892.4,14.01,-0.5589,1.143,15720.0
892.45,14.07,-0.7633,1.133,15720.0
892.5,14.12,-0.9677,1.123,15710.0
892.55,14.12,-0.9691,1.091,15700.0
892.6,14.13,-0.9705,1.06,15680.0
892.65,13.83,-0.7958,0.9337,15660.0
892.7,13.54,-0.621,0.8077,15650.0
892.75,13.76,-0.6055,0.6018,15640.0
892.8,13.99,-0.59,0.3958,15650.0
892.85,13.98,-0.3842,0.5086,15670.0
892.9,13.96,-0.1783,0.6214,15680.0
892.95,13.88,0.04538,0.7865,15690.0
893.0,13.8,0.2691,0.9516,15690.0
893.05,13.85,-0.03722,1.007,15700.0
893.1,13.9,-0.3435,1.063,15710.0
893.15,13.82,-0.4341,0.9197,15710.0
893.2,13.73,-0.5247,0.7765,15710.0
893.25,13.89,-0.2795,0.5477,15710.0
893.3,14.06,-0.03424,0.319,15720.0
893.35,13.94,0.009753,0.3451,15720.0
893.4,13.83,0.05374,0.3712,15720.0
893.45,13.72,0.05056,0.5564,15720.0
893.5,13.61,0.04737,0.7416,15730.0
893.55,13.53,0.2215,0.4984,15750.0
893.6,13.44,0.3957,0.2551,15760.0
893.65,13.5,0.2434,0.3685,15770.0
893.7,13.55,0.09116,0.4819,15780.0
893.75,13.61,0.07404,0.3475,15800.0
893.8,13.66,0.05693,0.2131,15800.0
893.85,13.84,0.3115,0.181,15780.0
893.9,14.01,0.5661,0.1488,15780.0
893.95,14.06,0.4783,0.1469,15780.0
894.0,14.11,0.3905,0.1451,15790.0
894.05,14.05,0.1503,0.1165,15800.0
894.1,13.99,-0.08997,0.0878,15810.0
894.15,14.1,0.001791,0.09657,15820.0
894.2,14.21,0.09355,0.1054,15820.0
894.25,14.04,0.3394,0.008901,15830.0
894.3,13.87,0.5852,-0.08755,15820.0
894.35,13.96,0.625,-0.09901,15810.0
894.4,14.05,0.6648,-0.1105,15800.0
894.45,14.08,0.6164,-0.2684,15790.0
894.5,14.11,0.5681,-0.4263,15780.0
894.55,14.07,0.6845,-0.4486,15770.0
894.6,14.03,0.8009,-0.4709,15750.0
894.65,14.14,0.713,-0.5496,15750.0
894.7,14.25,0.625,-0.6282,15760.0
894.75,14.2,0.4705,-0.603,15770.0
894.8,14.14,0.3161,-0.5777,15770.0
894.85,14.18,0.3766,-0.6076,15770.0
894.9,14.22,0.4371,-0.6375,15770.0
894.95,14.2,0.6521,-0.8075,15780.0
895.0,14.19,0.867,-0.9775,15780.0
895.05,14.06,0.8362,-0.7805,15770.0
895.1,13.92,0.8053,-0.5836,15750.0
895.15,13.95,0.7717,-0.6058,15740.0
895.2,13.97,0.738,-0.628,15730.0
895.25,14.09,0.7,-0.5252,15730.0
895.3,14.21,0.662,-0.4224,15740.0
895.35,14.16,0.7589,-0.3039,15750.0
895.4,14.11,0.8559,-0.1853,15770.0
895.45,13.96,0.6146,-0.1895,15790.0
895.5,13.82,0.3734,-0.1936,15800.0
895.55,13.75,0.78,-0.1562,15810.0
895.6,13.68,1.187,-0.1188,15820.0
895.65,13.75,1.444,-0.2979,15840.0
895.7,13.81,1.702,-0.477,15850.0
895.75,13.97,1.534,-0.5459,15850.0
895.8,14.13,1.365,-0.6148,15860.0
895.85,14.22,1.258,-0.2885,15870.0
895.9,14.32,1.152,0.0378,15880.0
895.95,14.37,1.014,0.1543,15890.0
896.0,14.41,0.8766,0.2707,15890.0
896.05,14.47,0.7996,0.2841,15900.0
896.1,14.53,0.7225,0.2975,15910.0
896.15,14.59,0.4753,0.1692,15940.0
896.2,14.65,0.2281,0.04097,15960.0
896.25,14.63,0.4118,-0.08755,15980.0
896.3,14.62,0.5955,-0.2161,16000.0
896.35,14.59,0.8951,-0.1992,16000.0
896.4,14.56,1.195,-0.1824,15990.0
896.45,14.58,1.228,-0.3572,15970.0
896.5,14.61,1.262,-0.5319,15950.0
896.55,14.67,1.25,-0.6672,15950.0
896.6,14.73,1.238,-0.8026,15960.0
896.65,14.7,1.144,-0.5151,15980.0
896.7,14.66,1.05,-0.2275,16010.0
896.75,14.57,0.9793,-0.3728,16050.0
896.8,14.47,0.9084,-0.518,16070.0
896.85,14.32,0.7359,-0.4485,16060.0
896.9,14.16,0.5633,-0.379,16020.0
896.95,14.23,0.5561,-0.4837,15990.0
897.0,14.29,0.549,-0.5885,15960.0
897.05,14.39,0.3762,-0.4482,15930.0
897.1,14.5,0.2034,-0.308,15930.0
897.15,14.42,0.2293,-0.4115,15960.0
897.2,14.34,0.2552,-0.5151,16010.0
897.25,14.47,0.2243,-0.5046,16060.0
897.3,14.6,0.1935,-0.4941,16080.0
897.35,14.76,0.1574,-0.4079,16070.0
897.4,14.92,0.1214,-0.3217,16040.0
897.45,15.12,0.04936,-0.1293,16000.0
897.5,15.33,-0.02269,0.06316,15950.0
897.55,15.46,-0.003782,0.11,15910.0
897.6,15.6,0.01513,0.1568,15900.0
897.65,15.55,-0.03503,0.09609,15930.0
897.7,15.5,-0.08519,0.03536,15980.0
897.75,15.47,0.1379,0.002683,16030.0
897.8,15.43,0.3611,-0.03,16070.0
897.85,15.36,0.1385,0.2074,16090.0
897.9,15.3,-0.084,0.4448,16090.0
897.95,15.39,-0.0613,0.2101,16070.0
898.0,15.48,-0.03861,-0.02463,16050.0
898.05,15.54,-0.03802,-0.0539,16030.0
898.1,15.6,-0.03742,-0.08316,16020.0
898.15,15.45,-0.212,0.01378,16020.0
898.2,15.3,-0.3865,0.1107,16020.0
898.25,15.31,-0.1933,0.1772,16020.0
898.3,15.32,-5.96e-08,0.2436,16030.0
898.35,15.22,0.1754,0.3331,16060.0
898.4,15.12,0.3507,0.4226,16110.0
898.45,15.23,0.3571,0.4174,16140.0
898.5,15.35,0.3635,0.4121,16170.0
898.55,15.23,0.3869,0.3746,16190.0
898.6,15.11,0.4104,0.337,16200.0
898.65,15.2,0.2639,0.2668,16190.0
898.7,15.29,0.1174,0.1966,16160.0
898.75,15.39,0.1913,0.2675,16130.0
898.8,15.48,0.2651,0.3385,16120.0
898.85,15.44,0.3031,0.2169,16110.0
898.9,15.4,0.3412,0.09536,16110.0
898.95,15.39,0.4269,0.03548,16100.0
899.0,15.38,0.5127,-0.02439,16110.0
899.05,15.39,0.3443,-0.04951,16140.0
899.1,15.41,0.176,-0.07463,16180.0
899.15,15.43,0.174,-0.1377,16210.0
899.2,15.45,0.172,-0.2007,16240.0
899.25,15.4,0.2625,-0.06768,16250.0
899.3,15.35,0.3531,0.06536,16240.0
899.35,15.52,0.3416,0.05268,16210.0
899.4,15.69,0.33,0.04,16150.0
899.45,15.83,0.1935,0.1069,16090.0
899.5,15.97,0.05693,0.1739,16050.0
899.55,15.93,0.3348,0.1962,16050.0
899.6,15.89,0.6127,0.2185,16080.0
899.65,16.05,0.464,0.3107,16120.0
899.7,16.2,0.3153,0.4029,16180.0
899.75,16.14,0.1198,0.4076,16230.0
899.8,16.08,-0.07564,0.4124,16250.0
899.85,16.11,-0.03722,0.5174,16250.0
899.9,16.14,0.001194,0.6224,16220.0
899.95,16.01,-0.03802,0.3764,16170.0
900.0,15.88,-0.07723,0.1305,16120.0
900.05,15.98,0.05434,0.01305,16100.0
900.1,16.08,0.1859,-0.1044,16090.0
900.15,15.96,0.2106,-0.155,16090.0
900.2,15.85,0.2353,-0.2056,16110.0
900.25,15.92,0.1849,-0.09633,16140.0
900.3,15.98,0.1346,0.01293,16180.0
900.35,15.98,0.1686,-0.02634,16200.0
900.4,15.97,0.2026,-0.0656,16200.0
900.45,15.87,0.07285,-0.2362,16200.0
900.5,15.77,-0.05693,-0.4068,16210.0
900.55,15.76,-0.03344,-0.2356,16210.0
900.6,15.75,-0.009952,-0.06438,16190.0
900.65,15.74,0.03085,-0.2052,16170.0
900.7,15.73,0.07166,-0.3461,16160.0
900.75,15.5,0.04459,-0.2917,16170.0
900.8,15.26,0.01752,-0.2373,16190.0
900.85,15.44,-0.2631,-0.3454,16210.0
900.9,15.62,-0.5438,-0.4536,16230.0
900.95,15.77,-0.4584,-0.4421,16240.0
901.0,15.92,-0.373,-0.4307,16250.0
901.05,15.91,-0.4435,-0.3651,16240.0
901.1,15.89,-0.5139,-0.2995,16210.0
901.15,15.89,-0.7371,-0.3063,16190.0
901.2,15.88,-0.9602,-0.3131,16200.0
901.25,15.67,-0.8087,-0.1533,16230.0
901.3,15.47,-0.6572,0.006585,16260.0
901.35,15.35,-0.7367,-0.1254,16290.0
901.4,15.23,-0.8161,-0.2573,16300.0
901.45,15.22,-0.9892,-0.44,16310.0
901.5,15.22,-1.162,-0.6226,16300.0
901.55,15.52,-0.9874,-0.5716,16270.0
901.6,15.82,-0.8125,-0.5207,16230.0
901.65,16.08,-0.9482,-0.454,16210.0
901.7,16.33,-1.084,-0.3873,16200.0
901.75,16.46,-1.162,-0.2322,16210.0
901.8,16.59,-1.241,-0.07706,16220.0
901.85,16.57,-1.235,-0.07548,16240.0
901.9,16.55,-1.23,-0.07389,16270.0
901.95,16.58,-1.204,-0.06499,16310.0
902.0,16.6,-1.177,-0.05609,16320.0
902.05,16.54,-1.057,0.0328,16310.0
902.1,16.48,-0.9371,0.1217,16280.0
902.15,16.56,-0.8394,0.008901,16250.0
902.2,16.64,-0.7416,-0.1039,16230.0
902.25,16.44,-0.6819,-0.007438,16220.0
902.3,16.24,-0.6222,0.08901,16200.0
902.35,16.29,-0.5959,0.04292,16200.0
902.4,16.35,-0.5697,-0.00317,16210.0
902.45,16.18,-0.5918,0.06268,16220.0
902.5,16.01,-0.6138,0.1285,16220.0
902.55,15.99,-0.6284,0.1349,16220.0
902.6,15.97,-0.6429,0.1412,16210.0
902.65,15.89,-0.7062,0.2268,16210.0
902.7,15.82,-0.7695,0.3124,16210.0
902.75,15.86,-0.7325,0.519,16190.0
902.8,15.91,-0.6955,0.7255,16170.0
902.85,16.08,-0.6385,0.4406,16170.0
902.9,16.25,-0.5816,0.1556,16180.0
902.95,16.07,-0.5772,-0.01561,16180.0
903.0,15.89,-0.5728,-0.1868,16160.0
903.05,15.78,-0.6322,-0.1705,16140.0
903.1,15.68,-0.6915,-0.1541,16120.0
903.15,15.6,-0.8139,-0.1411,16100.0
903.2,15.52,-0.9363,-0.128,16090.0
903.25,15.35,-1.051,-0.1071,16090.0
903.3,15.18,-1.165,-0.08609,16100.0
903.35,15.31,-1.036,-0.1493,16120.0
903.4,15.44,-0.9068,-0.2124,16140.0
903.45,15.52,-0.9458,-0.1933,16150.0
903.5,15.6,-0.9849,-0.1741,16140.0
903.55,15.61,-1.211,-0.09462,16110.0
903.6,15.62,-1.437,-0.01512,16100.0
903.65,15.63,-1.513,-0.08243,16090.0
903.7,15.63,-1.589,-0.1497,16080.0
903.75,15.78,-1.585,-0.04792,16070.0
903.8,15.93,-1.581,0.0539,16070.0
903.85,15.88,-1.667,0.0967,16070.0
903.9,15.84,-1.753,0.1395,16080.0
903.95,15.74,-1.683,0.2473,16080.0
904.0,15.63,-1.613,0.3551,16060.0
904.05,15.63,-1.652,0.2601,16060.0
904.1,15.64,-1.691,0.1651,16080.0
904.15,15.73,-1.595,0.08206,16090.0
904.2,15.83,-1.499,-0.0009755,16090.0
904.25,15.84,-1.498,0.1936,16090.0
904.3,15.86,-1.496,0.3882,16090.0
904.35,15.86,-1.451,0.4912,16090.0
904.4,15.87,-1.406,0.5941,16090.0
904.45,15.71,-1.379,0.4431,16060.0
904.5,15.56,-1.351,0.2922,16040.0
904.55,15.43,-1.263,0.2169,16040.0
904.6,15.29,-1.174,0.1417,16030.0
904.65,15.32,-1.101,0.2277,16020.0
904.7,15.34,-1.029,0.3136,16000.0
904.75,15.45,-1.094,0.6031,15990.0
904.8,15.56,-1.159,0.8926,16000.0
904.85,15.63,-1.156,0.6593,16010.0
904.9,15.69,-1.153,0.4261,16000.0
904.95,15.6,-1.511,0.23,15990.0
905.0,15.5,-1.868,0.0339,15990.0
905.05,15.5,-1.884,0.01402,16000.0
905.1,15.51,-1.899,-0.005853,15990.0
905.15,15.53,-1.9,0.1818,15960.0
905.2,15.55,-1.9,0.3695,15930.0
905.25,15.67,-1.835,0.2339,15910.0
905.3,15.78,-1.77,0.09828,15900.0
905.35,15.79,-1.73,0.227,15890.0
905.4,15.8,-1.69,0.3558,15880.0
905.45,15.87,-1.558,0.4579,15880.0
905.5,15.94,-1.426,0.5599,15890.0
905.55,15.85,-1.444,0.4121,15900.0
905.6,15.76,-1.462,0.2644,15900.0
905.65,15.64,-1.529,0.1994,15890.0
905.7,15.51,-1.597,0.1344,15890.0
905.75,15.51,-1.584,0.03341,15900.0
905.8,15.5,-1.57,-0.06755,15910.0
905.85,15.46,-1.428,-0.08853,15910.0
905.9,15.42,-1.286,-0.1095,15910.0
905.95,15.58,-1.191,0.1541,15890.0
906.0,15.74,-1.097,0.4178,15870.0
906.05,15.7,-1.008,0.3269,15850.0
906.1,15.66,-0.9196,0.2361,15830.0
906.15,15.64,-0.9926,0.1584,15830.0
906.2,15.62,-1.066,0.08072,15850.0
906.25,15.51,-1.024,-0.04768,15880.0
906.3,15.39,-0.9833,-0.1761,15910.0
906.35,15.5,-1.071,0.00695,15920.0
906.4,15.61,-1.158,0.19,15920.0
906.45,15.75,-1.286,0.1071,15910.0
906.5,15.88,-1.413,0.02414,15880.0
906.55,15.86,-1.415,-0.001463,15850.0
906.6,15.84,-1.417,-0.02707,15830.0
906.65,15.64,-1.474,0.134,15840.0
906.7,15.44,-1.531,0.2951,15850.0
906.75,15.46,-1.261,0.2036,15870.0
906.8,15.49,-0.9904,0.1122,15880.0
906.85,15.63,-0.8465,0.2489,15880.0
906.9,15.76,-0.7026,0.3856,15900.0
906.95,15.81,-0.6515,0.263,15910.0
907.0,15.86,-0.6003,0.1405,15910.0
907.05,16.0,-0.4988,0.0317,15890.0
907.1,16.14,-0.3973,-0.07706,15870.0
907.15,16.19,-0.2799,-0.04134,15850.0
907.2,16.25,-0.1624,-0.005609,15830.0
907.25,16.35,-0.322,0.03365,15810.0
907.3,16.45,-0.4817,0.07292,15800.0
907.35,16.65,-0.503,0.1173,15800.0
907.4,16.84,-0.5243,0.1617,15810.0
907.45,16.84,-0.6051,0.4309,15830.0
907.5,16.85,-0.6859,0.7002,15850.0
907.55,16.74,-0.6596,0.4841,15850.0
907.6,16.63,-0.6334,0.268,15850.0
907.65,16.44,-0.6769,0.3429,15850.0
907.7,16.25,-0.7205,0.4178,15840.0
907.75,16.38,-0.7225,0.3598,15810.0
907.8,16.51,-0.7245,0.3019,15790.0
907.85,16.73,-0.9206,0.3453,15790.0
907.9,16.95,-1.117,0.3887,15790.0
907.95,16.95,-0.8865,0.374,15800.0
908.0,16.95,-0.6564,0.3592,15800.0
908.05,17.0,-0.6071,0.2885,15810.0
908.1,17.05,-0.5577,0.2178,15820.0
908.15,16.91,-0.3999,0.5323,15830.0
908.2,16.77,-0.242,0.8467,15830.0
908.25,16.61,-0.2576,0.9495,15840.0
908.3,16.46,-0.2731,1.052,15850.0
908.35,16.4,-0.2201,0.9412,15870.0
908.4,16.35,-0.1672,0.8302,15870.0
908.45,16.31,-0.08778,0.8534,15860.0
908.5,16.26,-0.00836,0.8767,15840.0
908.55,16.34,-0.12,0.648,15830.0
908.6,16.43,-0.2317,0.4192,15820.0
908.65,16.46,-0.002986,0.3392,15800.0
908.7,16.49,0.2257,0.2592,15790.0
908.75,16.46,0.2369,0.1477,15810.0
908.8,16.43,0.248,0.03609,15850.0
908.85,16.4,0.2482,-0.002073,15890.0
908.9,16.37,0.2484,-0.04024,15900.0
908.95,16.24,0.2092,-0.09389,15900.0
909.0,16.11,0.17,-0.1475,15880.0
909.05,16.14,0.2856,-0.2578,15860.0
909.1,16.18,0.4013,-0.368,15820.0
909.15,16.32,0.3563,-0.3825,15780.0
909.2,16.46,0.3113,-0.397,15750.0
909.25,16.48,0.1176,-0.3039,15760.0
909.3,16.51,-0.07603,-0.2107,15780.0
909.35,16.34,-0.09912,-0.1356,15810.0
909.4,16.18,-0.1222,-0.06048,15820.0
909.45,16.36,-0.04478,-0.1811,15840.0
909.5,16.55,0.03264,-0.3017,15860.0
909.55,16.41,-0.01294,-0.297,15850.0
909.6,16.27,-0.05852,-0.2924,15820.0
909.65,16.12,-0.07902,-0.04182,15770.0
909.7,15.97,-0.09952,0.2088,15730.0
909.75,16.0,-0.02886,0.2984,15710.0
909.8,16.04,0.0418,0.388,15710.0
909.85,15.96,-0.08738,0.3778,15710.0
909.9,15.89,-0.2166,0.3675,15730.0
909.95,15.88,-0.2958,0.1856,15760.0
910.0,15.88,-0.375,0.003658,15790.0
910.05,16.05,-0.3617,-0.1212,15790.0
910.1,16.22,-0.3483,-0.2461,15770.0
910.15,16.12,-0.2412,-0.1411,15740.0
910.2,16.01,-0.1342,-0.03609,15720.0
910.25,15.9,-0.1596,-0.07597,15700.0
910.3,15.78,-0.1851,-0.1158,15690.0
910.35,15.89,-0.3398,-0.1671,15700.0
910.4,16.0,-0.4944,-0.2183,15730.0
910.45,16.05,-0.377,-0.1347,15780.0
910.5,16.1,-0.2596,-0.05121,15820.0
910.55,16.1,-0.3067,0.07682,15840.0
910.6,16.09,-0.3539,0.2049,15830.0
910.65,15.98,-0.5792,0.2301,15820.0
910.7,15.87,-0.8045,0.2553,15780.0
910.75,15.85,-1.026,-0.00878,15730.0
910.8,15.84,-1.248,-0.2729,15690.0
910.85,15.81,-1.106,-0.2759,15700.0
910.9,15.77,-0.9638,-0.279,15740.0
910.95,15.54,-1.007,-0.1458,15810.0
911.0,15.3,-1.049,-0.01268,15870.0
911.05,15.37,-1.113,0.224,15930.0
911.1,15.44,-1.177,0.4607,15980.0
911.15,15.48,-1.184,0.4681,15990.0
911.2,15.52,-1.19,0.4756,15940.0
911.25,15.58,-1.177,0.5201,15860.0
911.3,15.64,-1.164,0.5646,15780.0
911.35,15.54,-1.341,0.6255,15730.0
911.4,15.44,-1.518,0.6865,15700.0
911.45,15.31,-1.525,0.7028,15710.0
911.5,15.18,-1.533,0.7192,15750.0
911.55,15.2,-1.488,0.786,15820.0
911.6,15.21,-1.443,0.8528,15900.0
911.65,15.15,-1.176,0.9483,15940.0
911.7,15.08,-0.9092,1.044,15930.0
911.75,15.32,-1.018,0.7899,15900.0
911.8,15.55,-1.126,0.536,15850.0
911.85,15.4,-1.062,0.4085,15790.0
911.9,15.25,-0.9984,0.2809,15740.0
911.95,15.3,-0.9745,0.2449,15690.0
912.0,15.35,-0.9506,0.2088,15690.0
912.05,15.16,-1.026,0.03402,15710.0
912.1,14.96,-1.102,-0.1407,15740.0
912.15,14.98,-1.035,-0.1947,15780.0
912.2,15.01,-0.9669,-0.2488,15800.0
912.25,15.0,-0.8796,-0.4537,15820.0
912.3,14.99,-0.7922,-0.6587,15820.0
912.35,15.11,-0.9888,-0.5498,15800.0
912.4,15.24,-1.185,-0.4409,15750.0
912.45,15.15,-1.075,-0.2652,15710.0
912.5,15.06,-0.9654,-0.0895,15690.0
912.55,14.97,-1.15,-0.07304,15700.0
912.6,14.87,-1.335,-0.05658,15710.0
912.65,14.76,-1.024,-0.2244,15740.0
912.7,14.65,-0.7126,-0.3922,15780.0
912.75,14.67,-0.6716,-0.2872,15810.0
912.8,14.68,-0.6306,-0.1822,15810.0
912.85,14.66,-0.8203,-0.1402,15790.0
912.9,14.64,-1.01,-0.09828,15760.0
912.95,14.72,-1.092,-0.146,15730.0
913.0,14.81,-1.174,-0.1936,15710.0
913.05,14.81,-1.132,-0.1784,15700.0
913.1,14.81,-1.089,-0.1632,15700.0
913.15,14.72,-1.121,-0.159,15730.0
913.2,14.63,-1.153,-0.1549,15770.0
913.25,14.68,-1.029,-0.2203,15810.0
913.3,14.73,-0.9044,-0.2858,15850.0
913.35,14.86,-0.8181,-0.2966,15880.0
913.4,15.0,-0.7317,-0.3073,15880.0
913.45,15.09,-0.5701,-0.324,15850.0
913.5,15.18,-0.4084,-0.3407,15800.0
913.55,15.11,-0.4164,-0.3352,15750.0
913.6,15.05,-0.4244,-0.3297,15710.0
913.65,15.02,-0.3392,-0.3967,15700.0
913.7,14.99,-0.254,-0.4636,15720.0
913.75,15.07,-0.05653,-0.5101,15780.0
913.8,15.16,0.1409,-0.5565,15850.0
913.85,15.17,0.123,-0.3812,15900.0
913.9,15.19,0.1051,-0.2058,15910.0
913.95,15.21,-0.1553,-0.2962,15890.0
914.0,15.23,-0.4156,-0.3865,15850.0
914.05,15.08,-0.6162,-0.34,15790.0
914.1,14.92,-0.8169,-0.2934,15750.0
914.15,14.95,-0.794,-0.4442,15720.0
914.2,14.97,-0.7711,-0.5951,15710.0
914.25,15.04,-0.71,-0.4831,15720.0
914.3,15.11,-0.6489,-0.3712,15740.0
914.35,14.95,-0.4238,-0.4198,15750.0
914.4,14.79,-0.1986,-0.4685,15740.0
914.45,14.8,-0.2627,-0.6025,15740.0
914.5,14.8,-0.3268,-0.7365,15740.0
914.55,14.75,-0.3921,-0.4947,15750.0
914.6,14.7,-0.4574,-0.2529,15750.0
914.65,14.88,-0.4777,-0.2605,15740.0
914.7,15.05,-0.498,-0.268,15720.0
914.75,15.02,-0.7162,-0.3085,15680.0
914.8,14.99,-0.9343,-0.349,15630.0
914.85,14.84,-0.917,-0.3341,15600.0
914.9,14.69,-0.8997,-0.3192,15580.0
914.95,14.64,-0.8308,-0.3496,15590.0
915.0,14.59,-0.7619,-0.38,15630.0
915.05,14.68,-0.7191,-0.5107,15670.0
915.1,14.77,-0.6763,-0.6414,15720.0
915.15,14.87,-0.675,-0.6903,15730.0
915.2,14.98,-0.6736,-0.7392,15720.0
915.25,15.01,-0.748,-0.7189,15680.0
915.3,15.04,-0.8224,-0.6987,15640.0
915.35,15.1,-0.7576,-0.7076,15600.0
915.4,15.17,-0.6927,-0.7165,15590.0
915.45,15.09,-0.5304,-0.6401,15590.0
915.5,15.01,-0.3682,-0.5636,15620.0
915.55,14.93,-0.49,-0.6897,15660.0
915.6,14.86,-0.6119,-0.8158,15690.0
915.65,14.8,-0.5856,-0.875,15690.0
915.7,14.75,-0.5593,-0.9343,15680.0
915.75,14.9,-0.4148,-0.6653,15660.0
915.8,15.06,-0.2703,-0.3963,15650.0
915.85,15.06,-0.2787,-0.4756,15640.0
915.9,15.06,-0.287,-0.5548,15640.0
915.95,15.17,-0.4476,-0.6885,15660.0
916.0,15.28,-0.6083,-0.8221,15680.0
916.05,15.35,-0.4705,-0.8016,15700.0
916.1,15.43,-0.3328,-0.7811,15710.0
916.15,15.35,-0.3722,-0.7692,15720.0
916.2,15.27,-0.4116,-0.7572,15720.0
916.25,15.47,-0.4313,-0.7054,15710.0
916.3,15.68,-0.451,-0.6536,15700.0
916.35,15.78,-0.4345,-0.7736,15670.0
916.4,15.89,-0.418,-0.8936,15650.0
916.45,15.85,-0.5324,-0.9467,15630.0
916.5,15.82,-0.6469,-0.9999,15630.0
916.55,15.82,-0.4009,-1.126,15650.0
916.6,15.82,-0.1549,-1.252,15690.0
916.65,15.77,-0.3322,-1.351,15740.0
916.7,15.72,-0.5095,-1.45,15770.0
916.75,15.85,-0.7715,-1.382,15780.0
916.8,15.98,-1.033,-1.313,15760.0
916.85,16.2,-0.9154,-1.258,15720.0
916.9,16.42,-0.7974,-1.203,15670.0
916.95,16.46,-0.7918,-1.161,15620.0
917.0,16.5,-0.7862,-1.119,15600.0
917.05,16.41,-0.5764,-0.7981,15610.0
917.1,16.33,-0.3666,-0.4775,15650.0
917.15,16.41,-0.4381,-0.3056,15690.0
917.2,16.5,-0.5095,-0.1336,15730.0
917.25,16.47,-0.5945,-0.2199,15750.0
917.3,16.44,-0.6795,-0.3061,15740.0
917.35,16.23,-0.8216,-0.4346,15710.0
917.4,16.02,-0.9638,-0.5631,15680.0
917.45,15.97,-1.032,-0.6076,15640.0
917.5,15.92,-1.1,-0.6521,15620.0
917.55,15.9,-1.156,-0.7752,15620.0
917.6,15.88,-1.212,-0.8982,15640.0
917.65,16.01,-1.202,-0.9755,15680.0
917.7,16.15,-1.192,-1.053,15720.0
917.75,16.06,-1.157,-1.0,15760.0
917.8,15.97,-1.122,-0.9475,15780.0
917.85,15.87,-1.065,-0.8812,15770.0
917.9,15.76,-1.008,-0.815,15750.0
917.95,15.76,-1.024,-0.8066,15720.0
918.0,15.76,-1.041,-0.7982,15680.0
918.05,15.74,-0.96,-0.5466,15660.0
918.1,15.72,-0.8794,-0.2951,15660.0
918.15,15.56,-0.823,-0.2508,15680.0
918.2,15.41,-0.7667,-0.2066,15720.0
918.25,15.44,-0.7878,-0.4279,15770.0
918.3,15.47,-0.8089,-0.6492,15810.0
918.35,15.51,-0.8525,-0.7331,15840.0
918.4,15.54,-0.8961,-0.817,15850.0
918.45,15.51,-0.8047,-0.7092,15840.0
918.5,15.48,-0.7134,-0.6014,15810.0
918.55,15.59,-0.7868,-0.4888,15770.0
918.6,15.69,-0.8603,-0.3763,15730.0
918.65,15.78,-0.6861,-0.2759,15710.0
918.7,15.87,-0.5119,-0.1756,15710.0
918.75,15.84,-0.5223,-0.2934,15730.0
918.8,15.81,-0.5326,-0.4112,15770.0
918.85,15.61,-0.7114,-0.1991,15810.0
918.9,15.42,-0.8901,0.01293,15840.0
918.95,15.19,-0.8097,-0.03756,15850.0
919.0,14.97,-0.7293,-0.08804,15830.0
919.05,14.91,-0.8055,-0.1872,15790.0
919.1,14.85,-0.8818,-0.2863,15750.0
919.15,15.01,-1.067,-0.2218,15700.0
919.2,15.17,-1.252,-0.1573,15660.0
919.25,15.27,-1.152,-0.1863,15660.0
919.3,15.38,-1.053,-0.2153,15680.0
919.35,15.42,-1.002,-0.2747,15720.0
919.4,15.47,-0.9514,-0.3341,15740.0
919.45,15.22,-0.9592,-0.4901,15760.0
919.5,14.98,-0.9669,-0.646,15770.0
919.55,14.83,-1.0,-0.7688,15770.0
919.6,14.68,-1.033,-0.8916,15760.0
919.65,14.94,-1.038,-0.7298,15730.0
919.7,15.21,-1.043,-0.568,15710.0
919.75,15.14,-0.8891,-0.5802,15700.0
919.8,15.07,-0.7353,-0.5924,15680.0
919.85,14.98,-1.054,-0.4615,15650.0
919.9,14.9,-1.373,-0.3307,15650.0
919.95,15.01,-1.077,-0.3125,15670.0
920.0,15.12,-0.7818,-0.2944,15710.0
920.05,15.25,-0.8724,-0.2274,15750.0
920.1,15.38,-0.963,-0.1605,15790.0
920.15,15.39,-1.082,-0.02853,15820.0
920.2,15.4,-1.201,0.1034,15830.0
920.25,15.38,-0.9916,0.2748,15820.0
920.3,15.36,-0.7818,0.4463,15780.0
920.35,15.4,-0.6111,0.5234,15750.0
920.4,15.43,-0.4403,0.6004,15730.0
920.45,15.4,-0.5283,0.5776,15750.0
920.5,15.36,-0.6162,0.5548,15760.0
920.55,15.31,-0.7721,0.4323,15780.0
920.6,15.25,-0.9279,0.3097,15800.0
920.65,15.37,-0.8352,0.3378,15840.0
920.7,15.48,-0.7424,0.3658,15880.0
920.75,15.38,-0.6807,0.2153,15900.0
920.8,15.27,-0.619,0.06487,15900.0
920.85,15.14,-0.706,0.04585,15900.0
920.9,15.0,-0.793,0.02683,15900.0
920.95,15.25,-0.707,-0.07706,15890.0
921.0,15.5,-0.621,-0.181,15860.0
921.05,15.56,-0.5109,0.01158,15840.0
921.1,15.62,-0.4009,0.2041,15840.0
921.15,15.73,-0.3471,0.2827,15870.0
921.2,15.84,-0.2934,0.3612,15910.0
921.25,15.9,0.001194,0.5107,15930.0
921.3,15.96,0.2958,0.6602,15950.0
921.35,15.84,0.1413,0.4359,15960.0
921.4,15.72,-0.01314,0.2117,15960.0
921.45,15.79,-0.1328,0.1657,15930.0
921.5,15.85,-0.2524,0.1197,15890.0
921.55,15.8,-0.2072,0.04975,15860.0
921.6,15.76,-0.162,-0.02024,15870.0
921.65,15.86,-0.1505,0.2127,15890.0
921.7,15.97,-0.1389,0.4456,15920.0
921.75,15.97,-0.06867,0.3882,15940.0
921.8,15.98,0.001592,0.3309,15960.0
921.85,15.94,0.07524,0.2419,15970.0
921.9,15.91,0.1489,0.1529,15960.0
921.95,15.71,0.3529,0.2158,15930.0
922.0,15.51,0.5569,0.2787,15900.0
922.05,15.58,0.418,0.2433,15890.0
922.1,15.66,0.2791,0.2078,15900.0
922.15,15.65,0.1682,0.3708,15910.0
922.2,15.64,0.05732,0.5338,15910.0
922.25,15.63,-0.1111,0.3441,15920.0
922.3,15.61,-0.2795,0.1544,15940.0
922.35,15.68,-0.2594,0.323,15970.0
922.4,15.75,-0.2392,0.4917,15980.0
922.45,15.63,-0.215,0.6331,15970.0
922.5,15.52,-0.1907,0.7745,15960.0
922.55,15.5,-0.2789,0.6514,15970.0
922.6,15.48,-0.367,0.5282,15980.0
922.65,15.3,-0.3418,0.4206,15970.0
922.7,15.13,-0.3165,0.3129,15960.0
922.75,15.21,-0.3396,0.2853,15970.0
922.8,15.29,-0.3627,0.2578,15990.0
922.85,15.35,-0.4675,0.3394,16020.0
922.9,15.41,-0.5724,0.4209,16020.0
922.95,15.47,-0.8656,0.4659,16020.0
923.0,15.53,-1.159,0.5109,16020.0
923.05,15.52,-1.167,0.5723,16020.0
923.1,15.51,-1.176,0.6336,16020.0
923.15,15.56,-1.14,0.7142,16010.0
923.2,15.6,-1.104,0.7948,16010.0
923.25,15.72,-1.003,0.7524,16030.0
923.3,15.84,-0.9021,0.7099,16040.0
923.35,15.95,-0.9164,0.5762,16050.0
923.4,16.06,-0.9307,0.4424,16040.0
923.45,16.08,-0.9857,0.3604,16030.0
923.5,16.09,-1.041,0.2785,16050.0
923.55,15.9,-1.118,0.5235,16060.0
923.6,15.72,-1.195,0.7685,16070.0
923.65,15.83,-1.317,0.6455,16070.0
923.7,15.95,-1.438,0.5226,16070.0
923.75,15.96,-1.332,0.5565,16080.0
923.8,15.98,-1.226,0.5904,16080.0
923.85,15.96,-1.078,0.8608,16070.0
923.9,15.93,-0.9295,1.131,16050.0
923.95,16.24,-1.059,0.9695,16060.0
924.0,16.55,-1.189,0.808,16070.0
924.05,16.67,-1.223,0.8911,16070.0
924.1,16.8,-1.256,0.9743,16080.0
924.15,16.67,-1.33,0.811,16090.0
924.2,16.55,-1.403,0.6477,16100.0
924.25,16.46,-1.183,0.4974,16110.0
924.3,16.37,-0.9622,0.347,16100.0
924.35,16.41,-0.9661,0.3618,16090.0
924.4,16.46,-0.9701,0.3765,16090.0
924.45,16.48,-1.021,0.4323,16100.0
924.5,16.51,-1.072,0.488,16090.0
924.55,16.49,-0.8939,0.3976,16070.0
924.6,16.48,-0.7158,0.3073,16050.0
924.65,16.47,-0.9188,0.4562,16040.0
924.7,16.46,-1.122,0.6051,16040.0
924.75,16.55,-0.9805,0.5402,16040.0
924.8,16.65,-0.8392,0.4753,16060.0
924.85,16.7,-0.6576,0.4069,16080.0
924.9,16.75,-0.4761,0.3385,16100.0
924.95,16.76,-0.626,0.4008,16120.0
925.0,16.76,-0.7759,0.4631,16110.0
925.05,16.67,-0.6359,0.5126,16110.0
925.1,16.59,-0.496,0.5621,16120.0
925.15,16.6,-0.5171,0.6497,16120.0
925.2,16.62,-0.5382,0.7372,16100.0
925.25,16.39,-0.3967,0.5529,16080.0
925.3,16.15,-0.2552,0.3685,16070.0
925.35,16.21,-0.1949,0.1734,16080.0
925.4,16.28,-0.1346,-0.0217,16100.0
925.45,16.47,-0.1491,-0.1049,16110.0
925.5,16.65,-0.1636,-0.188,16130.0
925.55,16.87,-0.1722,-0.09206,16150.0
925.6,17.09,-0.1807,0.003902,16180.0
925.65,17.03,-0.09017,0.001585,16200.0
925.7,16.96,0.000398,-0.0007316,16190.0
925.75,16.89,-0.05036,-0.1518,16180.0
925.8,16.82,-0.1011,-0.3029,16180.0
925.85,16.74,-0.1172,-0.2961,16180.0
925.9,16.66,-0.1334,-0.2892,16160.0
925.95,16.5,-0.03443,-0.0967,16130.0
926.0,16.33,0.06449,0.09584,16120.0
926.05,16.4,0.254,-0.1186,16140.0
926.1,16.46,0.4435,-0.3331,16160.0
926.15,16.6,0.406,-0.3389,16180.0
926.2,16.74,0.3686,-0.3446,16210.0
926.25,16.72,0.1493,-0.1901,16240.0
926.3,16.7,-0.07006,-0.03561,16270.0
926.35,16.72,-0.05912,-0.1019,16260.0
926.4,16.74,-0.04817,-0.1683,16220.0
926.45,16.61,-0.1644,-0.1013,16170.0
926.5,16.48,-0.2806,-0.03439,16130.0
926.55,16.56,-0.2211,-0.04817,16110.0
926.6,16.64,-0.1616,-0.06194,16110.0
926.65,16.59,-0.2343,0.05036,16130.0
926.7,16.55,-0.3069,0.1627,16160.0
926.75,16.56,-0.1777,0.3173,16200.0
926.8,16.57,-0.04857,0.4719,16220.0
926.85,16.64,-0.1121,0.6519,16210.0
926.9,16.71,-0.1756,0.8319,16180.0
926.95,16.52,-0.2108,0.7164,16140.0
927.0,16.33,-0.246,0.6009,16120.0
927.05,16.31,-0.4246,0.5266,16110.0
927.1,16.29,-0.6031,0.4524,16100.0
927.15,16.11,-0.705,0.3959,16100.0
927.2,15.92,-0.8069,0.3395,16120.0
927.25,15.97,-0.829,0.2517,16140.0
927.3,16.02,-0.8511,0.1639,16160.0
927.35,16.04,-0.7956,0.2802,16160.0
927.4,16.07,-0.74,0.3965,16150.0
927.45,16.12,-0.6296,0.3317,16140.0
927.5,16.17,-0.5191,0.2668,16120.0
927.55,16.19,-0.5082,0.385,16100.0
927.6,16.21,-0.4972,0.5031,16070.0
927.65,16.15,-0.3354,0.5156,16070.0
927.7,16.09,-0.1736,0.528,16090.0
927.75,16.06,-0.1746,0.2595,16120.0
927.8,16.02,-0.1756,-0.009023,16150.0
927.85,15.98,-0.2239,0.01414,16180.0
927.9,15.94,-0.2723,0.03731,16200.0
927.95,15.92,-0.3045,0.1211,16200.0
928.0,15.9,-0.3368,0.2049,16180.0
928.05,15.86,-0.2187,0.2879,16130.0
928.1,15.81,-0.1007,0.3709,16070.0
928.15,15.79,-0.2343,0.5749,16040.0
928.2,15.77,-0.3678,0.7789,16030.0
928.25,15.66,-0.4303,0.7894,16040.0
928.3,15.55,-0.4928,0.7999,16070.0
928.35,15.41,-0.424,0.7893,16110.0
928.4,15.27,-0.3551,0.7787,16160.0
928.45,15.45,-0.2201,0.7057,16190.0
928.5,15.63,-0.08519,0.6326,16190.0
928.55,15.68,-0.1129,0.498,16170.0
928.6,15.73,-0.1405,0.3634,16140.0
928.65,15.7,-0.2385,0.6219,16100.0
928.7,15.66,-0.3364,0.8804,16050.0
928.75,15.78,-0.3199,0.9456,16000.0
928.8,15.89,-0.3033,1.011,15970.0
928.85,15.88,-0.1771,1.05,15950.0
928.9,15.88,-0.05095,1.09,15950.0
928.95,15.84,0.1467,1.014,15970.0
929.0,15.79,0.3443,0.9382,15990.0
929.05,15.62,0.239,0.8312,16030.0
929.1,15.45,0.1338,0.7243,16060.0
929.15,15.52,0.1246,0.723,16060.0
929.2,15.58,0.1154,0.7216,16030.0
929.25,15.58,0.1497,0.7143,15980.0
929.3,15.59,0.1839,0.707,15930.0
929.35,15.5,0.129,0.6782,15880.0
929.4,15.41,0.07404,0.6494,15830.0
929.45,15.47,0.0408,0.5497,15800.0
929.5,15.53,0.007564,0.45,15790.0
929.55,15.64,-0.01015,0.3462,15820.0
929.6,15.75,-0.02787,0.2424,15860.0
929.65,15.73,-0.05951,0.319,15900.0
929.7,15.71,-0.09116,0.3956,15920.0
929.75,15.68,-0.1769,0.4586,15930.0
929.8,15.64,-0.2627,0.5216,15920.0
929.85,15.65,-0.2458,0.6038,15900.0
929.9,15.66,-0.2289,0.686,15860.0
929.95,15.63,-0.2751,0.5835,15830.0
930.0,15.6,-0.3213,0.4809,15810.0
930.05,15.64,-0.251,0.2119,15810.0
930.1,15.68,-0.1807,-0.05707,15810.0
930.15,15.61,-0.295,-0.09011,15810.0
930.2,15.54,-0.4092,-0.1232,15830.0
930.25,15.65,-0.3816,0.08426,15850.0
930.3,15.76,-0.3539,0.2917,15860.0
930.35,15.85,-0.3997,0.3809,15850.0
930.4,15.94,-0.4455,0.4702,15830.0
930.45,15.93,-0.3652,0.3995,15820.0
930.5,15.92,-0.285,0.3287,15830.0
930.55,15.96,-0.2623,0.1623,15820.0
930.6,16.01,-0.2396,-0.004146,15800.0
930.65,16.1,-0.3845,0.03183,15780.0
930.7,16.2,-0.5295,0.0678,15770.0
930.75,16.05,-0.4654,0.05219,15770.0
930.8,15.89,-0.4013,0.03658,15750.0
930.85,15.8,-0.2605,-0.05341,15740.0
930.9,15.71,-0.1198,-0.1434,15740.0
930.95,15.67,-0.1586,-0.1101,15760.0
931.0,15.62,-0.1974,-0.07682,15780.0
931.05,15.48,-0.1479,-0.01805,15760.0
931.1,15.34,-0.09833,0.04073,15730.0
931.15,15.38,-0.2305,0.03634,15700.0
931.2,15.42,-0.3627,0.03195,15670.0
931.25,15.51,-0.3334,-0.05597,15650.0
931.3,15.6,-0.3041,-0.1439,15630.0
931.35,15.66,-0.339,-0.1028,15630.0
931.4,15.71,-0.3738,-0.0617,15640.0
931.45,15.74,-0.375,-0.2205,15650.0
931.5,15.77,-0.3762,-0.3792,15650.0
931.55,15.72,-0.2347,-0.3873,15640.0
931.6,15.67,-0.09315,-0.3953,15620.0
931.65,15.62,-0.09176,-0.6143,15610.0
931.7,15.57,-0.09036,-0.8333,15590.0
931.75,15.56,-0.2305,-0.8167,15570.0
931.8,15.56,-0.3706,-0.8002,15550.0
931.85,15.52,-0.1168,-0.4803,15550.0
931.9,15.47,0.1369,-0.1605,15560.0
931.95,15.48,0.16,-0.0328,15570.0
932.0,15.5,0.1831,0.09487,15580.0
932.05,15.41,0.1696,0.01939,15590.0
932.1,15.33,0.156,-0.05609,15600.0
932.15,15.26,0.04459,-0.1651,15600.0
932.2,15.18,-0.06688,-0.2741,15590.0
932.25,15.32,-0.1381,-0.4817,15570.0
932.3,15.45,-0.2094,-0.6892,15550.0
932.35,15.54,-0.3551,-0.4641,15540.0
932.4,15.64,-0.5008,-0.239,15550.0
932.45,15.57,-0.5141,-0.07694,15570.0
932.5,15.51,-0.5275,0.08511,15600.0
932.55,15.61,-0.578,0.04134,15620.0
932.6,15.72,-0.6286,-0.002439,15650.0
932.65,15.64,-0.6316,-0.06633,15660.0
932.7,15.55,-0.6345,-0.1302,15650.0
932.75,15.58,-0.656,-0.04073,15630.0
932.8,15.6,-0.6775,0.04878,15600.0
932.85,15.55,-0.663,-0.1224,15590.0
932.9,15.51,-0.6485,-0.2936,15590.0
932.95,15.72,-0.6306,-0.0778,15590.0
933.0,15.93,-0.6127,0.138,15590.0
933.05,15.98,-0.4815,0.265,15600.0
933.1,16.03,-0.3503,0.3919,15620.0
933.15,16.16,-0.6622,0.4171,15630.0
933.2,16.3,-0.9741,0.4424,15640.0
933.25,16.34,-0.8961,0.299,15640.0
933.3,16.37,-0.8181,0.1556,15640.0
933.35,16.44,-0.8256,0.1178,15630.0
933.4,16.52,-0.8332,0.07999,15620.0
933.45,16.44,-0.9269,0.2203,15600.0
933.5,16.36,-1.021,0.3607,15580.0
933.55,16.33,-0.9992,0.2272,15580.0
933.6,16.29,-0.9777,0.09365,15570.0
933.65,16.13,-0.7695,0.1644,15550.0
933.7,15.96,-0.5613,0.2351,15530.0
933.75,16.0,-0.5215,0.3668,15520.0
933.8,16.04,-0.4817,0.4985,15530.0
933.85,16.11,-0.505,0.5184,15530.0
933.9,16.17,-0.5283,0.5382,15530.0
933.95,16.17,-0.5659,0.3318,15550.0
934.0,16.16,-0.6035,0.1254,15580.0
934.05,16.19,-0.4719,0.2107,15600.0
934.1,16.22,-0.3404,0.2961,15600.0
934.15,16.35,-0.4435,0.3048,15570.0
934.2,16.47,-0.5466,0.3136,15550.0
934.25,16.52,-0.5507,0.4089,15520.0
934.3,16.57,-0.5549,0.5041,15500.0
934.35,16.53,-0.7371,0.5013,15490.0
934.4,16.5,-0.9192,0.4985,15480.0
934.45,16.36,-0.8983,0.4469,15510.0
934.5,16.22,-0.8774,0.3953,15550.0
934.55,16.32,-0.8867,0.4289,15580.0
934.6,16.42,-0.8961,0.4624,15600.0
934.65,16.41,-0.8226,0.5964,15610.0
934.7,16.4,-0.7492,0.7304,15630.0
934.75,16.37,-0.4528,0.601,15640.0
934.8,16.34,-0.1564,0.4717,15640.0
934.85,16.3,-0.1489,0.2556,15620.0
934.9,16.25,-0.1413,0.03951,15600.0
934.95,16.08,-0.05832,0.08584,15590.0
935.0,15.92,0.02468,0.1322,15590.0
935.05,15.78,0.2986,0.1336,15590.0
935.1,15.64,0.5724,0.1351,15590.0
935.15,15.72,0.5621,0.01073,15600.0
935.2,15.8,0.5517,-0.1136,15620.0
935.25,15.78,0.5659,-0.01841,15640.0
935.3,15.76,0.58,0.07682,15650.0
935.35,15.72,0.6355,0.06755,15660.0
935.4,15.69,0.6911,0.05829,15660.0
935.45,15.59,0.4859,0.3725,15660.0
935.5,15.49,0.2806,0.6868,15650.0
935.55,15.41,0.2323,0.7749,15640.0
935.6,15.34,0.1839,0.8631,15620.0
935.65,15.22,0.4413,0.5838,15620.0
935.7,15.11,0.6986,0.3046,15630.0
935.75,15.2,0.8459,0.2577,15640.0
935.8,15.29,0.9932,0.2107,15630.0
935.85,15.47,0.9395,0.1547,15620.0
935.9,15.64,0.8857,0.09877,15620.0
935.95,15.61,0.9373,0.3276,15620.0
936.0,15.59,0.9888,0.5565,15620.0
936.05,15.69,0.8754,0.4351,15620.0
936.1,15.8,0.7619,0.3136,15630.0
936.15,15.83,0.6113,0.3175,15630.0
936.2,15.87,0.4606,0.3214,15630.0
936.25,15.88,0.5058,0.4437,15620.0
936.3,15.89,0.5509,0.566,15600.0
936.35,15.81,0.4604,0.449,15590.0
936.4,15.74,0.3698,0.3319,15590.0
936.45,15.74,0.5127,0.1599,15590.0
936.5,15.75,0.6556,-0.01219,15580.0
936.55,15.78,0.5683,-0.1439,15580.0
936.6,15.81,0.4809,-0.2756,15590.0
936.65,16.03,0.5884,-0.2153,15610.0
936.7,16.26,0.6958,-0.1551,15610.0
936.75,16.3,0.6463,-0.3016,15610.0
936.8,16.34,0.5967,-0.448,15600.0
936.85,16.42,0.5082,-0.3095,15610.0
936.9,16.5,0.4196,-0.171,15620.0
936.95,16.33,0.364,-0.07011,15630.0
937.0,16.17,0.3085,0.03073,15630.0
937.05,16.05,0.3167,-0.01975,15640.0
937.1,15.93,0.3248,-0.07024,15660.0
937.15,15.9,0.2438,-0.03841,15660.0
937.2,15.87,0.1628,-0.006585,15640.0
937.25,15.76,-0.03523,0.02731,15630.0
937.3,15.65,-0.2333,0.06121,15630.0
937.35,15.73,-0.07046,-0.07804,15640.0
937.4,15.8,0.09236,-0.2173,15650.0
937.45,15.79,0.2383,-0.1488,15660.0
937.5,15.77,0.3842,-0.08024,15670.0
937.55,15.72,0.3368,-0.09901,15690.0
937.6,15.67,0.2894,-0.1178,15700.0
937.65,15.66,0.2637,-0.1701,15700.0
937.7,15.64,0.2381,-0.2224,15670.0
937.75,15.53,0.3475,-0.1439,15650.0
937.8,15.43,0.457,-0.06536,15630.0
937.85,15.32,0.3447,0.1239,15620.0
937.9,15.22,0.2325,0.3131,15620.0
937.95,15.28,0.1377,0.3422,15630.0
938.0,15.35,0.04299,0.3712,15650.0
938.05,15.2,0.1057,0.2757,15690.0
938.1,15.06,0.1684,0.1802,15710.0
938.15,15.08,0.1152,0.2755,15720.0
938.2,15.11,0.0621,0.3707,15710.0
938.25,15.34,0.01135,0.3562,15690.0
938.3,15.58,-0.03941,0.3417,15660.0
938.35,15.6,-0.07822,0.3373,15630.0
938.4,15.62,-0.117,0.3329,15600.0
938.45,15.71,0.03742,0.4215,15590.0
938.5,15.81,0.1919,0.5102,15600.0
938.55,15.85,0.2639,0.3458,15640.0
938.6,15.88,0.336,0.1814,15670.0
938.65,15.89,0.3832,0.2656,15680.0
938.7,15.9,0.4303,0.3497,15660.0
938.75,15.82,0.1708,0.2501,15640.0
938.8,15.75,-0.08877,0.1505,15620.0
938.85,15.84,-0.02607,0.17,15570.0
938.9,15.92,0.03662,0.1895,15540.0
938.95,15.95,-0.03125,0.1897,15550.0
939.0,15.98,-0.09912,0.19,15580.0
939.05,15.99,-0.09654,0.2299,15630.0
939.1,15.99,-0.09395,0.2697,15650.0
939.15,15.79,-0.1793,0.4345,15650.0
939.2,15.58,-0.2647,0.5992,15640.0
939.25,15.73,-0.3171,0.4756,15600.0
939.3,15.89,-0.3694,0.3519,15550.0
939.35,15.85,-0.3029,0.3719,15500.0
939.4,15.81,-0.2365,0.3919,15480.0
939.45,15.71,-0.1282,0.3481,15500.0
939.5,15.61,-0.0199,0.3044,15540.0
939.55,15.66,0.09196,0.2429,15580.0
939.6,15.7,0.2038,0.1814,15590.0
939.65,15.7,0.1003,0.2833,15600.0
939.7,15.7,-0.003185,0.3851,15600.0
939.75,15.89,-0.123,0.3052,15600.0
939.8,16.07,-0.2428,0.2253,15580.0
939.85,16.11,-0.1933,0.17,15550.0
939.9,16.15,-0.1437,0.1146,15530.0
939.95,16.09,-0.1539,0.1486,15510.0
940.0,16.04,-0.164,0.1827,15500.0
940.05,16.32,-0.3774,0.1921,15490.0
940.1,16.6,-0.5908,0.2014,15480.0
940.15,16.71,-0.7146,0.239,15500.0
940.2,16.81,-0.8384,0.2766,15520.0
940.25,16.94,-0.8497,0.2486,15540.0
940.3,17.06,-0.8611,0.2207,15550.0
940.35,17.19,-0.8286,0.2124,15560.0
940.4,17.31,-0.7962,0.2041,15560.0
940.45,17.37,-0.7496,0.2168,15540.0
940.5,17.44,-0.703,0.2295,15500.0
940.55,17.41,-0.6091,0.4371,15470.0
940.6,17.38,-0.5151,0.6448,15450.0
940.65,17.43,-0.6433,0.5624,15450.0
940.7,17.49,-0.7715,0.4799,15470.0
940.75,17.51,-0.5639,0.3274,15490.0
940.8,17.54,-0.3563,0.1749,15520.0
940.85,17.36,-0.1499,0.3603,15540.0
940.9,17.19,0.05653,0.5458,15530.0
940.95,17.33,0.2444,0.7439,15510.0
941.0,17.46,0.4323,0.9421,15480.0
941.05,17.51,0.1401,0.9831,15470.0
941.1,17.56,-0.1521,1.024,15480.0
941.15,17.5,-0.2936,1.098,15500.0
941.2,17.44,-0.4351,1.172,15520.0
941.25,17.33,-0.3696,0.964,15540.0
941.3,17.23,-0.3041,0.7558,15550.0
941.35,17.34,-0.4538,0.7266,15540.0
941.4,17.46,-0.6035,0.6975,15500.0
941.45,17.54,-0.659,0.7708,15460.0
941.5,17.63,-0.7146,0.8441,15440.0
941.55,17.53,-0.7299,0.5185,15450.0
941.6,17.43,-0.7452,0.1929,15470.0
941.65,17.34,-0.6827,0.11,15500.0
941.7,17.26,-0.6202,0.02707,15540.0
941.75,17.24,-0.5185,-0.03329,15580.0
941.8,17.22,-0.4168,-0.09365,15600.0
941.85,17.21,-0.7438,-0.1218,15590.0
941.9,17.2,-1.071,-0.15,15560.0
941.95,17.05,-0.9872,0.002317,15520.0
942.0,16.89,-0.9036,0.1546,15480.0
942.05,16.93,-0.8549,0.01293,15450.0
942.1,16.97,-0.8061,-0.1288,15440.0
942.15,17.17,-0.6978,-0.08706,15450.0
942.2,17.37,-0.5896,-0.04536,15480.0
942.25,17.56,-0.5062,0.2811,15530.0
942.3,17.75,-0.4228,0.6075,15560.0
942.35,17.64,-0.3479,0.448,15580.0
942.4,17.53,-0.2731,0.2885,15580.0
942.45,17.4,-0.3147,0.2887,15560.0
942.5,17.27,-0.3563,0.289,15520.0
942.55,17.13,-0.5247,0.1546,15480.0
942.6,16.98,-0.6931,0.02024,15460.0
942.65,17.08,-0.9035,0.04756,15450.0
942.7,17.18,-1.114,0.07487,15470.0
942.75,17.4,-1.049,0.0439,15500.0
942.8,17.62,-0.9833,0.01293,15530.0
942.85,17.58,-0.912,-0.06902,15540.0
942.9,17.54,-0.8408,-0.151,15540.0
942.95,17.51,-0.7191,0.01988,15530.0
943.0,17.48,-0.5975,0.1907,15500.0
943.05,17.32,-0.5171,-0.007194,15480.0
943.1,17.15,-0.4367,-0.2051,15460.0
943.15,16.89,-0.459,-0.1111,15470.0
943.2,16.63,-0.4813,-0.01707,15480.0
943.25,16.75,-0.4711,0.0878,15490.0
943.3,16.88,-0.461,0.1927,15510.0
943.35,16.7,-0.5545,0.1338,15520.0
943.4,16.53,-0.6481,0.07487,15530.0
943.45,16.41,-0.7084,-0.08206,15510.0
943.5,16.3,-0.7687,-0.239,15490.0
943.55,16.32,-0.8951,-0.1039,15470.0
943.6,16.35,-1.021,0.03122,15450.0
943.65,16.24,-0.9777,0.1341,15440.0
943.7,16.14,-0.9339,0.237,15440.0
943.75,16.11,-1.032,0.2955,15450.0
943.8,16.09,-1.131,0.3539,15480.0
943.85,15.96,-1.018,0.3101,15500.0
943.9,15.83,-0.9048,0.2663,15520.0
943.95,15.92,-0.8268,0.1555,15520.0
944.0,16.01,-0.7488,0.04463,15500.0
944.05,16.05,-0.7442,-0.03,15470.0
944.1,16.09,-0.7396,-0.1046,15450.0
944.15,16.1,-0.8601,-0.03524,15440.0
944.2,16.11,-0.9805,0.03414,15440.0
944.25,16.19,-0.8039,0.2457,15450.0
944.3,16.27,-0.6274,0.4573,15460.0
944.35,16.27,-0.3845,0.4436,15470.0
944.4,16.28,-0.1417,0.43,15460.0
944.45,16.47,-0.324,0.2227,15440.0
944.5,16.65,-0.5064,0.01536,15420.0
944.55,16.72,-0.6409,0.04987,15400.0
944.6,16.79,-0.7755,0.08438,15400.0
944.65,16.73,-0.8151,0.07328,15400.0
944.7,16.67,-0.8547,0.06219,15420.0
944.75,16.73,-0.7128,0.004024,15430.0
944.8,16.79,-0.5709,-0.05414,15440.0
944.85,16.74,-0.5219,-0.07402,15460.0
944.9,16.69,-0.4729,-0.09389,15470.0
944.95,16.63,-0.3824,-0.1663,15460.0
945.0,16.57,-0.2918,-0.2388,15440.0
945.05,16.57,-0.4395,-0.2068,15430.0
945.1,16.57,-0.5872,-0.1749,15410.0
945.15,16.46,-0.6903,-0.1447,15390.0
945.2,16.34,-0.7934,-0.1146,15370.0
945.25,16.22,-0.9178,-0.02146,15360.0
945.3,16.1,-1.042,0.0717,15380.0
945.35,16.25,-1.016,0.1158,15420.0
945.4,16.4,-0.99,0.16,15460.0
945.45,16.27,-0.9403,0.2468,15480.0
945.5,16.15,-0.8905,0.3336,15490.0
945.55,16.13,-0.9148,0.2559,15490.0
945.6,16.11,-0.9391,0.1783,15470.0
945.65,16.19,-0.9526,0.1119,15430.0
945.7,16.26,-0.9661,0.0456,15380.0
945.75,16.24,-0.909,0.4253,15340.0
945.8,16.22,-0.8519,0.805,15330.0
945.85,16.17,-1.049,0.8149,15360.0
945.9,16.11,-1.245,0.8248,15390.0
945.95,16.27,-0.964,0.7365,15440.0
946.0,16.42,-0.6827,0.6482,15480.0
946.05,16.18,-0.9029,0.4106,15500.0
946.1,15.93,-1.123,0.1729,15500.0
946.15,15.98,-1.235,0.2652,15470.0
946.2,16.03,-1.348,0.3575,15410.0
946.25,16.05,-1.17,0.3269,15370.0
946.3,16.07,-0.9924,0.2963,15340.0
946.35,16.15,-0.8067,0.3207,15340.0
946.4,16.23,-0.621,0.3451,15350.0
946.45,16.16,-0.4566,0.4535,15390.0
946.5,16.08,-0.2922,0.5619,15430.0
946.55,15.93,-0.1957,0.5588,15450.0
946.6,15.79,-0.09912,0.5558,15440.0
946.65,15.71,-0.3027,0.3724,15420.0
946.7,15.64,-0.5064,0.189,15390.0
946.75,15.57,-0.5468,0.1817,15360.0
946.8,15.5,-0.5872,0.1744,15330.0
946.85,15.53,-0.5896,0.2051,15320.0
946.9,15.57,-0.5919,0.2358,15310.0
946.95,15.79,-0.7615,0.3223,15320.0
947.0,16.01,-0.9311,0.4087,15330.0
947.05,16.09,-0.9683,0.1625,15330.0
947.1,16.18,-1.006,-0.08365,15320.0
947.15,16.19,-1.041,0.04658,15300.0
947.2,16.21,-1.076,0.1768,15280.0
947.25,16.12,-1.109,0.1633,15250.0
947.3,16.04,-1.142,0.1497,15240.0
947.35,15.91,-1.126,0.2464,15240.0
947.4,15.79,-1.109,0.3431,15250.0
947.45,15.78,-1.06,0.3859,15250.0
947.5,15.77,-1.011,0.4287,15250.0
947.55,15.72,-1.11,0.3575,15240.0
947.6,15.67,-1.21,0.2863,15220.0
947.65,15.57,-1.023,0.388,15200.0
947.7,15.48,-0.8368,0.4897,15190.0
947.75,15.54,-0.8322,0.5993,15180.0
947.8,15.6,-0.8276,0.7089,15180.0
947.85,15.72,-1.034,0.7936,15180.0
947.9,15.83,-1.24,0.8782,15170.0
947.95,15.91,-1.192,0.9557,15180.0
948.0,15.99,-1.143,1.033,15180.0
948.05,15.9,-0.9865,0.8614,15190.0
948.1,15.82,-0.8296,0.6894,15190.0
948.15,15.99,-0.8439,0.6001,15180.0
948.2,16.16,-0.8583,0.5107,15170.0
948.25,16.16,-0.7378,0.4817,15170.0
948.3,16.17,-0.6174,0.4526,15150.0
948.35,16.15,-0.6877,0.5064,15150.0
948.4,16.14,-0.758,0.5602,15170.0
948.45,16.41,-0.6738,0.6059,15190.0
948.5,16.68,-0.5896,0.6516,15200.0
948.55,16.61,-0.8123,0.5902,15180.0
948.6,16.55,-1.035,0.5287,15170.0
948.65,16.53,-1.044,0.5904,15150.0
948.7,16.51,-1.053,0.6521,15140.0
948.75,16.5,-1.162,0.8288,15120.0
948.8,16.48,-1.271,1.005,15110.0
948.85,16.37,-1.279,0.8766,15120.0
948.9,16.25,-1.286,0.7477,15130.0
948.95,16.17,-1.351,0.6924,15140.0
949.0,16.08,-1.416,0.637,15150.0
949.05,16.12,-1.535,0.6825,15160.0
949.1,16.16,-1.654,0.728,15170.0
949.15,16.15,-1.615,0.4945,15170.0
949.2,16.13,-1.575,0.2609,15150.0
949.25,16.2,-1.702,0.2539,15120.0
949.3,16.27,-1.829,0.2468,15080.0
949.35,16.09,-1.593,0.2439,15060.0
949.4,15.91,-1.357,0.2409,15050.0
949.45,15.82,-1.38,0.04097,15040.0
949.5,15.73,-1.402,-0.159,15050.0
949.55,15.76,-1.383,-0.05975,15070.0
949.6,15.8,-1.363,0.03951,15100.0
949.65,15.89,-1.11,0.2042,15120.0
949.7,15.98,-0.8571,0.369,15110.0
949.75,15.97,-0.797,0.4909,15080.0
949.8,15.97,-0.7369,0.6129,15040.0
949.85,16.04,-0.5537,0.6179,15000.0
949.9,16.12,-0.3706,0.6229,14970.0
949.95,16.29,-0.4435,0.5257,14950.0
950.0,16.46,-0.5163,0.4285,14950.0
950.05,16.52,-0.4851,0.324,14970.0
950.1,16.57,-0.4538,0.2195,15000.0
950.15,16.48,-0.4295,0.0007316,15010.0
950.2,16.39,-0.4052,-0.218,14990.0
950.25,16.47,-0.4263,-0.01317,14970.0
950.3,16.55,-0.4474,0.1917,14930.0
950.35,16.43,-0.2862,0.07548,14900.0
950.4,16.31,-0.125,-0.04073,14880.0
950.45,16.3,-0.1377,-0.05256,14880.0
950.5,16.29,-0.1505,-0.06438,14900.0
950.55,16.44,-0.01851,-0.02049,14930.0
950.6,16.59,0.1135,0.02341,14950.0
950.65,16.65,-0.09494,0.09743,14950.0
950.7,16.71,-0.3033,0.1714,14930.0
950.75,16.57,-0.2084,0.1304,14910.0
950.8,16.44,-0.1135,0.08926,14870.0
950.85,16.42,-0.2763,0.06133,14840.0
950.9,16.39,-0.4391,0.03341,14810.0
950.95,16.37,-0.4859,-0.07828,14820.0
951.0,16.35,-0.5326,-0.19,14840.0
951.05,16.51,-0.548,-0.342,14880.0
951.1,16.67,-0.5633,-0.4941,14910.0
951.15,16.6,-0.7679,-0.4496,14910.0
951.2,16.54,-0.9725,-0.4051,14910.0
951.25,16.42,-0.7585,-0.1855,14910.0
951.3,16.31,-0.5446,0.03414,14900.0
951.35,16.26,-0.4052,0.2417,14880.0
951.4,16.22,-0.2659,0.4492,14860.0
951.45,16.21,-0.4548,0.437,14850.0
951.5,16.19,-0.6437,0.4248,14850.0
951.55,16.1,-0.6879,0.2803,14850.0
951.6,16.02,-0.7321,0.1358,14860.0
951.65,15.92,-0.8081,0.2114,14870.0
951.7,15.83,-0.8841,0.287,14880.0
951.75,15.81,-1.086,0.1827,14910.0
951.8,15.79,-1.287,0.07828,14920.0
951.85,15.78,-1.296,0.1866,14920.0
951.9,15.77,-1.305,0.2948,14910.0
951.95,15.78,-1.306,0.1175,14900.0
952.0,15.79,-1.307,-0.05975,14900.0
952.05,15.76,-1.144,0.04048,14890.0
952.1,15.74,-0.9817,0.1407,14890.0
952.15,15.73,-0.7894,0.2178,14890.0
952.2,15.73,-0.5971,0.2948,14910.0
952.25,15.8,-0.3151,0.09645,14920.0
952.3,15.88,-0.03304,-0.1019,14920.0
952.35,15.85,-0.1654,-0.1619,14900.0
952.4,15.81,-0.2978,-0.2219,14860.0
952.45,15.77,-0.2611,-0.217,14820.0
952.5,15.74,-0.2245,-0.2122,14800.0
952.55,15.62,-0.09116,-0.3252,14790.0
952.6,15.51,0.0422,-0.4382,14790.0
952.65,15.52,-0.08619,-0.4486,14820.0
952.7,15.52,-0.2146,-0.459,14870.0
952.75,15.6,-0.3358,-0.4674,14900.0
952.8,15.68,-0.457,-0.4758,14910.0
952.85,15.69,-0.6202,-0.5018,14880.0
952.9,15.71,-0.7834,-0.5277,14840.0
952.95,15.72,-0.8286,-0.3978,14780.0
953.0,15.74,-0.8738,-0.2678,14720.0
953.05,15.59,-0.9385,-0.257,14680.0
953.1,15.45,-1.003,-0.2463,14670.0
953.15,15.26,-0.705,-0.4004,14690.0
953.2,15.06,-0.4068,-0.5546,14730.0
953.25,15.12,-0.3601,-0.4362,14780.0
953.3,15.17,-0.3133,-0.3178,14810.0
953.35,15.19,-0.2394,-0.1775,14820.0
953.4,15.2,-0.1656,-0.03731,14820.0
953.45,15.1,-0.2046,-0.03048,14790.0
953.5,14.99,-0.2436,-0.02366,14750.0
953.55,15.0,-0.3619,-0.04158,14710.0
953.6,15.02,-0.4801,-0.05951,14670.0
953.65,15.21,-0.5101,-0.02914,14660.0
953.7,15.4,-0.5402,0.001219,14670.0
953.75,15.37,-0.4811,-0.2275,14670.0
953.8,15.35,-0.422,-0.4563,14680.0
953.85,15.3,-0.6214,-0.3687,14700.0
953.9,15.26,-0.8208,-0.2812,14710.0
953.95,15.17,-0.6893,-0.2525,14720.0
954.0,15.09,-0.5577,-0.2239,14720.0
954.05,15.24,-0.3832,-0.3522,14710.0
954.1,15.38,-0.2086,-0.4804,14710.0
954.15,15.36,-0.4918,-0.682,14710.0
954.2,15.34,-0.7751,-0.8836,14710.0
954.25,15.26,-0.9739,-0.8106,14690.0
954.3,15.17,-1.173,-0.7377,14690.0
954.35,15.33,-1.083,-0.7165,14700.0
954.4,15.48,-0.9936,-0.6953,14690.0
954.45,15.65,-0.8915,-0.7375,14670.0
954.5,15.82,-0.7894,-0.7797,14660.0
954.55,15.74,-0.8025,-0.7766,14660.0
954.6,15.67,-0.8157,-0.7736,14670.0
954.65,15.9,-0.878,-0.8024,14690.0
954.7,16.13,-0.9403,-0.8311,14710.0
954.75,16.06,-1.021,-0.8672,14720.0
954.8,15.99,-1.101,-0.9033,14740.0
954.85,16.14,-0.8839,-0.959,14750.0
954.9,16.29,-0.6668,-1.015,14730.0
954.95,16.24,-0.463,-0.9622,14690.0
955.0,16.18,-0.2592,-0.9097,14650.0
955.05,16.01,-0.3217,-0.9749,14620.0
955.1,15.84,-0.3842,-1.04,14590.0
955.15,15.96,-0.3067,-1.097,14570.0
955.2,16.08,-0.2293,-1.155,14570.0
955.25,16.18,-0.3955,-0.8882,14590.0
955.3,16.28,-0.5617,-0.6216,14630.0
955.35,16.25,-0.5868,-0.7037,14650.0
955.4,16.21,-0.6119,-0.7858,14660.0
955.45,16.18,-0.5513,-0.7836,14670.0
955.5,16.14,-0.4908,-0.7814,14670.0
955.55,16.13,-0.6127,-0.5648,14650.0
955.6,16.11,-0.7345,-0.3483,14620.0
955.65,16.37,-0.783,-0.363,14580.0
955.7,16.63,-0.8316,-0.3778,14560.0
955.75,16.83,-0.9855,-0.461,14550.0
955.8,17.04,-1.139,-0.5443,14550.0
955.85,16.94,-0.8435,-0.4918,14550.0
955.9,16.84,-0.5478,-0.4392,14560.0
955.95,16.97,-0.824,-0.2218,14580.0
956.0,17.11,-1.1,-0.00439,14610.0
956.05,17.26,-0.9998,0.1919,14610.0
956.1,17.42,-0.8993,0.3882,14600.0
956.15,17.33,-0.7727,0.39,14590.0
956.2,17.24,-0.6461,0.3917,14600.0
956.25,17.11,-0.7349,0.3737,14610.0
956.3,16.98,-0.8236,0.3558,14610.0
956.35,16.81,-1.182,0.2809,14590.0
956.4,16.64,-1.541,0.2061,14580.0
956.45,16.68,-1.681,0.298,14560.0
956.5,16.73,-1.821,0.39,14530.0
956.55,16.73,-2.049,0.3702,14490.0
956.6,16.72,-2.277,0.3504,14480.0
956.65,16.66,-2.221,0.1099,14490.0
956.7,16.59,-2.164,-0.1307,14520.0
956.75,16.65,-2.017,-0.1206,14550.0
956.8,16.71,-1.871,-0.1105,14580.0
956.85,16.77,-1.896,0.1001,14600.0
956.9,16.83,-1.922,0.3107,14610.0
956.95,16.8,-1.866,0.3847,14600.0
957.0,16.77,-1.81,0.4587,14560.0
957.05,16.9,-1.904,0.5319,14510.0
957.1,17.04,-1.999,0.6051,14470.0
957.15,17.19,-1.773,0.6468,14440.0
957.2,17.34,-1.548,0.6885,14410.0
957.25,17.23,-1.422,0.6583,14410.0
957.3,17.13,-1.296,0.6282,14430.0
957.35,17.23,-1.293,0.4734,14470.0
957.4,17.33,-1.289,0.3185,14510.0
957.45,17.4,-1.217,0.3639,14540.0
957.5,17.47,-1.145,0.4092,14550.0
957.55,17.52,-1.102,0.429,14540.0
957.6,17.57,-1.059,0.4487,14520.0
957.65,17.33,-1.258,0.4397,14470.0
957.7,17.09,-1.456,0.4307,14410.0
957.75,17.0,-1.377,0.2428,14360.0
957.8,16.92,-1.299,0.05487,14340.0
957.85,17.03,-1.23,-0.02707,14330.0
957.9,17.15,-1.161,-0.109,14340.0
957.95,17.02,-1.318,0.02402,14350.0
958.0,16.9,-1.475,0.1571,14370.0
958.05,16.81,-1.284,0.2073,14400.0
958.1,16.71,-1.092,0.2575,14430.0
958.15,16.69,-0.6445,0.2813,14430.0
958.2,16.66,-0.1967,0.3051,14420.0
958.25,16.72,-0.1276,0.2227,14400.0
958.3,16.77,-0.05852,0.1402,14380.0
958.35,16.61,-0.2108,0.111,14340.0
958.4,16.44,-0.3631,0.0817,14300.0
958.45,16.48,-0.2896,0.1189,14260.0
958.5,16.53,-0.2162,0.1561,14240.0
958.55,16.49,-0.3061,0.222,14250.0
958.6,16.45,-0.3961,0.288,14270.0
958.65,16.34,-0.4618,0.2702,14300.0
958.7,16.23,-0.5275,0.2524,14320.0
958.75,16.35,-0.6168,0.3756,14330.0
958.8,16.47,-0.7062,0.4987,14330.0
958.85,16.42,-0.8083,0.4474,14300.0
958.9,16.37,-0.9104,0.3961,14280.0
958.95,16.19,-0.9522,0.3536,14270.0
959.0,16.02,-0.994,0.3112,14270.0
959.05,16.1,-0.7335,0.3198,14270.0
959.1,16.18,-0.4729,0.3285,14270.0
959.15,16.26,-0.421,0.2057,14260.0
959.2,16.35,-0.369,0.08292,14240.0
959.25,16.38,-0.2526,0.248,14210.0
959.3,16.42,-0.1361,0.4131,14190.0
959.35,16.46,-0.1961,0.3508,14180.0
959.4,16.5,-0.256,0.2885,14180.0
959.45,16.35,-0.3684,0.2966,14190.0
959.5,16.21,-0.4809,0.3046,14220.0
959.55,16.21,-0.2349,0.4009,14250.0
959.6,16.22,0.01115,0.4973,14270.0
959.65,16.3,0.1459,0.5069,14280.0
959.7,16.37,0.2806,0.5165,14270.0
959.75,16.26,0.1073,0.3895,14250.0
959.8,16.15,-0.06608,0.2624,14220.0
959.85,16.13,-0.03006,0.1234,14180.0
959.9,16.1,0.005971,-0.01561,14160.0
959.95,16.04,0.1103,-0.001707,14150.0
960.0,15.97,0.2146,0.01219,14160.0
960.05,15.84,0.1728,-0.06243,14190.0
960.1,15.71,0.131,-0.1371,14220.0
960.15,15.78,0.083,-0.3456,14240.0
960.2,15.85,0.03503,-0.5541,14270.0
960.25,15.78,-0.2456,-0.6733,14270.0
960.3,15.7,-0.5263,-0.7926,14260.0
960.35,15.47,-0.6089,-0.8459,14240.0
960.4,15.24,-0.6915,-0.8992,14210.0
960.45,15.22,-0.5846,-0.7793,14180.0
960.5,15.2,-0.4777,-0.6594,14150.0
960.55,15.33,-0.3732,-0.6452,14130.0
960.6,15.45,-0.2687,-0.6309,14130.0
960.65,15.68,-0.2078,-0.6524,14140.0
960.7,15.9,-0.1469,-0.6738,14160.0
960.75,16.0,-0.1063,-0.5641,14180.0
960.8,16.11,-0.06568,-0.4543,14200.0
960.85,16.19,-0.116,-0.2666,14210.0
960.9,16.26,-0.1664,-0.07877,14210.0
960.95,16.22,-0.2189,0.08609,14200.0
961.0,16.18,-0.2715,0.2509,14190.0
961.05,16.16,-0.2377,0.203,14170.0
961.1,16.14,-0.2038,0.1551,14150.0
961.15,16.05,-0.04558,0.3006,14110.0
961.2,15.96,0.1127,0.446,14080.0
961.25,15.91,0.284,0.4503,14060.0
961.3,15.85,0.4554,0.4546,14050.0
961.35,15.8,0.1931,0.3047,14060.0
961.4,15.74,-0.06927,0.1549,14080.0
961.45,15.66,0.1204,-0.002317,14110.0
961.5,15.58,0.3101,-0.1595,14150.0
961.55,15.48,0.116,0.06353,14170.0
961.6,15.39,-0.07802,0.2866,14170.0
961.65,15.13,-0.209,0.1024,14150.0
961.7,14.87,-0.34,-0.0817,14120.0
961.75,15.02,-0.1037,-0.03658,14080.0
961.8,15.18,0.1326,0.008536,14040.0
961.85,15.19,0.07564,-0.181,14010.0
961.9,15.21,0.01871,-0.3704,14010.0
961.95,15.0,0.006966,-0.3923,14030.0
962.0,14.78,-0.004777,-0.4141,14050.0
962.05,14.68,0.06668,-0.403,14070.0
962.1,14.58,0.1381,-0.3919,14070.0
962.15,14.59,-0.03304,-0.2234,14060.0
962.2,14.6,-0.2042,-0.05487,14050.0
962.25,14.72,-0.2458,-0.01585,14040.0
962.3,14.83,-0.2874,0.02317,14030.0
962.35,14.69,-0.241,0.03561,14020.0
962.4,14.55,-0.1947,0.04804,14030.0
962.45,14.48,-0.05314,0.0567,14050.0
962.5,14.42,0.08837,0.06536,14070.0
962.55,14.64,0.2504,0.08609,14080.0
962.6,14.86,0.4124,0.1068,14070.0
962.65,14.79,0.5056,0.1313,14060.0
962.7,14.71,0.5987,0.1558,14040.0
962.75,14.6,0.5153,0.2989,14020.0
962.8,14.49,0.4319,0.4419,14000.0
962.85,14.47,0.3101,0.4429,13990.0
962.9,14.46,0.1883,0.4439,14000.0
962.95,14.3,0.2301,0.3692,14030.0
963.0,14.15,0.2719,0.2946,14070.0
963.05,14.1,0.2647,0.2702,14110.0
963.1,14.05,0.2576,0.2458,14140.0
963.15,13.99,0.02528,0.2659,14170.0
963.2,13.94,-0.207,0.2861,14160.0
963.25,13.91,-0.2044,0.3072,14120.0
963.3,13.88,-0.2018,0.3283,14050.0
963.35,14.14,-0.211,0.1368,13980.0
963.4,14.41,-0.2201,-0.05463,13930.0
963.45,14.42,-0.2803,0.05463,13910.0
963.5,14.43,-0.3404,0.1639,13920.0
963.55,14.5,-0.3603,0.04097,13980.0
963.6,14.56,-0.3802,-0.08194,14050.0
963.65,14.61,-0.1873,-0.2695,14120.0
963.7,14.65,0.005573,-0.457,14170.0
963.75,14.79,-0.09375,-0.4506,14190.0
963.8,14.93,-0.1931,-0.4441,14170.0
963.85,14.9,-0.2168,-0.4215,14120.0
963.9,14.86,-0.2404,-0.399,14040.0
963.95,14.89,-0.1919,-0.3383,13960.0
964.0,14.91,-0.1433,-0.2775,13910.0
964.05,14.78,-0.2213,-0.3314,13890.0
964.1,14.65,-0.2994,-0.3853,13910.0
964.15,14.64,-0.5695,-0.4659,13960.0
964.2,14.63,-0.8396,-0.5465,14030.0
964.25,14.8,-0.6566,-0.4534,14100.0
964.3,14.97,-0.4737,-0.3602,14160.0
964.35,14.83,-0.3672,-0.3444,14170.0
964.4,14.7,-0.2607,-0.3285,14140.0
964.45,14.72,-0.3125,-0.3333,14100.0
964.5,14.73,-0.3642,-0.338,14050.0
964.55,14.67,-0.2223,-0.1994,14010.0
964.6,14.6,-0.08041,-0.06073,13980.0
964.65,14.6,-0.1441,-0.09389,13980.0
964.7,14.6,-0.2078,-0.1271,14010.0
964.75,14.54,-0.1921,-0.1803,14050.0
964.8,14.49,-0.1764,-0.2336,14070.0
964.85,14.6,-0.1837,-0.2123,14080.0
964.9,14.7,-0.1911,-0.191,14080.0
964.95,14.56,-0.1941,-0.2,14070.0
965.0,14.42,-0.1971,-0.209,14060.0
965.05,14.35,-0.04558,-0.03512,14040.0
965.1,14.28,0.1059,0.1388,14040.0
965.15,14.25,0.1724,0.1475,14050.0
965.2,14.21,0.2389,0.1563,14070.0
965.25,14.16,0.1632,0.09938,14090.0
965.3,14.11,0.08758,0.04243,14090.0
965.35,14.15,0.04001,0.01146,14090.0
965.4,14.19,-0.007564,-0.01951,14080.0
965.45,14.28,0.04399,0.05816,14070.0
965.5,14.37,0.09554,0.1358,14040.0
965.55,14.33,0.007763,0.01232,14020.0
965.6,14.29,-0.08001,-0.1112,14010.0
965.65,14.33,-0.07942,-0.1185,14010.0
965.7,14.36,-0.07882,-0.1258,14030.0
965.75,14.46,0.2936,0.01451,14050.0
965.8,14.55,0.666,0.1549,14080.0
965.85,14.37,0.7436,0.1329,14120.0
965.9,14.19,0.8212,0.111,14150.0
965.95,14.27,0.6178,0.03195,14140.0
966.0,14.35,0.4144,-0.04707,14110.0
966.05,14.09,0.3437,0.03256,14060.0
966.1,13.83,0.2731,0.1122,14010.0
966.15,13.86,0.2647,0.02488,13970.0
966.2,13.89,0.2564,-0.06243,13930.0
966.25,13.73,0.4496,-0.2139,13930.0
966.3,13.58,0.6429,-0.3653,13970.0
966.35,13.5,0.6192,-0.4573,14030.0
966.4,13.41,0.5955,-0.5492,14110.0
966.45,13.73,0.5141,-0.5969,14160.0
966.5,14.04,0.4327,-0.6446,14180.0
966.55,14.24,0.4258,-0.4617,14180.0
966.6,14.44,0.4188,-0.2787,14140.0
966.65,14.33,0.4037,-0.3068,14080.0
966.7,14.22,0.3885,-0.3348,14000.0
966.75,14.19,0.3766,-0.2784,13950.0
966.8,14.15,0.3646,-0.2219,13940.0
966.85,14.14,0.3157,-0.2012,13960.0
966.9,14.14,0.2667,-0.1805,14000.0
966.95,14.15,0.4385,-0.3707,14050.0
967.0,14.17,0.6103,-0.5609,14110.0
967.05,14.29,0.5607,-0.4037,14170.0
967.1,14.41,0.5111,-0.2466,14190.0
967.15,14.23,0.4385,-0.3297,14180.0
967.2,14.05,0.3658,-0.4129,14160.0
967.25,14.09,0.4516,-0.4635,14130.0
967.3,14.14,0.5374,-0.5141,14110.0
967.35,14.3,0.4982,-0.4251,14080.0
967.4,14.46,0.459,-0.3361,14050.0
967.45,14.46,0.4793,-0.128,14040.0
967.5,14.47,0.4996,0.07999,14050.0
967.55,14.66,0.4218,0.1986,14070.0
967.6,14.85,0.3439,0.3173,14090.0
967.65,14.98,0.369,0.1846,14110.0
967.7,15.11,0.3941,0.05195,14140.0
967.75,15.05,0.2621,-0.007072,14160.0
967.8,14.98,0.1302,-0.06609,14160.0
967.85,14.9,0.1841,-0.151,14140.0
967.9,14.82,0.2381,-0.2358,14130.0
967.95,14.76,0.259,-0.2707,14130.0
968.0,14.69,0.2799,-0.3056,14130.0
968.05,14.86,0.3644,-0.3012,14130.0
968.1,15.02,0.449,-0.2968,14110.0
968.15,15.22,0.2806,-0.3751,14100.0
968.2,15.42,0.1123,-0.4534,14090.0
968.25,15.51,0.09654,-0.3492,14090.0
968.3,15.6,0.08081,-0.2451,14090.0
968.35,15.5,0.1011,-0.1178,14080.0
968.4,15.41,0.1214,0.009511,14090.0
968.45,15.4,0.1218,0.1104,14100.0
968.5,15.39,0.1222,0.2112,14130.0
968.55,15.4,0.09474,0.2907,14140.0
968.6,15.4,0.06728,0.3702,14150.0
968.65,15.48,0.1451,0.3007,14160.0
968.7,15.56,0.2229,0.2312,14160.0
968.75,15.66,0.1885,0.1866,14140.0
968.8,15.76,0.1541,0.1419,14100.0
968.85,15.75,0.04717,0.09487,14060.0
968.9,15.75,-0.05971,0.0478,14030.0
968.95,15.76,-0.06071,0.1707,14020.0
969.0,15.78,-0.0617,0.2936,14020.0
969.05,15.86,-0.175,0.3625,14040.0
969.1,15.94,-0.2882,0.4314,14080.0
969.15,15.98,-0.4228,0.2474,14130.0
969.2,16.02,-0.5573,0.06341,14170.0
969.25,16.03,-0.5342,-0.03536,14190.0
969.3,16.04,-0.5111,-0.1341,14180.0
969.35,16.05,-0.4986,-0.05353,14150.0
969.4,16.06,-0.4861,0.02707,14120.0
969.45,16.03,-0.4331,-0.1267,14080.0
969.5,15.99,-0.3802,-0.2805,14040.0
969.55,16.24,-0.4395,-0.4284,14020.0
969.6,16.5,-0.4988,-0.5763,14020.0
969.65,16.33,-0.3792,-0.5562,14060.0
969.7,16.16,-0.2596,-0.536,14100.0
969.75,16.18,-0.2311,-0.5534,14130.0
969.8,16.21,-0.2026,-0.5707,14150.0
969.85,16.18,0.0211,-0.5365,14180.0
969.9,16.16,0.2448,-0.5024,14200.0
969.95,16.07,0.2156,-0.4119,14200.0
970.0,15.97,0.1863,-0.3214,14200.0
970.05,15.77,0.05912,-0.3258,14200.0
970.1,15.57,-0.06807,-0.3302,14190.0
970.15,15.28,-0.07723,-0.2605,14180.0
970.2,14.98,-0.08638,-0.1907,14170.0
970.25,14.91,-0.03463,-0.3426,14160.0
970.3,14.84,0.01712,-0.4946,14160.0
970.35,14.87,0.198,-0.4115,14160.0
970.4,14.9,0.379,-0.3285,14170.0
970.45,14.84,0.1298,-0.1747,14190.0
970.5,14.79,-0.1194,-0.02097,14200.0
970.55,15.02,-0.009355,-0.04487,14220.0
970.6,15.24,0.1007,-0.06877,14240.0
970.65,15.24,-0.1306,-0.1523,14250.0
970.7,15.23,-0.3619,-0.2358,14260.0
970.75,15.16,-0.2767,-0.3145,14270.0
970.8,15.08,-0.1915,-0.3931,14260.0
970.85,14.86,-0.2217,-0.5329,14240.0
970.9,14.64,-0.252,-0.6726,14220.0
970.95,14.69,-0.4287,-0.8626,14200.0
971.0,14.73,-0.6055,-1.053,14190.0
971.05,14.84,-0.6218,-0.9239,14180.0
971.1,14.96,-0.6381,-0.7953,14180.0
971.15,15.06,-0.6353,-0.8682,14190.0
971.2,15.16,-0.6326,-0.9411,14200.0
971.25,15.15,-0.7627,-0.9082,14220.0
971.3,15.13,-0.8929,-0.8753,14230.0
971.35,15.34,-0.8583,-0.8353,14230.0
971.4,15.55,-0.8236,-0.7953,14240.0
971.45,15.77,-0.7876,-0.5104,14240.0
971.5,15.99,-0.7516,-0.2256,14240.0
971.55,15.92,-0.6759,0.01768,14220.0
971.6,15.85,-0.6003,0.2609,14200.0
971.65,15.66,-0.7156,0.1127,14170.0
971.7,15.47,-0.8308,-0.03561,14150.0
971.75,15.43,-0.8792,-0.19,14130.0
971.8,15.38,-0.9275,-0.3444,14120.0
971.85,15.17,-0.79,-0.2244,14130.0
971.9,14.97,-0.6525,-0.1044,14160.0
971.95,15.17,-0.6616,-0.2474,14190.0
972.0,15.37,-0.6708,-0.3904,14220.0
972.05,15.58,-0.6642,-0.4652,14250.0
972.1,15.8,-0.6576,-0.5399,14270.0
972.15,15.8,-0.3736,-0.5681,14260.0
972.2,15.81,-0.08957,-0.5963,14230.0
972.25,15.88,-0.1837,-0.6554,14190.0
972.3,15.96,-0.2779,-0.7146,14150.0
972.35,15.96,-0.07484,-0.5773,14110.0
972.4,15.97,0.1282,-0.44,14110.0
972.45,16.2,-0.1777,-0.3754,14120.0
972.5,16.43,-0.4837,-0.3109,14140.0
972.55,16.42,-0.5213,-0.3197,14180.0
972.6,16.41,-0.5589,-0.3285,14230.0
972.65,16.32,-0.5241,-0.4685,14260.0
972.7,16.24,-0.4892,-0.6085,14270.0
972.75,16.21,-0.5018,-0.7443,14270.0
972.8,16.18,-0.5143,-0.8801,14250.0
972.85,16.23,-0.5768,-0.9431,14230.0
972.9,16.28,-0.6393,-1.006,14210.0
972.95,16.21,-0.6121,-0.8331,14200.0
973.0,16.13,-0.5848,-0.6602,14200.0
973.05,16.19,-0.5263,-0.7157,14220.0
973.1,16.25,-0.4677,-0.7711,14230.0
973.15,16.14,-0.4666,-0.7789,14230.0
973.2,16.03,-0.4654,-0.7867,14230.0
973.25,16.01,-0.4672,-0.6199,14230.0
973.3,15.98,-0.4689,-0.4531,14230.0
973.35,15.88,-0.5842,-0.4442,14230.0
973.4,15.78,-0.6994,-0.4353,14240.0
973.45,15.74,-0.6819,-0.4102,14260.0
973.5,15.7,-0.6644,-0.3851,14300.0
973.55,15.72,-0.6244,-0.3529,14330.0
973.6,15.73,-0.5844,-0.3207,14340.0
973.65,15.64,-0.6093,-0.349,14330.0
973.7,15.54,-0.6341,-0.3773,14290.0
973.75,15.4,-0.6262,-0.3385,14250.0
973.8,15.27,-0.6182,-0.2997,14200.0
973.85,15.31,-0.6194,-0.1892,14160.0
973.9,15.35,-0.6206,-0.07877,14160.0
973.95,15.55,-0.4375,-0.06963,14200.0
974.0,15.75,-0.2544,-0.06048,14260.0
974.05,15.66,-0.3718,-0.02719,14300.0
974.1,15.58,-0.4892,0.006097,14330.0
974.15,15.55,-0.4518,0.03707,14340.0
974.2,15.53,-0.4144,0.06804,14330.0
974.25,15.49,-0.4017,0.05097,14290.0
974.3,15.45,-0.3889,0.0339,14230.0
974.35,15.5,-0.5237,0.04512,14170.0
974.4,15.56,-0.6584,0.05634,14130.0
974.45,15.44,-0.7974,0.07463,14120.0
974.5,15.32,-0.9363,0.09292,14120.0
974.55,15.18,-0.7253,0.06402,14130.0
974.6,15.04,-0.5143,0.03512,14160.0
974.65,15.03,-0.4409,-0.03134,14200.0
974.7,15.01,-0.3674,-0.09779,14230.0
974.75,15.07,-0.3652,-0.02366,14250.0
974.8,15.13,-0.3631,0.05048,14240.0
974.85,15.07,-0.3302,0.09597,14210.0
974.9,15.01,-0.2974,0.1414,14160.0
974.95,15.06,-0.1475,0.3278,14120.0
975.0,15.11,0.002388,0.5141,14080.0
975.05,15.01,-0.1405,0.6348,14070.0
975.1,14.91,-0.2834,0.7555,14100.0
975.15,15.02,-0.4082,0.7376,14140.0
975.2,15.14,-0.533,0.7197,14190.0
975.25,15.36,-0.6825,0.7365,14210.0
975.3,15.58,-0.832,0.7533,14220.0
975.35,15.58,-0.7576,0.5888,14200.0
975.4,15.57,-0.6831,0.4243,14180.0
975.45,15.58,-0.7293,0.4265,14150.0
975.5,15.59,-0.7755,0.4287,14140.0
975.55,15.86,-0.7396,0.6113,14150.0
975.6,16.13,-0.7038,0.7938,14190.0
975.65,16.16,-0.8071,0.8789,14240.0
975.7,16.19,-0.9104,0.964,14280.0
975.75,16.19,-0.7729,1.112,14310.0
975.8,16.19,-0.6353,1.259,14310.0
975.85,16.09,-0.7183,1.143,14280.0
975.9,16.0,-0.8013,1.026,14240.0
975.95,16.04,-0.7084,0.7736,14190.0
976.0,16.08,-0.6154,0.5207,14160.0
976.05,16.22,-0.5643,0.4022,14180.0
976.1,16.36,-0.5131,0.2836,14220.0
976.15,16.45,-0.5382,0.4313,14280.0
976.2,16.55,-0.5633,0.579,14340.0
976.25,16.54,-0.4881,0.4976,14410.0
976.3,16.53,-0.4128,0.4163,14450.0
976.35,16.53,-0.258,0.5709,14460.0
976.4,16.53,-0.1031,0.7255,14420.0
976.45,16.44,-0.2128,0.6135,14360.0
976.5,16.36,-0.3224,0.5014,14300.0
976.55,16.37,-0.4228,0.3461,14260.0
976.6,16.38,-0.5231,0.1907,14230.0
976.65,16.34,-0.6031,0.1973,14230.0
976.7,16.31,-0.6831,0.2039,14270.0
976.75,16.22,-0.663,0.2805,14340.0
976.8,16.13,-0.6429,0.357,14410.0
976.85,16.13,-0.5185,0.355,14460.0
976.9,16.13,-0.3941,0.3529,14480.0
976.95,16.14,-0.3638,0.2864,14480.0
977.0,16.14,-0.3336,0.22,14450.0
977.05,16.05,-0.2305,-0.02536,14410.0
977.1,15.96,-0.1274,-0.2707,14340.0
977.15,15.73,-0.3439,-0.4792,14260.0
977.2,15.49,-0.5605,-0.6877,14220.0
977.25,15.36,-0.6642,-0.6081,14210.0
977.3,15.23,-0.7679,-0.5285,14230.0
977.35,15.13,-0.7621,-0.4609,14270.0
977.4,15.03,-0.7564,-0.3934,14320.0
977.45,15.13,-0.8859,-0.3501,14390.0
977.5,15.23,-1.016,-0.3068,14430.0
977.55,15.35,-1.173,-0.2816,14420.0
977.6,15.48,-1.33,-0.2563,14370.0
977.65,15.57,-1.329,-0.1795,14310.0
977.7,15.66,-1.328,-0.1027,14250.0
977.75,15.72,-1.284,0.04365,14200.0
977.8,15.78,-1.241,0.19,14170.0
977.85,15.6,-1.356,0.1958,14170.0
977.9,15.43,-1.471,0.2017,14210.0
977.95,15.61,-1.356,0.3164,14270.0
978.0,15.78,-1.24,0.4312,14310.0
978.05,15.81,-1.162,0.5295,14330.0
978.1,15.84,-1.084,0.6277,14320.0
978.15,15.9,-1.226,0.6709,14300.0
978.2,15.97,-1.369,0.7141,14270.0
978.25,15.89,-1.148,0.5919,14250.0
978.3,15.82,-0.9263,0.4697,14230.0
978.35,15.88,-0.9449,0.5625,14240.0
978.4,15.94,-0.9634,0.6553,14270.0
978.45,15.96,-0.9293,0.8176,14320.0
978.5,15.97,-0.8953,0.9799,14340.0
978.55,16.11,-0.7498,1.192,14350.0
978.6,16.24,-0.6043,1.403,14340.0
978.65,16.29,-0.5171,1.255,14340.0
978.7,16.34,-0.4299,1.108,14330.0
978.75,16.33,-0.3555,0.9493,14320.0
978.8,16.31,-0.281,0.7909,14300.0
978.85,16.26,-0.5052,0.9005,14310.0
978.9,16.2,-0.7293,1.01,14350.0
978.95,16.12,-0.6341,1.014,14390.0
979.0,16.03,-0.539,1.017,14420.0
979.05,15.93,-0.6001,0.9634,14460.0
979.1,15.84,-0.6612,0.9099,14490.0
979.15,16.04,-0.6698,0.8638,14510.0
979.2,16.25,-0.6783,0.8177,14490.0
979.25,16.31,-0.8204,0.7677,14450.0
979.3,16.37,-0.9626,0.7177,14390.0
979.35,16.4,-0.9552,0.7638,14350.0
979.4,16.43,-0.9478,0.8099,14330.0
979.45,16.27,-0.8099,0.6852,14330.0
979.5,16.12,-0.672,0.5604,14330.0
979.55,16.0,-0.7183,0.5613,14370.0
979.6,15.87,-0.7647,0.5621,14430.0
979.65,15.99,-0.6626,0.6187,14480.0
979.7,16.12,-0.5605,0.6753,14490.0
979.75,16.05,-0.5866,0.4328,14470.0
979.8,15.99,-0.6127,0.1902,14440.0
979.85,15.94,-0.7028,0.01549,14400.0
979.9,15.89,-0.793,-0.1593,14330.0
979.95,15.91,-0.7894,-0.405,14260.0
980.0,15.93,-0.7858,-0.6507,14210.0
980.05,16.12,-0.618,-0.5497,14220.0
980.1,16.31,-0.4502,-0.4487,14250.0
980.15,16.41,-0.5418,-0.3358,14280.0
980.2,16.52,-0.6334,-0.2229,14310.0
980.25,16.58,-0.6556,-0.3096,14350.0
980.3,16.63,-0.6779,-0.3963,14370.0
980.35,16.8,-0.5782,-0.3335,14350.0
980.4,16.97,-0.4785,-0.2707,14310.0
980.45,16.88,-0.5285,-0.4212,14250.0
980.5,16.8,-0.5784,-0.5716,14200.0
980.55,16.58,-0.712,-0.3211,14180.0
980.6,16.37,-0.8455,-0.07048,14180.0
980.65,16.38,-0.8127,0.0278,14190.0
980.7,16.39,-0.7798,0.1261,14220.0
980.75,16.3,-0.5486,0.0617,14260.0
980.8,16.21,-0.3173,-0.002683,14280.0
980.85,16.16,-0.3479,-0.06341,14280.0
980.9,16.11,-0.3786,-0.1241,14260.0
980.95,15.97,-0.3451,-0.1411,14240.0
981.0,15.84,-0.3117,-0.158,14230.0
981.05,15.91,-0.2028,-0.03902,14230.0
981.1,15.98,-0.09395,0.07999,14230.0
981.15,15.9,-0.2138,0.1544,14240.0
981.2,15.81,-0.3336,0.2288,14280.0
981.25,15.85,-0.3294,0.3309,14320.0
981.3,15.88,-0.3252,0.4331,14340.0
981.35,16.01,-0.2713,0.5109,14340.0
981.4,16.14,-0.2174,0.5887,14320.0
981.45,16.05,-0.2938,0.5968,14300.0
981.5,15.96,-0.3702,0.6048,14270.0
981.55,15.94,-0.3895,0.7564,14260.0
981.6,15.92,-0.4088,0.9079,14250.0
981.65,15.86,-0.5296,0.6863,14260.0
981.7,15.8,-0.6505,0.4646,14300.0
981.75,15.88,-0.7725,0.6457,14350.0
981.8,15.96,-0.8945,0.8267,14390.0
981.85,15.95,-0.905,0.6485,14410.0
981.9,15.95,-0.9156,0.4702,14420.0
981.95,15.84,-0.9932,0.363,14400.0
982.0,15.74,-1.071,0.2558,14370.0
982.05,15.65,-0.7775,0.1767,14320.0
982.1,15.57,-0.4841,0.09755,14270.0
982.15,15.48,-0.67,-0.0767,14240.0
982.2,15.39,-0.8559,-0.2509,14230.0
982.25,15.41,-0.9437,-0.2164,14230.0
982.3,15.43,-1.031,-0.1819,14250.0
982.35,15.19,-0.799,-0.1147,14280.0
982.4,14.95,-0.5665,-0.04756,14310.0
982.45,15.04,-0.495,-0.1178,14340.0
982.5,15.12,-0.4236,-0.188,14340.0
982.55,15.14,-0.6019,-0.2772,14320.0
982.6,15.16,-0.7802,-0.3663,14280.0
982.65,15.13,-0.7731,-0.5694,14230.0
982.7,15.1,-0.7659,-0.7726,14160.0
982.75,15.14,-0.7239,-0.6722,14100.0
982.8,15.19,-0.6819,-0.5719,14070.0
982.85,14.99,-0.7185,-0.6021,14070.0
982.9,14.79,-0.7552,-0.6324,14100.0
982.95,14.78,-0.8312,-0.6669,14130.0
983.0,14.77,-0.9072,-0.7014,14160.0
983.05,14.9,-0.6974,-0.6848,14190.0
983.1,15.03,-0.4877,-0.6682,14190.0
983.15,15.06,-0.2536,-0.4152,14170.0
983.2,15.09,-0.01951,-0.1622,14120.0
983.25,14.85,-0.07683,-0.035,14060.0
983.3,14.62,-0.1342,0.09218,14000.0
983.35,14.71,-0.003782,0.02805,13970.0
983.4,14.8,0.1266,-0.03609,13980.0
983.45,14.72,0.1266,-0.0795,14010.0
983.5,14.64,0.1266,-0.1229,14060.0
983.55,14.53,0.2199,-0.1293,14110.0
983.6,14.43,0.3133,-0.1356,14140.0
983.65,14.28,0.3487,-0.03683,14140.0
983.7,14.12,0.3842,0.06194,14120.0
983.75,14.16,0.418,-0.1247,14070.0
983.8,14.19,0.4518,-0.3114,14040.0
983.85,14.22,0.5752,-0.2184,14020.0
983.9,14.26,0.6986,-0.1254,14010.0
983.95,14.16,0.7619,0.09353,14030.0
984.0,14.06,0.8252,0.3124,14070.0
984.05,13.93,0.7978,0.2278,14120.0
984.1,13.8,0.7703,0.1432,14160.0
984.15,13.77,0.5044,0.2374,14170.0
984.2,13.74,0.2385,0.3317,14150.0
984.25,13.73,0.2582,0.2073,14130.0
984.3,13.72,0.2779,0.08292,14100.0
984.35,13.86,0.0627,-0.06816,14070.0
984.4,14.01,-0.1525,-0.2192,14040.0
984.45,13.96,-0.07723,-0.2929,14030.0
984.5,13.91,-0.00199,-0.3665,14050.0
984.55,13.83,-0.2834,-0.3661,14090.0
984.6,13.75,-0.5649,-0.3656,14130.0
984.65,13.87,-0.5462,-0.1316,14170.0
984.7,13.98,-0.5275,0.1024,14190.0
984.75,13.83,-0.6546,0.01024,14190.0
984.8,13.68,-0.7818,-0.08194,14160.0
984.85,13.63,-0.6419,-0.08316,14100.0
984.9,13.59,-0.502,-0.08438,14040.0
984.95,13.48,-0.3338,-0.1788,13990.0
985.0,13.38,-0.1656,-0.2731,13960.0
985.05,13.5,-0.3087,-0.288,13960.0
985.1,13.62,-0.4518,-0.3029,13990.0
985.15,13.54,-0.503,-0.1689,14040.0
985.2,13.46,-0.5541,-0.03487,14100.0
985.25,13.49,-0.4922,0.04621,14150.0
985.3,13.53,-0.4303,0.1273,14150.0
985.35,13.42,-0.4968,0.02792,14110.0
985.4,13.31,-0.5633,-0.07146,14040.0
985.45,13.38,-0.4677,-0.04061,13950.0
985.5,13.45,-0.3722,-0.009755,13870.0
985.55,13.51,-0.1897,0.03561,13820.0
985.6,13.57,-0.007165,0.08097,13810.0
985.65,13.59,-0.08539,0.05743,13850.0
985.7,13.61,-0.1636,0.0339,13910.0
985.75,13.58,-0.1897,0.2181,13980.0
985.8,13.55,-0.2158,0.4024,14020.0
985.85,13.64,-0.1023,0.2816,14030.0
985.9,13.72,0.01115,0.1607,14010.0
985.95,13.6,0.006767,-0.1366,13960.0
986.0,13.48,0.002388,-0.4339,13880.0
986.05,13.55,0.1608,-0.2523,13810.0
986.1,13.62,0.3193,-0.07072,13760.0
986.15,13.64,0.3426,-0.09523,13750.0
986.2,13.66,0.3658,-0.1197,13760.0
986.25,13.58,0.2016,-0.3725,13800.0
986.3,13.5,0.03742,-0.6253,13860.0
986.35,13.49,0.06927,-0.4081,13930.0
986.4,13.49,0.1011,-0.191,13970.0
986.45,13.34,0.03006,-0.1735,13970.0
986.5,13.2,-0.041,-0.1561,13940.0
986.55,13.16,0.09435,-0.1407,13890.0
986.6,13.13,0.2297,-0.1254,13830.0
986.65,13.17,0.09036,-0.06975,13780.0
986.7,13.2,-0.04896,-0.01414,13740.0
986.75,13.25,0.05633,-0.05853,13730.0
986.8,13.3,0.1616,-0.1029,13760.0
986.85,13.09,0.1451,-0.04378,13820.0
986.9,12.87,0.1286,0.01536,13870.0
986.95,12.83,0.1119,0.0489,13920.0
987.0,12.79,0.09514,0.08243,13930.0
987.05,12.88,-0.0418,-0.158,13920.0
987.1,12.96,-0.1787,-0.3985,13870.0
987.15,12.97,-0.1602,-0.3626,13810.0
987.2,12.98,-0.1417,-0.3268,13760.0
987.25,12.93,-0.09435,-0.2146,13740.0
987.3,12.88,-0.04697,-0.1024,13740.0
987.35,13.03,-0.01951,-0.007804,13770.0
987.4,13.18,0.007962,0.08682,13820.0
987.45,13.1,0.2615,0.2014,13860.0
987.5,13.02,0.5151,0.3161,13890.0
987.55,13.16,0.534,0.3815,13900.0
987.6,13.3,0.5529,0.447,13870.0
987.65,13.23,0.6373,0.5081,13840.0
987.7,13.17,0.7217,0.5692,13800.0
987.75,13.23,0.8071,0.5141,13760.0
987.8,13.29,0.8925,0.459,13740.0
987.85,13.08,0.6935,0.3508,13740.0
987.9,12.86,0.4944,0.2427,13750.0
987.95,12.79,0.3583,0.1851,13790.0
988.0,12.71,0.2221,0.1275,13820.0
988.05,12.78,0.2114,0.07536,13830.0
988.1,12.84,0.2006,0.02317,13820.0
988.15,12.85,0.2454,0.04646,13800.0
988.2,12.86,0.2902,0.06975,13760.0
988.25,13.05,0.2795,-0.07011,13710.0
988.3,13.25,0.2687,-0.21,13670.0
988.35,13.23,0.09932,-0.1279,13640.0
988.4,13.21,-0.07006,-0.04585,13630.0
988.45,13.16,-0.2514,-0.06963,13640.0
988.5,13.1,-0.4327,-0.0934,13660.0
988.55,12.99,-0.05812,0.1778,13690.0
988.6,12.88,0.3165,0.449,13710.0
988.65,12.95,0.5165,0.2918,13710.0
988.7,13.03,0.7165,0.1346,13700.0
988.75,13.27,0.5382,0.001219,13660.0
988.8,13.52,0.3599,-0.1322,13620.0
988.85,13.64,0.3601,-0.1411,13570.0
988.9,13.76,0.3603,-0.15,13530.0
988.95,13.7,0.2185,-0.01036,13500.0
989.0,13.63,0.07683,0.1293,13510.0
989.05,13.77,0.1013,-0.007682,13530.0
989.1,13.91,0.1258,-0.1446,13580.0
989.15,13.91,-0.04041,-0.09267,13630.0
989.2,13.91,-0.2066,-0.04073,13670.0
989.25,13.81,-0.1413,0.0317,13680.0
989.3,13.71,-0.07603,0.1041,13670.0
989.35,13.78,-0.04916,-0.1051,13630.0
989.4,13.84,-0.02229,-0.3144,13590.0
989.45,13.85,-0.01075,-0.1895,13550.0
989.5,13.86,0.0007962,-0.06463,13520.0
989.55,13.73,-0.01771,-0.2401,13510.0
989.6,13.59,-0.03623,-0.4156,13530.0
989.65,13.63,-0.1801,-0.4685,13550.0
989.7,13.66,-0.324,-0.5214,13580.0
989.75,13.7,-0.4242,-0.3231,13620.0
989.8,13.73,-0.5243,-0.1249,13650.0
989.85,13.77,-0.492,-0.08365,13660.0
989.9,13.8,-0.4598,-0.04243,13660.0
989.95,13.89,-0.5249,-0.02561,13650.0
990.0,13.98,-0.59,-0.00878,13630.0
990.05,13.99,-0.3061,0.2878,13600.0
990.1,13.99,-0.02229,0.5843,13560.0
990.15,13.93,0.2408,0.4002,13540.0
990.2,13.87,0.504,0.2161,13530.0
990.25,13.96,0.5265,0.2536,13550.0
990.3,14.05,0.549,0.2912,13580.0
990.35,13.99,0.3435,0.2449,13620.0
990.4,13.93,0.1381,0.1985,13650.0
990.45,14.02,-0.05494,0.1927,13670.0
990.5,14.12,-0.248,0.1868,13660.0
990.55,14.03,-0.1421,0.1449,13620.0
990.6,13.94,-0.03623,0.1029,13580.0
990.65,14.02,0.06907,0.1129,13550.0
990.7,14.1,0.1744,0.1229,13530.0
990.75,14.2,0.2287,0.3133,13530.0
990.8,14.3,0.283,0.5036,13540.0
990.85,14.16,0.1515,0.5619,13570.0
990.9,14.02,0.0199,0.6202,13590.0
990.95,13.83,-0.07723,0.456,13590.0
991.0,13.63,-0.1744,0.2919,13580.0
991.05,13.67,-0.4172,0.2369,13550.0
991.1,13.7,-0.66,0.1819,13510.0
991.15,13.61,-0.7783,0.3594,13470.0
991.2,13.52,-0.8965,0.5368,13450.0
991.25,13.47,-0.9419,0.7482,13450.0
991.3,13.43,-0.9872,0.9597,13460.0
991.35,13.4,-1.01,0.796,13480.0
991.4,13.38,-1.033,0.6324,13510.0
991.45,13.35,-0.7076,0.7959,13520.0
991.5,13.33,-0.3818,0.9594,13520.0
991.55,13.44,-0.5933,0.8672,13510.0
991.6,13.56,-0.8049,0.775,13490.0
991.65,13.77,-0.8509,0.7037,13450.0
991.7,13.99,-0.8969,0.6324,13410.0
991.75,14.08,-0.6994,0.5392,13370.0
991.8,14.18,-0.502,0.446,13350.0
991.85,14.19,-0.5107,0.3373,13350.0
991.9,14.2,-0.5195,0.2285,13380.0
991.95,14.26,-0.5348,0.1997,13410.0
992.0,14.31,-0.5502,0.171,13460.0
992.05,14.56,-0.463,0.07048,13500.0
992.1,14.81,-0.3758,-0.03,13520.0
992.15,14.83,-0.1941,0.2366,13510.0
992.2,14.85,-0.01234,0.5031,13480.0
992.25,14.71,-0.04996,0.2741,13440.0
992.3,14.58,-0.08758,0.04512,13400.0
992.35,14.51,0.03185,0.03719,13360.0
992.4,14.44,0.1513,0.02927,13340.0
992.45,14.51,0.1505,-0.08402,13350.0
992.5,14.58,0.1497,-0.1973,13370.0
992.55,14.63,0.07345,-0.2661,13410.0
992.6,14.67,-0.002787,-0.3348,13440.0
992.65,14.55,0.1783,-0.2947,13460.0
992.7,14.43,0.3595,-0.2546,13470.0
992.75,14.31,0.3296,-0.08645,13460.0
992.8,14.19,0.2998,0.0817,13430.0
992.85,13.94,0.2737,0.1621,13400.0
992.9,13.69,0.2476,0.2424,13360.0
992.95,13.66,0.2984,0.1027,13340.0
993.0,13.64,0.3491,-0.03707,13330.0
993.05,13.66,0.418,-0.1871,13330.0
993.1,13.69,0.4869,-0.337,13350.0
993.15,13.57,0.5072,-0.3413,13380.0
993.2,13.45,0.5275,-0.3456,13400.0
993.25,13.46,0.5179,-0.4535,13420.0
993.3,13.46,0.5084,-0.5614,13420.0
993.35,13.43,0.4974,-0.4969,13410.0
993.4,13.4,0.4865,-0.4324,13400.0
993.45,13.44,0.7729,-0.3391,13370.0
993.5,13.49,1.059,-0.2458,13360.0
993.55,13.67,1.233,-0.1666,13360.0
993.6,13.85,1.406,-0.08731,13360.0
993.65,14.05,1.524,0.009267,13360.0
993.7,14.25,1.643,0.1058,13380.0
993.75,14.32,1.7,0.02305,13410.0
993.8,14.39,1.757,-0.05975,13420.0
993.85,14.52,1.615,-0.03183,13410.0
993.9,14.65,1.474,-0.003902,13400.0
993.95,14.58,1.516,-0.03109,13400.0
994.0,14.51,1.558,-0.05829,13390.0
994.05,14.47,1.733,-0.05987,13370.0
994.1,14.44,1.908,-0.06146,13360.0
994.15,14.16,1.886,-0.09121,13360.0
994.2,13.89,1.864,-0.121,13380.0
994.25,13.95,1.535,-0.1052,13390.0
994.3,14.01,1.205,-0.0895,13390.0
994.35,14.24,1.012,-0.1108,13390.0
994.4,14.48,0.8189,-0.1322,13380.0
994.45,14.64,0.7056,-0.2105,13380.0
994.5,14.8,0.5923,-0.2887,13360.0
994.55,14.68,0.5422,-0.2668,13350.0
994.6,14.56,0.492,-0.2449,13340.0
994.65,14.74,0.3949,-0.4523,13340.0
994.7,14.91,0.2978,-0.6597,13360.0
994.75,14.97,0.1953,-0.649,13360.0
994.8,15.03,0.09275,-0.6382,13370.0
994.85,15.09,-0.007365,-0.609,13370.0
994.9,15.14,-0.1075,-0.5797,13360.0
994.95,15.27,-0.2424,-0.4879,13360.0
995.0,15.39,-0.3774,-0.3961,13350.0
995.05,15.57,-0.3937,-0.1895,13350.0
995.1,15.76,-0.41,0.01707,13350.0
995.15,15.61,-0.3756,-0.08999,13370.0
995.2,15.45,-0.3412,-0.1971,13380.0
995.25,15.34,-0.4118,-0.01219,13390.0
995.3,15.23,-0.4825,0.1727,13410.0
995.35,15.23,-0.3362,0.294,13430.0
995.4,15.23,-0.1899,0.4153,13450.0
995.45,15.31,-0.1925,0.2535,13450.0
995.5,15.39,-0.1951,0.0917,13440.0
995.55,15.37,-0.287,0.1827,13410.0
995.6,15.35,-0.379,0.2736,13390.0
995.65,15.33,-0.3973,0.2141,13370.0
995.7,15.31,-0.4156,0.1546,13360.0
995.75,15.26,-0.3133,0.08584,13370.0
995.8,15.2,-0.211,0.01707,13390.0
995.85,15.03,-0.2072,-0.07011,13430.0
995.9,14.86,-0.2034,-0.1573,13470.0
995.95,14.98,-0.2956,-0.2068,13490.0
996.0,15.11,-0.3877,-0.2563,13490.0
996.05,15.03,-0.3195,-0.2775,13470.0
996.1,14.95,-0.2512,-0.2987,13450.0
996.15,15.05,-0.293,-0.4881,13410.0
996.2,15.14,-0.3348,-0.6775,13390.0
996.25,15.1,-0.3286,-0.6647,13380.0
996.3,15.06,-0.3224,-0.6519,13390.0
996.35,15.11,-0.3155,-0.5759,13420.0
996.4,15.16,-0.3085,-0.4999,13450.0
996.45,15.22,-0.4447,-0.3178,13470.0
996.5,15.28,-0.5808,-0.1356,13490.0
996.55,15.36,-0.5131,-0.148,13480.0
996.6,15.44,-0.4455,-0.1605,13460.0
996.65,15.48,-0.5478,-0.1413,13430.0
996.7,15.52,-0.6501,-0.1222,13400.0
996.75,15.34,-0.7235,-0.1822,13390.0
996.8,15.15,-0.797,-0.2422,13400.0
996.85,15.22,-0.8065,-0.377,13420.0
996.9,15.28,-0.8161,-0.5119,13460.0
996.95,15.43,-0.8722,-0.3686,13500.0
997.0,15.57,-0.9283,-0.2253,13540.0
997.05,15.4,-0.9825,-0.2829,13550.0
997.1,15.23,-1.037,-0.3405,13540.0
997.15,15.09,-0.8603,-0.2079,13520.0
997.2,14.96,-0.6839,-0.07536,13490.0
997.25,15.03,-0.5257,0.1221,13460.0
997.3,15.1,-0.3674,0.3195,13440.0
997.35,15.21,-0.3437,0.2734,13420.0
997.4,15.33,-0.3201,0.2273,13440.0
997.45,15.26,-0.4654,-0.08475,13480.0
997.5,15.2,-0.6107,-0.3968,13530.0
997.55,15.21,-0.4397,-0.1933,13580.0
997.6,15.22,-0.2687,0.01024,13610.0
997.65,15.19,-0.08559,-0.1223,13620.0
997.7,15.16,0.09753,-0.2548,13620.0
997.75,15.07,0.1025,-0.4269,13600.0
997.8,14.98,0.1075,-0.599,13570.0
997.85,14.96,0.1949,-0.7597,13530.0
997.9,14.95,0.2822,-0.9204,13520.0
997.95,14.88,0.002189,-1.066,13530.0
998.0,14.82,-0.2779,-1.212,13560.0
998.05,14.85,-0.2498,-1.099,13590.0
998.1,14.87,-0.2217,-0.9853,13630.0
998.15,14.91,-0.285,-0.9422,13670.0
998.2,14.95,-0.3483,-0.8992,13690.0
998.25,14.85,-0.5382,-0.9534,13680.0
998.3,14.75,-0.7281,-1.008,13660.0
998.35,14.81,-0.8533,-0.8928,13650.0
998.4,14.86,-0.9785,-0.778,13640.0
998.45,14.8,-1.099,-0.9559,13640.0
998.5,14.75,-1.22,-1.134,13630.0
998.55,14.7,-1.24,-1.014,13640.0
998.6,14.66,-1.26,-0.8933,13670.0
998.65,14.66,-1.191,-0.7292,13680.0
998.7,14.66,-1.121,-0.5651,13690.0
998.75,14.62,-1.169,-0.5968,13680.0
998.8,14.58,-1.217,-0.6285,13680.0
998.85,14.69,-0.8939,-0.6944,13680.0
998.9,14.8,-0.5709,-0.7604,13680.0
998.95,14.88,-0.5601,-0.7738,13670.0
999.0,14.97,-0.5494,-0.7872,13650.0
999.05,14.76,-0.6242,-0.6524,13650.0
999.1,14.54,-0.699,-0.5175,13660.0
999.15,14.51,-0.8537,-0.3747,13670.0
999.2,14.48,-1.008,-0.2319,13690.0
999.25,14.44,-1.051,-0.2236,13700.0
999.3,14.4,-1.094,-0.2153,13720.0
999.35,14.57,-1.357,-0.2868,13720.0
999.4,14.73,-1.619,-0.3583,13710.0
999.45,14.71,-1.362,-0.5992,13690.0
999.5,14.68,-1.105,-0.8402,13680.0
999.55,14.77,-1.023,-0.7319,13680.0
999.6,14.86,-0.9415,-0.6236,13680.0
999.65,14.94,-0.9456,-0.4692,13670.0
999.7,15.02,-0.9498,-0.3148,13680.0
999.75,15.16,-0.8396,0.1039,13700.0
999.8,15.31,-0.7293,0.5226,13730.0
999.85,15.2,-0.6433,0.5265,13760.0
999.9,15.1,-0.5573,0.5304,13770.0
999.95,15.0,-0.8555,0.5081,13770.0
1000.0,14.9,-1.154,0.4858,13770.0
1000.05,14.9,-1.235,0.2208,13760.0
1000.1,14.89,-1.316,-0.04414,13740.0
1000.15,15.05,-1.135,-0.0656,13720.0
1000.2,15.21,-0.955,-0.08706,13720.0
1000.25,15.12,-0.9025,-0.1135,13740.0
1000.3,15.03,-0.8499,-0.14,13760.0
1000.35,14.77,-0.9896,-0.1752,13790.0
1000.4,14.51,-1.129,-0.2105,13810.0
1000.45,14.48,-0.8883,-0.2728,13840.0
1000.5,14.45,-0.6473,-0.3351,13860.0
1000.55,14.43,-0.4078,-0.1966,13860.0
1000.6,14.41,-0.1684,-0.05804,13850.0
1000.65,14.5,-0.09992,0.1652,13840.0
1000.7,14.6,-0.03145,0.3885,13830.0
1000.75,14.59,0.1117,0.4065,13830.0
1000.8,14.59,0.2548,0.4246,13830.0
1000.85,14.4,0.2651,0.4759,13850.0
1000.9,14.22,0.2755,0.5273,13880.0
1000.95,14.35,0.4341,0.5462,13910.0
1001.0,14.49,0.5927,0.5651,13940.0
1001.05,14.55,0.4638,0.4207,13960.0
1001.1,14.61,0.3348,0.2763,13960.0
1001.15,14.83,0.3414,0.407,13960.0
1001.2,15.06,0.3479,0.5377,13950.0
1001.25,15.15,0.3344,0.6033,13940.0
1001.3,15.25,0.3209,0.669,13940.0
1001.35,15.18,0.1642,0.1747,13940.0
1001.4,15.1,0.007564,-0.3195,13950.0
1001.45,15.14,-0.07942,-0.4699,13960.0
1001.5,15.18,-0.1664,-0.6204,13970.0
1001.55,15.02,-0.07763,-0.5271,13980.0
1001.6,14.86,0.01115,-0.4339,13990.0
1001.65,14.8,0.007763,-0.3359,13990.0
1001.7,14.73,0.004379,-0.238,13980.0
1001.75,14.7,-0.1736,-0.2941,13970.0
1001.8,14.67,-0.3515,-0.3502,13960.0
1001.85,14.43,-0.3543,-0.5963,13950.0
1001.9,14.19,-0.3571,-0.8423,13950.0
1001.95,14.02,-0.1606,-0.5976,13950.0
1002.0,13.85,0.03583,-0.3529,13950.0
1002.05,13.85,-0.003185,-0.5045,13960.0
1002.1,13.86,-0.0422,-0.656,13970.0
1002.15,13.94,-0.1351,-0.8026,13970.0
1002.2,14.02,-0.2281,-0.9492,13950.0
1002.25,14.05,-0.1188,-1.024,13940.0
1002.3,14.07,-0.009554,-1.098,13950.0
1002.35,14.12,0.06668,-1.239,13960.0
1002.4,14.17,0.1429,-1.379,13970.0
1002.45,14.18,0.1423,-1.215,13980.0
1002.5,14.18,0.1417,-1.05,13990.0
1002.55,14.1,0.006966,-0.857,14000.0
1002.6,14.03,-0.1278,-0.6636,13990.0
1002.65,14.09,-0.1399,-0.6683,13970.0
1002.7,14.15,-0.1521,-0.6731,13950.0
1002.75,14.16,-0.1272,-0.5076,13940.0
1002.8,14.17,-0.1023,-0.3422,13940.0
1002.85,14.16,-0.3215,-0.3431,13930.0
1002.9,14.15,-0.5406,-0.3441,13940.0
1002.95,14.23,-0.2275,-0.2561,13970.0
1003.0,14.31,0.08559,-0.168,14010.0
1003.05,14.33,0.1535,-0.2045,14030.0
1003.1,14.34,0.2213,-0.2409,14050.0
1003.15,14.37,0.4142,-0.1625,14050.0
1003.2,14.4,0.6071,-0.08414,14040.0
1003.25,14.11,0.6962,-0.1338,14020.0
1003.3,13.81,0.7854,-0.1834,14000.0
1003.35,13.67,0.5661,-0.235,13980.0
1003.4,13.53,0.3467,-0.2866,13970.0
1003.45,13.59,0.6441,-0.4318,13970.0
1003.5,13.65,0.9415,-0.577,13980.0
1003.55,13.65,1.021,-0.5852,14000.0
1003.6,13.66,1.101,-0.5933,14020.0
1003.65,13.58,1.042,-0.6097,14040.0
1003.7,13.5,0.9833,-0.626,14050.0
1003.75,13.56,1.125,-0.2923,14060.0
1003.8,13.62,1.266,0.04146,14060.0
1003.85,13.59,1.213,0.1608,14060.0
1003.9,13.55,1.159,0.2802,14050.0
1003.95,13.53,1.191,0.1968,14040.0
1004.0,13.51,1.223,0.1134,14030.0
1004.05,13.48,1.035,0.04378,14020.0
1004.1,13.44,0.8483,-0.02585,14020.0
1004.15,13.52,0.9273,0.05512,14030.0
1004.2,13.6,1.006,0.1361,14040.0
1004.25,13.63,0.8543,0.1221,14030.0
1004.3,13.66,0.7022,0.108,14020.0
1004.35,13.65,0.5374,0.0917,14010.0
1004.4,13.64,0.3726,0.07536,14020.0
1004.45,13.78,0.3455,-0.1118,14040.0
1004.5,13.93,0.3185,-0.299,14040.0
1004.55,13.97,0.2687,-0.1872,14050.0
1004.6,14.02,0.2189,-0.07536,14040.0
1004.65,14.11,0.07504,0.03378,14040.0
1004.7,14.2,-0.06887,0.1429,14010.0
1004.75,13.97,0.1833,0.01061,13980.0
1004.8,13.74,0.4355,-0.1217,13960.0
1004.85,13.68,0.3931,0.04878,13970.0
1004.9,13.61,0.3507,0.2192,13980.0
1004.95,13.39,0.1403,0.3698,13990.0
1005.0,13.17,-0.07006,0.5204,14000.0
1005.05,13.09,-0.03563,0.3773,14010.0
1005.1,13.02,-0.001194,0.2341,14020.0
1005.15,13.09,-0.003384,0.2361,14010.0
1005.2,13.15,-0.005573,0.238,13980.0
1005.25,13.09,0.1877,0.3761,13950.0
1005.3,13.02,0.381,0.5141,13940.0
1005.35,13.0,0.3766,0.2652,13940.0
1005.4,12.98,0.3722,0.01634,13940.0
1005.45,13.03,0.3071,0.02183,13940.0
1005.5,13.09,0.242,0.02731,13940.0
1005.55,13.05,0.158,-0.08865,13940.0
1005.6,13.01,0.07404,-0.2046,13940.0
1005.65,12.97,0.2902,-0.002195,13920.0
1005.7,12.93,0.5064,0.2002,13910.0
1005.75,12.98,0.4043,0.07048,13900.0
1005.8,13.04,0.3021,-0.05926,13920.0
1005.85,13.17,0.1873,-0.1813,13930.0
1005.9,13.3,0.07245,-0.3034,13930.0
1005.95,13.16,-0.007564,-0.1135,13920.0
1006.0,13.03,-0.08758,0.07633,13910.0
1006.05,13.17,-0.1461,0.1432,13900.0
1006.1,13.31,-0.2046,0.21,13880.0
1006.15,13.3,-0.09833,0.3451,13860.0
1006.2,13.28,0.007962,0.4802,13860.0
1006.25,13.34,0.08181,0.4464,13870.0
1006.3,13.41,0.1557,0.4126,13890.0
1006.35,13.23,0.2321,0.3996,13900.0
1006.4,13.05,0.3085,0.3865,13890.0
1006.45,13.07,0.4892,0.4447,13870.0
1006.5,13.09,0.67,0.5029,13850.0
1006.55,13.2,0.5651,0.4891,13840.0
1006.6,13.31,0.4602,0.4753,13850.0
1006.65,13.19,0.5165,0.6647,13860.0
1006.7,13.08,0.5728,0.8541,13890.0
1006.75,12.99,0.4672,0.8541,13910.0
1006.8,12.91,0.3615,0.8541,13910.0
1006.85,12.78,0.3489,0.8988,13890.0
1006.9,12.65,0.3364,0.9436,13870.0
1006.95,12.53,0.3171,0.9195,13850.0
1007.0,12.42,0.2978,0.8955,13840.0
1007.05,12.34,0.3961,0.7128,13820.0
1007.1,12.26,0.4944,0.5302,13810.0
1007.15,12.22,0.367,0.4845,13820.0
1007.2,12.19,0.2396,0.4387,13840.0
1007.25,12.13,0.1332,0.4132,13860.0
1007.3,12.08,0.02667,0.3878,13870.0
1007.35,12.19,0.1572,0.4641,13860.0
1007.4,12.29,0.2878,0.5404,13860.0
1007.45,12.17,0.1736,0.6537,13860.0
1007.5,12.04,0.05931,0.767,13840.0
1007.55,11.92,0.04339,0.7008,13830.0
1007.6,11.8,0.02747,0.6346,13820.0
1007.65,11.71,-0.03682,0.6076,13820.0
1007.7,11.62,-0.1011,0.5807,13820.0
1007.75,11.7,0.122,0.4924,13800.0
1007.8,11.78,0.3451,0.4041,13780.0
1007.85,11.69,0.3722,0.257,13770.0
1007.9,11.59,0.3993,0.11,13800.0
1007.95,11.65,0.3965,0.06975,13830.0
1008.0,11.71,0.3937,0.02951,13840.0
1008.05,11.66,0.5464,0.03829,13840.0
1008.1,11.62,0.699,0.04707,13830.0
1008.15,11.47,0.706,0.04268,13800.0
1008.2,11.32,0.713,0.03829,13760.0
1008.25,11.4,0.7918,-0.06329,13710.0
1008.3,11.47,0.8706,-0.1649,13690.0
1008.35,11.51,0.9831,-0.03426,13700.0
1008.4,11.56,1.096,0.09633,13720.0
1008.45,11.45,0.8423,0.2336,13730.0
1008.5,11.34,0.5892,0.3709,13740.0
1008.55,11.33,0.4693,0.4893,13740.0
1008.6,11.32,0.3495,0.6077,13740.0
1008.65,11.25,0.2719,0.5113,13730.0
1008.7,11.18,0.1943,0.4148,13700.0
1008.75,11.1,0.1286,0.4752,13670.0
1008.8,11.03,0.0629,0.5356,13650.0
1008.85,11.05,0.05513,0.5235,13640.0
1008.9,11.08,0.04737,0.5114,13620.0
1008.95,11.08,0.1495,0.3454,13600.0
1009.0,11.09,0.2516,0.1795,13600.0
1009.05,11.29,0.1222,0.214,13600.0
1009.1,11.5,-0.007165,0.2485,13610.0
1009.15,11.45,0.2319,0.2214,13620.0
1009.2,11.39,0.4709,0.1944,13620.0
1009.25,11.44,0.4751,0.2068,13620.0
1009.3,11.49,0.4793,0.2192,13620.0
1009.35,11.56,0.5732,0.06768,13610.0
1009.4,11.63,0.6672,-0.08389,13580.0
1009.45,11.51,0.6447,-0.01488,13550.0
1009.5,11.38,0.6222,0.05414,13540.0
1009.55,11.39,0.4206,0.1306,13540.0
1009.6,11.41,0.2189,0.2071,13540.0
1009.65,11.5,0.117,0.277,13540.0
1009.7,11.59,0.01513,0.347,13540.0
1009.75,11.5,-0.1825,0.3256,13550.0
1009.8,11.42,-0.3802,0.3041,13560.0
1009.85,11.49,-0.2379,0.1738,13550.0
1009.9,11.57,-0.09554,0.04341,13540.0
1009.95,11.53,0.01353,-0.0267,13530.0
1010.0,11.49,0.1226,-0.09682,13540.0
1010.05,11.26,-0.0615,-0.2345,13550.0
1010.1,11.03,-0.2456,-0.3722,13550.0
1010.15,10.88,0.009554,-0.3522,13540.0
1010.2,10.74,0.2647,-0.3322,13550.0
1010.25,10.71,0.3865,-0.3075,13540.0
1010.3,10.69,0.5084,-0.2829,13520.0
1010.35,10.86,0.4813,-0.1374,13490.0
1010.4,11.03,0.4542,0.008048,13470.0
1010.45,11.09,0.412,0.1334,13480.0
1010.5,11.15,0.3698,0.2588,13510.0
1010.55,11.11,0.2773,0.1547,13530.0
1010.6,11.06,0.1847,0.05073,13550.0
1010.65,11.14,0.2779,0.1071,13560.0
1010.7,11.21,0.371,0.1634,13570.0
1010.75,11.27,0.5452,0.2084,13560.0
1010.8,11.32,0.7193,0.2534,13540.0
1010.85,11.27,0.8567,0.3569,13530.0
1010.9,11.21,0.994,0.4604,13520.0
1010.95,11.13,0.9355,0.4011,13530.0
1011.0,11.05,0.877,0.3417,13530.0
1011.05,11.37,0.9204,0.3446,13520.0
1011.1,11.68,0.9638,0.3475,13510.0
1011.15,11.5,0.9052,0.2397,13510.0
1011.2,11.31,0.8467,0.1319,13520.0
1011.25,11.13,0.8686,0.1386,13520.0
1011.3,10.94,0.8905,0.1453,13520.0
1011.35,10.93,0.8406,0.07719,13520.0
1011.4,10.91,0.7906,0.009023,13530.0
1011.45,10.84,0.8533,-0.08341,13540.0
1011.5,10.77,0.916,-0.1758,13530.0
1011.55,10.83,0.9522,-0.193,13510.0
1011.6,10.89,0.9884,-0.2102,13500.0
1011.65,10.81,1.001,-0.1929,13490.0
1011.7,10.73,1.014,-0.1756,13480.0
1011.75,10.7,0.9813,-0.2399,13450.0
1011.8,10.67,0.9482,-0.3041,13440.0
1011.85,10.66,0.8589,-0.3342,13440.0
1011.9,10.66,0.7695,-0.3644,13440.0
1011.95,10.68,0.6779,-0.2502,13440.0
1012.0,10.7,0.5864,-0.1361,13420.0
1012.05,10.76,0.4009,-0.1721,13420.0
1012.1,10.83,0.2154,-0.208,13430.0
1012.15,10.9,0.1543,-0.2338,13430.0
1012.2,10.97,0.09315,-0.2595,13430.0
1012.25,10.7,0.3814,-0.1155,13420.0
1012.3,10.43,0.6696,0.02853,13420.0
1012.35,10.54,0.7144,-0.08731,13410.0
1012.4,10.64,0.7591,-0.2031,13390.0
1012.45,10.72,0.6423,-0.2867,13350.0
1012.5,10.8,0.5255,-0.3702,13320.0
1012.55,10.88,0.42,-0.2914,13310.0
1012.6,10.95,0.3145,-0.2127,13320.0
1012.65,10.94,0.408,-0.332,13330.0
1012.7,10.93,0.5016,-0.4514,13350.0
1012.75,11.01,0.5306,-0.3352,13380.0
1012.8,11.09,0.5597,-0.219,13420.0
1012.85,11.07,0.8324,-0.1856,13430.0
1012.9,11.05,1.105,-0.1522,13420.0
1012.95,11.22,1.295,-0.3185,13400.0
1013.0,11.39,1.485,-0.4848,13380.0
1013.05,11.39,1.407,-0.3986,13360.0
1013.1,11.39,1.329,-0.3124,13340.0
1013.15,11.39,1.491,-0.3726,13320.0
1013.2,11.38,1.654,-0.4329,13310.0
1013.25,11.51,1.438,-0.4117,13330.0
1013.3,11.63,1.223,-0.3904,13340.0
1013.35,11.57,1.174,-0.2377,13360.0
1013.4,11.51,1.125,-0.08487,13390.0
1013.45,11.58,0.9134,-0.09901,13430.0
1013.5,11.65,0.7022,-0.1132,13480.0
1013.55,11.77,0.6417,-0.3279,13510.0
1013.6,11.88,0.5812,-0.5426,13520.0
1013.65,11.81,0.6188,-0.3286,13490.0
1013.7,11.74,0.6564,-0.1146,13460.0
1013.75,11.66,0.5517,-0.1885,13420.0
1013.8,11.57,0.447,-0.2624,13370.0
1013.85,11.65,0.4636,-0.4034,13340.0
1013.9,11.73,0.4801,-0.5443,13330.0
1013.95,11.75,0.5509,-0.5582,13360.0
1014.0,11.77,0.6218,-0.5721,13410.0
1014.05,11.64,0.7263,-0.4457,13460.0
1014.1,11.51,0.8308,-0.3192,13510.0
1014.15,11.51,0.8258,-0.476,13550.0
1014.2,11.51,0.8208,-0.6329,13570.0
1014.25,11.31,0.7327,-0.5449,13570.0
1014.3,11.11,0.6445,-0.457,13520.0
1014.35,11.07,0.7576,-0.4591,13460.0
1014.4,11.02,0.8706,-0.4612,13400.0
1014.45,11.09,0.8417,-0.5106,13350.0
1014.5,11.15,0.8129,-0.5599,13320.0
1014.55,11.26,0.7727,-0.706,13310.0
1014.6,11.36,0.7325,-0.8521,13340.0
1014.65,11.22,0.8398,-0.7767,13390.0
1014.7,11.09,0.947,-0.7014,13440.0
1014.75,11.12,0.9122,-0.5626,13470.0
1014.8,11.15,0.8774,-0.4239,13470.0
1014.85,11.15,0.9705,-0.6043,13450.0
1014.9,11.15,1.064,-0.7848,13410.0
1014.95,11.26,1.075,-0.8273,13360.0
1015.0,11.37,1.087,-0.8699,13300.0
1015.05,11.65,1.123,-0.805,13260.0
1015.1,11.92,1.159,-0.7402,13240.0
1015.15,11.99,0.9562,-0.6815,13250.0
1015.2,12.06,0.7532,-0.6229,13280.0
1015.25,12.06,0.6519,-0.4237,13290.0
1015.3,12.05,0.5505,-0.2246,13300.0
1015.35,12.04,0.6198,-0.3062,13300.0
1015.4,12.03,0.6891,-0.3878,13300.0
1015.45,11.88,0.6152,-0.2075,13280.0
1015.5,11.72,0.5414,-0.02731,13250.0
1015.55,11.81,0.6284,0.01414,13240.0
1015.6,11.9,0.7154,0.0556,13250.0
1015.65,11.96,0.7392,0.04536,13260.0
1015.7,12.02,0.7631,0.03512,13280.0
1015.75,11.94,0.6755,-0.001585,13300.0
1015.8,11.85,0.588,-0.03829,13320.0
1015.85,11.92,0.6136,-0.06585,13330.0
1015.9,11.99,0.6393,-0.0934,13310.0
1015.95,12.03,0.8573,0.006585,13280.0
1016.0,12.07,1.075,0.1066,13240.0
1016.05,11.96,1.226,-0.3319,13220.0
1016.1,11.85,1.378,-0.7704,13220.0
1016.15,11.73,1.132,-0.8873,13240.0
1016.2,11.62,0.8853,-1.004,13280.0
1016.25,11.75,0.9365,-0.8264,13330.0
1016.3,11.88,0.9876,-0.6485,13380.0
1016.35,11.95,1.089,-0.5509,13430.0
1016.4,12.02,1.191,-0.4534,13440.0
1016.45,12.11,1.123,-0.5323,13420.0
1016.5,12.2,1.056,-0.6112,13370.0
1016.55,12.26,0.9019,-0.5973,13320.0
1016.6,12.33,0.7476,-0.5834,13280.0
1016.65,12.15,0.7118,-0.5997,13250.0
1016.7,11.98,0.6759,-0.616,13240.0
1016.75,11.89,0.8617,-0.5915,13260.0
1016.8,11.79,1.047,-0.567,13310.0
1016.85,12.01,0.9789,-0.5069,13370.0
1016.9,12.22,0.9104,-0.4468,13420.0
1016.95,12.16,0.742,-0.2168,13450.0
1017.0,12.09,0.5736,0.01317,13460.0
1017.05,12.06,0.7134,0.02927,13460.0
1017.1,12.03,0.8531,0.04536,13430.0
1017.15,12.04,0.7446,0.07597,13380.0
1017.2,12.05,0.6361,0.1066,13330.0
1017.25,11.9,0.6849,0.07048,13300.0
1017.3,11.75,0.7337,0.03439,13290.0
1017.35,11.79,0.671,-0.03719,13290.0
1017.4,11.82,0.6083,-0.1088,13310.0
1017.45,11.91,0.6093,-0.0217,13340.0
1017.5,11.99,0.6103,0.06536,13380.0
1017.55,11.88,0.6463,0.02207,13410.0
1017.6,11.76,0.6823,-0.02122,13400.0
1017.65,11.63,0.8413,-0.06792,13380.0
1017.7,11.49,1.0,-0.1146,13360.0
1017.75,11.44,1.053,-0.07475,13330.0
1017.8,11.39,1.106,-0.03487,13300.0
1017.85,11.39,1.066,0.04597,13260.0
1017.9,11.38,1.025,0.1268,13250.0
1017.95,11.57,1.021,-0.0178,13260.0
1018.0,11.76,1.018,-0.1624,13280.0
1018.05,11.56,0.9874,-0.1808,13290.0
1018.1,11.36,0.9574,-0.1992,13300.0
1018.15,11.51,0.8105,-0.1099,13300.0
1018.2,11.65,0.6636,-0.02049,13300.0
1018.25,11.69,0.3939,-0.08792,13280.0
1018.3,11.73,0.1242,-0.1553,13250.0
1018.35,11.72,0.1883,-0.233,13220.0
1018.4,11.71,0.2524,-0.3107,13210.0
1018.45,11.95,0.2651,-0.3346,13230.0
1018.5,12.2,0.2779,-0.3585,13240.0
1018.55,12.27,0.2164,-0.419,13250.0
1018.6,12.35,0.1549,-0.4795,13270.0
1018.65,12.28,0.1973,-0.4362,13290.0
1018.7,12.2,0.2396,-0.3929,13300.0
1018.75,12.22,0.204,-0.5605,13280.0
1018.8,12.24,0.1684,-0.7282,13240.0
1018.85,12.22,0.1746,-0.552,13220.0
1018.9,12.19,0.1807,-0.3758,13210.0
1018.95,12.24,0.3057,-0.312,13200.0
1019.0,12.3,0.4307,-0.2483,13200.0
1019.05,12.35,0.246,-0.2911,13210.0
1019.1,12.4,0.0613,-0.3339,13240.0
1019.15,12.32,-0.04459,-0.2253,13280.0
1019.2,12.24,-0.1505,-0.1168,13300.0
1019.25,12.15,-0.1019,-0.1404,13310.0
1019.3,12.06,-0.05334,-0.1639,13310.0
1019.35,12.09,0.02627,-0.1232,13310.0
1019.4,12.12,0.1059,-0.08243,13310.0
1019.45,12.09,0.1994,-0.04512,13280.0
1019.5,12.06,0.293,-0.007804,13240.0
1019.55,11.81,0.5036,-0.05999,13210.0
1019.6,11.55,0.7142,-0.1122,13210.0
1019.65,11.54,0.7267,0.05195,13220.0
1019.7,11.53,0.7392,0.2161,13240.0
1019.75,11.45,0.6087,0.3119,13270.0
1019.8,11.36,0.4781,0.4078,13310.0
1019.85,11.48,0.4011,0.4491,13350.0
1019.9,11.6,0.324,0.4904,13370.0
1019.95,11.5,0.3205,0.4164,13360.0
1020.0,11.4,0.3169,0.3424,13340.0
1020.05,11.55,0.4019,0.2975,13310.0
1020.1,11.7,0.4869,0.2527,13280.0
1020.15,11.83,0.5056,0.2284,13260.0
1020.2,11.95,0.5243,0.2041,13240.0
1020.25,12.04,0.3437,0.06609,13230.0
1020.3,12.12,0.1632,-0.07194,13250.0
1020.35,12.16,0.2582,-0.02683,13270.0
1020.4,12.2,0.3531,0.01829,13290.0
1020.45,12.25,0.6387,0.04146,13300.0
1020.5,12.3,0.9243,0.06463,13310.0
1020.55,12.34,0.7999,0.0378,13320.0
1020.6,12.38,0.6755,0.01097,13320.0
1020.65,12.24,0.6423,-0.04341,13310.0
1020.7,12.11,0.6091,-0.09779,13290.0
1020.75,11.98,0.463,-0.1356,13270.0
1020.8,11.85,0.3169,-0.1734,13260.0
1020.85,12.0,0.4351,-0.2714,13230.0
1020.9,12.16,0.5533,-0.3695,13200.0
1020.95,12.14,0.3861,-0.1784,13180.0
1021.0,12.12,0.2189,0.01268,13190.0
1021.05,12.18,0.416,0.1272,13200.0
1021.1,12.24,0.613,0.2417,13220.0
1021.15,12.14,0.545,0.328,13240.0
1021.2,12.03,0.4769,0.4143,13270.0
1021.25,12.09,0.2779,0.3267,13290.0
1021.3,12.15,0.07882,0.239,13310.0
1021.35,12.13,-0.03284,0.1093,13300.0
1021.4,12.12,-0.1445,-0.02049,13280.0
1021.45,12.37,-0.1296,-0.1024,13270.0
1021.5,12.62,-0.1146,-0.1844,13260.0
1021.55,12.66,0.02588,-0.2478,13250.0
1021.6,12.7,0.1664,-0.3112,13230.0
1021.65,12.63,0.1439,-0.2335,13230.0
1021.7,12.56,0.1214,-0.1558,13240.0
1021.75,12.55,0.2787,0.06036,13270.0
1021.8,12.54,0.4359,0.2766,13300.0
1021.85,12.42,0.5145,0.3092,13320.0
1021.9,12.3,0.5931,0.3419,13350.0
1021.95,12.17,0.4287,0.2213,13380.0
1022.0,12.05,0.2643,0.1007,13400.0
1022.05,11.97,0.38,0.04121,13390.0
1022.1,11.89,0.4956,-0.01829,13370.0
1022.15,11.89,0.4777,0.01524,13350.0
1022.2,11.89,0.4598,0.04878,13340.0
1022.25,11.92,0.4863,0.1088,13320.0
1022.3,11.95,0.5127,0.1688,13300.0
1022.35,11.91,0.2066,0.1371,13310.0
1022.4,11.87,-0.09952,0.1054,13350.0
1022.45,11.88,-0.007165,-0.01232,13400.0
1022.5,11.9,0.08519,-0.13,13430.0
1022.55,11.75,0.165,-0.0867,13450.0
1022.6,11.61,0.2448,-0.04341,13460.0
1022.65,11.64,0.3812,0.03329,13460.0
1022.7,11.67,0.5175,0.11,13440.0
1022.75,11.56,0.4978,0.11,13410.0
1022.8,11.45,0.4781,0.11,13380.0
1022.85,11.65,0.6123,0.1553,13380.0
1022.9,11.84,0.7464,0.2007,13390.0
1022.95,12.14,0.6069,0.2338,13420.0
1023.0,12.44,0.4673,0.2668,13450.0
1023.05,12.32,0.5344,0.2636,13480.0
1023.1,12.21,0.6015,0.2605,13500.0
1023.15,12.3,0.6807,0.4576,13500.0
1023.2,12.38,0.7599,0.6548,13480.0
1023.25,12.47,0.6793,0.5441,13450.0
1023.3,12.55,0.5987,0.4334,13420.0
1023.35,12.5,0.6148,0.2203,13410.0
1023.4,12.44,0.631,0.007316,13410.0
1023.45,12.6,0.5983,0.08462,13420.0
1023.5,12.75,0.5657,0.1619,13440.0
1023.55,12.69,0.4908,0.1934,13470.0
1023.6,12.63,0.416,0.2249,13490.0
1023.65,12.68,0.3662,-0.05073,13490.0
1023.7,12.72,0.3165,-0.3263,13480.0
1023.75,12.7,0.1967,-0.6511,13460.0
1023.8,12.67,0.07683,-0.976,13440.0
1023.85,12.67,0.1037,-0.818,13420.0
1023.9,12.67,0.1306,-0.6599,13400.0
1023.95,12.63,0.3348,-0.4114,13390.0
1024.0,12.59,0.539,-0.1629,13420.0
1024.05,12.62,0.5125,-0.002317,13460.0
1024.1,12.64,0.4861,0.1583,13500.0
1024.15,12.66,0.3326,-0.00817,13530.0
1024.2,12.68,0.1791,-0.1746,13550.0
1024.25,12.76,0.2187,-0.06682,13550.0
1024.3,12.84,0.2584,0.04097,13540.0
1024.35,12.76,0.2434,0.04817,13510.0
1024.4,12.68,0.2285,0.05536,13490.0
1024.45,12.79,0.3101,-0.1839,13490.0
1024.5,12.9,0.3917,-0.4231,13510.0
1024.55,13.08,0.2982,-0.3263,13550.0
1024.6,13.27,0.2046,-0.2295,13590.0
1024.65,13.21,0.3083,-0.3481,13620.0
1024.7,13.15,0.412,-0.4668,13650.0
1024.75,13.18,0.2209,-0.2944,13660.0
1024.8,13.21,0.02986,-0.1219,13630.0
1024.85,13.41,-0.08439,-0.1049,13600.0
1024.9,13.62,-0.1986,-0.0878,13580.0
1024.95,13.45,-0.2347,-0.07585,13590.0
1025.0,13.29,-0.2707,-0.0639,13610.0
1025.05,13.28,-0.215,-0.1166,13640.0
1025.1,13.26,-0.1592,-0.1692,13670.0
1025.15,13.42,-0.2422,-0.02158,13700.0
1025.2,13.58,-0.3252,0.1261,13720.0
1025.25,13.49,-0.3865,0.08621,13710.0
1025.3,13.4,-0.4478,0.04634,13690.0
1025.35,13.36,-0.4064,0.01439,13670.0
1025.4,13.32,-0.365,-0.01756,13660.0
1025.45,13.36,-0.241,0.05731,13670.0
1025.5,13.41,-0.117,0.1322,13670.0
1025.55,13.52,0.2365,-0.09304,13680.0
1025.6,13.62,0.59,-0.3183,13710.0
1025.65,13.56,0.8252,-0.519,13750.0
1025.7,13.51,1.06,-0.7197,13790.0
1025.75,13.48,0.6998,-0.6031,13800.0
1025.8,13.45,0.3392,-0.4865,13790.0
1025.85,13.48,0.4082,-0.4625,13780.0
1025.9,13.52,0.4773,-0.4385,13760.0
1025.95,13.42,0.2709,-0.5853,13730.0
1026.0,13.32,0.06449,-0.7321,13710.0
1026.05,13.27,0.01095,-0.6397,13690.0
1026.1,13.23,-0.04259,-0.5473,13710.0
1026.15,13.53,-0.09216,-0.3822,13740.0
1026.2,13.84,-0.1417,-0.217,13770.0
1026.25,13.66,-0.1091,-0.3029,13790.0
1026.3,13.49,-0.07643,-0.3887,13810.0
1026.35,13.43,-0.08877,-0.4382,13820.0
1026.4,13.37,-0.1011,-0.4878,13830.0
1026.45,13.2,0.04021,-0.562,13810.0
1026.5,13.02,0.1815,-0.6363,13790.0
1026.55,13.06,0.05374,-0.7476,13770.0
1026.6,13.1,-0.07404,-0.8589,13760.0
1026.65,13.18,-0.0424,-0.6648,13760.0
1026.7,13.26,-0.01075,-0.4707,13760.0
1026.75,13.28,-0.001592,-0.2703,13780.0
1026.8,13.31,0.007564,-0.06999,13810.0
1026.85,13.34,-0.001592,-0.1141,13850.0
1026.9,13.37,-0.01075,-0.1583,13890.0
1026.95,13.41,-0.1855,-0.2364,13910.0
1027.0,13.45,-0.3603,-0.3146,13920.0
1027.05,13.56,-0.4679,-0.232,13920.0
1027.1,13.68,-0.5756,-0.1495,13920.0
1027.15,13.44,-0.4859,-0.3342,13910.0
1027.2,13.2,-0.3961,-0.519,13900.0
1027.25,13.11,-0.3782,-0.6614,13900.0
1027.3,13.01,-0.3603,-0.8038,13930.0
1027.35,13.06,-0.3487,-0.8231,13970.0
1027.4,13.11,-0.3372,-0.8423,13990.0
1027.45,13.16,-0.3135,-0.6964,14010.0
1027.5,13.21,-0.2898,-0.5504,14020.0
1027.55,13.23,-0.1965,-0.6538,14030.0
1027.6,13.26,-0.1031,-0.7572,14020.0
1027.65,13.26,0.04757,-0.8071,14010.0
1027.7,13.26,0.1982,-0.857,14020.0
1027.75,13.27,0.257,-0.7215,14040.0
1027.8,13.28,0.3157,-0.586,14080.0
1027.85,13.27,0.4572,-0.7285,14110.0
1027.9,13.27,0.5987,-0.8709,14130.0
1027.95,13.24,0.4795,-0.6889,14140.0
1028.0,13.22,0.3603,-0.507,14140.0
1028.05,13.18,0.4116,-0.5853,14130.0
1028.1,13.14,0.463,-0.6636,14110.0
1028.15,13.0,0.3601,-0.816,14080.0
1028.2,12.86,0.2572,-0.9684,14060.0
1028.25,12.81,0.4936,-0.9437,14070.0
1028.3,12.76,0.7301,-0.9189,14090.0
1028.35,12.92,0.9558,-0.7371,14110.0
1028.4,13.09,1.182,-0.5553,14140.0
1028.45,13.16,1.278,-0.3607,14180.0
1028.5,13.23,1.375,-0.1661,14210.0
1028.55,13.14,1.3,-0.1774,14210.0
1028.6,13.05,1.225,-0.1888,14190.0
1028.65,13.08,1.184,-0.3707,14160.0
1028.7,13.12,1.143,-0.5526,14130.0
1028.75,13.23,1.033,-0.6153,14110.0
1028.8,13.33,0.9236,-0.678,14090.0
1028.85,13.27,0.675,-0.493,14080.0
1028.9,13.22,0.4263,-0.308,14100.0
1028.95,13.35,0.2337,-0.1811,14130.0
1029.0,13.48,0.041,-0.05414,14170.0
1029.05,13.42,0.04877,-0.08353,14190.0
1029.1,13.37,0.05653,-0.1129,14210.0
1029.15,13.36,0.2345,-0.02975,14220.0
1029.2,13.36,0.4124,0.05341,14200.0
1029.25,13.28,0.622,-0.1931,14170.0
1029.3,13.2,0.8316,-0.4397,14140.0
1029.35,12.96,0.6736,-0.4371,14120.0
1029.4,12.73,0.5155,-0.4346,14130.0
1029.45,12.52,0.6531,-0.3596,14140.0
1029.5,12.3,0.7906,-0.2846,14150.0
1029.55,12.45,0.7185,-0.5387,14170.0
1029.6,12.59,0.6465,-0.7928,14200.0
1029.65,12.52,0.7329,-0.5346,14220.0
1029.7,12.44,0.8193,-0.2763,14230.0
1029.75,12.36,0.6437,-0.3863,14230.0
1029.8,12.28,0.4681,-0.4963,14220.0
1029.85,12.34,0.4652,-0.493,14220.0
1029.9,12.41,0.4622,-0.4897,14220.0
1029.95,12.52,0.4662,-0.4228,14230.0
1030.0,12.63,0.4701,-0.3558,14250.0
1030.05,12.73,0.4759,-0.2516,14280.0
1030.1,12.83,0.4817,-0.1473,14300.0
1030.15,12.76,0.577,0.08609,14310.0
1030.2,12.69,0.6724,0.3195,14310.0
1030.25,12.54,0.6803,0.3618,14290.0
1030.3,12.38,0.6883,0.4041,14260.0
1030.35,12.4,0.6353,0.3403,14240.0
1030.4,12.42,0.5824,0.2766,14240.0
1030.45,12.46,0.8617,0.05841,14250.0
1030.5,12.49,1.141,-0.1597,14290.0
1030.55,12.46,1.023,-0.2399,14350.0
1030.6,12.43,0.9052,-0.32,14410.0
1030.65,12.4,0.9234,-0.24,14460.0
1030.7,12.37,0.9415,-0.16,14490.0
1030.75,12.42,0.8826,-0.1277,14480.0
1030.8,12.47,0.8236,-0.09536,14450.0
1030.85,12.51,0.6835,-0.0467,14390.0
1030.9,12.54,0.5434,0.001951,14340.0
1030.95,12.68,0.62,-0.2112,14300.0
1031.0,12.83,0.6966,-0.4243,14280.0
1031.05,12.76,0.6357,-0.2399,14300.0
1031.1,12.69,0.5748,-0.05536,14360.0
1031.15,12.84,0.5892,0.04756,14430.0
1031.2,13.0,0.6035,0.1505,14510.0
1031.25,13.11,0.3228,0.1429,14560.0
1031.3,13.21,0.0422,0.1354,14590.0
1031.35,13.25,-0.3537,0.3451,14580.0
1031.4,13.28,-0.7496,0.5548,14560.0
1031.45,13.25,-0.7534,0.479,14520.0
1031.5,13.21,-0.7572,0.4031,14470.0
1031.55,13.2,-0.6218,0.5038,14430.0
1031.6,13.19,-0.4865,0.6046,14410.0
1031.65,13.11,-0.342,0.4621,14420.0
1031.7,13.02,-0.1974,0.3197,14450.0
1031.75,13.07,-0.3621,0.1975,14480.0
1031.8,13.11,-0.5267,0.07536,14520.0
1031.85,13.24,-0.4994,0.02512,14560.0
1031.9,13.36,-0.4721,-0.02512,14580.0
1031.95,13.23,-0.4604,0.01841,14580.0
1032.0,13.1,-0.4486,0.06194,14550.0
1032.05,13.19,-0.4719,0.0606,14520.0
1032.1,13.29,-0.4952,0.05926,14510.0
1032.15,13.41,-0.2603,0.3253,14510.0
1032.2,13.53,-0.02548,0.5914,14510.0
1032.25,13.46,-0.163,0.3952,14500.0
1032.3,13.4,-0.3006,0.199,14500.0
1032.35,13.5,-0.2187,0.3798,14510.0
1032.4,13.59,-0.1369,0.5607,14500.0
1032.45,13.43,0.05454,0.5187,14480.0
1032.5,13.27,0.246,0.4768,14470.0
1032.55,13.22,0.2755,0.3925,14470.0
1032.6,13.17,0.3049,0.3083,14490.0
1032.65,13.04,0.1379,0.3061,14500.0
1032.7,12.92,-0.02906,0.3039,14520.0
1032.75,13.05,-0.05553,0.1011,14540.0
1032.8,13.19,-0.08201,-0.1017,14560.0
1032.85,13.1,0.05374,-0.1207,14560.0
1032.9,13.02,0.1895,-0.1397,14540.0
1032.95,13.08,-0.02408,-0.08341,14510.0
1033.0,13.13,-0.2377,-0.02707,14480.0
1033.05,13.01,-0.2826,0.0289,14460.0
1033.1,12.89,-0.3276,0.08487,14450.0
1033.15,12.87,-0.2237,0.04061,14440.0
1033.2,12.85,-0.1198,-0.003658,14440.0
1033.25,12.78,-0.1459,-0.009023,14460.0
1033.3,12.71,-0.172,-0.01439,14500.0
1033.35,12.88,0.05593,0.07182,14530.0
1033.4,13.06,0.2838,0.158,14550.0
1033.45,13.23,0.1457,0.1713,14570.0
1033.5,13.41,0.007564,0.1846,14580.0
1033.55,13.34,-0.09892,0.1305,14580.0
1033.6,13.27,-0.2054,0.07633,14550.0
1033.65,13.04,-0.2482,0.3412,14510.0
1033.7,12.8,-0.291,0.606,14480.0
1033.75,12.99,-0.123,0.4646,14480.0
1033.8,13.17,0.04498,0.3231,14480.0
1033.85,13.36,0.1636,0.5058,14490.0
1033.9,13.54,0.2822,0.6885,14510.0
1033.95,13.35,0.1779,0.6876,14540.0
1034.0,13.16,0.07365,0.6868,14570.0
1034.05,12.91,0.3338,0.571,14580.0
1034.1,12.66,0.5939,0.4553,14580.0
1034.15,12.61,0.7066,0.4623,14580.0
1034.2,12.56,0.8193,0.4692,14580.0
1034.25,12.48,0.6972,0.4284,14590.0
1034.3,12.39,0.5752,0.3875,14590.0
1034.35,12.53,0.4132,0.2674,14590.0
1034.4,12.68,0.2512,0.1473,14590.0
1034.45,12.85,0.2771,0.1116,14590.0
1034.5,13.02,0.3029,0.07585,14570.0
1034.55,13.1,0.4194,-0.0756,14540.0
1034.6,13.19,0.5358,-0.227,14510.0
1034.65,13.14,0.6714,-0.04512,14500.0
1034.7,13.08,0.8069,0.1368,14520.0
1034.75,13.19,0.6328,0.1858,14550.0
1034.8,13.29,0.4586,0.2349,14600.0
1034.85,13.19,0.5223,0.4168,14650.0
1034.9,13.1,0.586,0.5987,14690.0
1034.95,13.11,0.6475,0.4673,14700.0
1035.0,13.11,0.709,0.3358,14680.0
1035.05,13.13,0.6678,0.4287,14620.0
1035.1,13.16,0.6266,0.5216,14560.0
1035.15,13.22,0.6958,0.4341,14500.0
1035.2,13.28,0.7651,0.3465,14470.0
1035.25,13.36,0.8396,0.3185,14460.0
1035.3,13.43,0.914,0.2905,14490.0
1035.35,13.5,1.018,0.4206,14540.0
1035.4,13.57,1.121,0.5507,14600.0
1035.45,13.54,1.117,0.2775,14650.0
1035.5,13.51,1.114,0.00439,14680.0
1035.55,13.58,1.058,0.07011,14670.0
1035.6,13.64,1.001,0.1358,14650.0
1035.65,13.65,1.237,0.1384,14620.0
1035.7,13.66,1.472,0.141,14580.0
1035.75,13.53,1.337,0.189,14540.0
1035.8,13.4,1.203,0.237,14510.0
1035.85,13.32,0.957,0.05768,14520.0
1035.9,13.24,0.7114,-0.1217,14540.0
1035.95,13.43,0.8513,-0.1057,14570.0
1036.0,13.61,0.9912,-0.08975,14600.0
1036.05,13.56,1.017,0.0995,14620.0
1036.1,13.51,1.043,0.2887,14640.0
1036.15,13.5,0.8788,0.4013,14650.0
1036.2,13.49,0.7142,0.5138,14640.0
1036.25,13.56,0.8298,0.6008,14610.0
1036.3,13.63,0.9454,0.6877,14590.0
1036.35,13.63,0.8617,0.4175,14590.0
1036.4,13.63,0.7779,0.1473,14610.0
1036.45,13.57,0.7241,0.1338,14630.0
1036.5,13.51,0.6704,0.1202,14630.0
1036.55,13.41,0.7996,0.2394,14650.0
1036.6,13.32,0.9287,0.3585,14660.0
1036.65,13.16,0.8603,0.2975,14660.0
1036.7,13.0,0.7918,0.2366,14630.0
1036.75,13.15,0.7615,0.1246,14610.0
1036.8,13.3,0.7313,0.01268,14600.0
1036.85,13.39,0.7587,-0.05609,14620.0
1036.9,13.49,0.7862,-0.1249,14630.0
1036.95,13.58,0.879,0.03256,14650.0
1037.0,13.68,0.9717,0.19,14670.0
1037.05,13.69,0.8005,-0.02231,14700.0
1037.1,13.7,0.6294,-0.2346,14730.0
1037.15,13.6,0.5637,-0.1875,14720.0
1037.2,13.5,0.498,-0.1405,14700.0
1037.25,13.66,0.5362,-0.06731,14670.0
1037.3,13.83,0.5744,0.005853,14650.0
1037.35,13.86,0.746,-0.2105,14630.0
1037.4,13.89,0.9176,-0.4268,14610.0
1037.45,13.75,0.7239,-0.3864,14610.0
1037.5,13.62,0.5302,-0.3461,14630.0
1037.55,13.64,0.1857,-0.3772,14670.0
1037.6,13.67,-0.1588,-0.4082,14710.0
1037.65,13.69,-0.1877,-0.3658,14740.0
1037.7,13.72,-0.2166,-0.3234,14760.0
1037.75,13.82,-0.3091,-0.3858,14770.0
1037.8,13.91,-0.4017,-0.4482,14770.0
1037.85,14.2,-0.3881,-0.3509,14740.0
1037.9,14.49,-0.3746,-0.2536,14690.0
1037.95,14.53,-0.3217,-0.2261,14650.0
1038.0,14.58,-0.2687,-0.1985,14640.0
1038.05,14.54,-0.02468,-0.2463,14640.0
1038.1,14.5,0.2193,-0.2941,14670.0
1038.15,14.45,0.3372,-0.3431,14720.0
1038.2,14.39,0.455,-0.3922,14770.0
1038.25,14.37,0.157,-0.3787,14820.0
1038.3,14.35,-0.1409,-0.3653,14850.0
1038.35,14.45,-0.1005,-0.3531,14850.0
1038.4,14.56,-0.06011,-0.3409,14830.0
1038.45,14.66,0.08559,-0.2953,14810.0
1038.5,14.77,0.2313,-0.2497,14790.0
1038.55,14.71,0.4379,0.1564,14780.0
1038.6,14.65,0.6445,0.5626,14790.0
1038.65,14.58,0.4154,0.5558,14800.0
1038.7,14.51,0.1863,0.549,14830.0
1038.75,14.39,0.0627,0.474,14860.0
1038.8,14.27,-0.06091,0.399,14880.0
1038.85,14.25,-0.07325,0.1512,14880.0
1038.9,14.23,-0.08559,-0.09657,14880.0
1038.95,14.27,-0.01234,-0.07804,14900.0
1039.0,14.32,0.06091,-0.05951,14920.0
1039.05,14.27,0.1891,-0.04353,14940.0
1039.1,14.22,0.3173,-0.02756,14950.0
1039.15,14.34,0.4654,0.1783,14960.0
1039.2,14.47,0.6134,0.3841,14970.0
1039.25,14.47,0.5511,0.3981,14960.0
1039.3,14.47,0.4888,0.4121,14950.0
1039.35,14.34,0.5197,0.2784,14940.0
1039.4,14.21,0.5505,0.1446,14950.0
1039.45,14.45,0.6302,-0.1312,14960.0
1039.5,14.7,0.7098,-0.407,14970.0
1039.55,14.69,0.7978,-0.3329,14980.0
1039.6,14.68,0.8857,-0.2588,14990.0
1039.65,14.61,0.958,-0.3709,15010.0
1039.7,14.54,1.03,-0.4831,15030.0
1039.75,14.53,0.8869,-0.2918,15050.0
1039.8,14.52,0.7436,-0.1005,15060.0
1039.85,14.65,0.583,-0.1673,15060.0
1039.9,14.77,0.4224,-0.2341,15060.0
1039.95,14.78,0.3883,-0.3309,15060.0
1040.0,14.78,0.3543,-0.4278,15060.0
1040.05,14.9,0.5072,-0.4348,15040.0
1040.1,15.01,0.66,-0.4419,15030.0
1040.15,14.96,0.4341,-0.3107,15030.0
1040.2,14.91,0.2082,-0.1795,15030.0
1040.25,15.06,0.1762,-0.1165,15030.0
1040.3,15.21,0.1441,-0.05341,15030.0
1040.35,15.23,0.1767,-0.05085,15050.0
1040.4,15.24,0.2094,-0.04829,15090.0
1040.45,15.3,0.167,-0.09023,15130.0
1040.5,15.36,0.1246,-0.1322,15150.0
1040.55,15.29,0.2231,-0.08011,15150.0
1040.6,15.21,0.3217,-0.02805,15150.0
1040.65,15.26,0.2896,0.06133,15130.0
1040.7,15.3,0.2576,0.1507,15090.0
1040.75,15.34,0.4134,0.155,15040.0
1040.8,15.39,0.5693,0.1593,15010.0
1040.85,15.32,0.4285,0.3559,15000.0
1040.9,15.24,0.2878,0.5526,15010.0
1040.95,15.29,0.2596,0.5203,15050.0
1041.0,15.34,0.2313,0.488,15090.0
1041.05,15.3,0.3549,0.5891,15140.0
1041.1,15.26,0.4785,0.6902,15200.0
1041.15,15.1,0.4954,0.6997,15230.0
1041.2,14.94,0.5123,0.7092,15240.0
1041.25,14.95,0.4839,0.5691,15220.0
1041.3,14.96,0.4554,0.429,15200.0
1041.35,14.96,0.3873,0.34,15180.0
1041.4,14.97,0.3193,0.2509,15150.0
1041.45,14.88,0.3063,0.1301,15120.0
1041.5,14.79,0.2934,0.009267,15100.0
1041.55,14.81,0.2468,-0.08402,15110.0
1041.6,14.83,0.2002,-0.1773,15140.0
1041.65,14.78,0.2249,-0.1905,15180.0
1041.7,14.72,0.2496,-0.2036,15240.0
1041.75,14.55,0.2617,-0.05963,15300.0
1041.8,14.38,0.2739,0.08438,15340.0
1041.85,14.64,0.2707,0.05195,15360.0
1041.9,14.89,0.2675,0.01951,15330.0
1041.95,14.93,0.2924,0.001707,15270.0
1042.0,14.97,0.3173,-0.0161,15230.0
1042.05,14.91,0.3191,-0.3236,15200.0
1042.1,14.84,0.3209,-0.6311,15180.0
1042.15,14.87,0.1785,-0.6887,15180.0
1042.2,14.9,0.03623,-0.7463,15200.0
1042.25,15.12,-0.1222,-0.332,15250.0
1042.3,15.34,-0.2806,0.08219,15300.0
1042.35,15.28,-0.246,-0.03097,15330.0
1042.4,15.23,-0.2114,-0.1441,15350.0
1042.45,15.15,-0.1202,-0.08584,15350.0
1042.5,15.07,-0.02906,-0.02756,15360.0
1042.55,15.15,0.03006,-0.1045,15340.0
1042.6,15.23,0.08917,-0.1814,15310.0
1042.65,15.12,0.1545,-0.1755,15280.0
1042.7,15.02,0.2197,-0.1695,15280.0
1042.75,15.07,0.3292,-0.2333,15300.0
1042.8,15.12,0.4387,-0.297,15310.0
1042.85,15.22,0.3953,-0.3426,15320.0
1042.9,15.33,0.3519,-0.3882,15340.0
1042.95,15.27,0.3433,-0.2083,15370.0
1043.0,15.21,0.3348,-0.02829,15390.0
1043.05,15.24,0.4041,0.07438,15380.0
1043.1,15.27,0.4733,0.1771,15370.0
1043.15,15.06,0.5925,0.03646,15380.0
1043.2,14.85,0.7118,-0.1041,15390.0
1043.25,14.98,0.786,-0.1045,15400.0
1043.3,15.1,0.8603,-0.1049,15400.0
1043.35,15.11,0.8694,0.03939,15410.0
1043.4,15.11,0.8786,0.1836,15420.0
1043.45,15.1,0.9946,0.3008,15430.0
1043.5,15.1,1.111,0.418,15420.0
1043.55,15.11,1.42,0.3112,15400.0
1043.6,15.12,1.729,0.2044,15390.0
1043.65,14.89,1.607,0.1835,15400.0
1043.7,14.66,1.485,0.1627,15410.0
1043.75,14.47,1.401,0.04817,15420.0
1043.8,14.28,1.318,-0.06633,15440.0
1043.85,14.33,1.302,-0.1369,15460.0
1043.9,14.37,1.287,-0.2075,15490.0
1043.95,14.49,1.021,-0.1706,15510.0
1044.0,14.61,0.7556,-0.1336,15520.0
1044.05,14.74,0.742,-0.2279,15520.0
1044.1,14.86,0.7285,-0.3222,15520.0
1044.15,14.75,0.6417,-0.1746,15500.0
1044.2,14.63,0.5549,-0.02707,15470.0
1044.25,14.63,0.3029,-0.1156,15450.0
1044.3,14.62,0.05095,-0.2041,15440.0
1044.35,14.57,-0.03045,-0.3185,15460.0
1044.4,14.51,-0.1119,-0.4329,15480.0
1044.45,14.62,-0.0834,-0.3084,15510.0
1044.5,14.72,-0.05494,-0.1839,15540.0
1044.55,14.85,-0.1515,-0.2561,15570.0
1044.6,14.98,-0.248,-0.3283,15580.0
1044.65,14.85,-0.2066,-0.2709,15570.0
1044.7,14.72,-0.1652,-0.2136,15550.0
1044.75,14.78,-0.1648,-0.141,15530.0
1044.8,14.84,-0.1644,-0.06829,15530.0
1044.85,14.7,-0.1712,-0.1773,15520.0
1044.9,14.56,-0.1779,-0.2863,15520.0
1044.95,14.66,-0.1903,-0.398,15520.0
1045.0,14.75,-0.2026,-0.5097,15530.0
1045.05,14.84,-0.2568,-0.5564,15550.0
1045.1,14.92,-0.3109,-0.6031,15560.0
1045.15,14.84,-0.2142,-0.418,15550.0
1045.2,14.76,-0.1174,-0.2329,15540.0
1045.25,14.64,-0.156,-0.407,15540.0
1045.3,14.52,-0.1947,-0.5812,15570.0
1045.35,14.47,-0.2621,-0.6332,15590.0
1045.4,14.42,-0.3296,-0.6853,15620.0
1045.45,14.61,-0.3503,-0.6804,15650.0
1045.5,14.81,-0.371,-0.6755,15670.0
1045.55,14.89,-0.4212,-0.6363,15680.0
1045.6,14.97,-0.4713,-0.597,15650.0
1045.65,15.06,-0.4994,-0.5242,15600.0
1045.7,15.16,-0.5275,-0.4514,15560.0
1045.75,15.35,-0.7042,-0.4695,15560.0
1045.8,15.54,-0.881,-0.4875,15570.0
1045.85,15.44,-0.8638,-0.594,15600.0
1045.9,15.34,-0.8467,-0.7004,15650.0
1045.95,15.46,-0.8668,-0.5599,15710.0
1046.0,15.58,-0.8869,-0.4195,15760.0
1046.05,15.67,-0.7721,-0.4298,15790.0
1046.1,15.75,-0.6572,-0.4402,15780.0
1046.15,15.75,-0.5645,-0.4173,15760.0
1046.2,15.75,-0.4717,-0.3943,15730.0
1046.25,15.62,-0.5016,-0.327,15700.0
1046.3,15.48,-0.5314,-0.2597,15680.0
1046.35,15.61,-0.6765,-0.5413,15670.0
1046.4,15.74,-0.8216,-0.8228,15680.0
1046.45,15.83,-0.7032,-0.8102,15710.0
1046.5,15.91,-0.5848,-0.7975,15740.0
1046.55,15.83,-0.3887,-0.6885,15780.0
1046.6,15.75,-0.1927,-0.5794,15800.0
1046.65,15.77,-0.01911,-0.6833,15810.0
1046.7,15.79,0.1545,-0.7872,15820.0
1046.75,15.82,0.1216,-0.8948,15830.0
1046.8,15.85,0.08877,-1.002,15820.0
1046.85,15.77,0.005374,-0.773,15810.0
1046.9,15.69,-0.07802,-0.5436,15800.0
1046.95,15.44,-0.284,-0.4441,15790.0
1047.0,15.2,-0.49,-0.3446,15780.0
1047.05,15.32,-0.6578,-0.3636,15770.0
1047.1,15.44,-0.8256,-0.3826,15780.0
1047.15,15.61,-0.6863,-0.4498,15790.0
1047.2,15.78,-0.547,-0.517,15810.0
1047.25,15.86,-0.495,-0.5425,15830.0
1047.3,15.95,-0.4431,-0.568,15840.0
1047.35,16.0,-0.2528,-0.4129,15850.0
1047.4,16.05,-0.0625,-0.2578,15850.0
1047.45,15.89,-0.1742,-0.2627,15840.0
1047.5,15.73,-0.2858,-0.2675,15830.0
1047.55,15.65,-0.5474,-0.1745,15810.0
1047.6,15.58,-0.8089,-0.08145,15790.0
1047.65,15.69,-0.8131,0.2051,15790.0
1047.7,15.81,-0.8173,0.4917,15800.0
1047.75,15.98,-0.9395,0.327,15810.0
1047.8,16.14,-1.062,0.1624,15810.0
1047.85,16.3,-0.8718,-0.135,15830.0
1047.9,16.45,-0.6819,-0.4324,15840.0
1047.95,16.44,-0.6128,-0.4747,15850.0
1048.0,16.44,-0.5438,-0.517,15850.0
1048.05,16.36,-0.6055,-0.278,15850.0
1048.1,16.29,-0.6672,-0.03902,15840.0
1048.15,16.35,-0.4956,-0.05353,15840.0
1048.2,16.41,-0.324,-0.06804,15840.0
1048.25,16.33,-0.1439,0.01744,15850.0
1048.3,16.25,0.03623,0.1029,15870.0
1048.35,16.4,0.07424,0.1802,15890.0
1048.4,16.54,0.1123,0.2575,15900.0
1048.45,16.68,0.06349,0.09682,15900.0
1048.5,16.82,0.01473,-0.0639,15890.0
1048.55,16.83,-0.03642,-0.1262,15890.0
1048.6,16.85,-0.08758,-0.1885,15890.0
1048.65,16.83,-0.1819,-0.278,15900.0
1048.7,16.82,-0.2763,-0.3675,15910.0
1048.75,16.77,-0.2164,-0.3001,15930.0
1048.8,16.72,-0.1564,-0.2327,15960.0
1048.85,16.69,-0.2247,-0.2585,16000.0
1048.9,16.66,-0.293,-0.2844,16020.0
1048.95,16.54,-0.4546,-0.2925,16010.0
1049.0,16.43,-0.6162,-0.3007,15990.0
1049.05,16.52,-0.7458,-0.3639,15970.0
1049.1,16.6,-0.8754,-0.427,15960.0
1049.15,16.56,-0.8865,-0.3445,15930.0
1049.2,16.52,-0.8977,-0.2619,15920.0
1049.25,16.34,-0.9196,-0.3301,15930.0
1049.3,16.17,-0.9415,-0.3982,15970.0
1049.35,16.17,-0.92,-0.5744,16030.0
1049.4,16.18,-0.8985,-0.7506,16070.0
1049.45,16.16,-0.8453,-0.6411,16100.0
1049.5,16.15,-0.7922,-0.5316,16100.0
1049.55,16.0,-0.91,-0.3902,16090.0
1049.6,15.85,-1.028,-0.2488,16050.0
1049.65,15.88,-0.9474,-0.2878,16000.0
1049.7,15.9,-0.867,-0.3268,15960.0
1049.75,15.99,-0.7546,-0.1919,15950.0
1049.8,16.07,-0.6421,-0.05707,15960.0
1049.85,15.93,-0.6232,0.1082,15980.0
1049.9,15.78,-0.6043,0.2734,16000.0
1049.95,15.66,-0.6566,0.124,16030.0
1050.0,15.55,-0.709,-0.02536,16060.0
1050.05,15.63,-0.9283,-0.1196,16090.0
1050.1,15.72,-1.148,-0.2139,16090.0
1050.15,15.77,-1.166,-0.3596,16050.0
1050.2,15.82,-1.184,-0.5053,16020.0
1050.25,15.88,-1.048,-0.3429,15990.0
1050.3,15.95,-0.912,-0.1805,15970.0
1050.35,15.76,-0.9391,-0.2424,15940.0
1050.4,15.58,-0.9661,-0.3044,15940.0
1050.45,15.46,-1.072,-0.1193,15960.0
1050.5,15.35,-1.178,0.06585,15990.0
1050.55,15.36,-1.252,0.1517,16000.0
1050.6,15.36,-1.326,0.2375,16010.0
1050.65,15.41,-1.314,0.1395,16010.0
1050.7,15.46,-1.301,0.04146,16010.0
1050.75,15.48,-1.251,0.09243,16010.0
1050.8,15.5,-1.201,0.1434,15990.0
1050.85,15.56,-1.085,0.141,15990.0
1050.9,15.63,-0.9697,0.1385,15990.0
1050.95,15.54,-0.9914,0.1151,16010.0
1051.0,15.46,-1.013,0.0917,16030.0
1051.05,15.6,-0.9865,0.08353,16030.0
1051.1,15.74,-0.9598,0.07536,16030.0
1051.15,15.72,-0.8818,-0.02049,16030.0
1051.2,15.7,-0.8037,-0.1163,16020.0
1051.25,15.55,-0.705,-0.1964,16010.0
1051.3,15.4,-0.6063,-0.2766,16010.0
1051.35,15.33,-0.4347,-0.4775,16020.0
1051.4,15.27,-0.2631,-0.6785,16040.0
1051.45,15.22,-0.2456,-0.6988,16080.0
1051.5,15.18,-0.2281,-0.7192,16120.0
1051.55,15.4,-0.3308,-0.7649,16140.0
1051.6,15.63,-0.4335,-0.8106,16150.0
1051.65,15.79,-0.5677,-0.8433,16160.0
1051.7,15.95,-0.7018,-0.876,16150.0
1051.75,15.92,-0.7022,-0.6549,16140.0
1051.8,15.89,-0.7026,-0.4339,16120.0
1051.85,15.64,-0.6316,-0.417,16110.0
1051.9,15.4,-0.5605,-0.4002,16120.0
1051.95,15.36,-0.6015,-0.4051,16130.0
1052.0,15.32,-0.6425,-0.41,16150.0
1052.05,15.41,-0.5776,-0.3829,16160.0
1052.1,15.51,-0.5127,-0.3558,16160.0
1052.15,15.45,-0.4041,-0.3802,16160.0
1052.2,15.4,-0.2954,-0.4046,16170.0
1052.25,15.47,-0.3286,-0.2887,16180.0
1052.3,15.54,-0.3619,-0.1729,16200.0
1052.35,15.58,-0.4644,-0.2173,16230.0
1052.4,15.62,-0.5669,-0.2617,16260.0
1052.45,15.71,-0.4289,-0.2691,16260.0
1052.5,15.81,-0.291,-0.2766,16240.0
1052.55,15.89,-0.2619,-0.2494,16210.0
1052.6,15.97,-0.2329,-0.2222,16180.0
1052.65,16.06,-0.3143,-0.2753,16160.0
1052.7,16.14,-0.3957,-0.3285,16140.0
1052.75,16.07,-0.5257,-0.2873,16140.0
1052.8,16.01,-0.6556,-0.2461,16160.0
1052.85,16.17,-0.5416,-0.09621,16210.0
1052.9,16.33,-0.4275,0.05365,16250.0
1052.95,16.13,-0.372,0.02719,16290.0
1053.0,15.93,-0.3165,0.0007316,16300.0
1053.05,15.93,-0.4552,-0.125,16300.0
1053.1,15.94,-0.5939,-0.2507,16270.0
1053.15,16.07,-0.3445,-0.4297,16240.0
1053.2,16.21,-0.09514,-0.6087,16210.0
1053.25,16.35,-0.1549,-0.6946,16180.0
1053.3,16.5,-0.2146,-0.7804,16180.0
1053.35,16.45,-0.3322,-0.6131,16200.0
1053.4,16.4,-0.4498,-0.4458,16240.0
1053.45,16.48,-0.4078,-0.4002,16270.0
1053.5,16.57,-0.3658,-0.3546,16280.0
1053.55,16.62,-0.2552,-0.4284,16300.0
1053.6,16.68,-0.1445,-0.5021,16310.0
1053.65,16.75,-0.3127,-0.4977,16310.0
1053.7,16.83,-0.4809,-0.4934,16310.0
1053.75,16.82,-0.5466,-0.3187,16300.0
1053.8,16.81,-0.6123,-0.1441,16290.0
1053.85,16.78,-0.3993,0.1279,16300.0
1053.9,16.74,-0.1863,0.4,16310.0
1053.95,16.85,-0.1258,0.2255,16330.0
1054.0,16.97,-0.06529,0.05097,16350.0
1054.05,17.11,0.06608,0.1091,16370.0
1054.1,17.25,0.1974,0.1673,16390.0
1054.15,17.24,0.1841,0.08194,16410.0
1054.2,17.23,0.1708,-0.003414,16420.0
1054.25,17.28,0.09693,-0.1525,16430.0
1054.3,17.33,0.02309,-0.3017,16440.0
1054.35,17.43,-0.06966,-0.175,16440.0
1054.4,17.53,-0.1624,-0.04829,16430.0
1054.45,17.64,-0.252,-0.06865,16410.0
1054.5,17.75,-0.3416,-0.08901,16410.0
1054.55,18.0,-0.3157,-0.2548,16420.0
1054.6,18.25,-0.2898,-0.4207,16450.0
1054.65,18.41,-0.3842,-0.4259,16460.0
1054.7,18.58,-0.4785,-0.4312,16480.0
1054.75,18.58,-0.6015,-0.4406,16510.0
1054.8,18.58,-0.7245,-0.45,16530.0
1054.85,18.6,-0.6065,-0.3251,16530.0
1054.9,18.61,-0.4884,-0.2002,16520.0
1054.95,18.64,-0.5245,-0.2342,16510.0
1055.0,18.66,-0.5605,-0.2683,16500.0
1055.05,18.61,-0.5643,-0.269,16500.0
1055.1,18.56,-0.5681,-0.2697,16490.0
1055.15,18.67,-0.546,-0.2536,16480.0
1055.2,18.78,-0.5239,-0.2375,16490.0
1055.25,18.56,-0.4192,-0.3422,16520.0
1055.3,18.33,-0.3145,-0.4468,16530.0
1055.35,18.28,-0.2572,-0.4573,16540.0
1055.4,18.23,-0.1998,-0.4678,16540.0
1055.45,18.07,-0.2162,-0.3812,16550.0
1055.5,17.92,-0.2325,-0.2946,16560.0
1055.55,17.95,-0.2213,-0.2012,16570.0
1055.6,17.98,-0.2102,-0.1078,16580.0
1055.65,17.77,-0.0207,-0.2405,16590.0
1055.7,17.55,0.1688,-0.3731,16610.0
1055.75,17.75,0.01095,-0.5427,16610.0
1055.8,17.95,-0.1469,-0.7124,16600.0
1055.85,17.9,-0.05712,-0.6883,16590.0
1055.9,17.85,0.03264,-0.6643,16580.0
1055.95,17.8,-0.1348,-0.6846,16570.0
1056.0,17.75,-0.3021,-0.7048,16570.0
1056.05,17.72,-0.1228,-0.6571,16580.0
1056.1,17.7,0.05653,-0.6094,16610.0
1056.15,17.63,-0.04041,-0.5407,16630.0
1056.2,17.56,-0.1373,-0.4719,16650.0
1056.25,17.49,-0.3475,-0.6444,16670.0
1056.3,17.42,-0.5577,-0.817,16680.0
1056.35,17.33,-0.6491,-0.6347,16690.0
1056.4,17.25,-0.7404,-0.4524,16700.0
1056.45,17.43,-0.6176,-0.1117,16710.0
1056.5,17.62,-0.4948,0.229,16700.0
1056.55,17.56,-0.4194,0.2568,16690.0
1056.6,17.5,-0.3439,0.2846,16680.0
1056.65,17.41,-0.3087,0.1919,16670.0
1056.7,17.31,-0.2735,0.09926,16660.0
1056.75,17.34,-0.2739,0.0556,16660.0
1056.8,17.36,-0.2743,0.01195,16670.0
1056.85,17.63,-0.1445,0.1295,16700.0
1056.9,17.9,-0.01473,0.247,16730.0
1056.95,17.76,0.000199,0.4426,16770.0
1057.0,17.61,0.01513,0.6382,16800.0
1057.05,17.44,-0.01075,0.4498,16810.0
1057.1,17.26,-0.03662,0.2614,16810.0
1057.15,17.24,-0.01553,0.1269,16790.0
1057.2,17.22,0.005573,-0.00756,16770.0
1057.25,17.18,0.003782,-0.1073,16740.0
1057.3,17.15,0.00199,-0.2071,16730.0
1057.35,17.16,0.05255,-0.219,16730.0
1057.4,17.16,0.1031,-0.231,16750.0
1057.45,17.22,0.03642,-0.01597,16770.0
1057.5,17.27,-0.03025,0.199,16790.0
1057.55,17.33,-0.005374,0.294,16820.0
1057.6,17.4,0.01951,0.389,16860.0
1057.65,17.4,-0.2203,0.3313,16880.0
1057.7,17.4,-0.4602,0.2736,16880.0
1057.75,17.4,-0.4005,0.09292,16880.0
1057.8,17.41,-0.3408,-0.0878,16880.0
1057.85,17.39,-0.2996,-0.1272,16880.0
1057.9,17.36,-0.2584,-0.1666,16860.0
1057.95,17.12,-0.3384,-0.3051,16860.0
1058.0,16.87,-0.4184,-0.4436,16880.0
1058.05,16.75,-0.4634,-0.4164,16900.0
1058.1,16.63,-0.5084,-0.3892,16920.0
1058.15,16.81,-0.6497,-0.435,16920.0
1058.2,16.99,-0.791,-0.4807,16920.0
1058.25,17.01,-0.7006,-0.7602,16930.0
1058.3,17.02,-0.6103,-1.04,16960.0
1058.35,17.12,-0.5699,-0.9634,16990.0
1058.4,17.21,-0.5295,-0.8872,17010.0
1058.45,17.15,-0.4457,-0.6964,17020.0
1058.5,17.09,-0.3619,-0.5056,17030.0
1058.55,17.31,-0.4932,-0.3741,17020.0
1058.6,17.54,-0.6246,-0.2427,16990.0
1058.65,17.62,-0.4875,-0.2662,16960.0
1058.7,17.7,-0.3503,-0.2897,16950.0
1058.75,17.72,-0.3147,-0.2427,16970.0
1058.8,17.74,-0.2791,-0.1956,17010.0
1058.85,17.66,-0.2723,-0.1544,17040.0
1058.9,17.59,-0.2655,-0.1132,17060.0
1058.95,17.63,-0.1443,-0.136,17090.0
1059.0,17.66,-0.02309,-0.1588,17110.0
1059.05,17.63,-0.09614,-0.2696,17100.0
1059.1,17.59,-0.1692,-0.3804,17070.0
1059.15,17.57,-0.1716,-0.5112,17030.0
1059.2,17.54,-0.174,-0.6419,17010.0
1059.25,17.48,-0.2627,-0.6454,16990.0
1059.3,17.42,-0.3515,-0.649,16970.0
1059.35,17.62,-0.5062,-0.7743,16960.0
1059.4,17.81,-0.6608,-0.8997,16970.0
1059.45,17.69,-0.7042,-0.8406,17020.0
1059.5,17.58,-0.7476,-0.7816,17060.0
1059.55,17.63,-0.6889,-0.5724,17090.0
1059.6,17.68,-0.6302,-0.3631,17090.0
1059.65,17.8,-0.6622,-0.352,17080.0
1059.7,17.91,-0.6943,-0.3409,17060.0
1059.75,17.83,-0.7824,-0.2751,17020.0
1059.8,17.75,-0.8706,-0.2092,16950.0
1059.85,17.77,-0.7974,-0.2984,16910.0
1059.9,17.78,-0.7241,-0.3875,16910.0
1059.95,17.74,-0.9381,-0.3057,16950.0
1060.0,17.7,-1.152,-0.2239,17000.0
1060.05,17.68,-1.256,-0.1235,17040.0
1060.1,17.67,-1.361,-0.02317,17070.0
1060.15,17.65,-1.327,0.1663,17110.0
1060.2,17.64,-1.293,0.3558,17110.0
1060.25,17.58,-1.364,0.41,17090.0
1060.3,17.53,-1.434,0.4641,17050.0
1060.35,17.46,-1.323,0.5227,17040.0
1060.4,17.4,-1.212,0.5814,17040.0
1060.45,17.38,-1.09,0.5775,17030.0
1060.5,17.36,-0.9677,0.5736,17010.0
1060.55,17.22,-0.8885,0.5616,17030.0
1060.6,17.07,-0.8093,0.5497,17080.0
1060.65,16.95,-0.9829,0.6714,17140.0
1060.7,16.82,-1.156,0.7931,17180.0
1060.75,16.88,-1.176,0.8028,17190.0
1060.8,16.94,-1.195,0.8126,17190.0
1060.85,16.79,-1.051,0.7061,17180.0
1060.9,16.65,-0.9064,0.5997,17150.0
1060.95,16.84,-1.017,0.6088,17100.0
1061.0,17.03,-1.127,0.618,17070.0
1061.05,17.09,-0.9679,0.4929,17090.0
1061.1,17.15,-0.8085,0.3678,17130.0
1061.15,17.25,-0.6533,0.5187,17180.0
1061.2,17.35,-0.498,0.6697,17210.0
1061.25,17.3,-0.2679,0.5524,17230.0
1061.3,17.25,-0.03782,0.4351,17240.0
1061.35,17.15,-0.1879,0.3102,17210.0
1061.4,17.05,-0.338,0.1853,17160.0
1061.45,17.03,-0.3493,0.1218,17110.0
1061.5,17.01,-0.3607,0.05829,17070.0
1061.55,16.99,-0.4361,0.0217,17070.0
1061.6,16.96,-0.5115,-0.01488,17090.0
1061.65,16.98,-0.6525,0.05999,17100.0
1061.7,17.0,-0.7934,0.1349,17130.0
1061.75,16.98,-0.789,0.1307,17180.0
1061.8,16.95,-0.7846,0.1266,17220.0
1061.85,16.93,-0.8714,0.1135,17230.0
1061.9,16.9,-0.9582,0.1005,17200.0
1061.95,16.88,-0.962,0.02085,17150.0
1062.0,16.85,-0.9658,-0.05877,17100.0
1062.05,16.54,-0.96,0.1686,17040.0
1062.1,16.24,-0.9542,0.3961,16980.0
1062.15,16.23,-1.039,0.3941,16940.0
1062.2,16.23,-1.124,0.3922,16960.0
1062.25,16.35,-1.173,0.375,17030.0
1062.3,16.47,-1.223,0.3578,17110.0
1062.35,16.74,-1.188,0.03658,17180.0
1062.4,17.02,-1.154,-0.2846,17230.0
1062.45,16.92,-0.862,-0.2923,17250.0
1062.5,16.83,-0.5701,-0.3,17230.0
1062.55,16.92,-0.6184,-0.1324,17160.0
1062.6,17.01,-0.6668,0.03512,17060.0
1062.65,16.94,-0.6509,-0.002439,16980.0
1062.7,16.87,-0.6349,-0.04,16960.0
1062.75,16.73,-0.6716,0.05902,16990.0
1062.8,16.59,-0.7082,0.158,17030.0
1062.85,16.68,-0.6652,-0.03658,17100.0
1062.9,16.77,-0.6222,-0.2312,17180.0
1062.95,16.69,-0.8684,-0.2738,17260.0
1063.0,16.61,-1.115,-0.3163,17290.0
1063.05,16.59,-0.9769,-0.2668,17260.0
1063.1,16.58,-0.8392,-0.2173,17210.0
1063.15,16.83,-0.8286,-0.2056,17160.0
1063.2,17.07,-0.8181,-0.1939,17110.0
1063.25,16.92,-0.8899,-0.23,17060.0
1063.3,16.77,-0.9618,-0.2661,17040.0
1063.35,16.8,-0.965,-0.4793,17060.0
1063.4,16.83,-0.9681,-0.6926,17120.0
1063.45,16.71,-1.207,-0.5997,17190.0
1063.5,16.59,-1.445,-0.5068,17240.0
1063.55,16.64,-1.388,-0.2628,17260.0
1063.6,16.68,-1.332,-0.01878,17260.0
1063.65,16.62,-1.1,0.03512,17230.0
1063.7,16.56,-0.8678,0.08901,17180.0
1063.75,16.41,-0.6252,-0.0934,17120.0
1063.8,16.26,-0.3826,-0.2758,17070.0
1063.85,16.22,-0.4289,-0.2705,17050.0
1063.9,16.17,-0.4753,-0.2651,17060.0
1063.95,15.99,-0.5722,-0.3935,17080.0
1064.0,15.8,-0.6692,-0.5219,17110.0
1064.05,15.82,-0.5804,-0.7574,17160.0
1064.1,15.83,-0.4916,-0.9928,17200.0
1064.15,15.83,-0.6043,-0.9034,17210.0
1064.2,15.82,-0.7169,-0.8141,17190.0
1064.25,15.76,-0.7749,-0.8059,17150.0
1064.3,15.7,-0.8328,-0.7977,17110.0
1064.35,15.61,-0.8917,-0.5869,17070.0
1064.4,15.51,-0.9506,-0.3761,17040.0
1064.45,15.42,-0.9243,-0.3384,17030.0
1064.5,15.32,-0.8981,-0.3007,17040.0
1064.55,15.25,-0.796,-0.2918,17080.0
1064.6,15.17,-0.6939,-0.2829,17140.0
1064.65,15.29,-0.8406,-0.289,17190.0
1064.7,15.41,-0.9872,-0.2951,17220.0
1064.75,15.42,-0.9454,-0.332,17210.0
1064.8,15.43,-0.9036,-0.369,17170.0
1064.85,15.46,-0.8555,-0.4264,17110.0
1064.9,15.49,-0.8073,-0.4838,17060.0
1064.95,15.67,-0.7946,-0.6465,17010.0
1065.0,15.84,-0.7818,-0.8092,16990.0
1065.05,15.99,-0.6656,-0.7197,17020.0
1065.1,16.13,-0.5494,-0.6302,17070.0
1065.15,16.02,-0.3008,-0.6344,17130.0
1065.2,15.91,-0.05215,-0.6387,17190.0
1065.25,15.93,-0.1483,-0.5113,17230.0
1065.3,15.96,-0.2444,-0.3839,17230.0
1065.35,16.09,-0.1845,-0.3981,17210.0
1065.4,16.23,-0.1246,-0.4124,17160.0
1065.45,16.29,-0.1188,-0.5203,17100.0
1065.5,16.35,-0.1131,-0.6282,17050.0
1065.55,16.13,-0.004578,-0.5258,17020.0
1065.6,15.91,0.1039,-0.4234,17030.0
1065.65,15.81,0.165,-0.2175,17070.0
1065.7,15.72,0.2261,-0.01171,17110.0
1065.75,15.75,0.01115,0.01402,17160.0
1065.8,15.78,-0.2038,0.03975,17200.0
1065.85,15.78,-0.451,0.007316,17220.0
1065.9,15.78,-0.6982,-0.02512,17190.0
1065.95,15.96,-0.4277,-0.1188,17150.0
1066.0,16.13,-0.1572,-0.2124,17110.0
1066.05,16.26,-0.1439,-0.1421,17060.0
1066.1,16.38,-0.1306,-0.0717,17040.0
1066.15,16.45,0.07703,0.02927,17020.0
1066.2,16.51,0.2846,0.1302,17030.0
1066.25,16.65,0.4015,0.03463,17050.0
1066.3,16.79,0.5183,-0.06097,17080.0
1066.35,16.89,0.4329,-0.05792,17120.0
1066.4,17.0,0.3475,-0.05487,17150.0
1066.45,16.89,0.4922,0.0317,17160.0
1066.5,16.78,0.6369,0.1183,17150.0
1066.55,16.9,0.6202,0.2297,17120.0
1066.6,17.01,0.6035,0.3412,17090.0
1066.65,16.89,0.4423,0.3357,17060.0
1066.7,16.76,0.281,0.3302,17030.0
1066.75,16.77,0.3515,0.2589,17030.0
1066.8,16.77,0.422,0.1875,17050.0
1066.85,16.73,0.6254,-0.004146,17070.0
1066.9,16.7,0.8288,-0.1958,17090.0
1066.95,16.65,0.7599,-0.1782,17110.0
1067.0,16.59,0.6911,-0.1605,17140.0
1067.05,16.73,0.7635,-0.09853,17150.0
1067.1,16.86,0.836,-0.03658,17130.0
1067.15,17.05,0.8145,0.006341,17100.0
1067.2,17.23,0.793,0.04926,17080.0
1067.25,17.06,0.7576,-0.02902,17060.0
1067.3,16.9,0.7221,-0.1073,17050.0
1067.35,16.94,0.6459,0.05256,17050.0
1067.4,16.98,0.5697,0.2124,17060.0
1067.45,16.99,0.5732,0.1362,17090.0
1067.5,16.99,0.5768,0.05999,17110.0
1067.55,16.91,0.8252,0.07524,17120.0
1067.6,16.82,1.074,0.09048,17100.0
1067.65,16.85,1.054,0.3417,17090.0
1067.7,16.89,1.035,0.5929,17080.0
1067.75,17.07,1.023,0.6931,17070.0
1067.8,17.26,1.012,0.7933,17060.0
1067.85,17.2,1.006,0.9104,17060.0
1067.9,17.13,0.9996,1.027,17090.0
1067.95,17.24,1.004,1.043,17140.0
1068.0,17.35,1.009,1.059,17160.0
1068.05,17.38,0.9968,0.9234,17150.0
1068.1,17.41,0.9845,0.7877,17120.0
1068.15,17.41,0.8792,0.5814,17100.0
1068.2,17.4,0.7739,0.3751,17080.0
1068.25,17.27,0.9283,0.3372,17050.0
1068.3,17.15,1.083,0.2992,17030.0
1068.35,17.08,1.22,0.3359,17040.0
1068.4,17.02,1.358,0.3726,17070.0
1068.45,17.02,1.437,0.2307,17090.0
1068.5,17.03,1.517,0.08877,17100.0
1068.55,16.75,1.32,-0.05024,17110.0
1068.6,16.47,1.123,-0.1892,17130.0
1068.65,16.48,0.9118,-0.2837,17140.0
1068.7,16.48,0.7002,-0.3783,17130.0
1068.75,16.83,0.8103,-0.1877,17120.0
1068.8,17.18,0.9204,0.002926,17100.0
1068.85,17.35,0.8023,0.02719,17080.0
1068.9,17.52,0.6843,0.05146,17070.0
1068.95,17.61,0.6875,-0.07097,17060.0
1069.0,17.7,0.6907,-0.1934,17060.0
1069.05,17.84,0.6748,-0.3653,17070.0
1069.1,17.97,0.6588,-0.5373,17090.0
1069.15,18.0,0.6117,-0.3691,17110.0
1069.2,18.03,0.5645,-0.201,17130.0
1069.25,17.93,0.7269,-0.2194,17150.0
1069.3,17.82,0.8893,-0.2378,17180.0
1069.35,17.61,0.7144,-0.1788,17200.0
1069.4,17.4,0.5394,-0.1197,17190.0
1069.45,17.43,0.2986,0.03256,17180.0
1069.5,17.46,0.05772,0.1849,17170.0
1069.55,17.52,-0.0009952,0.3402,17160.0
1069.6,17.58,-0.05971,0.4956,17160.0
1069.65,17.42,0.0836,0.5076,17140.0
1069.7,17.25,0.2269,0.5197,17140.0
1069.75,17.26,0.3224,0.2674,17140.0
1069.8,17.27,0.418,0.01512,17160.0
1069.85,17.16,0.3228,0.1812,17170.0
1069.9,17.06,0.2277,0.3473,17180.0
1069.95,16.89,0.2283,0.4207,17200.0
1070.0,16.73,0.2289,0.4941,17230.0
1070.05,16.96,0.171,0.5406,17250.0
1070.1,17.2,0.1131,0.587,17250.0
1070.15,17.25,0.05295,0.6593,17230.0
1070.2,17.31,-0.007165,0.7316,17220.0
1070.25,17.38,0.03105,0.6885,17200.0
1070.3,17.45,0.06927,0.6453,17170.0
1070.35,17.29,-0.02727,0.6538,17130.0
1070.4,17.14,-0.1238,0.6624,17110.0
1070.45,17.13,-0.1351,0.6368,17110.0
1070.5,17.12,-0.1465,0.6112,17120.0
1070.55,17.09,-0.1793,0.4606,17130.0
1070.6,17.06,-0.2122,0.31,17160.0
1070.65,16.96,-0.08997,0.1711,17180.0
1070.7,16.87,0.03224,0.03219,17200.0
1070.75,16.85,0.1007,0.06146,17210.0
1070.8,16.84,0.1692,0.09072,17190.0
1070.85,16.96,0.1417,0.1891,17150.0
1070.9,17.08,0.1142,0.2875,17100.0
1070.95,17.04,0.1174,0.2199,17050.0
1071.0,17.0,0.1206,0.1522,17030.0
1071.05,16.98,-0.08061,0.3185,17040.0
1071.1,16.97,-0.2818,0.4848,17070.0
1071.15,17.11,-0.2458,0.3874,17100.0
1071.2,17.24,-0.2098,0.29,17130.0
1071.25,17.25,-0.2311,-0.01171,17140.0
1071.3,17.26,-0.2524,-0.3134,17140.0
1071.35,17.21,-0.03404,-0.3845,17130.0
1071.4,17.15,0.1843,-0.4556,17100.0
1071.45,17.13,0.2257,-0.1138,17090.0
1071.5,17.1,0.2671,0.228,17090.0
1071.55,17.15,0.376,0.0389,17110.0
1071.6,17.21,0.4849,-0.1502,17120.0
1071.65,17.29,0.4395,-0.02524,17130.0
1071.7,17.37,0.3941,0.09975,17150.0
1071.75,17.41,0.5366,0.3162,17160.0
1071.8,17.45,0.6791,0.5326,17160.0
1071.85,17.43,0.7177,0.4315,17160.0
1071.9,17.41,0.7564,0.3305,17160.0
1071.95,17.3,0.6765,0.1294,17140.0
1072.0,17.2,0.5967,-0.0717,17130.0
1072.05,17.11,0.5504,-0.1075,17120.0
1072.1,17.02,0.504,-0.1434,17130.0
1072.15,16.96,0.1992,-0.1439,17160.0
1072.2,16.91,-0.1055,-0.1444,17200.0
1072.25,17.12,-0.2148,-0.196,17220.0
1072.3,17.33,-0.324,-0.2475,17240.0
1072.35,17.35,-0.2201,-0.2295,17250.0
1072.4,17.37,-0.1162,-0.2114,17230.0
1072.45,17.47,-0.07285,-0.3875,17180.0
1072.5,17.57,-0.02946,-0.5636,17140.0
1072.55,17.59,-0.03623,-0.518,17110.0
1072.6,17.61,-0.04299,-0.4724,17100.0
1072.65,17.6,-0.04896,-0.4979,17110.0
1072.7,17.58,-0.05494,-0.5234,17140.0
1072.75,17.79,-0.2122,-0.448,17180.0
1072.8,18.0,-0.3694,-0.3726,17220.0
1072.85,18.02,-0.4267,-0.4153,17240.0
1072.9,18.05,-0.4841,-0.458,17230.0
1072.95,18.05,-0.3806,-0.5791,17180.0
1073.0,18.06,-0.2771,-0.7002,17130.0
1073.05,17.89,-0.2719,-0.5647,17080.0
1073.1,17.71,-0.2667,-0.4292,17050.0
1073.15,17.76,-0.2874,-0.3368,17040.0
1073.2,17.81,-0.3081,-0.2444,17060.0
1073.25,17.63,-0.331,-0.2071,17120.0
1073.3,17.45,-0.3539,-0.1697,17190.0
1073.35,17.37,-0.3734,-0.1884,17250.0
1073.4,17.28,-0.3929,-0.2071,17250.0
1073.45,17.31,-0.2735,-0.1945,17230.0
1073.5,17.33,-0.1541,-0.1819,17190.0
1073.55,17.21,2.98e-08,-0.1733,17130.0
1073.6,17.1,0.1541,-0.1646,17070.0
1073.65,17.27,0.05792,0.01817,17030.0
1073.7,17.44,-0.03822,0.201,17030.0
1073.75,17.38,-0.1817,0.294,17070.0
1073.8,17.31,-0.3252,0.387,17120.0
1073.85,17.16,-0.1982,0.4015,17170.0
1073.9,17.0,-0.07126,0.4161,17220.0
1073.95,17.0,0.2496,0.5045,17270.0
1074.0,16.99,0.5705,0.5929,17310.0
1074.05,17.27,0.6226,0.5869,17300.0
1074.1,17.55,0.6748,0.5809,17260.0
1074.15,17.68,0.6248,0.3864,17200.0
1074.2,17.81,0.5748,0.1919,17140.0
1074.25,17.8,0.3439,0.3122,17100.0
1074.3,17.8,0.1131,0.4324,17090.0
1074.35,17.86,-0.1375,0.1566,17110.0
1074.4,17.93,-0.3881,-0.1193,17160.0
1074.45,17.75,-0.2902,-0.1521,17220.0
1074.5,17.57,-0.1923,-0.1849,17280.0
1074.55,17.46,-0.3111,-0.05463,17300.0
1074.6,17.34,-0.4299,0.0756,17290.0
1074.65,17.26,-0.2446,0.2407,17270.0
1074.7,17.17,-0.05931,0.4058,17230.0
1074.75,17.16,-0.05792,0.3431,17180.0
1074.8,17.16,-0.05653,0.2805,17140.0
1074.85,17.32,-0.002588,0.1928,17110.0
1074.9,17.47,0.05135,0.1051,17110.0
1074.95,17.47,-0.04737,0.1575,17140.0
1075.0,17.47,-0.1461,0.21,17170.0
1075.05,17.51,-0.214,0.01512,17190.0
1075.1,17.56,-0.2818,-0.1797,17210.0
1075.15,17.68,-0.4218,-0.2051,17200.0
1075.2,17.81,-0.5617,-0.2305,17180.0
1075.25,17.62,-0.5553,-0.1714,17130.0
1075.3,17.42,-0.549,-0.1124,17090.0
1075.35,17.23,-0.3658,-0.1066,17070.0
1075.4,17.04,-0.1827,-0.1007,17070.0
1075.45,17.07,-0.2199,-0.1055,17090.0
1075.5,17.1,-0.2572,-0.1102,17130.0
1075.55,17.12,-0.2454,0.002561,17170.0
1075.6,17.14,-0.2337,0.1154,17210.0
1075.65,17.0,-0.3173,0.1054,17220.0
1075.7,16.85,-0.4009,0.09536,17210.0
1075.75,16.96,-0.4381,0.1763,17180.0
1075.8,17.08,-0.4753,0.2573,17140.0
1075.85,17.09,-0.3901,0.4626,17110.0
1075.9,17.1,-0.3049,0.668,17090.0
1075.95,17.1,-0.2054,0.7546,17090.0
1076.0,17.1,-0.1059,0.8411,17120.0
1076.05,17.29,-0.1738,0.7943,17170.0
1076.1,17.47,-0.2416,0.7475,17230.0
1076.15,17.64,-0.3824,0.5941,17280.0
1076.2,17.81,-0.5231,0.4407,17310.0
1076.25,18.05,-0.4602,0.3292,17330.0
1076.3,18.29,-0.3973,0.2178,17320.0
1076.35,18.2,-0.4265,0.1694,17300.0
1076.4,18.11,-0.4558,0.121,17260.0
1076.45,18.1,-0.4411,0.1536,17220.0
1076.5,18.09,-0.4263,0.1863,17200.0
1076.55,17.82,-0.4379,-0.02609,17190.0
1076.6,17.56,-0.4494,-0.2385,17210.0
1076.65,17.65,-0.5334,-0.2286,17250.0
1076.7,17.75,-0.6174,-0.2188,17290.0
1076.75,17.73,-0.5681,-0.4368,17330.0
1076.8,17.71,-0.5187,-0.6548,17370.0
1076.85,17.6,-0.5179,-0.638,17380.0
1076.9,17.49,-0.5171,-0.6212,17390.0
1076.95,17.44,-0.6254,-0.4576,17370.0
1077.0,17.38,-0.7337,-0.2941,17340.0
1077.05,17.34,-0.6369,-0.372,17300.0
1077.1,17.3,-0.5402,-0.45,17260.0
1077.15,17.32,-0.5583,-0.471,17240.0
1077.2,17.34,-0.5764,-0.4921,17240.0
1077.25,17.32,-0.4333,-0.5634,17260.0
1077.3,17.31,-0.2902,-0.6346,17280.0
1077.35,17.22,-0.2424,-0.7199,17310.0
1077.4,17.14,-0.1947,-0.8053,17340.0
1077.45,17.08,0.0201,-0.6263,17360.0
1077.5,17.03,0.2349,-0.4473,17360.0
1077.55,17.15,0.3123,-0.4309,17340.0
1077.6,17.28,0.3897,-0.4146,17330.0
1077.65,17.2,0.2852,-0.6379,17320.0
1077.7,17.13,0.1807,-0.8611,17310.0
1077.75,17.11,-0.02428,-0.9665,17300.0
1077.8,17.08,-0.2293,-1.072,17290.0
1077.85,17.03,-0.2174,-1.103,17300.0
1077.9,16.99,-0.2054,-1.134,17310.0
1077.95,17.14,0.05215,-0.9318,17310.0
1078.0,17.29,0.3097,-0.7297,17300.0
1078.05,17.23,0.3754,-0.8922,17300.0
1078.1,17.16,0.4411,-1.055,17310.0
1078.15,17.28,0.3563,-1.103,17330.0
1078.2,17.39,0.2715,-1.151,17350.0
1078.25,17.44,0.116,-1.137,17360.0
1078.3,17.49,-0.03941,-1.122,17380.0
1078.35,17.57,-0.007166,-0.9707,17400.0
1078.4,17.66,0.02508,-0.8197,17390.0
1078.45,17.89,0.007564,-0.8375,17370.0
1078.5,18.12,-0.009952,-0.8553,17360.0
1078.55,17.98,-0.006767,-0.9206,17360.0
1078.6,17.83,-0.003583,-0.986,17370.0
1078.65,17.81,-0.08121,-1.089,17370.0
1078.7,17.79,-0.1588,-1.191,17370.0
1078.75,17.94,-0.3408,-1.144,17390.0
1078.8,18.08,-0.5227,-1.098,17430.0
1078.85,18.21,-0.6783,-1.043,17460.0
1078.9,18.34,-0.834,-0.9877,17470.0
1078.95,18.29,-0.6535,-1.064,17480.0
1079.0,18.24,-0.4729,-1.139,17490.0
1079.05,18.3,-0.4896,-1.143,17500.0
1079.1,18.35,-0.5064,-1.147,17490.0
1079.15,18.42,-0.8053,-0.9953,17480.0
1079.2,18.48,-1.104,-0.8431,17470.0
1079.25,18.52,-1.262,-0.7113,17480.0
1079.3,18.56,-1.419,-0.5794,17470.0
1079.35,18.61,-1.461,-0.6505,17470.0
1079.4,18.66,-1.502,-0.7216,17470.0
1079.45,18.66,-1.544,-0.6502,17490.0
1079.5,18.66,-1.585,-0.5787,17510.0
1079.55,18.61,-1.492,-0.414,17520.0
1079.6,18.56,-1.399,-0.2492,17510.0
1079.65,18.58,-1.315,-0.121,17510.0
1079.7,18.61,-1.231,0.007316,17510.0
1079.75,18.55,-1.146,-0.0656,17510.0
1079.8,18.5,-1.06,-0.1385,17510.0
1079.85,18.4,-0.9628,-0.1643,17500.0
1079.9,18.3,-0.865,-0.19,17490.0
1079.95,18.36,-0.8246,-0.154,17500.0
1080.0,18.42,-0.7842,-0.118,17500.0
1080.05,18.4,-0.7289,-0.03365,17490.0
1080.1,18.37,-0.6736,0.05073,17480.0
1080.15,18.35,-0.6809,0.04048,17480.0
1080.2,18.33,-0.6883,0.03024,17480.0
1080.25,18.37,-0.5492,-0.04536,17480.0
1080.3,18.4,-0.41,-0.121,17470.0
1080.35,18.55,-0.4381,-0.1771,17470.0
1080.4,18.71,-0.4662,-0.2331,17480.0
1080.45,18.94,-0.4709,-0.1345,17510.0
1080.5,19.16,-0.4757,-0.03585,17550.0
1080.55,19.28,-0.3416,0.02268,17570.0
1080.6,19.4,-0.2074,0.08121,17580.0
1080.65,19.33,-0.1262,0.06633,17570.0
1080.7,19.25,-0.04498,0.05146,17540.0
1080.75,19.09,-0.2966,-0.3118,17510.0
1080.8,18.92,-0.5482,-0.675,17480.0
1080.85,18.91,-0.7416,-0.6774,17480.0
1080.9,18.89,-0.9351,-0.6797,17500.0
1080.95,18.86,-1.1,-0.6642,17540.0
1081.0,18.83,-1.264,-0.6487,17600.0
1081.05,19.01,-1.216,-0.7013,17640.0
1081.1,19.19,-1.167,-0.7538,17660.0
1081.15,19.09,-1.044,-0.8598,17660.0
1081.2,18.98,-0.922,-0.9657,17640.0
1081.25,19.16,-0.7667,-1.054,17620.0
1081.3,19.34,-0.6115,-1.142,17600.0
1081.35,19.35,-0.6917,-0.961,17580.0
1081.4,19.35,-0.7719,-0.7802,17570.0
1081.45,19.23,-0.9009,-0.8441,17580.0
1081.5,19.11,-1.03,-0.9079,17600.0
1081.55,19.09,-1.121,-1.019,17620.0
1081.6,19.07,-1.213,-1.13,17630.0
1081.65,19.11,-1.163,-1.02,17630.0
1081.7,19.15,-1.112,-0.9099,17630.0
1081.75,19.22,-0.9226,-0.965,17630.0
1081.8,19.3,-0.7329,-1.02,17620.0
1081.85,19.2,-0.7231,-1.062,17620.0
1081.9,19.1,-0.7134,-1.104,17620.0
1081.95,18.88,-0.8091,-0.8749,17640.0
1082.0,18.67,-0.9048,-0.6463,17660.0
1082.05,18.89,-0.909,-0.6068,17670.0
1082.1,19.11,-0.9132,-0.5673,17670.0
1082.15,19.18,-0.6537,-0.3467,17670.0
1082.2,19.25,-0.3941,-0.1261,17640.0
1082.25,19.18,-0.384,-0.1934,17610.0
1082.3,19.1,-0.3738,-0.2607,17580.0
1082.35,19.04,-0.4367,-0.04548,17580.0
1082.4,18.97,-0.4996,0.1697,17610.0
1082.45,19.05,-0.5422,0.07475,17640.0
1082.5,19.13,-0.5848,-0.02024,17680.0
1082.55,18.95,-0.4825,-0.05853,17720.0
1082.6,18.78,-0.3802,-0.09682,17730.0
1082.65,18.6,-0.3871,-0.05865,17720.0
1082.7,18.41,-0.3941,-0.02049,17700.0
1082.75,18.5,-0.4397,-0.07414,17690.0
1082.8,18.59,-0.4853,-0.1278,17700.0
1082.85,18.46,-0.4353,-0.1156,17710.0
1082.9,18.34,-0.3853,-0.1034,17730.0
1082.95,18.33,-0.4514,-0.1724,17740.0
1083.0,18.33,-0.5175,-0.2414,17740.0
1083.05,18.48,-0.6399,-0.09109,17730.0
1083.1,18.63,-0.7623,0.05926,17720.0
1083.15,18.7,-0.6686,0.1013,17710.0
1083.2,18.77,-0.5748,0.1434,17720.0
1083.25,18.64,-0.625,0.06597,17740.0
1083.3,18.52,-0.6751,-0.01146,17770.0
1083.35,18.48,-0.6943,-0.09182,17800.0
1083.4,18.44,-0.7134,-0.1722,17820.0
1083.45,18.41,-0.6178,-0.1406,17830.0
1083.5,18.37,-0.5223,-0.109,17830.0
1083.55,18.33,-0.3845,-0.2431,17800.0
1083.6,18.29,-0.2468,-0.3773,17760.0
1083.65,18.43,-0.2323,-0.5619,17730.0
1083.7,18.57,-0.2178,-0.7465,17720.0
1083.75,18.66,-0.301,-0.6994,17730.0
1083.8,18.75,-0.3842,-0.6524,17740.0
1083.85,18.61,-0.3577,-0.3456,17770.0
1083.9,18.48,-0.3312,-0.03878,17790.0
1083.95,18.53,-0.4359,0.1534,17810.0
1084.0,18.59,-0.5406,0.3456,17820.0
1084.05,18.74,-0.6128,0.3961,17820.0
1084.1,18.88,-0.6851,0.4465,17830.0
1084.15,18.95,-0.7468,0.3624,17840.0
1084.2,19.02,-0.8085,0.2783,17840.0
1084.25,19.08,-0.827,0.09036,17830.0
1084.3,19.13,-0.8455,-0.09755,17810.0
1084.35,19.07,-0.8509,0.1846,17790.0
1084.4,19.01,-0.8563,0.4668,17780.0
1084.45,18.95,-0.7369,0.3403,17750.0
1084.5,18.89,-0.6174,0.2139,17740.0
1084.55,18.9,-0.6668,0.3572,17750.0
1084.6,18.9,-0.7162,0.5004,17780.0
1084.65,18.98,-0.6214,0.3541,17810.0
1084.7,19.05,-0.5267,0.2078,17840.0
1084.75,19.18,-0.6361,0.3259,17850.0
1084.8,19.3,-0.7456,0.4441,17840.0
1084.85,19.41,-1.014,0.721,17820.0
1084.9,19.53,-1.283,0.9979,17790.0
1084.95,19.49,-1.407,0.8849,17760.0
1085.0,19.46,-1.531,0.7719,17760.0
1085.05,19.65,-1.356,0.8111,17790.0
1085.1,19.83,-1.182,0.8504,17810.0
1085.15,19.88,-1.271,0.9154,17840.0
1085.2,19.92,-1.359,0.9804,17840.0
1085.25,19.93,-1.286,1.042,17820.0
1085.3,19.95,-1.212,1.103,17800.0
1085.35,19.94,-1.191,1.057,17790.0
1085.4,19.93,-1.17,1.011,17790.0
1085.45,19.86,-1.001,0.8784,17810.0
1085.5,19.79,-0.8316,0.7455,17840.0
1085.55,19.89,-0.953,0.884,17870.0
1085.6,19.99,-1.074,1.023,17890.0
1085.65,19.95,-1.253,0.9856,17900.0
1085.7,19.9,-1.431,0.9487,17890.0
1085.75,19.75,-1.418,0.8766,17870.0
1085.8,19.59,-1.404,0.8045,17840.0
1085.85,19.51,-1.499,0.6351,17820.0
1085.9,19.43,-1.594,0.4656,17830.0
1085.95,19.45,-1.623,0.4165,17840.0
1086.0,19.48,-1.651,0.3675,17850.0
1086.05,19.32,-1.763,0.3307,17860.0
1086.1,19.16,-1.874,0.2939,17870.0
1086.15,19.22,-1.732,0.1929,17880.0
1086.2,19.28,-1.59,0.09194,17880.0
1086.25,19.23,-1.652,0.2449,17860.0
1086.3,19.19,-1.714,0.3978,17860.0
1086.35,19.29,-1.727,0.4534,17860.0
1086.4,19.4,-1.74,0.509,17870.0
1086.45,19.55,-1.512,0.5302,17870.0
1086.5,19.7,-1.284,0.5514,17860.0
1086.55,19.69,-1.442,0.6092,17850.0
1086.6,19.68,-1.6,0.667,17850.0
1086.65,19.64,-1.562,0.7018,17840.0
1086.7,19.6,-1.524,0.7365,17820.0
1086.75,19.65,-1.489,0.8832,17810.0
1086.8,19.71,-1.453,1.03,17820.0
1086.85,19.81,-1.463,0.8034,17830.0
1086.9,19.92,-1.473,0.577,17830.0
1086.95,20.04,-1.334,0.4052,17830.0
1087.0,20.16,-1.195,0.2334,17820.0
1087.05,19.98,-0.867,0.314,17820.0
1087.1,19.81,-0.539,0.3946,17800.0
1087.15,19.8,-0.7259,0.606,17770.0
1087.2,19.79,-0.9128,0.8175,17750.0
1087.25,19.78,-1.006,0.8484,17760.0
1087.3,19.77,-1.099,0.8794,17780.0
1087.35,19.55,-1.397,0.8662,17810.0
1087.4,19.32,-1.695,0.8531,17820.0
1087.45,19.25,-1.754,0.818,17820.0
1087.5,19.17,-1.813,0.7828,17800.0
1087.55,19.14,-1.668,0.7291,17790.0
1087.6,19.11,-1.523,0.6753,17760.0
1087.65,18.99,-1.575,0.6158,17740.0
1087.7,18.87,-1.627,0.5563,17730.0
1087.75,19.01,-1.565,0.4814,17760.0
1087.8,19.14,-1.503,0.4065,17800.0
1087.85,19.19,-1.235,0.5649,17820.0
1087.9,19.25,-0.9677,0.7233,17810.0
1087.95,19.27,-0.8754,0.7871,17810.0
1088.0,19.29,-0.783,0.8509,17790.0
1088.05,19.18,-0.7986,1.032,17780.0
1088.1,19.07,-0.8141,1.213,17760.0
1088.15,19.33,-0.9044,1.053,17740.0
1088.2,19.6,-0.9948,0.8936,17730.0
1088.25,19.76,-0.9462,0.9028,17740.0
1088.3,19.93,-0.8977,0.9121,17760.0
1088.35,19.96,-1.019,0.9337,17770.0
1088.4,19.99,-1.14,0.9553,17780.0
1088.45,19.86,-1.06,0.8855,17780.0
1088.5,19.73,-0.9793,0.8158,17770.0
1088.55,19.51,-0.956,0.5719,17760.0
1088.6,19.29,-0.9327,0.328,17730.0
1088.65,19.11,-0.8121,0.507,17710.0
1088.7,18.93,-0.6915,0.686,17700.0
1088.75,19.08,-0.6543,0.6333,17700.0
1088.8,19.23,-0.617,0.5807,17690.0
1088.85,19.18,-0.9134,0.5064,17680.0
1088.9,19.13,-1.21,0.4321,17670.0
1088.95,19.38,-1.19,0.3364,17660.0
1089.0,19.63,-1.171,0.2407,17660.0
1089.05,19.46,-1.08,0.0639,17650.0
1089.1,19.28,-0.988,-0.1129,17650.0
1089.15,19.08,-0.9429,0.04061,17660.0
1089.2,18.87,-0.8977,0.1941,17680.0
1089.25,18.98,-0.7711,0.3128,17680.0
1089.3,19.09,-0.6445,0.4314,17660.0
1089.35,19.07,-0.667,0.6166,17620.0
1089.4,19.04,-0.6895,0.8019,17580.0
1089.45,18.87,-0.7225,0.7008,17550.0
1089.5,18.69,-0.7556,0.5997,17540.0
1089.55,18.77,-0.7199,0.5694,17530.0
1089.6,18.86,-0.6843,0.5392,17540.0
1089.65,18.92,-0.5971,0.6526,17570.0
1089.7,18.98,-0.5099,0.766,17600.0
1089.75,18.98,-0.545,0.8031,17610.0
1089.8,18.98,-0.58,0.8402,17600.0
1089.85,18.95,-0.6718,0.9521,17570.0
1089.9,18.93,-0.7635,1.064,17530.0
1089.95,18.85,-0.7872,0.9799,17490.0
1090.0,18.77,-0.8109,0.8958,17460.0
1090.05,18.91,-0.6978,0.8486,17430.0
1090.1,19.05,-0.5848,0.8014,17430.0
1090.15,18.93,-0.3658,0.6886,17440.0
1090.2,18.8,-0.1469,0.5758,17460.0
1090.25,19.01,0.02209,0.4837,17460.0
1090.3,19.21,0.1911,0.3917,17440.0
1090.35,19.13,0.1845,0.3134,17430.0
1090.4,19.05,0.1779,0.2351,17420.0
1090.45,18.84,0.09156,0.3301,17400.0
1090.5,18.63,0.005175,0.4251,17390.0
1090.55,18.55,-0.1194,0.5437,17370.0
1090.6,18.48,-0.244,0.6624,17350.0
1090.65,18.38,-0.3175,0.7917,17330.0
1090.7,18.28,-0.3909,0.9211,17320.0
1090.75,18.17,-0.2329,0.9646,17290.0
1090.8,18.05,-0.07484,1.008,17270.0
1090.85,18.1,-0.1156,0.8645,17270.0
1090.9,18.15,-0.1564,0.7209,17270.0
1090.95,18.23,-0.09912,0.7335,17270.0
1091.0,18.32,-0.0418,0.746,17280.0
1091.05,18.23,0.1807,0.893,17270.0
1091.1,18.15,0.4033,1.04,17260.0
1091.15,18.13,0.4425,0.9816,17240.0
1091.2,18.11,0.4817,0.9233,17200.0
1091.25,18.12,0.5302,0.9826,17170.0
1091.3,18.13,0.5788,1.042,17150.0
1091.35,17.99,0.6795,1.104,17150.0
1091.4,17.86,0.7802,1.166,17160.0
1091.45,17.74,0.7191,1.054,17170.0
1091.5,17.63,0.658,0.9423,17180.0
1091.55,17.6,0.6353,0.7866,17180.0
1091.6,17.57,0.6127,0.6309,17160.0
1091.65,17.6,0.7106,0.6102,17130.0
1091.7,17.63,0.8085,0.5894,17090.0
1091.75,17.79,0.7824,0.6786,17060.0
1091.8,17.95,0.7564,0.7677,17040.0
1091.85,17.95,0.4958,0.6449,17020.0
1091.9,17.95,0.2353,0.5221,17030.0
1091.95,17.82,0.2767,0.5292,17050.0
1092.0,17.68,0.3181,0.5363,17060.0
1092.05,17.53,0.37,0.6522,17050.0
1092.1,17.38,0.422,0.7682,17030.0
1092.15,17.54,0.292,0.5365,17010.0
1092.2,17.69,0.162,0.3048,16970.0
1092.25,17.69,0.1047,0.4059,16930.0
1092.3,17.68,0.04737,0.507,16880.0
1092.35,17.73,0.06986,0.6419,16860.0
1092.4,17.78,0.09236,0.7767,16860.0
1092.45,17.69,0.3256,0.6887,16860.0
1092.5,17.61,0.5589,0.6007,16870.0
1092.55,17.78,0.5776,0.5229,16870.0
1092.6,17.96,0.5963,0.4451,16880.0
1092.65,18.13,0.6769,0.3364,16890.0
1092.7,18.3,0.7576,0.2278,16870.0
1092.75,18.09,1.02,0.1933,16830.0
1092.8,17.88,1.283,0.1588,16780.0
1092.85,17.75,1.174,0.323,16750.0
1092.9,17.63,1.064,0.4873,16730.0
1092.95,17.58,1.011,0.2329,16720.0
1093.0,17.54,0.9578,-0.02146,16710.0
1093.05,17.57,0.8284,0.1257,16720.0
1093.1,17.6,0.699,0.2729,16740.0
1093.15,17.47,0.5414,0.2884,16760.0
1093.2,17.34,0.3838,0.3039,16760.0
1093.25,17.1,0.4017,0.1514,16750.0
1093.3,16.86,0.4196,-0.0009755,16730.0
1093.35,16.72,0.1825,0.07072,16700.0
1093.4,16.58,-0.05454,0.1424,16680.0
1093.45,16.62,-0.2112,0.2997,16650.0
1093.5,16.67,-0.3678,0.457,16630.0
1093.55,16.63,-0.01453,0.4725,16620.0
1093.6,16.59,0.3388,0.488,16630.0
1093.65,16.59,0.5145,0.4593,16640.0
1093.7,16.6,0.6903,0.4307,16650.0
1093.75,16.62,0.5078,0.3862,16660.0
1093.8,16.64,0.3252,0.3417,16660.0
1093.85,16.66,0.4717,0.3162,16660.0
1093.9,16.68,0.6182,0.2907,16630.0
1093.95,16.79,0.5969,0.04682,16600.0
1094.0,16.9,0.5756,-0.1971,16560.0
1094.05,16.75,0.3696,-0.21,16540.0
1094.1,16.6,0.1636,-0.2229,16520.0
1094.15,16.4,0.2448,-0.01914,16520.0
1094.2,16.21,0.326,0.1846,16520.0
1094.25,16.38,0.2838,0.1779,16540.0
1094.3,16.55,0.2416,0.1712,16560.0
1094.35,16.71,0.1035,0.1924,16570.0
1094.4,16.86,-0.03463,0.2136,16540.0
1094.45,16.81,0.0007962,0.2918,16500.0
1094.5,16.76,0.03623,0.37,16450.0
1094.55,16.65,0.3226,0.3623,16400.0
1094.6,16.53,0.6091,0.3546,16380.0
1094.65,16.37,0.6736,0.3409,16360.0
1094.7,16.22,0.738,0.3273,16370.0
1094.75,16.31,0.7743,0.3214,16390.0
1094.8,16.39,0.8105,0.3156,16420.0
1094.85,16.43,0.7587,0.3485,16430.0
1094.9,16.48,0.707,0.3814,16410.0
1094.95,16.25,0.4309,0.194,16390.0
1095.0,16.02,0.1549,0.006585,16360.0
1095.05,15.99,0.1889,0.0767,16310.0
1095.1,15.96,0.2229,0.1468,16260.0
1095.15,15.82,0.4271,0.1522,16220.0
1095.2,15.68,0.6314,0.1575,16220.0
1095.25,15.78,0.4578,0.1345,16250.0
1095.3,15.87,0.2842,0.1115,16280.0
1095.35,15.95,0.1324,0.07572,16300.0
1095.4,16.04,-0.01951,0.04,16310.0
1095.45,16.1,0.164,0.04634,16320.0
1095.5,16.16,0.3475,0.05268,16310.0
1095.55,16.26,0.1929,-0.1106,16270.0
1095.6,16.35,0.03822,-0.2739,16220.0
1095.65,16.4,0.0627,-0.29,16190.0
1095.7,16.45,0.08718,-0.3061,16170.0
1095.75,16.4,0.1137,-0.3264,16160.0
1095.8,16.35,0.1401,-0.3468,16160.0
1095.85,16.39,0.1294,-0.3653,16170.0
1095.9,16.44,0.1186,-0.3839,16190.0
1095.95,16.39,0.117,-0.3931,16210.0
1096.0,16.35,0.1154,-0.4024,16220.0
1096.05,16.25,0.1033,-0.2344,16210.0
1096.1,16.14,0.09116,-0.06633,16180.0
1096.15,16.23,-0.1447,-0.1689,16160.0
1096.2,16.32,-0.3806,-0.2714,16140.0
1096.25,16.14,-0.6121,-0.2362,16110.0
1096.3,15.95,-0.8435,-0.201,16080.0
1096.35,15.97,-0.6925,-0.2896,16060.0
1096.4,15.98,-0.5414,-0.3783,16070.0
1096.45,15.94,-0.4773,-0.1388,16080.0
1096.5,15.89,-0.4132,0.1007,16090.0
1096.55,15.84,-0.7319,0.08901,16100.0
1096.6,15.78,-1.051,0.07731,16100.0
1096.65,15.61,-1.034,0.3046,16110.0
1096.7,15.44,-1.018,0.5319,16110.0
1096.75,15.3,-1.057,0.3934,16090.0
1096.8,15.16,-1.097,0.2548,16050.0
1096.85,15.2,-1.038,0.1871,16010.0
1096.9,15.25,-0.9801,0.1193,15970.0
1096.95,15.16,-1.057,0.19,15940.0
1097.0,15.06,-1.134,0.2607,15930.0
1097.05,15.01,-1.16,0.2792,15960.0
1097.1,14.96,-1.186,0.2978,16010.0
1097.15,14.92,-1.162,0.3989,16060.0
1097.2,14.87,-1.138,0.4999,16070.0
1097.25,14.92,-1.069,0.4562,16040.0
1097.3,14.97,-1.001,0.4124,15990.0
1097.35,15.14,-0.9435,0.4858,15940.0
1097.4,15.31,-0.8861,0.5592,15890.0
1097.45,15.19,-0.7526,0.5358,15840.0
1097.5,15.07,-0.619,0.5124,15820.0
1097.55,14.91,-0.5732,0.1721,15840.0
1097.6,14.74,-0.5275,-0.1683,15880.0
1097.65,14.84,-0.5285,-0.05304,15910.0
1097.7,14.93,-0.5295,0.06219,15920.0
1097.75,14.98,-0.542,-0.143,15920.0
1097.8,15.02,-0.5545,-0.3483,15920.0
1097.85,15.11,-0.5086,-0.307,15910.0
1097.9,15.19,-0.4626,-0.2658,15880.0
1097.95,15.25,-0.6053,-0.237,15840.0
1098.0,15.3,-0.748,-0.2083,15820.0
1098.05,15.23,-0.753,-0.2383,15810.0
1098.1,15.15,-0.758,-0.2683,15810.0
1098.15,15.37,-0.7854,0.0009755,15800.0
1098.2,15.6,-0.8129,0.2702,15810.0
1098.25,15.43,-0.7104,0.2913,15840.0
1098.3,15.27,-0.6079,0.3124,15860.0
1098.35,15.31,-0.6308,0.2801,15860.0
1098.4,15.34,-0.6537,0.2478,15840.0
1098.45,15.28,-0.7804,0.2697,15820.0
1098.5,15.22,-0.9072,0.2917,15800.0
1098.55,15.23,-0.8587,0.2575,15780.0
1098.6,15.24,-0.8101,0.2234,15760.0
1098.65,15.37,-0.9737,0.116,15750.0
1098.7,15.5,-1.137,0.008536,15770.0
1098.75,15.52,-0.7944,-0.09706,15790.0
1098.8,15.53,-0.4514,-0.2027,15830.0
1098.85,15.48,-0.4138,-0.05024,15850.0
1098.9,15.43,-0.3762,0.1022,15870.0
1098.95,15.44,-0.5537,0.003658,15850.0
1099.0,15.45,-0.7313,-0.09487,15810.0
1099.05,15.32,-0.5651,-0.2325,15760.0
1099.1,15.2,-0.3989,-0.3702,15700.0
1099.15,15.29,-0.6051,-0.4432,15680.0
1099.2,15.38,-0.8113,-0.5163,15690.0
1099.25,15.42,-0.702,-0.4699,15720.0
1099.3,15.46,-0.5927,-0.4236,15760.0
1099.35,15.43,-0.7783,-0.5701,15800.0
1099.4,15.41,-0.9638,-0.7165,15820.0
1099.45,15.67,-0.8005,-0.5366,15810.0
1099.5,15.93,-0.6373,-0.3568,15790.0
1099.55,15.93,-0.5744,-0.3848,15760.0
1099.6,15.93,-0.5115,-0.4129,15740.0
1099.65,16.01,-0.5933,-0.4239,15720.0
1099.7,16.09,-0.6751,-0.4348,15700.0
1099.75,16.17,-0.5153,-0.686,15680.0
1099.8,16.26,-0.3555,-0.9372,15670.0
1099.85,16.24,-0.4488,-0.7639,15670.0
1099.9,16.23,-0.5422,-0.5907,15660.0
1099.95,16.06,-0.4703,-0.3743,15670.0
1100.0,15.9,-0.3985,-0.158,15670.0
1100.05,15.91,-0.4417,-0.1923,15680.0
1100.1,15.92,-0.4849,-0.2266,15680.0
1100.15,15.87,-0.5559,-0.194,15680.0
1100.2,15.83,-0.627,-0.1614,15660.0
1100.25,15.94,-0.675,-0.1061,15630.0
1100.3,16.06,-0.7229,-0.05073,15600.0
1100.35,16.09,-0.6178,0.1141,15590.0
1100.4,16.12,-0.5127,0.279,15590.0
1100.45,16.12,-0.41,0.0617,15610.0
1100.5,16.13,-0.3073,-0.1556,15620.0
1100.55,16.19,-0.2178,-0.14,15630.0
1100.6,16.25,-0.1282,-0.1244,15620.0
1100.65,16.22,-0.1935,-0.1445,15600.0
1100.7,16.2,-0.2588,-0.1646,15560.0
1100.75,16.51,-0.1403,-0.3278,15520.0
1100.8,16.82,-0.02189,-0.4909,15480.0
1100.85,16.87,-0.2584,-0.6118,15460.0
1100.9,16.92,-0.4948,-0.7326,15470.0
1100.95,16.79,-0.2572,-0.5234,15500.0
1101.0,16.66,-0.01951,-0.3141,15520.0
1101.05,16.4,-0.04459,-0.09536,15530.0
1101.1,16.13,-0.06966,0.1234,15530.0
1101.15,16.14,-0.3095,-0.1534,15530.0
1101.2,16.14,-0.5494,-0.4302,15510.0
1101.25,16.25,-0.5758,-0.2433,15470.0
1101.3,16.37,-0.6023,-0.05634,15430.0
1101.35,16.53,-0.7771,0.06158,15410.0
1101.4,16.7,-0.9518,0.1795,15400.0
1101.45,16.62,-0.946,0.1195,15400.0
1101.5,16.55,-0.9403,0.05951,15400.0
1101.55,16.54,-0.9719,0.06304,15400.0
1101.6,16.54,-1.004,0.06658,15410.0
1101.65,16.57,-0.9357,-0.00817,15430.0
1101.7,16.6,-0.8678,-0.08292,15440.0
1101.75,16.71,-0.8187,-0.02524,15440.0
1101.8,16.83,-0.7695,0.03244,15420.0
1101.85,16.85,-0.6606,0.0339,15400.0
1101.9,16.88,-0.5517,0.03536,15360.0
1101.95,16.84,-0.53,-0.07304,15320.0
1102.0,16.79,-0.5084,-0.1814,15290.0
1102.05,16.77,-0.6047,-0.243,15280.0
1102.1,16.75,-0.701,-0.3046,15320.0
1102.15,16.84,-0.6974,-0.3444,15360.0
1102.2,16.94,-0.6939,-0.3841,15390.0
1102.25,16.96,-0.7022,-0.154,15390.0
1102.3,16.99,-0.7106,0.07609,15370.0
1102.35,16.88,-0.5358,0.1472,15330.0
1102.4,16.77,-0.3611,0.2183,15290.0
1102.45,16.62,-0.1246,0.1774,15250.0
1102.5,16.47,0.1119,0.1366,15230.0
1102.55,16.52,0.1865,0.235,15230.0
1102.6,16.57,0.2611,0.3334,15250.0
1102.65,16.45,0.09395,0.1643,15280.0
1102.7,16.33,-0.07325,-0.004878,15290.0
1102.75,16.33,-0.1527,0.0878,15290.0
1102.8,16.33,-0.2321,0.1805,15270.0
1102.85,16.19,-0.3692,0.1712,15250.0
1102.9,16.05,-0.5064,0.1619,15230.0
1102.95,16.2,-0.6644,0.1478,15220.0
1103.0,16.36,-0.8224,0.1336,15230.0
1103.05,16.43,-0.5482,0.275,15240.0
1103.1,16.49,-0.2739,0.4163,15250.0
1103.15,16.29,-0.1913,0.4765,15260.0
1103.2,16.09,-0.1087,0.5368,15260.0
1103.25,16.09,-0.3708,0.4757,15250.0
1103.3,16.09,-0.633,0.4146,15230.0
1103.35,16.07,-0.9809,0.237,15190.0
1103.4,16.04,-1.329,0.05951,15150.0
1103.45,15.93,-1.244,0.3412,15130.0
1103.5,15.82,-1.16,0.6229,15120.0
1103.55,15.83,-1.078,0.8709,15130.0
1103.6,15.84,-0.9964,1.119,15150.0
1103.65,15.87,-0.7331,1.079,15190.0
1103.7,15.9,-0.4697,1.039,15230.0
1103.75,15.94,-0.4865,1.14,15250.0
1103.8,15.99,-0.5032,1.24,15240.0
1103.85,16.07,-0.6544,1.035,15210.0
1103.9,16.16,-0.8057,0.8304,15160.0
1103.95,16.33,-0.5478,0.8002,15090.0
1104.0,16.5,-0.2898,0.7699,15040.0
1104.05,16.63,-0.2596,0.7609,15000.0
1104.1,16.76,-0.2293,0.7519,14990.0
1104.15,16.75,-0.2452,0.546,15010.0
1104.2,16.74,-0.2611,0.3402,15060.0
1104.25,16.68,-0.1765,0.284,15120.0
1104.3,16.63,-0.09196,0.2278,15160.0
1104.35,16.59,-0.2317,0.09657,15180.0
1104.4,16.56,-0.3714,-0.03463,15170.0
1104.45,16.59,-0.3553,-0.128,15130.0
1104.5,16.62,-0.3392,-0.2214,15070.0
1104.55,16.69,-0.2148,-0.148,15010.0
1104.6,16.75,-0.09036,-0.07463,14950.0
1104.65,16.59,-0.08798,0.005365,14910.0
1104.7,16.42,-0.08559,0.08536,14910.0
1104.75,16.68,-0.03304,-0.01646,14930.0
1104.8,16.94,0.01951,-0.1183,14970.0
1104.85,16.92,-0.1762,-0.1234,15000.0
1104.9,16.9,-0.3718,-0.1285,15020.0
1104.95,16.91,-0.7653,-0.1675,15020.0
1105.0,16.91,-1.159,-0.2066,14990.0
1105.05,16.79,-1.235,-0.1996,14940.0
1105.1,16.67,-1.31,-0.1927,14880.0
1105.15,16.66,-0.988,-0.2879,14830.0
1105.2,16.65,-0.6656,-0.3831,14800.0
1105.25,16.53,-0.6833,-0.5566,14790.0
1105.3,16.42,-0.701,-0.7302,14800.0
1105.35,16.51,-0.7408,-0.8781,14820.0
1105.4,16.6,-0.7806,-1.026,14840.0
1105.45,16.69,-0.7181,-0.9525,14840.0
1105.5,16.78,-0.6556,-0.8789,14820.0
1105.55,16.67,-0.7663,-0.4968,14790.0
1105.6,16.56,-0.877,-0.1146,14770.0
1105.65,16.46,-0.7472,-0.08133,14750.0
1105.7,16.37,-0.6174,-0.04804,14740.0
1105.75,16.26,-0.4457,-0.01841,14730.0
1105.8,16.15,-0.2739,0.01122,14750.0
1105.85,15.99,-0.2074,0.05731,14770.0
1105.9,15.82,-0.1409,0.1034,14780.0
1105.95,16.0,-0.4407,0.1073,14770.0
1106.0,16.18,-0.7404,0.1112,14750.0
1106.05,16.1,-0.7842,0.1257,14740.0
1106.1,16.03,-0.828,0.1402,14720.0
1106.15,15.89,-0.7179,0.04573,14690.0
1106.2,15.76,-0.6079,-0.04878,14660.0
1106.25,15.81,-0.5058,0.01585,14640.0
1106.3,15.86,-0.4037,0.08048,14640.0
1106.35,15.82,-0.2237,0.2447,14650.0
1106.4,15.78,-0.04379,0.409,14660.0
1106.45,15.81,-0.01951,0.4473,14660.0
1106.5,15.84,0.004777,0.4856,14660.0
1106.55,15.97,0.003981,0.3692,14650.0
1106.6,16.1,0.003185,0.2529,14630.0
1106.65,16.12,0.1228,0.4725,14600.0
1106.7,16.15,0.2424,0.6921,14570.0
1106.75,16.19,0.2008,0.7837,14550.0
1106.8,16.23,0.1592,0.8753,14530.0
1106.85,16.19,0.07524,0.8281,14510.0
1106.9,16.16,-0.008758,0.7809,14490.0
1106.95,16.06,-0.05593,0.6498,14480.0
1107.0,15.96,-0.1031,0.5187,14490.0
1107.05,16.02,-0.1777,0.4784,14500.0
1107.1,16.08,-0.2524,0.438,14510.0
1107.15,15.97,-0.1941,0.4168,14510.0
1107.2,15.87,-0.1357,0.3956,14500.0
1107.25,16.02,-0.1967,0.5397,14490.0
1107.3,16.16,-0.2576,0.6838,14470.0
1107.35,16.17,-0.1071,0.6255,14450.0
1107.4,16.18,0.04339,0.5673,14420.0
1107.45,16.24,0.06548,0.3517,14390.0
1107.5,16.3,0.08758,0.1361,14370.0
1107.55,16.2,0.02707,0.2718,14350.0
1107.6,16.1,-0.03344,0.4075,14340.0
1107.65,15.9,-0.1117,0.239,14330.0
1107.7,15.7,-0.1899,0.07048,14350.0
1107.75,15.72,-0.2245,0.1717,14360.0
1107.8,15.74,-0.2592,0.2729,14370.0
1107.85,15.78,-0.1722,0.03378,14360.0
1107.9,15.83,-0.08519,-0.2053,14340.0
1107.95,15.77,-0.157,-0.3519,14310.0
1108.0,15.71,-0.2289,-0.4985,14270.0
1108.05,15.8,-0.1009,-0.4976,14250.0
1108.1,15.88,0.02707,-0.4968,14240.0
1108.15,15.96,0.02846,-0.4848,14230.0
1108.2,16.04,0.02986,-0.4729,14240.0
1108.25,16.02,-0.02329,-0.4826,14260.0
1108.3,16.01,-0.07643,-0.4924,14260.0
1108.35,16.14,-0.005573,-0.5143,14270.0
1108.4,16.27,0.06529,-0.5363,14270.0
1108.45,16.5,-0.002787,-0.5063,14280.0
1108.5,16.73,-0.07086,-0.4763,14280.0
1108.55,16.58,-0.01453,-0.5988,14250.0
1108.6,16.44,0.0418,-0.7214,14220.0
1108.65,16.46,0.06947,-0.75,14200.0
1108.7,16.47,0.09713,-0.7787,14210.0
1108.75,16.45,0.03324,-0.9199,14230.0
1108.8,16.42,-0.03065,-1.061,14250.0
1108.85,16.28,-0.3559,-0.8881,14270.0
1108.9,16.15,-0.6811,-0.715,14290.0
1108.95,16.22,-0.5155,-0.5891,14290.0
1109.0,16.3,-0.3499,-0.4631,14270.0
1109.05,16.24,-0.2476,-0.3623,14240.0
1109.1,16.19,-0.1453,-0.2614,14220.0
1109.15,16.2,-0.1988,-0.1871,14210.0
1109.2,16.2,-0.2524,-0.1127,14210.0
1109.25,16.13,-0.2187,-0.1612,14200.0
1109.3,16.06,-0.1851,-0.2097,14190.0
1109.35,16.07,-0.08818,-0.4107,14200.0
1109.4,16.09,0.008758,-0.6116,14210.0
1109.45,15.99,0.1405,-0.6199,14210.0
1109.5,15.89,0.2723,-0.6282,14210.0
1109.55,15.87,-0.05812,-0.6004,14210.0
1109.6,15.85,-0.3885,-0.5726,14200.0
1109.65,15.76,-0.4347,-0.6316,14190.0
1109.7,15.66,-0.4809,-0.6907,14170.0
1109.75,15.77,-0.409,-0.6648,14150.0
1109.8,15.88,-0.3372,-0.639,14160.0
1109.85,15.84,-0.3388,-0.5327,14180.0
1109.9,15.79,-0.3404,-0.4265,14200.0
1109.95,15.71,-0.1507,-0.669,14200.0
1110.0,15.64,0.03901,-0.9114,14190.0
1110.05,15.58,0.1765,-0.7204,14180.0
1110.1,15.52,0.3141,-0.5295,14160.0
1110.15,15.46,0.3137,-0.5513,14130.0
1110.2,15.41,0.3133,-0.5731,14120.0
1110.25,15.5,0.3079,-0.4211,14130.0
1110.3,15.59,0.3025,-0.269,14150.0
1110.35,15.49,0.2046,-0.1796,14170.0
1110.4,15.39,0.1067,-0.09023,14180.0
1110.45,15.32,0.1738,-0.3524,14180.0
1110.5,15.25,0.2408,-0.6146,14170.0
1110.55,15.06,0.4333,-0.6225,14160.0
1110.6,14.87,0.6258,-0.6304,14130.0
1110.65,14.85,0.7388,-0.707,14110.0
1110.7,14.83,0.8519,-0.7836,14100.0
1110.75,14.73,1.049,-0.5726,14120.0
1110.8,14.64,1.247,-0.3617,14130.0
1110.85,14.59,0.9693,-0.3503,14150.0
1110.9,14.54,0.6919,-0.339,14160.0
1110.95,14.57,0.4486,-0.2464,14180.0
1111.0,14.6,0.2054,-0.1539,14180.0
1111.05,14.7,0.3414,0.004634,14170.0
1111.1,14.8,0.4773,0.1632,14160.0
1111.15,14.77,0.4335,0.1823,14160.0
1111.2,14.73,0.3897,0.2014,14160.0
1111.25,14.67,0.254,0.05938,14160.0
1111.3,14.6,0.1182,-0.08267,14150.0
1111.35,14.48,0.1045,-0.3625,14150.0
1111.4,14.36,0.09076,-0.6424,14150.0
1111.45,14.33,0.134,-0.477,14180.0
1111.5,14.31,0.1771,-0.3117,14210.0
1111.55,14.1,0.3067,-0.4286,14240.0
1111.6,13.9,0.4363,-0.5455,14270.0
1111.65,14.08,0.2347,-0.3322,14300.0
1111.7,14.25,0.03304,-0.1188,14300.0
1111.75,14.29,0.1045,-0.08816,14270.0
1111.8,14.32,0.176,-0.05755,14220.0
1111.85,14.39,0.2136,-0.08938,14180.0
1111.9,14.45,0.2512,-0.1212,14160.0
1111.95,14.5,0.2217,-0.04634,14150.0
1112.0,14.54,0.1923,0.02853,14160.0
1112.05,14.44,0.02886,-0.1124,14190.0
1112.1,14.33,-0.1346,-0.2534,14240.0
1112.15,14.38,-0.2599,-0.2222,14290.0
1112.2,14.43,-0.3853,-0.191,14330.0
1112.25,14.53,-0.334,-0.3256,14330.0
1112.3,14.62,-0.2826,-0.4602,14300.0
1112.35,14.67,-0.3087,-0.5013,14250.0
1112.4,14.72,-0.3348,-0.5424,14180.0
1112.45,14.73,-0.2271,-0.5349,14120.0
1112.5,14.73,-0.1194,-0.5275,14090.0
1112.55,14.75,-0.05235,-0.5466,14100.0
1112.6,14.77,0.01473,-0.5658,14150.0
1112.65,14.75,-0.2434,-0.6003,14210.0
1112.7,14.73,-0.5016,-0.6348,14250.0
1112.75,14.67,-0.4437,-0.638,14270.0
1112.8,14.61,-0.3857,-0.6411,14270.0
1112.85,14.55,-0.2691,-0.3064,14260.0
1112.9,14.48,-0.1525,0.02829,14230.0
1112.95,14.49,-0.301,-0.05646,14190.0
1113.0,14.51,-0.4494,-0.1412,14170.0
1113.05,14.34,-0.3021,-0.1942,14170.0
1113.1,14.17,-0.1549,-0.2473,14180.0
1113.15,14.21,-0.1393,-0.3473,14190.0
1113.2,14.24,-0.1238,-0.4473,14180.0
1113.25,14.33,-0.1523,-0.5037,14180.0
1113.3,14.42,-0.1807,-0.5602,14200.0
1113.35,14.45,-0.1887,-0.4289,14220.0
1113.4,14.47,-0.1967,-0.2975,14230.0
1113.45,14.54,-0.1984,-0.1402,14230.0
1113.5,14.6,-0.2002,0.01707,14230.0
1113.55,14.57,-0.2436,0.1421,14250.0
1113.6,14.53,-0.287,0.267,14260.0
1113.65,14.48,-0.4466,0.114,14250.0
1113.7,14.43,-0.6063,-0.03902,14240.0
1113.75,14.45,-0.6357,-0.1803,14240.0
1113.8,14.47,-0.6652,-0.3217,14250.0
1113.85,14.51,-0.7102,-0.3676,14250.0
1113.9,14.55,-0.7552,-0.4136,14240.0
1113.95,14.51,-0.8539,-0.3092,14240.0
1114.0,14.47,-0.9526,-0.2049,14250.0
1114.05,14.53,-0.9976,-0.1307,14270.0
1114.1,14.59,-1.043,-0.05658,14270.0
1114.15,14.48,-0.9938,0.01158,14270.0
1114.2,14.37,-0.945,0.07975,14270.0
1114.25,14.49,-0.9323,-0.0539,14280.0
1114.3,14.62,-0.9196,-0.1875,14300.0
1114.35,14.72,-0.8515,-0.27,14300.0
1114.4,14.82,-0.7834,-0.3524,14300.0
1114.45,14.68,-0.6949,-0.2396,14310.0
1114.5,14.55,-0.6063,-0.1268,14330.0
1114.55,14.56,-0.6511,-0.08389,14330.0
1114.6,14.58,-0.6958,-0.04097,14320.0
1114.65,14.58,-0.7267,-0.06963,14300.0
1114.7,14.58,-0.7576,-0.09828,14290.0
1114.75,14.75,-0.6608,-0.3653,14290.0
1114.8,14.91,-0.5641,-0.6324,14280.0
1114.85,14.86,-0.3875,-0.5996,14270.0
1114.9,14.81,-0.211,-0.5668,14270.0
1114.95,14.84,-0.00418,-0.3116,14280.0
1115.0,14.87,0.2026,-0.05634,14310.0
1115.05,14.89,0.08459,-0.1289,14320.0
1115.1,14.9,-0.03344,-0.2014,14310.0
1115.15,14.93,-0.03662,-0.2642,14320.0
1115.2,14.96,-0.03981,-0.327,14330.0
1115.25,15.02,-0.1527,-0.2824,14320.0
1115.3,15.07,-0.2655,-0.2378,14300.0
1115.35,15.12,-0.4136,-0.1466,14280.0
1115.4,15.17,-0.5617,-0.05536,14270.0
1115.45,15.25,-0.5557,-0.002805,14270.0
1115.5,15.32,-0.5498,0.04975,14260.0
1115.55,15.4,-0.3997,-0.05158,14250.0
1115.6,15.47,-0.2496,-0.1529,14250.0
1115.65,15.34,-0.1664,-0.139,14280.0
1115.7,15.22,-0.0832,-0.1251,14320.0
1115.75,15.04,-0.1584,-0.05536,14330.0
1115.8,14.86,-0.2337,0.01439,14340.0
1115.85,14.79,-0.2277,0.04987,14340.0
1115.9,14.71,-0.2217,0.08536,14330.0
1115.95,14.9,-0.21,0.1599,14310.0
1116.0,15.09,-0.1982,0.2344,14280.0
1116.05,15.12,-0.1859,0.2548,14260.0
1116.1,15.15,-0.1736,0.2753,14250.0
1116.15,15.17,0.04877,0.4336,14260.0
1116.2,15.18,0.2711,0.5919,14270.0
1116.25,15.09,0.1933,0.4339,14290.0
1116.3,15.0,0.1154,0.2758,14310.0
1116.35,15.06,0.2518,0.1767,14330.0
1116.4,15.12,0.3881,0.07755,14350.0
1116.45,15.11,0.457,0.1617,14360.0
1116.5,15.11,0.5259,0.2458,14360.0
1116.55,15.24,0.5691,0.2544,14350.0
1116.6,15.38,0.6123,0.2629,14340.0
1116.65,15.53,0.5076,0.2466,14320.0
1116.7,15.68,0.4029,0.2302,14290.0
1116.75,15.69,0.2777,0.2655,14270.0
1116.8,15.7,0.1525,0.3007,14270.0
1116.85,15.83,0.1351,0.3314,14280.0
1116.9,15.95,0.1178,0.3622,14300.0
1116.95,15.93,-0.04936,0.1762,14330.0
1117.0,15.92,-0.2166,-0.009755,14360.0
1117.05,15.92,0.008559,-0.07426,14370.0
1117.1,15.93,0.2337,-0.1388,14370.0
1117.15,15.94,0.1986,-0.2469,14360.0
1117.2,15.95,0.1636,-0.3551,14350.0
1117.25,15.95,0.328,-0.2807,14340.0
1117.3,15.94,0.4924,-0.2063,14340.0
1117.35,15.96,0.5585,0.02402,14340.0
1117.4,15.98,0.6246,0.2544,14330.0
1117.45,16.13,0.618,0.2066,14310.0
1117.5,16.27,0.6115,0.1588,14300.0
1117.55,16.46,0.7615,0.1036,14280.0
1117.6,16.65,0.9116,0.04853,14270.0
1117.65,16.64,1.04,-0.07011,14280.0
1117.7,16.62,1.168,-0.1888,14290.0
1117.75,16.6,0.9677,-0.1308,14300.0
1117.8,16.57,0.7679,-0.07292,14320.0
1117.85,16.49,0.8322,-0.04817,14320.0
1117.9,16.41,0.8965,-0.02341,14330.0
1117.95,16.36,0.7516,0.01183,14330.0
1118.0,16.31,0.6067,0.04707,14330.0
1118.05,16.24,0.7048,0.1411,14320.0
1118.1,16.18,0.8029,0.2351,14300.0
1118.15,16.0,0.8782,0.0995,14280.0
1118.2,15.82,0.9534,-0.03609,14260.0
1118.25,15.98,0.7343,-0.2027,14240.0
1118.3,16.13,0.5151,-0.3692,14240.0
1118.35,16.16,0.4793,-0.1774,14250.0
1118.4,16.19,0.4435,0.01439,14280.0
1118.45,16.12,0.3953,0.1547,14310.0
1118.5,16.05,0.3471,0.2951,14340.0
1118.55,15.95,0.3501,0.1778,14370.0
1118.6,15.84,0.3531,0.06048,14380.0
1118.65,15.83,0.2715,0.1027,14370.0
1118.7,15.83,0.1899,0.1449,14340.0
1118.75,15.83,0.1746,-0.0339,14310.0
1118.8,15.84,0.1592,-0.2127,14290.0
1118.85,15.61,0.1198,-0.0239,14290.0
1118.9,15.39,0.08041,0.1649,14300.0
1118.95,15.28,0.2225,0.1916,14320.0
1119.0,15.18,0.3646,0.2183,14340.0
1119.05,15.29,0.3414,-0.04061,14360.0
1119.1,15.39,0.3181,-0.2995,14380.0
1119.15,15.6,0.3149,-0.04378,14390.0
1119.2,15.81,0.3117,0.2119,14400.0
1119.25,15.9,0.06608,0.09011,14400.0
1119.3,15.98,-0.1795,-0.0317,14400.0
1119.35,15.96,-0.29,-0.1883,14400.0
1119.4,15.95,-0.4005,-0.3448,14410.0
1119.45,16.14,-0.4431,-0.3037,14410.0
1119.5,16.34,-0.4857,-0.2627,14410.0
1119.55,16.31,-0.3453,-0.3562,14420.0
1119.6,16.29,-0.205,-0.4497,14430.0
1119.65,16.26,-0.1984,-0.3915,14430.0
1119.7,16.24,-0.1919,-0.3334,14440.0
1119.75,16.3,-0.2767,-0.2686,14440.0
1119.8,16.36,-0.3615,-0.2039,14450.0
1119.85,16.35,-0.5097,-0.1956,14460.0
1119.9,16.35,-0.658,-0.1873,14470.0
1119.95,16.23,-0.4731,-0.2138,14480.0
1120.0,16.11,-0.2882,-0.2402,14500.0
1120.05,16.12,-0.2474,-0.04195,14520.0
1120.1,16.13,-0.2066,0.1563,14510.0
1120.15,16.21,-0.2347,0.206,14500.0
1120.2,16.29,-0.2627,0.2556,14480.0
1120.25,16.31,-0.3449,0.1297,14460.0
1120.3,16.33,-0.4271,0.003902,14440.0
1120.35,16.08,-0.4954,0.04817,14440.0
1120.4,15.83,-0.5637,0.09243,14440.0
1120.45,15.74,-0.5547,0.1469,14460.0
1120.5,15.65,-0.5458,0.2014,14480.0
1120.55,15.63,-0.4013,0.1463,14490.0
1120.6,15.61,-0.2568,0.09121,14510.0
1120.65,15.55,-0.07225,0.1918,14520.0
1120.7,15.5,0.1123,0.2924,14520.0
1120.75,15.46,-0.2178,0.4767,14520.0
1120.8,15.41,-0.5478,0.6609,14500.0
1120.85,15.38,-0.5935,0.616,14470.0
1120.9,15.35,-0.6393,0.5712,14450.0
1120.95,15.44,-0.7526,0.5087,14420.0
1121.0,15.52,-0.8658,0.4463,14400.0
1121.05,15.46,-0.8646,0.5549,14390.0
1121.1,15.39,-0.8634,0.6636,14410.0
1121.15,15.31,-0.8378,0.4823,14450.0
1121.2,15.24,-0.8121,0.3009,14490.0
1121.25,15.23,-0.7568,0.2005,14530.0
1121.3,15.23,-0.7014,0.09999,14550.0
1121.35,15.26,-0.7615,0.02841,14550.0
1121.4,15.29,-0.8216,-0.04317,14520.0
1121.45,15.37,-0.7285,-0.02378,14470.0
1121.5,15.44,-0.6353,-0.00439,14420.0
1121.55,15.6,-0.6463,-0.0328,14390.0
1121.6,15.76,-0.6572,-0.06121,14380.0
1121.65,15.57,-0.5685,0.05341,14390.0
1121.7,15.39,-0.4797,0.168,14420.0
1121.75,15.45,-0.1961,0.1628,14450.0
1121.8,15.52,0.08758,0.1575,14490.0
1121.85,15.44,0.3139,0.2022,14520.0
1121.9,15.35,0.5402,0.2468,14550.0
1121.95,15.44,0.5183,0.3413,14550.0
1122.0,15.53,0.4964,0.4358,14540.0
1122.05,15.65,0.5766,0.4273,14500.0
1122.1,15.76,0.6568,0.4187,14470.0
1122.15,15.84,0.5633,0.6892,14430.0
1122.2,15.92,0.4697,0.9597,14420.0
1122.25,16.05,0.4562,1.128,14440.0
1122.3,16.18,0.4427,1.297,14470.0
1122.35,16.3,0.6188,1.237,14510.0
1122.4,16.42,0.795,1.177,14530.0
1122.45,16.51,0.6682,1.152,14540.0
1122.5,16.6,0.5414,1.127,14530.0
1122.55,16.58,0.5129,1.039,14520.0
1122.6,16.56,0.4845,0.9511,14500.0
1122.65,16.47,0.4799,0.8204,14480.0
1122.7,16.38,0.4753,0.6897,14470.0
1122.75,16.18,0.3995,0.6368,14480.0
1122.8,15.98,0.3236,0.5838,14520.0
1122.85,15.96,0.33,0.4964,14550.0
1122.9,15.95,0.3364,0.409,14570.0
1122.95,16.06,0.2713,0.4345,14560.0
1123.0,16.18,0.2062,0.4599,14550.0
1123.05,16.28,0.1843,0.4228,14510.0
1123.1,16.39,0.1624,0.3856,14470.0
1123.15,16.26,-0.1566,0.06743,14440.0
1123.2,16.13,-0.4757,-0.2507,14430.0
1123.25,16.05,-0.496,-0.158,14440.0
1123.3,15.96,-0.5163,-0.06536,14480.0
1123.35,15.79,-0.4363,0.006829,14520.0
1123.4,15.62,-0.3563,0.07902,14550.0
1123.45,15.64,-0.4757,-0.2214,14570.0
1123.5,15.66,-0.5951,-0.5219,14570.0
1123.55,15.85,-0.4936,-0.3242,14550.0
1123.6,16.05,-0.3921,-0.1266,14510.0
1123.65,15.96,-0.4757,-0.2149,14470.0
1123.7,15.88,-0.5593,-0.3031,14430.0
1123.75,15.77,-0.4984,-0.3284,14400.0
1123.8,15.66,-0.4375,-0.3536,14400.0
1123.85,15.61,-0.4043,-0.3465,14410.0
1123.9,15.55,-0.371,-0.3395,14440.0
1123.95,15.63,-0.1363,-0.4235,14470.0
1124.0,15.71,0.09833,-0.5075,14510.0
1124.05,15.85,0.1545,-0.4668,14530.0
1124.1,15.99,0.2106,-0.4261,14540.0
1124.15,16.07,0.09833,-0.313,14530.0
1124.2,16.16,-0.01393,-0.2,14500.0
1124.25,15.91,-0.09733,-0.106,14470.0
1124.3,15.66,-0.1807,-0.01195,14450.0
1124.35,15.41,-0.213,-0.01549,14430.0
1124.4,15.15,-0.2452,-0.01902,14440.0
1124.45,15.32,-0.1923,-0.03878,14450.0
1124.5,15.49,-0.1393,-0.05853,14480.0
1124.55,15.65,-0.0836,-0.02427,14520.0
1124.6,15.82,-0.02787,0.009999,14550.0
1124.65,15.64,-0.1923,0.3355,14570.0
1124.7,15.45,-0.3567,0.6609,14580.0
1124.75,15.43,-0.4403,0.5266,14580.0
1124.8,15.4,-0.5239,0.3924,14560.0
1124.85,15.39,-0.4369,0.2645,14540.0
1124.9,15.38,-0.3499,0.1366,14510.0
1124.95,15.39,-0.1969,-0.006097,14500.0
1125.0,15.4,-0.04379,-0.1488,14530.0
1125.05,15.51,-0.05215,-0.1952,14570.0
1125.1,15.62,-0.06051,-0.2417,14600.0
1125.15,15.37,-0.4385,-0.1818,14610.0
1125.2,15.13,-0.8165,-0.1219,14610.0
1125.25,15.0,-0.6958,-0.4348,14590.0
1125.3,14.87,-0.5752,-0.7477,14570.0
1125.35,14.87,-0.7046,-0.9676,14550.0
1125.4,14.87,-0.834,-1.187,14540.0
1125.45,15.04,-0.9588,-1.205,14560.0
1125.5,15.21,-1.084,-1.223,14600.0
1125.55,15.18,-1.282,-1.095,14620.0
1125.6,15.16,-1.48,-0.9665,14620.0
1125.65,15.2,-1.35,-0.7198,14600.0
1125.7,15.24,-1.219,-0.4731,14570.0
1125.75,15.25,-1.118,-0.3503,14540.0
1125.8,15.27,-1.016,-0.2275,14510.0
1125.85,15.08,-1.123,-0.3215,14510.0
1125.9,14.9,-1.23,-0.4156,14520.0
1125.95,14.82,-1.075,-0.5197,14550.0
1126.0,14.74,-0.9192,-0.6238,14580.0
1126.05,14.73,-1.027,-0.4842,14590.0
1126.1,14.73,-1.135,-0.3446,14580.0
1126.15,14.94,-1.004,-0.339,14560.0
1126.2,15.16,-0.8722,-0.3334,14540.0
1126.25,15.0,-0.7908,-0.6164,14520.0
1126.3,14.84,-0.7094,-0.8994,14490.0
1126.35,14.96,-0.9263,-0.9753,14470.0
1126.4,15.07,-1.143,-1.051,14460.0
1126.45,15.05,-0.9791,-0.9288,14470.0
1126.5,15.03,-0.8149,-0.8065,14480.0
1126.55,15.12,-0.8009,-0.7825,14490.0
1126.6,15.21,-0.787,-0.7585,14510.0
1126.65,15.31,-0.8967,-0.5607,14520.0
1126.7,15.4,-1.006,-0.3629,14530.0
1126.75,15.43,-0.9693,-0.474,14520.0
1126.8,15.46,-0.9323,-0.5851,14500.0
1126.85,15.34,-0.7838,-0.4008,14480.0
1126.9,15.22,-0.6353,-0.2166,14470.0
1126.95,15.02,-0.5933,-0.08255,14470.0
1127.0,14.83,-0.5513,0.05146,14470.0
1127.05,14.94,-0.538,0.05634,14480.0
1127.1,15.05,-0.5247,0.06121,14490.0
1127.15,15.1,-0.336,0.07682,14510.0
1127.2,15.14,-0.1473,0.09243,14530.0
1127.25,15.18,-0.2148,0.3547,14540.0
1127.3,15.22,-0.2822,0.617,14550.0
1127.35,15.44,-0.3378,0.5842,14550.0
1127.4,15.66,-0.3933,0.5514,14550.0
1127.45,15.64,-0.4791,0.698,14530.0
1127.5,15.61,-0.5649,0.8445,14510.0
1127.55,15.56,-0.549,0.8302,14500.0
1127.6,15.51,-0.533,0.8158,14520.0
1127.65,15.34,-0.4029,0.5351,14550.0
1127.7,15.16,-0.2727,0.2544,14590.0
1127.75,14.99,-0.2886,0.3702,14620.0
1127.8,14.82,-0.3045,0.486,14640.0
1127.85,14.81,-0.1172,0.5536,14650.0
1127.9,14.8,0.07006,0.6212,14630.0
1127.95,14.79,-0.04359,0.4702,14590.0
1128.0,14.78,-0.1572,0.3192,14560.0
1128.05,14.72,-0.3083,0.1427,14560.0
1128.1,14.67,-0.4594,-0.0339,14570.0
1128.15,14.56,-0.4516,0.0389,14590.0
1128.2,14.45,-0.4439,0.1117,14610.0
1128.25,14.47,-0.5199,0.2725,14620.0
1128.3,14.48,-0.5959,0.4334,14640.0
1128.35,14.79,-0.3893,0.5018,14640.0
1128.4,15.1,-0.1827,0.5702,14620.0
1128.45,15.18,-0.1744,0.6224,14600.0
1128.5,15.27,-0.166,0.6746,14590.0
1128.55,15.2,-0.2691,0.8949,14580.0
1128.6,15.13,-0.3722,1.115,14580.0
1128.65,15.19,-0.5133,1.076,14570.0
1128.7,15.24,-0.6544,1.037,14560.0
1128.75,15.18,-0.6966,0.9312,14570.0
1128.8,15.11,-0.7388,0.825,14580.0
1128.85,15.09,-0.789,0.7196,14580.0
1128.9,15.07,-0.8392,0.6141,14570.0
1128.95,15.15,-0.7199,0.3179,14570.0
1129.0,15.23,-0.6007,0.0217,14560.0
1129.05,15.42,-0.5633,-0.02292,14550.0
1129.1,15.61,-0.5259,-0.06755,14520.0
1129.15,15.6,-0.7456,0.1473,14490.0
1129.2,15.6,-0.9654,0.3622,14470.0
1129.25,15.68,-0.9894,0.4541,14480.0
1129.3,15.76,-1.014,0.546,14490.0
1129.35,15.81,-0.7514,0.5692,14500.0
1129.4,15.86,-0.4892,0.5924,14500.0
1129.45,15.84,-0.3278,0.4297,14520.0
1129.5,15.81,-0.1664,0.267,14540.0
1129.55,15.79,-0.2207,0.3129,14520.0
1129.6,15.78,-0.2751,0.3587,14500.0
1129.65,15.58,-0.126,0.168,14480.0
1129.7,15.38,0.02309,-0.02268,14490.0
1129.75,15.3,0.0621,-0.139,14500.0
1129.8,15.23,0.1011,-0.2553,14500.0
1129.85,15.48,-0.02866,-0.3042,14490.0
1129.9,15.74,-0.1584,-0.3531,14500.0
1129.95,15.63,-0.1509,-0.2856,14510.0
1130.0,15.52,-0.1433,-0.218,14510.0
1130.05,15.72,-0.2458,0.01341,14510.0
1130.1,15.92,-0.3483,0.2449,14530.0
1130.15,15.84,-0.3089,0.1981,14550.0
1130.2,15.76,-0.2695,0.1514,14580.0
1130.25,15.7,-0.2725,0.1058,14580.0
1130.3,15.65,-0.2755,0.06024,14590.0
1130.35,15.68,-0.3344,0.2441,14610.0
1130.4,15.71,-0.3933,0.428,14640.0
1130.45,15.88,-0.3422,0.3492,14660.0
1130.5,16.04,-0.291,0.2705,14670.0
1130.55,16.05,-0.3029,0.1907,14670.0
1130.6,16.06,-0.3149,0.111,14670.0
1130.65,16.05,-0.295,0.1453,14670.0
1130.7,16.04,-0.2751,0.1797,14660.0
1130.75,16.01,-0.251,0.1283,14650.0
1130.8,15.97,-0.2269,0.07682,14660.0
1130.85,15.94,-0.04896,0.1004,14680.0
1130.9,15.9,0.129,0.1239,14690.0
1130.95,15.94,0.07205,0.1919,14700.0
1131.0,15.99,0.01513,0.26,14720.0
1131.05,16.01,-0.1531,0.05012,14740.0
1131.1,16.03,-0.3213,-0.1597,14760.0
1131.15,15.8,-0.4433,-0.1446,14750.0
1131.2,15.57,-0.5653,-0.1295,14740.0
1131.25,15.75,-0.5428,-0.08828,14710.0
1131.3,15.92,-0.5203,-0.04707,14700.0
1131.35,16.13,-0.3867,-0.1377,14680.0
1131.4,16.33,-0.2532,-0.2283,14670.0
1131.45,16.34,-0.3356,-0.1378,14670.0
1131.5,16.35,-0.418,-0.04731,14670.0
1131.55,16.23,-0.4566,-0.1266,14690.0
1131.6,16.11,-0.4952,-0.2058,14700.0
1131.65,16.25,-0.6011,-0.2544,14710.0
1131.7,16.38,-0.707,-0.3029,14710.0
1131.75,16.7,-0.5687,-0.1113,14700.0
1131.8,17.03,-0.4303,0.08024,14700.0
1131.85,16.84,-0.4514,0.1447,14690.0
1131.9,16.65,-0.4725,0.2092,14670.0
1131.95,16.53,-0.5099,0.1058,14640.0
1132.0,16.4,-0.5474,0.002439,14620.0
1132.05,16.44,-0.412,-0.1905,14600.0
1132.1,16.49,-0.2767,-0.3834,14600.0
1132.15,16.59,-0.2568,-0.3267,14610.0
1132.2,16.7,-0.2369,-0.27,14620.0
1132.25,16.68,-0.2526,-0.2678,14640.0
1132.3,16.66,-0.2683,-0.2656,14660.0
1132.35,16.51,-0.1652,-0.4072,14660.0
1132.4,16.36,-0.0621,-0.5487,14650.0
1132.45,16.56,-0.1127,-0.7378,14640.0
1132.5,16.76,-0.1632,-0.927,14640.0
1132.55,16.89,-0.1805,-0.8495,14640.0
1132.6,17.01,-0.1978,-0.7721,14640.0
1132.65,16.89,-0.2333,-0.4985,14640.0
1132.7,16.77,-0.2687,-0.2249,14650.0
1132.75,16.81,-0.1953,-0.2021,14670.0
1132.8,16.84,-0.1218,-0.1792,14690.0
1132.85,16.96,-0.1815,0.01244,14690.0
1132.9,17.09,-0.2412,0.2041,14690.0
1132.95,17.17,-0.2351,0.2172,14710.0
1133.0,17.24,-0.2289,0.2302,14740.0
1133.05,17.03,-0.1214,0.09572,14760.0
1133.1,16.81,-0.01393,-0.03878,14790.0
1133.15,17.0,-0.03523,-0.1527,14830.0
1133.2,17.19,-0.05653,-0.2666,14860.0
1133.25,17.17,-0.1019,-0.1952,14870.0
1133.3,17.16,-0.1473,-0.1239,14870.0
1133.35,17.08,-0.1819,0.02646,14860.0
1133.4,17.01,-0.2166,0.1768,14860.0
1133.45,16.96,-0.4369,0.1845,14870.0
1133.5,16.91,-0.6572,0.1922,14880.0
1133.55,16.64,-0.6722,0.126,14900.0
1133.6,16.36,-0.6871,0.05975,14930.0
1133.65,16.46,-0.6138,0.1156,14960.0
1133.7,16.55,-0.5406,0.1714,14970.0
1133.75,16.55,-0.5609,0.1419,14970.0
1133.8,16.54,-0.5812,0.1124,14960.0
1133.85,16.5,-0.5432,-0.1082,14970.0
1133.9,16.45,-0.5052,-0.3287,14980.0
1133.95,16.47,-0.5515,-0.2651,15000.0
1134.0,16.49,-0.5979,-0.2014,15020.0
1134.05,16.34,-0.581,-0.1352,15030.0
1134.1,16.2,-0.5641,-0.06902,15040.0
1134.15,16.34,-0.6574,-0.2895,15040.0
1134.2,16.48,-0.7508,-0.5099,15020.0
1134.25,16.56,-0.746,-0.624,14980.0
1134.3,16.64,-0.7412,-0.738,14960.0
1134.35,16.48,-0.6867,-0.6508,14960.0
1134.4,16.32,-0.6322,-0.5636,14980.0
1134.45,16.35,-0.7633,-0.5741,15010.0
1134.5,16.38,-0.8945,-0.5846,15030.0
1134.55,16.44,-0.9375,-0.4853,15040.0
1134.6,16.51,-0.9805,-0.3861,15040.0
1134.65,16.53,-0.9484,-0.3331,15020.0
1134.7,16.55,-0.9164,-0.2802,14980.0
1134.75,16.5,-0.6652,-0.3309,14950.0
1134.8,16.46,-0.414,-0.3817,14940.0
1134.85,16.37,-0.3328,-0.5602,14960.0
1134.9,16.28,-0.2516,-0.7387,14970.0
1134.95,16.25,-0.2444,-0.4887,14980.0
1135.0,16.22,-0.2373,-0.2388,14990.0
1135.05,15.98,-0.1965,-0.4206,15010.0
1135.1,15.74,-0.1557,-0.6024,15010.0
1135.15,15.89,-0.05653,-0.6708,15010.0
1135.2,16.04,0.04259,-0.7392,15000.0
1135.25,16.02,-0.01553,-0.7564,14990.0
1135.3,16.01,-0.07365,-0.7736,14990.0
1135.35,15.91,-0.09375,-0.6905,14990.0
1135.4,15.81,-0.1139,-0.6075,14990.0
1135.45,15.84,-0.1057,-0.4202,15000.0
1135.5,15.86,-0.09753,-0.2329,15020.0
1135.55,15.84,-0.09335,-0.1463,15050.0
1135.6,15.82,-0.08917,-0.05975,15060.0
1135.65,15.62,-0.0613,-0.02036,15070.0
1135.7,15.41,-0.03344,0.01902,15090.0
1135.75,15.44,-0.04419,-0.08133,15110.0
1135.8,15.47,-0.05494,-0.1817,15100.0
1135.85,15.58,0.2283,-0.2445,15080.0
1135.9,15.7,0.5115,-0.3073,15060.0
1135.95,15.65,0.4644,-0.2231,15060.0
1136.0,15.6,0.4172,-0.139,15060.0
1136.05,15.51,0.3625,0.0945,15070.0
1136.1,15.42,0.3077,0.328,15100.0
1136.15,15.38,0.2353,0.363,15130.0
1136.2,15.35,0.1628,0.398,15160.0
1136.25,15.56,0.1198,0.2983,15170.0
1136.3,15.77,0.07683,0.1985,15160.0
1136.35,15.69,-0.1845,0.1464,15140.0
1136.4,15.62,-0.4459,0.09438,15120.0
1136.45,15.54,-0.4397,-0.1523,15090.0
1136.5,15.46,-0.4335,-0.399,15060.0
1136.55,15.36,-0.3995,-0.5192,15040.0
1136.6,15.26,-0.3654,-0.6394,15040.0
1136.65,15.42,-0.4078,-0.7764,15050.0
1136.7,15.59,-0.4502,-0.9133,15060.0
1136.75,15.64,-0.1758,-0.8278,15080.0
1136.8,15.68,0.09872,-0.7424,15100.0
1136.85,15.81,0.1927,-0.5703,15120.0
1136.9,15.93,0.2866,-0.3982,15130.0
1136.95,15.9,-0.1361,-0.3874,15130.0
1137.0,15.87,-0.5589,-0.3765,15120.0
1137.05,15.77,-0.5908,-0.5302,15110.0
1137.1,15.68,-0.6226,-0.6838,15090.0
1137.15,15.78,-0.7693,-0.427,15050.0
1137.2,15.89,-0.916,-0.1702,15010.0
1137.25,15.94,-0.9988,-0.2439,14980.0
1137.3,16.0,-1.082,-0.3175,14970.0
1137.35,15.9,-1.062,-0.3395,14980.0
1137.4,15.81,-1.042,-0.3614,15000.0
1137.45,15.71,-0.836,-0.2472,15020.0
1137.5,15.62,-0.6298,-0.1329,15070.0
1137.55,15.58,-0.6214,-0.2079,15110.0
1137.6,15.53,-0.613,-0.2829,15120.0
1137.65,15.53,-0.7464,-0.3614,15100.0
1137.7,15.53,-0.8798,-0.44,15060.0
1137.75,15.63,-0.8772,-0.4231,15010.0
1137.8,15.72,-0.8746,-0.4063,14970.0
1137.85,15.56,-0.8023,-0.3985,14920.0
1137.9,15.39,-0.7301,-0.3907,14900.0
1137.95,15.4,-0.8702,-0.4062,14900.0
1138.0,15.41,-1.01,-0.4217,14920.0
1138.05,15.47,-0.9214,-0.4074,14970.0
1138.1,15.53,-0.8324,-0.3931,15010.0
1138.15,15.58,-0.7169,-0.3351,15050.0
1138.2,15.63,-0.6015,-0.277,15080.0
1138.25,15.8,-0.6172,-0.4473,15090.0
1138.3,15.97,-0.633,-0.6175,15070.0
1138.35,15.88,-0.8774,-0.7453,15030.0
1138.4,15.8,-1.122,-0.8731,14990.0
1138.45,15.7,-1.212,-1.03,14950.0
1138.5,15.6,-1.302,-1.187,14930.0
1138.55,15.55,-1.474,-0.9739,14930.0
1138.6,15.5,-1.645,-0.7604,14940.0
1138.65,15.59,-1.703,-0.7759,14970.0
1138.7,15.68,-1.76,-0.7914,15010.0
1138.75,15.83,-1.811,-0.7504,15050.0
1138.8,15.98,-1.862,-0.7094,15060.0
1138.85,16.04,-1.84,-0.8289,15060.0
1138.9,16.09,-1.817,-0.9484,15050.0
1138.95,15.99,-1.732,-0.9937,15020.0
1139.0,15.88,-1.648,-1.039,14990.0
1139.05,15.68,-1.541,-0.9473,14960.0
1139.1,15.48,-1.434,-0.8558,14940.0
1139.15,15.51,-1.562,-0.9821,14930.0
1139.2,15.54,-1.69,-1.108,14930.0
1139.25,15.51,-1.767,-1.029,14930.0
1139.3,15.48,-1.844,-0.9489,14940.0
1139.35,15.39,-1.852,-0.5865,14960.0
1139.4,15.3,-1.86,-0.2241,14960.0
1139.45,15.25,-1.75,-0.4125,14960.0
1139.5,15.19,-1.64,-0.6009,14960.0
1139.55,15.22,-1.439,-0.5654,14950.0
1139.6,15.26,-1.239,-0.5299,14940.0
1139.65,15.32,-1.465,-0.5001,14930.0
1139.7,15.37,-1.691,-0.4702,14930.0
1139.75,15.15,-1.598,-0.436,14920.0
1139.8,14.92,-1.505,-0.4019,14910.0
1139.85,14.79,-1.467,-0.4454,14900.0
1139.9,14.66,-1.428,-0.489,14900.0
1139.95,14.71,-1.52,-0.3664,14890.0
1140.0,14.75,-1.612,-0.2439,14890.0
1140.05,14.84,-1.617,-0.1985,14880.0
1140.1,14.93,-1.621,-0.1532,14880.0
1140.15,15.01,-1.664,-0.1393,14880.0
1140.2,15.08,-1.707,-0.1254,14890.0
1140.25,15.07,-1.621,-0.2655,14890.0
1140.3,15.06,-1.535,-0.4056,14880.0
1140.35,15.12,-1.44,-0.5245,14880.0
1140.4,15.18,-1.346,-0.6433,14880.0
1140.45,15.23,-1.416,-0.5086,14880.0
1140.5,15.28,-1.486,-0.3739,14870.0
1140.55,15.31,-1.473,-0.226,14860.0
1140.6,15.34,-1.459,-0.07804,14850.0
1140.65,15.21,-1.581,-0.06682,14830.0
1140.7,15.09,-1.703,-0.0556,14820.0
1140.75,15.16,-1.774,-0.2867,14800.0
1140.8,15.23,-1.845,-0.5177,14800.0
1140.85,15.15,-1.821,-0.503,14820.0
1140.9,15.07,-1.797,-0.4882,14850.0
1140.95,15.23,-1.85,-0.4813,14870.0
1141.0,15.39,-1.902,-0.4743,14890.0
1141.05,15.38,-1.64,-0.3469,14880.0
1141.1,15.37,-1.377,-0.2195,14870.0
1141.15,15.44,-1.515,-0.1296,14840.0
1141.2,15.52,-1.652,-0.03975,14800.0
1141.25,15.58,-1.695,-0.2146,14780.0
1141.3,15.64,-1.738,-0.3895,14770.0
1141.35,15.62,-1.636,-0.2928,14770.0
1141.4,15.59,-1.535,-0.1961,14780.0
1141.45,15.79,-1.381,-0.19,14800.0
1141.5,15.99,-1.227,-0.1839,14820.0
1141.55,15.91,-1.342,-0.1947,14820.0
1141.6,15.82,-1.457,-0.2056,14820.0
1141.65,15.75,-1.493,-0.2169,14820.0
1141.7,15.69,-1.529,-0.2283,14810.0
1141.75,15.6,-1.291,-0.3648,14790.0
1141.8,15.52,-1.054,-0.5014,14770.0
1141.85,15.36,-0.9815,-0.486,14740.0
1141.9,15.19,-0.9092,-0.4707,14720.0
1141.95,15.02,-1.01,-0.2286,14700.0
1142.0,14.85,-1.111,0.01341,14700.0
1142.05,14.92,-1.187,0.09938,14710.0
1142.1,14.98,-1.264,0.1853,14730.0
1142.15,14.92,-1.165,-0.04768,14750.0
1142.2,14.85,-1.066,-0.2807,14760.0
1142.25,14.91,-0.9542,-0.1729,14760.0
1142.3,14.96,-0.8423,-0.06511,14760.0
1142.35,14.99,-0.9988,-0.02049,14740.0
1142.4,15.02,-1.155,0.02414,14720.0
1142.45,15.09,-1.243,0.1707,14710.0
1142.5,15.17,-1.33,0.3173,14710.0
1142.55,15.36,-1.473,0.3147,14730.0
1142.6,15.55,-1.616,0.3122,14750.0
1142.65,15.52,-1.515,0.3922,14760.0
1142.7,15.49,-1.414,0.4721,14760.0
1142.75,15.2,-1.439,0.5877,14760.0
1142.8,14.92,-1.464,0.7033,14740.0
1142.85,14.82,-1.391,0.539,14720.0
1142.9,14.73,-1.317,0.3746,14710.0
1142.95,14.7,-1.383,0.6944,14730.0
1143.0,14.67,-1.448,1.014,14750.0
1143.05,14.71,-1.463,1.006,14770.0
1143.1,14.75,-1.478,0.9977,14790.0
1143.15,14.58,-1.523,0.7091,14810.0
1143.2,14.41,-1.568,0.4204,14810.0
1143.25,14.49,-1.607,0.2801,14800.0
1143.3,14.57,-1.645,0.1397,14770.0
1143.35,14.5,-1.769,0.1689,14740.0
1143.4,14.43,-1.894,0.198,14730.0
1143.45,14.37,-1.849,0.2044,14730.0
1143.5,14.32,-1.804,0.2107,14740.0
1143.55,14.1,-1.503,0.2558,14760.0
1143.6,13.89,-1.203,0.3009,14790.0
1143.65,13.8,-1.281,0.1273,14820.0
1143.7,13.71,-1.36,-0.04634,14840.0
1143.75,13.78,-1.31,0.08036,14830.0
1143.8,13.84,-1.259,0.2071,14810.0
1143.85,13.78,-1.149,0.1124,14790.0
1143.9,13.72,-1.039,0.0178,14760.0
1143.95,13.82,-0.9775,0.05877,14740.0
1144.0,13.92,-0.9164,0.09975,14720.0
1144.05,13.71,-0.868,0.06938,14710.0
1144.1,13.5,-0.8197,0.03902,14730.0
1144.15,13.5,-0.9468,0.04987,14760.0
1144.2,13.51,-1.074,0.06072,14790.0
1144.25,13.62,-1.054,0.03743,14790.0
1144.3,13.72,-1.033,0.01414,14790.0
1144.35,13.71,-0.7554,0.07645,14790.0
1144.4,13.71,-0.4777,0.1388,14780.0
1144.45,13.93,-0.7205,0.04902,14740.0
1144.5,14.16,-0.9634,-0.04073,14700.0
1144.55,14.17,-0.8893,-0.1084,14680.0
1144.6,14.19,-0.8153,-0.1761,14690.0
1144.65,14.27,-0.5103,-0.1873,14710.0
1144.7,14.34,-0.2054,-0.1985,14730.0
1144.75,14.36,-0.2592,-0.08426,14750.0
1144.8,14.38,-0.3129,0.03,14760.0
1144.85,14.4,-0.3414,0.2422,14770.0
1144.9,14.42,-0.3698,0.4543,14770.0
1144.95,14.36,-0.1891,0.5208,14740.0
1145.0,14.3,-0.00836,0.5873,14720.0
1145.05,14.47,-0.1109,0.6932,14710.0
1145.1,14.64,-0.2134,0.7992,14730.0
1145.15,14.66,-0.4031,0.6657,14740.0
1145.2,14.68,-0.5927,0.5321,14740.0
1145.25,14.82,-0.5675,0.556,14750.0
1145.3,14.95,-0.5422,0.5799,14760.0
1145.35,14.84,-0.3015,0.4204,14770.0
1145.4,14.73,-0.06091,0.2609,14760.0
1145.45,14.69,-0.1821,0.2746,14740.0
1145.5,14.65,-0.3033,0.2883,14730.0
1145.55,14.72,-0.07504,0.3141,14750.0
1145.6,14.8,0.1533,0.34,14770.0
1145.65,14.77,-0.06748,0.3136,14780.0
1145.7,14.73,-0.2882,0.2873,14790.0
1145.75,14.62,-0.3947,0.4047,14800.0
1145.8,14.51,-0.5012,0.5221,14810.0
1145.85,14.68,-0.3573,0.4308,14800.0
1145.9,14.85,-0.2134,0.3395,14780.0
1145.95,14.79,-0.2074,0.3658,14750.0
1146.0,14.73,-0.2014,0.3922,14750.0
1146.05,14.6,-0.1385,0.3953,14750.0
1146.1,14.47,-0.07564,0.3985,14760.0
1146.15,14.32,-0.09295,0.2563,14770.0
1146.2,14.16,-0.1103,0.1141,14780.0
1146.25,14.14,-0.1553,0.1119,14790.0
1146.3,14.12,-0.2002,0.1097,14800.0
1146.35,14.29,-0.2946,0.2923,14780.0
1146.4,14.47,-0.3889,0.4748,14760.0
1146.45,14.47,-0.5,0.1625,14740.0
1146.5,14.48,-0.6111,-0.1497,14730.0
1146.55,14.28,-0.5444,-0.1779,14720.0
1146.6,14.08,-0.4777,-0.2061,14710.0
1146.65,14.11,-0.5834,-0.03097,14710.0
1146.7,14.13,-0.6891,0.1441,14720.0
1146.75,14.05,-0.9036,0.01866,14720.0
1146.8,13.96,-1.118,-0.1068,14720.0
1146.85,13.93,-1.112,-0.1429,14700.0
1146.9,13.91,-1.106,-0.179,14690.0
1146.95,13.7,-0.9669,-0.1846,14680.0
1147.0,13.5,-0.828,-0.1902,14670.0
1147.05,13.55,-0.5918,-0.1829,14660.0
1147.1,13.6,-0.3555,-0.1756,14650.0
1147.15,13.7,-0.3113,-0.1575,14640.0
1147.2,13.81,-0.2671,-0.1395,14640.0
1147.25,13.82,-0.2651,0.02329,14640.0
1147.3,13.83,-0.2631,0.1861,14640.0
1147.35,13.85,-0.2611,0.08853,14630.0
1147.4,13.88,-0.2592,-0.009023,14630.0
1147.45,13.83,-0.3845,-0.08353,14630.0
1147.5,13.78,-0.5099,-0.158,14630.0
1147.55,13.6,-0.5165,0.02536,14620.0
1147.6,13.42,-0.5231,0.2088,14620.0
1147.65,13.43,-0.5832,0.1112,14620.0
1147.7,13.44,-0.6433,0.01366,14610.0
1147.75,13.41,-0.539,-0.01195,14620.0
1147.8,13.38,-0.4347,-0.03756,14620.0
1147.85,13.38,-0.6403,0.06158,14610.0
1147.9,13.37,-0.8459,0.1607,14610.0
1147.95,13.35,-0.821,-0.06292,14610.0
1148.0,13.33,-0.7962,-0.2866,14610.0
1148.05,13.4,-0.6887,-0.3225,14610.0
1148.1,13.48,-0.5812,-0.3585,14630.0
1148.15,13.58,-0.6443,-0.5087,14650.0
1148.2,13.68,-0.7074,-0.659,14660.0
1148.25,13.82,-0.8288,-0.7319,14650.0
1148.3,13.95,-0.9502,-0.8048,14620.0
1148.35,13.92,-0.7042,-0.7681,14590.0
1148.4,13.9,-0.4582,-0.7314,14570.0
1148.45,13.86,-0.6405,-0.6574,14580.0
1148.5,13.83,-0.8228,-0.5834,14600.0
1148.55,13.79,-0.8248,-0.4856,14640.0
1148.6,13.75,-0.8268,-0.3878,14680.0
1148.65,13.76,-0.5937,-0.4221,14710.0
1148.7,13.76,-0.3607,-0.4565,14710.0
1148.75,13.8,-0.3236,-0.5429,14700.0
1148.8,13.84,-0.2866,-0.6292,14670.0
1148.85,13.96,-0.2667,-0.6835,14630.0
1148.9,14.09,-0.2468,-0.7377,14590.0
1148.95,14.33,-0.1529,-0.7428,14570.0
1149.0,14.57,-0.05892,-0.748,14570.0
1149.05,14.78,-0.1891,-0.6099,14590.0
1149.1,14.99,-0.3193,-0.4719,14620.0
1149.15,14.98,-0.3762,-0.3436,14660.0
1149.2,14.96,-0.4331,-0.2153,14690.0
1149.25,14.75,-0.4735,-0.2561,14700.0
1149.3,14.54,-0.5139,-0.2968,14680.0
1149.35,14.52,-0.6339,-0.191,14670.0
1149.4,14.49,-0.754,-0.08511,14650.0
1149.45,14.47,-0.9202,0.007682,14630.0
1149.5,14.45,-1.086,0.1005,14600.0
1149.55,14.74,-1.163,0.02268,14580.0
1149.6,15.03,-1.239,-0.05512,14580.0
1149.65,14.97,-1.091,0.01853,14610.0
1149.7,14.91,-0.9427,0.09218,14630.0
1149.75,14.89,-0.9894,0.2219,14650.0
1149.8,14.87,-1.036,0.3517,14650.0
1149.85,14.88,-0.9249,0.4131,14640.0
1149.9,14.89,-0.8137,0.4746,14640.0
1149.95,14.97,-0.9327,0.4756,14620.0
1150.0,15.04,-1.052,0.4765,14600.0
1150.05,15.0,-1.145,0.5198,14590.0
1150.1,14.96,-1.238,0.5631,14600.0
1150.15,15.03,-1.329,0.7031,14610.0
1150.2,15.1,-1.42,0.8431,14630.0
1150.25,15.16,-1.4,0.8575,14650.0
1150.3,15.23,-1.381,0.8719,14670.0
1150.35,15.3,-1.465,0.7014,14680.0
1150.4,15.37,-1.55,0.5309,14660.0
1150.45,15.31,-1.639,0.4909,14620.0
1150.5,15.26,-1.728,0.4509,14570.0
1150.55,15.32,-1.578,0.3186,14530.0
1150.6,15.39,-1.429,0.1863,14510.0
1150.65,15.44,-1.39,0.1008,14530.0
1150.7,15.49,-1.351,0.01536,14570.0
1150.75,15.37,-1.211,0.2702,14610.0
1150.8,15.25,-1.071,0.5251,14660.0
1150.85,15.12,-1.015,0.4663,14700.0
1150.9,15.0,-0.9582,0.4075,14700.0
1150.95,15.08,-0.9715,0.2898,14660.0
1151.0,15.16,-0.9849,0.1722,14600.0
1151.05,15.13,-0.9046,0.2239,14550.0
1151.1,15.09,-0.8244,0.2756,14520.0
1151.15,15.25,-0.8039,0.2291,14510.0
1151.2,15.4,-0.7834,0.1827,14500.0
1151.25,15.31,-0.8364,0.1918,14530.0
1151.3,15.21,-0.8893,0.201,14570.0
1151.35,15.15,-0.8841,-0.09231,14620.0
1151.4,15.08,-0.879,-0.3856,14640.0
1151.45,15.11,-0.9755,-0.4332,14650.0
1151.5,15.15,-1.072,-0.4809,14650.0
1151.55,15.15,-1.138,-0.4991,14640.0
1151.6,15.14,-1.203,-0.5173,14620.0
1151.65,15.15,-1.198,-0.5009,14580.0
1151.7,15.15,-1.192,-0.4846,14550.0
1151.75,15.18,-1.18,-0.5118,14540.0
1151.8,15.22,-1.168,-0.539,14550.0
1151.85,15.26,-1.273,-0.6062,14550.0
1151.9,15.31,-1.379,-0.6733,14550.0
1151.95,15.45,-1.373,-0.5491,14550.0
1152.0,15.59,-1.367,-0.4248,14560.0
1152.05,15.48,-1.188,-0.2848,14570.0
1152.1,15.36,-1.01,-0.1449,14570.0
1152.15,15.35,-0.91,-0.08109,14570.0
1152.2,15.34,-0.8101,-0.01732,14570.0
1152.25,15.26,-0.7046,-0.2495,14570.0
1152.3,15.18,-0.5991,-0.4817,14570.0
1152.35,15.04,-0.6507,-0.2531,14540.0
1152.4,14.91,-0.7022,-0.02463,14520.0
1152.45,14.86,-0.6441,0.1629,14500.0
1152.5,14.81,-0.586,0.3504,14500.0
1152.55,14.92,-0.8043,0.4436,14490.0
1152.6,15.03,-1.023,0.5368,14490.0
1152.65,14.82,-1.004,0.2639,14500.0
1152.7,14.61,-0.9849,-0.009023,14510.0
1152.75,14.56,-1.085,-0.01146,14520.0
1152.8,14.51,-1.184,-0.0139,14520.0
1152.85,14.56,-1.018,-0.06365,14510.0
1152.9,14.61,-0.8515,-0.1134,14520.0
1152.95,14.55,-0.6877,-0.1717,14540.0
1153.0,14.48,-0.5239,-0.23,14550.0
1153.05,14.47,-0.5084,-0.2969,14550.0
1153.1,14.46,-0.4928,-0.3639,14540.0
1153.15,14.58,-0.4725,-0.5473,14540.0
1153.2,14.7,-0.4522,-0.7307,14530.0
1153.25,14.61,-0.5273,-0.5696,14510.0
1153.3,14.53,-0.6023,-0.4085,14490.0
1153.35,14.73,-0.4039,-0.415,14480.0
1153.4,14.94,-0.2054,-0.4214,14490.0
1153.45,14.93,-0.2142,-0.1956,14520.0
1153.5,14.91,-0.2229,0.03024,14550.0
1153.55,14.72,-0.1248,0.04256,14580.0
1153.6,14.52,-0.02667,0.05487,14620.0
1153.65,14.53,0.03682,-0.06316,14640.0
1153.7,14.53,0.1003,-0.1812,14640.0
1153.75,14.53,0.1292,-0.2573,14600.0
1153.8,14.53,0.158,-0.3334,14550.0
1153.85,14.45,0.2687,-0.3857,14510.0
1153.9,14.38,0.3794,-0.438,14480.0
1153.95,14.39,0.4128,-0.35,14480.0
1154.0,14.41,0.4463,-0.2619,14510.0
1154.05,14.23,0.6091,-0.428,14550.0
1154.1,14.06,0.7719,-0.5941,14610.0
1154.15,14.02,0.8505,-0.3225,14660.0
1154.2,13.97,0.9291,-0.05097,14670.0
1154.25,13.8,0.7749,0.0856,14640.0
1154.3,13.63,0.6206,0.2222,14590.0
1154.35,13.65,0.6566,0.3152,14560.0
1154.4,13.67,0.6927,0.4082,14540.0
1154.45,13.61,0.6652,0.3296,14550.0
1154.5,13.55,0.6377,0.2509,14570.0
1154.55,13.52,0.6113,0.2012,14590.0
1154.6,13.48,0.5848,0.1514,14600.0
1154.65,13.55,0.5738,0.2474,14590.0
1154.7,13.61,0.5629,0.3434,14570.0
1154.75,13.51,0.4486,0.3424,14550.0
1154.8,13.4,0.3344,0.3414,14520.0
1154.85,13.37,0.1897,0.1272,14520.0
1154.9,13.33,0.04498,-0.08706,14530.0
1154.95,13.42,0.29,-0.05085,14540.0
1155.0,13.5,0.535,-0.01463,14550.0
1155.05,13.52,0.5159,0.09536,14570.0
1155.1,13.53,0.4968,0.2053,14600.0
1155.15,13.52,0.5623,0.2518,14600.0
1155.2,13.51,0.6278,0.2983,14570.0
1155.25,13.7,0.6923,0.3318,14530.0
1155.3,13.9,0.7568,0.3653,14490.0
1155.35,13.74,0.7779,0.2958,14470.0
1155.4,13.58,0.799,0.2263,14440.0
1155.45,13.54,0.8931,0.4893,14430.0
1155.5,13.49,0.9872,0.7524,14450.0
1155.55,13.7,0.9285,0.7847,14480.0
1155.6,13.9,0.8698,0.817,14520.0
1155.65,13.97,0.9092,0.5199,14540.0
1155.7,14.04,0.9486,0.2229,14560.0
1155.75,14.07,0.8439,0.1929,14570.0
1155.8,14.09,0.7392,0.1629,14560.0
1155.85,14.33,0.6063,-0.04926,14540.0
1155.9,14.56,0.4733,-0.2614,14510.0
1155.95,14.62,0.6083,-0.2333,14470.0
1156.0,14.68,0.7432,-0.2051,14450.0
1156.05,14.85,0.6793,-0.02975,14440.0
1156.1,15.03,0.6154,0.1456,14440.0
1156.15,15.04,0.5414,0.04256,14460.0
1156.2,15.05,0.4673,-0.06048,14490.0
1156.25,15.09,0.3722,-0.3498,14540.0
1156.3,15.12,0.2771,-0.6392,14580.0
1156.35,15.06,0.2207,-0.4979,14590.0
1156.4,15.0,0.1644,-0.3565,14580.0
1156.45,15.15,0.3013,-0.4395,14550.0
1156.5,15.3,0.4383,-0.5224,14530.0
1156.55,15.3,0.6109,-0.7304,14510.0
1156.6,15.3,0.7834,-0.9384,14490.0
1156.65,15.17,0.7705,-0.8365,14480.0
1156.7,15.04,0.7576,-0.7346,14490.0
1156.75,15.07,0.658,-0.7792,14520.0
1156.8,15.1,0.5585,-0.8238,14530.0
1156.85,14.95,0.6343,-0.8071,14540.0
1156.9,14.8,0.7102,-0.7904,14540.0
1156.95,14.92,0.6003,-0.514,14530.0
1157.0,15.03,0.4904,-0.2375,14510.0
1157.05,15.07,0.2996,-0.2149,14480.0
1157.1,15.1,0.1087,-0.1922,14470.0
1157.15,15.14,0.1367,-0.2592,14480.0
1157.2,15.17,0.1648,-0.3263,14510.0
1157.25,15.2,0.1465,-0.2578,14540.0
1157.3,15.22,0.1282,-0.1892,14550.0
1157.35,15.37,0.2136,-0.3724,14540.0
1157.4,15.53,0.299,-0.5555,14520.0
1157.45,15.55,0.4759,-0.4506,14490.0
1157.5,15.57,0.6529,-0.3456,14450.0
1157.55,15.47,0.4912,-0.4078,14400.0
1157.6,15.37,0.3296,-0.4699,14380.0
1157.65,15.35,0.3654,-0.4779,14380.0
1157.7,15.33,0.4013,-0.4858,14400.0
1157.75,15.29,0.3175,-0.35,14410.0
1157.8,15.25,0.2337,-0.2141,14440.0
1157.85,15.06,0.2404,-0.2647,14470.0
1157.9,14.86,0.2472,-0.3153,14510.0
1157.95,14.8,0.4365,-0.3635,14520.0
1158.0,14.75,0.6258,-0.4117,14500.0
1158.05,14.76,0.6861,-0.4031,14470.0
1158.1,14.77,0.7464,-0.3946,14440.0
1158.15,14.81,0.6435,-0.4631,14400.0
1158.2,14.85,0.5406,-0.5316,14360.0
1158.25,14.88,0.3318,-0.5031,14340.0
1158.3,14.9,0.123,-0.4746,14350.0
1158.35,14.99,0.1292,-0.3634,14380.0
1158.4,15.09,0.1353,-0.2522,14430.0
1158.45,15.06,0.3087,-0.26,14470.0
1158.5,15.03,0.4821,-0.2678,14490.0
1158.55,15.24,0.4701,-0.4181,14520.0
1158.6,15.45,0.4582,-0.5685,14530.0
1158.65,15.52,0.7259,-0.4326,14510.0
1158.7,15.59,0.9936,-0.2968,14480.0
1158.75,15.35,1.02,-0.3952,14450.0
1158.8,15.11,1.046,-0.4936,14440.0
1158.85,15.19,0.9888,-0.6653,14440.0
1158.9,15.27,0.9315,-0.837,14450.0
1158.95,15.2,0.8326,-0.7988,14450.0
1159.0,15.14,0.7337,-0.7606,14450.0
1159.05,15.29,0.7956,-0.6777,14460.0
1159.1,15.45,0.8575,-0.5948,14460.0
1159.15,15.61,0.7219,-0.5343,14460.0
1159.2,15.76,0.5864,-0.4739,14460.0
1159.25,15.83,0.6043,-0.627,14480.0
1159.3,15.89,0.6222,-0.7802,14520.0
1159.35,15.82,0.5742,-0.7361,14560.0
1159.4,15.74,0.5263,-0.6921,14580.0
1159.45,15.76,0.4851,-0.6718,14560.0
1159.5,15.77,0.4439,-0.6514,14540.0
1159.55,16.01,0.2641,-0.5741,14520.0
1159.6,16.24,0.08439,-0.4968,14480.0
1159.65,16.28,0.1857,-0.3917,14440.0
1159.7,16.32,0.287,-0.2866,14400.0
1159.75,16.26,0.3197,-0.2475,14400.0
1159.8,16.19,0.3523,-0.2085,14420.0
1159.85,15.99,0.4202,-0.1682,14470.0
1159.9,15.79,0.4881,-0.1278,14500.0
1159.95,15.88,0.5304,-0.1963,14540.0
1160.0,15.96,0.5728,-0.2648,14570.0
1160.05,16.14,0.7142,-0.2007,14590.0
1160.1,16.31,0.8555,-0.1366,14560.0
1160.15,16.26,0.9488,-0.0884,14510.0
1160.2,16.2,1.042,-0.04024,14470.0
1160.25,16.09,0.9464,-0.006219,14440.0
1160.3,15.97,0.8507,0.0278,14400.0
1160.35,15.74,0.6664,0.02975,14370.0
1160.4,15.51,0.4821,0.0317,14360.0
1160.45,15.54,0.4548,0.1795,14380.0
1160.5,15.57,0.4275,0.3273,14420.0
1160.55,15.55,0.298,0.4101,14450.0
1160.6,15.53,0.1684,0.4929,14480.0
1160.65,15.63,0.1375,0.4214,14500.0
1160.7,15.72,0.1067,0.35,14510.0
1160.75,15.75,0.07842,0.183,14510.0
1160.8,15.78,0.05016,0.0161,14480.0
1160.85,15.72,0.1411,-0.07938,14440.0
1160.9,15.66,0.2321,-0.1749,14410.0
1160.95,15.47,0.2806,-0.1127,14390.0
1161.0,15.28,0.3292,-0.05048,14380.0
1161.05,15.27,0.245,0.0317,14380.0
1161.1,15.26,0.1608,0.1139,14390.0
1161.15,15.27,0.2185,-0.04341,14430.0
1161.2,15.28,0.2763,-0.2007,14470.0
1161.25,15.5,0.07086,-0.003292,14490.0
1161.3,15.71,-0.1346,0.1941,14490.0
1161.35,15.86,-0.2478,0.2094,14480.0
1161.4,16.02,-0.3611,0.2246,14470.0
1161.45,15.84,-0.2251,0.1892,14460.0
1161.5,15.67,-0.08917,0.1539,14440.0
1161.55,15.6,-0.2623,0.05499,14420.0
1161.6,15.53,-0.4355,-0.0439,14420.0
1161.65,15.67,-0.3975,-0.01841,14430.0
1161.7,15.81,-0.3595,0.007072,14440.0
1161.75,15.78,-0.2349,-0.01158,14440.0
1161.8,15.76,-0.1103,-0.03024,14420.0
1161.85,15.96,-0.3023,-0.007072,14410.0
1161.9,16.16,-0.4944,0.0161,14390.0
1161.95,16.2,-0.662,0.01195,14380.0
1162.0,16.23,-0.8296,0.007804,14370.0
1162.05,16.16,-0.9916,-0.02451,14370.0
1162.1,16.09,-1.154,-0.05682,14390.0
1162.15,15.97,-1.126,0.01549,14410.0
1162.2,15.85,-1.099,0.0878,14430.0
1162.25,15.99,-1.032,0.06877,14430.0
1162.3,16.13,-0.9654,0.04975,14430.0
1162.35,16.0,-0.9025,-0.01805,14400.0
1162.4,15.86,-0.8396,-0.08584,14350.0
1162.45,15.9,-0.8487,0.0161,14290.0
1162.5,15.93,-0.8579,0.118,14240.0
1162.55,15.94,-0.965,0.0539,14210.0
1162.6,15.95,-1.072,-0.01024,14230.0
1162.65,15.89,-0.9717,0.09718,14260.0
1162.7,15.82,-0.8714,0.2046,14310.0
1162.75,15.76,-1.004,0.1396,14350.0
1162.8,15.69,-1.137,0.07463,14390.0
1162.85,15.59,-1.202,0.04195,14400.0
1162.9,15.5,-1.267,0.009267,14370.0
1162.95,15.43,-1.162,-0.1972,14300.0
1163.0,15.36,-1.058,-0.4036,14220.0
1163.05,15.62,-1.034,-0.5275,14150.0
1163.1,15.89,-1.01,-0.6514,14110.0
1163.15,15.84,-0.9646,-0.5251,14090.0
1163.2,15.8,-0.9196,-0.3987,14110.0
1163.25,15.73,-0.9498,-0.4039,14170.0
1163.3,15.66,-0.9801,-0.409,14240.0
1163.35,15.75,-0.7948,-0.4217,14290.0
1163.4,15.85,-0.6095,-0.4343,14310.0
1163.45,15.85,-0.589,-0.277,14300.0
1163.5,15.85,-0.5685,-0.1197,14270.0
1163.55,15.96,-0.6716,-0.1644,14240.0
1163.6,16.06,-0.7747,-0.209,14200.0
1163.65,15.91,-0.7442,-0.1434,14160.0
1163.7,15.77,-0.7138,-0.0778,14150.0
1163.75,16.03,-0.6941,-0.02488,14160.0
1163.8,16.29,-0.6744,0.02805,14190.0
1163.85,16.29,-0.5326,0.08024,14220.0
1163.9,16.29,-0.3909,0.1324,14240.0
1163.95,16.11,-0.3623,0.07889,14270.0
1164.0,15.92,-0.3336,0.02536,14280.0
1164.05,16.03,-0.4261,-0.09121,14290.0
1164.1,16.13,-0.5187,-0.2078,14270.0
1164.15,16.34,-0.4397,-0.09889,14250.0
1164.2,16.54,-0.3607,0.009999,14250.0
1164.25,16.63,-0.3519,-0.0656,14260.0
1164.3,16.72,-0.3431,-0.1412,14270.0
1164.35,16.82,-0.4478,-0.04304,14270.0
1164.4,16.92,-0.5525,0.05512,14280.0
1164.45,16.72,-0.5354,-0.01634,14280.0
1164.5,16.52,-0.5183,-0.0878,14280.0
1164.55,16.64,-0.4472,-0.2153,14270.0
1164.6,16.76,-0.3762,-0.3429,14240.0
1164.65,16.87,-0.3404,-0.2428,14220.0
1164.7,16.98,-0.3045,-0.1427,14210.0
1164.75,16.91,-0.3135,-0.3131,14220.0
1164.8,16.84,-0.3224,-0.4836,14230.0
1164.85,16.82,-0.4172,-0.5032,14240.0
1164.9,16.8,-0.5119,-0.5229,14260.0
1164.95,16.81,-0.3636,-0.5286,14280.0
1165.0,16.81,-0.2154,-0.5343,14290.0
1165.05,16.78,-0.2671,-0.7057,14270.0
1165.1,16.74,-0.3189,-0.877,14230.0
1165.15,16.88,-0.4395,-0.6085,14190.0
1165.2,17.02,-0.5601,-0.34,14160.0
1165.25,17.15,-0.7834,-0.4804,14110.0
1165.3,17.28,-1.007,-0.6209,14070.0
1165.35,17.32,-0.8276,-0.6212,14050.0
1165.4,17.36,-0.6485,-0.6214,14060.0
1165.45,17.25,-0.8165,-0.4974,14090.0
1165.5,17.15,-0.9845,-0.3734,14100.0
1165.55,17.18,-0.9699,-0.4734,14110.0
1165.6,17.21,-0.9554,-0.5734,14120.0
1165.65,17.45,-0.6895,-0.5879,14130.0
1165.7,17.69,-0.4236,-0.6024,14100.0
1165.75,17.69,-0.4751,-0.6922,14060.0
1165.8,17.69,-0.5267,-0.7821,14010.0
1165.85,17.71,-0.5392,-0.8076,13970.0
1165.9,17.73,-0.5517,-0.8331,13930.0
1165.95,17.65,-0.5599,-0.7394,13900.0
1166.0,17.57,-0.5681,-0.6458,13880.0
1166.05,17.36,-0.6101,-0.5686,13890.0
1166.1,17.14,-0.6521,-0.4914,13920.0
1166.15,17.04,-0.6453,-0.6583,13970.0
1166.2,16.94,-0.6385,-0.8253,14000.0
1166.25,17.02,-0.6308,-0.8202,14020.0
1166.3,17.1,-0.623,-0.815,14020.0
1166.35,16.98,-0.4773,-0.6231,14020.0
1166.4,16.85,-0.3316,-0.4312,14000.0
1166.45,16.9,-0.586,-0.3819,13970.0
1166.5,16.96,-0.8404,-0.3326,13940.0
1166.55,16.87,-0.8258,-0.3706,13930.0
1166.6,16.79,-0.8113,-0.4085,13920.0
1166.65,16.67,-0.6371,-0.3868,13930.0
1166.7,16.55,-0.463,-0.3651,13940.0
1166.75,16.5,-0.3935,-0.4271,13960.0
1166.8,16.45,-0.324,-0.4892,13980.0
1166.85,16.49,-0.2116,-0.6336,14010.0
1166.9,16.52,-0.09912,-0.778,14040.0
1166.95,16.48,-0.1636,-0.7981,14050.0
1167.0,16.43,-0.2281,-0.8182,14050.0
1167.05,16.56,-0.1913,-0.703,14050.0
1167.1,16.68,-0.1545,-0.5877,14050.0
1167.15,16.59,-0.06708,-0.4642,14050.0
1167.2,16.49,0.0203,-0.3407,14040.0
1167.25,16.37,0.1156,-0.297,14030.0
1167.3,16.24,0.211,-0.2534,14020.0
1167.35,16.31,0.3107,-0.1778,14010.0
1167.4,16.38,0.4104,-0.1022,14010.0
1167.45,16.5,0.5289,0.04817,14010.0
1167.5,16.61,0.6473,0.1985,14010.0
1167.55,16.58,0.5728,0.1129,14030.0
1167.6,16.55,0.4984,0.02731,14060.0
1167.65,16.51,0.3342,0.03317,14090.0
1167.7,16.47,0.17,0.03902,14110.0
1167.75,16.64,0.2076,0.2452,14130.0
1167.8,16.8,0.2452,0.4514,14140.0
1167.85,16.8,0.2536,0.243,14130.0
1167.9,16.79,0.2619,0.03463,14100.0
1167.95,16.92,0.2012,-0.1377,14070.0
1168.0,17.06,0.1405,-0.31,14030.0
1168.05,17.2,-0.03145,-0.1682,14000.0
1168.1,17.35,-0.2034,-0.02634,13980.0
1168.15,17.31,-0.1899,0.1372,13990.0
1168.2,17.28,-0.1764,0.3007,14010.0
1168.25,17.14,-0.1029,0.4079,14040.0
1168.3,17.0,-0.02946,0.5151,14080.0
1168.35,17.05,-0.1314,0.4314,14110.0
1168.4,17.1,-0.2333,0.3478,14130.0
1168.45,17.21,-0.3867,0.5447,14130.0
1168.5,17.31,-0.5402,0.7416,14110.0
1168.55,17.44,-0.425,0.6244,14070.0
1168.6,17.56,-0.3097,0.5073,14010.0
1168.65,17.59,-0.4508,0.3089,13950.0
1168.7,17.61,-0.5919,0.1105,13910.0
1168.75,17.9,-0.622,0.09523,13900.0
1168.8,18.19,-0.6521,0.07999,13930.0
1168.85,18.16,-0.6266,0.006219,13980.0
1168.9,18.13,-0.6011,-0.06755,14050.0
1168.95,17.91,-0.5028,-0.0378,14110.0
1169.0,17.69,-0.4045,-0.008048,14140.0
1169.05,17.8,-0.1065,-0.04463,14150.0
1169.1,17.91,0.1915,-0.08121,14120.0
1169.15,18.13,0.1781,-0.2912,14080.0
1169.2,18.34,0.1648,-0.5012,14030.0
1169.25,18.33,-0.09574,-0.3898,14010.0
1169.3,18.32,-0.3563,-0.2785,14010.0
1169.35,18.21,-0.5275,-0.2667,14020.0
1169.4,18.11,-0.6986,-0.2548,14050.0
1169.45,18.12,-0.8204,-0.4904,14090.0
1169.5,18.13,-0.9423,-0.726,14120.0
1169.55,18.02,-1.048,-0.9489,14150.0
1169.6,17.91,-1.153,-1.172,14170.0
1169.65,17.82,-1.134,-1.149,14170.0
1169.7,17.73,-1.114,-1.126,14170.0
1169.75,17.72,-1.127,-0.9127,14180.0
1169.8,17.72,-1.139,-0.6989,14180.0
1169.85,17.97,-1.14,-0.8682,14180.0
1169.9,18.21,-1.141,-1.037,14180.0
1169.95,18.1,-0.8067,-0.9348,14180.0
1170.0,17.98,-0.4725,-0.8321,14180.0
1170.05,18.0,-0.547,-0.7503,14180.0
1170.1,18.02,-0.6214,-0.6685,14180.0
1170.15,17.78,-0.5991,-0.5412,14190.0
1170.2,17.55,-0.5768,-0.4139,14200.0
1170.25,17.41,-0.5593,-0.2867,14200.0
1170.3,17.27,-0.5418,-0.1595,14210.0
1170.35,17.22,-0.466,-0.1678,14210.0
1170.4,17.18,-0.3901,-0.1761,14220.0
1170.45,17.39,-0.2956,-0.1022,14240.0
1170.5,17.6,-0.201,-0.02829,14260.0
1170.55,17.54,-0.07166,0.1441,14270.0
1170.6,17.48,0.05772,0.3166,14280.0
1170.65,17.36,0.01393,0.4095,14280.0
1170.7,17.24,-0.02986,0.5024,14280.0
1170.75,17.1,-0.02627,0.4136,14270.0
1170.8,16.96,-0.02269,0.3248,14240.0
1170.85,17.09,-0.1549,0.4223,14210.0
1170.9,17.23,-0.287,0.5197,14200.0
1170.95,17.18,-0.4162,0.3842,14200.0
1171.0,17.14,-0.5454,0.2488,14210.0
1171.05,17.1,-0.5141,0.3068,14230.0
1171.1,17.07,-0.4829,0.3648,14270.0
1171.15,17.09,-0.5048,0.3711,14310.0
1171.2,17.1,-0.5267,0.3773,14340.0
1171.25,17.02,-0.415,0.1145,14340.0
1171.3,16.94,-0.3033,-0.1483,14320.0
1171.35,16.85,-0.01811,-0.3264,14300.0
1171.4,16.77,0.2671,-0.5046,14280.0
1171.45,16.74,0.2263,-0.5864,14240.0
1171.5,16.71,0.1855,-0.6682,14200.0
1171.55,16.7,0.1654,-0.4336,14170.0
1171.6,16.7,0.1453,-0.199,14170.0
1171.65,16.68,0.01055,-0.2855,14200.0
1171.7,16.66,-0.1242,-0.3719,14240.0
1171.75,16.3,-0.1889,-0.06085,14290.0
1171.8,15.95,-0.2536,0.2502,14340.0
1171.85,15.98,-0.3631,0.3623,14370.0
1171.9,16.02,-0.4725,0.4743,14370.0
1171.95,16.15,-0.3133,0.3702,14320.0
1172.0,16.29,-0.1541,0.2661,14270.0
1172.05,16.26,-0.4013,0.3006,14220.0
1172.1,16.24,-0.6485,0.3351,14200.0
1172.15,16.29,-0.6005,0.2991,14200.0
1172.2,16.33,-0.5525,0.2631,14220.0
1172.25,16.37,-0.4765,0.2323,14270.0
1172.3,16.41,-0.4005,0.2014,14320.0
1172.35,16.45,-0.575,0.3158,14350.0
1172.4,16.5,-0.7496,0.4302,14360.0
1172.45,16.41,-0.8308,0.3618,14340.0
1172.5,16.32,-0.912,0.2934,14330.0
1172.55,16.22,-0.8501,0.2352,14320.0
1172.6,16.12,-0.7882,0.1771,14310.0
1172.65,15.99,-0.7603,0.09938,14320.0
1172.7,15.86,-0.7325,0.0217,14350.0
1172.75,15.83,-0.7999,-0.08072,14380.0
1172.8,15.79,-0.8674,-0.1832,14410.0
1172.85,15.67,-0.7211,-0.1433,14420.0
1172.9,15.55,-0.5748,-0.1034,14420.0
1172.95,15.56,-0.6121,-0.03524,14410.0
1173.0,15.58,-0.6493,0.03292,14420.0
1173.05,15.73,-0.5746,0.06109,14420.0
1173.1,15.89,-0.5,0.08926,14430.0
1173.15,15.89,-0.3119,-0.01841,14430.0
1173.2,15.88,-0.1238,-0.1261,14460.0
1173.25,15.82,-0.1361,0.1184,14480.0
1173.3,15.76,-0.1485,0.3629,14500.0
1173.35,15.8,-0.2152,0.3407,14520.0
1173.4,15.85,-0.2818,0.3185,14550.0
1173.45,16.03,-0.3973,0.2333,14570.0
1173.5,16.21,-0.5127,0.148,14580.0
1173.55,16.18,-0.5762,0.3092,14570.0
1173.6,16.15,-0.6397,0.4704,14550.0
1173.65,16.2,-0.6485,0.3941,14530.0
1173.7,16.24,-0.6572,0.3178,14530.0
1173.75,16.27,-0.6431,0.4534,14530.0
1173.8,16.3,-0.629,0.589,14540.0
1173.85,16.22,-0.5762,0.6185,14550.0
1173.9,16.15,-0.5235,0.648,14570.0
1173.95,16.11,-0.3332,0.528,14590.0
1174.0,16.07,-0.1429,0.408,14600.0
1174.05,15.88,-0.2452,0.3892,14590.0
1174.1,15.69,-0.3475,0.3704,14580.0
1174.15,15.75,-0.4673,0.2818,14580.0
1174.2,15.81,-0.5872,0.1931,14590.0
1174.25,15.81,-0.4554,0.08987,14590.0
1174.3,15.8,-0.3236,-0.01341,14580.0
1174.35,15.77,-0.002189,0.05524,14580.0
1174.4,15.74,0.3193,0.1239,14600.0
1174.45,15.83,0.4365,0.1297,14600.0
1174.5,15.91,0.5537,0.1356,14580.0
1174.55,15.9,0.3151,0.2861,14560.0
1174.6,15.88,0.07643,0.4365,14560.0
1174.65,15.83,0.1602,0.3765,14590.0
1174.7,15.77,0.244,0.3166,14620.0
1174.75,15.71,0.5488,0.3012,14630.0
1174.8,15.64,0.8535,0.2858,14640.0
1174.85,15.88,0.8511,0.2757,14660.0
1174.9,16.11,0.8487,0.2656,14660.0
1174.95,16.19,0.862,0.2029,14650.0
1175.0,16.27,0.8754,0.1402,14630.0
1175.05,16.26,0.6901,0.01256,14620.0
1175.1,16.25,0.5048,-0.1151,14630.0
1175.15,16.23,0.3642,-0.1385,14650.0
1175.2,16.21,0.2237,-0.1619,14660.0
1175.25,16.24,0.1493,-0.1629,14670.0
1175.3,16.27,0.07484,-0.1639,14680.0
1175.35,16.42,0.04518,0.06024,14720.0
1175.4,16.56,0.01553,0.2844,14750.0
1175.45,16.44,0.01015,0.1503,14740.0
1175.5,16.31,0.004777,0.01634,14730.0
1175.55,16.38,-0.1316,-0.05451,14740.0
1175.6,16.45,-0.2679,-0.1254,14770.0
1175.65,16.56,-0.1783,-0.111,14800.0
1175.7,16.67,-0.08877,-0.09657,14810.0
1175.75,16.72,-0.04697,-0.2408,14820.0
1175.8,16.76,-0.005175,-0.3851,14850.0
1175.85,16.71,0.1184,-0.3541,14870.0
1175.9,16.65,0.242,-0.3231,14880.0
1175.95,16.64,0.1342,-0.2897,14870.0
1176.0,16.63,0.02627,-0.2563,14880.0
1176.05,16.59,-0.1109,-0.1639,14910.0
1176.1,16.55,-0.248,-0.07146,14940.0
1176.15,16.74,-0.2488,0.1716,14940.0
1176.2,16.93,-0.2496,0.4146,14940.0
1176.25,17.06,-0.3507,0.2661,14950.0
1176.3,17.2,-0.4518,0.1175,14970.0
1176.35,17.24,-0.4532,0.00378,15000.0
1176.4,17.28,-0.4546,-0.11,15010.0
1176.45,17.29,-0.1254,-0.05853,15010.0
1176.5,17.29,0.2038,-0.007072,15030.0
1176.55,17.26,0.2271,-0.1074,15040.0
1176.6,17.24,0.2504,-0.2078,15030.0
1176.65,17.32,0.3002,-0.2841,14990.0
1176.7,17.4,0.3499,-0.3604,14960.0
1176.75,17.45,0.4293,-0.5084,14950.0
1176.8,17.5,0.5088,-0.6563,14970.0
1176.85,17.36,0.4988,-0.5188,15000.0
1176.9,17.21,0.4888,-0.3814,15040.0
1176.95,17.27,0.5456,-0.3405,15080.0
1177.0,17.32,0.6023,-0.2995,15120.0
1177.05,17.22,0.5237,-0.2742,15140.0
1177.1,17.12,0.4451,-0.249,15120.0
1177.15,17.17,0.4246,-0.0867,15070.0
1177.2,17.22,0.4041,0.0756,15030.0
1177.25,17.44,0.6933,0.1639,15000.0
1177.3,17.67,0.9825,0.2522,15000.0
1177.35,17.83,0.9206,0.4297,15020.0
1177.4,18.0,0.8587,0.6073,15060.0
1177.45,18.0,0.8286,0.5015,15110.0
1177.5,18.0,0.7986,0.3958,15160.0
1177.55,17.98,0.8778,0.4967,15180.0
1177.6,17.96,0.957,0.5975,15180.0
1177.65,17.89,0.9466,0.8337,15170.0
1177.7,17.83,0.9363,1.07,15160.0
1177.75,17.85,0.8646,0.9615,15150.0
1177.8,17.87,0.793,0.8531,15150.0
1177.85,17.8,0.7371,0.7269,15150.0
1177.9,17.73,0.6811,0.6007,15170.0
1177.95,17.74,0.5738,0.5142,15210.0
1178.0,17.76,0.4666,0.4278,15250.0
1178.05,17.62,0.4144,0.3519,15270.0
1178.1,17.48,0.3623,0.2761,15280.0
1178.15,17.5,0.4614,0.1933,15290.0
1178.2,17.53,0.5605,0.1105,15300.0
1178.25,17.63,0.5858,0.3423,15310.0
1178.3,17.74,0.6111,0.5741,15310.0
1178.35,17.79,0.6212,0.6094,15320.0
1178.4,17.84,0.6314,0.6448,15360.0
1178.45,17.8,0.6843,0.6666,15400.0
1178.5,17.77,0.7373,0.6885,15430.0
1178.55,17.78,0.665,0.4658,15440.0
1178.6,17.79,0.5927,0.2431,15460.0
1178.65,17.78,0.4644,0.1916,15470.0
1178.7,17.77,0.336,0.14,15470.0
1178.75,17.68,0.4311,0.1919,15460.0
1178.8,17.58,0.5263,0.2439,15440.0
1178.85,17.82,0.4888,0.3796,15450.0
1178.9,18.07,0.4514,0.5153,15480.0
1178.95,18.09,0.2187,0.4464,15500.0
1179.0,18.12,-0.01393,0.3775,15530.0
1179.05,18.22,0.06091,0.4667,15560.0
1179.1,18.31,0.1357,0.5558,15580.0
1179.15,18.3,-0.01135,0.6714,15590.0
1179.2,18.3,-0.1584,0.787,15570.0
1179.25,18.25,-0.3077,0.7089,15540.0
1179.3,18.21,-0.457,0.6309,15520.0
1179.35,18.29,-0.4753,0.5512,15500.0
1179.4,18.37,-0.4936,0.4714,15490.0
1179.45,18.31,-0.4254,0.4059,15480.0
1179.5,18.24,-0.3571,0.3405,15500.0
1179.55,18.45,-0.3402,0.03122,15540.0
1179.6,18.66,-0.3232,-0.278,15590.0
1179.65,18.66,-0.3117,-0.06365,15610.0
1179.7,18.67,-0.3002,0.1507,15610.0
1179.75,18.47,-0.5661,0.1675,15600.0
1179.8,18.26,-0.832,0.1844,15570.0
1179.85,18.23,-0.8692,0.154,15540.0
1179.9,18.2,-0.9064,0.1236,15510.0
1179.95,18.35,-0.6574,0.378,15500.0
1180.0,18.51,-0.4084,0.6324,15520.0
1180.05,18.44,-0.3607,0.5547,15550.0
1180.1,18.38,-0.3129,0.477,15580.0
1180.15,18.3,-0.5659,0.3472,15610.0
1180.2,18.23,-0.8189,0.2173,15640.0
1180.25,18.06,-0.8344,0.3369,15670.0
1180.3,17.9,-0.8499,0.4565,15680.0
1180.35,17.72,-0.7812,0.3278,15680.0
1180.4,17.54,-0.7126,0.199,15660.0
1180.45,17.43,-0.6724,0.1027,15640.0
1180.5,17.32,-0.6322,0.006341,15640.0
1180.55,17.38,-0.5318,-0.1263,15640.0
1180.6,17.43,-0.4315,-0.259,15650.0
1180.65,17.48,-0.4741,-0.3967,15670.0
1180.7,17.53,-0.5167,-0.5343,15720.0
1180.75,17.41,-0.7084,-0.4412,15790.0
1180.8,17.3,-0.9001,-0.348,15830.0
1180.85,17.27,-0.6111,-0.3533,15830.0
1180.9,17.24,-0.322,-0.3585,15810.0
1180.95,17.29,-0.4618,-0.3311,15790.0
1181.0,17.35,-0.6015,-0.3036,15770.0
1181.05,17.34,-0.6925,-0.1474,15750.0
1181.1,17.34,-0.7834,0.00878,15750.0
1181.15,17.32,-0.6144,0.2091,15790.0
1181.2,17.3,-0.4455,0.4095,15850.0
1181.25,17.49,-0.6125,0.4721,15900.0
1181.3,17.69,-0.7794,0.5348,15920.0
1181.35,17.75,-0.7028,0.4603,15920.0
1181.4,17.8,-0.6262,0.3858,15920.0
1181.45,17.9,-0.6413,0.2423,15900.0
1181.5,17.99,-0.6564,0.09877,15870.0
1181.55,17.93,-0.6759,-0.2239,15840.0
1181.6,17.88,-0.6955,-0.5465,15820.0
1181.65,17.87,-0.8457,-0.6122,15830.0
1181.7,17.87,-0.996,-0.678,15860.0
1181.75,17.8,-0.7701,-0.4799,15890.0
1181.8,17.73,-0.5442,-0.2819,15920.0
1181.85,17.67,-0.5074,-0.2778,15940.0
1181.9,17.62,-0.4705,-0.2736,15950.0
1181.95,17.58,-0.3762,-0.2753,15940.0
1182.0,17.55,-0.2818,-0.277,15900.0
1182.05,17.56,-0.257,-0.2648,15850.0
1182.1,17.57,-0.2321,-0.2527,15810.0
1182.15,17.53,-0.4789,-0.3495,15810.0
1182.2,17.5,-0.7257,-0.4463,15820.0
1182.25,17.52,-0.5804,-0.3116,15830.0
1182.3,17.54,-0.4351,-0.1768,15850.0
1182.35,17.64,-0.4166,-0.1519,15890.0
1182.4,17.74,-0.3981,-0.1271,15920.0
1182.45,17.53,-0.3465,-0.2012,15940.0
1182.5,17.31,-0.295,-0.2753,15940.0
1182.55,17.41,-0.463,-0.2989,15930.0
1182.6,17.52,-0.631,-0.3224,15940.0
1182.65,17.72,-0.6692,-0.3098,15940.0
1182.7,17.91,-0.7074,-0.2973,15930.0
1182.75,17.88,-0.743,-0.3269,15910.0
1182.8,17.84,-0.7787,-0.3565,15910.0
1182.85,17.78,-0.8165,-0.487,15920.0
1182.9,17.72,-0.8543,-0.6175,15940.0
1182.95,17.61,-0.7426,-0.661,15950.0
1183.0,17.49,-0.631,-0.7046,15970.0
1183.05,17.38,-0.7781,-0.5612,16010.0
1183.1,17.26,-0.9251,-0.4178,16070.0
1183.15,17.42,-0.991,-0.3223,16100.0
1183.2,17.59,-1.057,-0.2268,16120.0
1183.25,17.74,-1.201,-0.005975,16130.0
1183.3,17.89,-1.345,0.2149,16120.0
1183.35,17.96,-1.274,0.307,16090.0
1183.4,18.03,-1.203,0.3992,16040.0
1183.45,18.09,-1.248,0.4069,15990.0
1183.5,18.16,-1.293,0.4146,16000.0
1183.55,18.29,-1.278,0.302,16050.0
1183.6,18.41,-1.264,0.1895,16120.0
1183.65,18.26,-1.243,0.1417,16190.0
1183.7,18.12,-1.223,0.09389,16260.0
1183.75,18.34,-1.516,0.2639,16300.0
1183.8,18.56,-1.809,0.4339,16290.0
1183.85,18.76,-1.859,0.6405,16240.0
1183.9,18.96,-1.91,0.8472,16160.0
1183.95,18.94,-1.895,0.846,16100.0
1184.0,18.93,-1.879,0.8448,16080.0
1184.05,18.81,-1.916,0.8567,16090.0
1184.1,18.69,-1.953,0.8687,16130.0
1184.15,18.81,-2.054,0.9667,16190.0
1184.2,18.93,-2.155,1.065,16270.0
1184.25,18.92,-2.156,0.8461,16330.0
1184.3,18.91,-2.157,0.6275,16340.0
1184.35,19.0,-2.096,0.3151,16320.0
1184.4,19.08,-2.034,0.002683,16260.0
1184.45,19.07,-2.209,-0.2239,16200.0
1184.5,19.05,-2.384,-0.4504,16150.0
1184.55,18.97,-2.292,-0.4168,16130.0
1184.6,18.89,-2.201,-0.3831,16130.0
1184.65,18.79,-2.131,-0.1753,16170.0
1184.7,18.7,-2.06,0.03244,16240.0
1184.75,18.69,-1.896,0.1119,16310.0
1184.8,18.67,-1.731,0.1914,16350.0
1184.85,18.63,-1.806,0.1855,16370.0
1184.9,18.59,-1.881,0.1795,16350.0
1184.95,18.73,-1.944,0.31,16310.0
1185.0,18.88,-2.007,0.4404,16270.0
1185.05,18.97,-1.932,0.2333,16220.0
1185.1,19.06,-1.857,0.02609,16190.0
1185.15,19.12,-1.588,-0.07365,16210.0
1185.2,19.19,-1.32,-0.1734,16260.0
1185.25,19.5,-1.389,-0.2481,16320.0
1185.3,19.81,-1.458,-0.3229,16390.0
1185.35,19.86,-1.472,-0.2211,16440.0
1185.4,19.91,-1.485,-0.1193,16460.0
1185.45,19.95,-1.399,-0.03926,16440.0
1185.5,20.0,-1.313,0.04073,16410.0
1185.55,20.17,-1.21,0.1032,16370.0
1185.6,20.35,-1.107,0.1656,16330.0
1185.65,20.37,-0.8794,0.2533,16320.0
1185.7,20.38,-0.6521,0.3409,16340.0
1185.75,20.39,-0.7518,0.2375,16370.0
1185.8,20.4,-0.8515,0.1341,16420.0
1185.85,20.29,-0.7992,0.3208,16480.0
1185.9,20.18,-0.7468,0.5075,16530.0
1185.95,20.23,-0.6479,0.2931,16570.0
1186.0,20.28,-0.549,0.07877,16570.0
1186.05,20.26,-0.5967,0.3344,16530.0
1186.1,20.23,-0.6445,0.5899,16500.0
1186.15,20.27,-0.5531,0.5587,16480.0
1186.2,20.31,-0.4618,0.5275,16450.0
1186.25,20.31,-0.5101,0.767,16440.0
1186.3,20.31,-0.5585,1.006,16450.0
1186.35,20.4,-0.4116,1.119,16480.0
1186.4,20.5,-0.2647,1.231,16510.0
1186.45,20.47,-0.4039,1.066,16520.0
1186.5,20.44,-0.543,0.9009,16540.0
1186.55,20.37,-0.8443,0.8444,16550.0
1186.6,20.3,-1.146,0.788,16560.0
1186.65,20.32,-1.187,0.7878,16550.0
1186.7,20.34,-1.229,0.7877,16530.0
1186.75,20.25,-1.173,0.6966,16510.0
1186.8,20.17,-1.117,0.6055,16490.0
1186.85,20.08,-1.053,0.6887,16480.0
1186.9,19.99,-0.9888,0.7719,16470.0
1186.95,20.13,-1.07,0.9742,16450.0
1187.0,20.28,-1.151,1.176,16450.0
1187.05,20.32,-1.068,1.047,16480.0
1187.1,20.36,-0.9857,0.9167,16510.0
1187.15,20.28,-1.04,0.8072,16530.0
1187.2,20.19,-1.095,0.6977,16530.0
1187.25,20.23,-1.034,0.6827,16540.0
1187.3,20.27,-0.9721,0.6677,16550.0
1187.35,20.14,-0.8583,0.6052,16550.0
1187.4,20.01,-0.7444,0.5426,16550.0
1187.45,20.15,-0.864,0.6309,16570.0
1187.5,20.28,-0.9837,0.7192,16590.0
1187.55,20.2,-1.018,0.7314,16600.0
1187.6,20.12,-1.053,0.7436,16590.0
1187.65,20.15,-0.9168,0.7738,16560.0
1187.7,20.17,-0.7806,0.8041,16540.0
1187.75,20.06,-0.6335,0.8228,16530.0
1187.8,19.94,-0.4865,0.8416,16540.0
1187.85,19.73,-0.3969,0.7572,16570.0
1187.9,19.51,-0.3073,0.6729,16600.0
1187.95,19.35,-0.3111,0.561,16650.0
1188.0,19.19,-0.3149,0.4492,16700.0
1188.05,19.15,-0.4936,0.3723,16730.0
1188.1,19.11,-0.6724,0.2953,16730.0
1188.15,19.13,-0.4829,0.1352,16700.0
1188.2,19.15,-0.2934,-0.02488,16670.0
1188.25,19.24,-0.4082,-0.1046,16640.0
1188.3,19.33,-0.5231,-0.1844,16600.0
1188.35,19.31,-0.6248,-0.1311,16580.0
1188.4,19.29,-0.7265,-0.0778,16590.0
1188.45,19.23,-0.8258,-0.009389,16630.0
1188.5,19.17,-0.9251,0.05902,16690.0
1188.55,19.12,-1.05,0.02146,16760.0
1188.6,19.06,-1.175,-0.0161,16810.0
1188.65,19.11,-1.183,0.07987,16840.0
1188.7,19.15,-1.19,0.1758,16840.0
1188.75,19.22,-1.167,-0.07328,16800.0
1188.8,19.28,-1.144,-0.3224,16740.0
1188.85,19.42,-1.145,-0.1222,16680.0
1188.9,19.56,-1.146,0.07804,16640.0
1188.95,19.55,-1.057,0.11,16640.0
1189.0,19.54,-0.9681,0.1419,16680.0
1189.05,19.49,-0.8294,0.2701,16710.0
1189.1,19.44,-0.6907,0.3982,16750.0
1189.15,19.39,-0.5494,0.4624,16770.0
1189.2,19.34,-0.408,0.5265,16790.0
1189.25,19.22,-0.6463,0.5495,16790.0
1189.3,19.11,-0.8845,0.5724,16770.0
1189.35,18.99,-0.8346,0.6479,16750.0
1189.4,18.87,-0.7846,0.7233,16730.0
1189.45,18.84,-0.6011,0.7283,16700.0
1189.5,18.8,-0.4176,0.7333,16680.0
1189.55,18.71,-0.421,0.6135,16660.0
1189.6,18.63,-0.4244,0.4936,16660.0
1189.65,18.7,-0.6202,0.5729,16680.0
1189.7,18.78,-0.8161,0.6521,16710.0
1189.75,18.81,-0.9861,0.5937,16730.0
1189.8,18.84,-1.156,0.5353,16740.0
1189.85,18.78,-0.9801,0.4993,16750.0
1189.9,18.73,-0.8041,0.4634,16740.0
1189.95,18.89,-0.7589,0.3937,16710.0
1190.0,19.04,-0.7138,0.3241,16670.0
1190.05,18.94,-0.9415,0.2656,16640.0
1190.1,18.83,-1.169,0.2071,16650.0
1190.15,18.62,-1.031,0.2791,16670.0
1190.2,18.41,-0.8921,0.3512,16700.0
1190.25,18.32,-0.9192,0.4262,16720.0
1190.3,18.23,-0.9462,0.5012,16750.0
1190.35,18.11,-0.836,0.4097,16780.0
1190.4,18.0,-0.7257,0.3183,16780.0
1190.45,17.91,-0.7219,0.4463,16740.0
1190.5,17.81,-0.7181,0.5743,16690.0
1190.55,17.7,-0.5605,0.6881,16660.0
1190.6,17.58,-0.4029,0.8019,16650.0
1190.65,17.69,-0.424,0.8197,16660.0
1190.7,17.8,-0.4451,0.8375,16660.0
1190.75,17.84,-0.539,0.9942,16690.0
1190.8,17.88,-0.633,1.151,16740.0
1190.85,17.86,-0.5983,1.09,16780.0
1190.9,17.83,-0.5637,1.03,16790.0
1190.95,17.57,-0.415,1.076,16770.0
1191.0,17.3,-0.2663,1.122,16750.0
1191.05,17.24,-0.2679,1.12,16730.0
1191.1,17.18,-0.2695,1.118,16700.0
1191.15,17.21,-0.1123,1.205,16660.0
1191.2,17.24,0.04498,1.292,16630.0
1191.25,17.08,0.004578,1.137,16620.0
1191.3,16.91,-0.03583,0.9828,16650.0
1191.35,16.98,-0.06966,0.7589,16670.0
1191.4,17.05,-0.1035,0.5351,16680.0
1191.45,17.07,-0.08001,0.6303,16690.0
1191.5,17.09,-0.05653,0.7255,16700.0
1191.55,17.02,0.007564,0.7542,16700.0
1191.6,16.95,0.07165,0.7828,16680.0
1191.65,16.96,0.2233,0.7174,16640.0
1191.7,16.97,0.375,0.6519,16610.0
1191.75,16.88,0.6101,0.7576,16600.0
1191.8,16.8,0.8451,0.8633,16590.0
1191.85,16.73,0.8057,0.9509,16570.0
1191.9,16.66,0.7663,1.038,16570.0
1191.95,16.69,0.7693,1.01,16610.0
1192.0,16.73,0.7723,0.9811,16650.0
1192.05,16.94,0.7828,0.9145,16690.0
1192.1,17.16,0.7934,0.848,16690.0
1192.15,17.35,0.6347,0.7961,16680.0
1192.2,17.55,0.4761,0.7443,16650.0
1192.25,17.58,0.545,0.7745,16620.0
1192.3,17.61,0.6138,0.8048,16570.0
1192.35,17.49,0.5838,0.6814,16530.0
1192.4,17.36,0.5537,0.558,16540.0
1192.45,17.37,0.4074,0.6294,16580.0
1192.5,17.38,0.2611,0.7009,16630.0
1192.55,17.29,0.4029,0.6566,16660.0
1192.6,17.19,0.5446,0.6124,16680.0
1192.65,17.24,0.591,0.3852,16700.0
1192.7,17.28,0.6373,0.158,16700.0
1192.75,17.25,0.6664,0.1961,16680.0
1192.8,17.21,0.6955,0.2341,16630.0
1192.85,17.28,0.5,0.09084,16590.0
1192.9,17.36,0.3045,-0.05243,16570.0
1192.95,17.54,0.3169,-0.2264,16570.0
1193.0,17.73,0.3292,-0.4004,16570.0
1193.05,17.76,0.5042,-0.3698,16570.0
1193.1,17.78,0.6791,-0.3392,16600.0
1193.15,17.77,0.7072,-0.1143,16650.0
1193.2,17.76,0.7353,0.1107,16670.0
1193.25,17.72,0.6473,0.1874,16650.0
1193.3,17.68,0.5593,0.2641,16620.0
1193.35,17.71,0.5066,0.2001,16600.0
1193.4,17.73,0.4538,0.1361,16600.0
1193.45,17.71,0.3736,-0.08901,16590.0
1193.5,17.68,0.2934,-0.3141,16570.0
1193.55,17.7,0.2548,-0.115,16560.0
1193.6,17.72,0.2162,0.08414,16560.0
1193.65,17.74,0.05931,0.215,16560.0
1193.7,17.76,-0.09753,0.3458,16530.0
1193.75,17.77,-0.1465,0.5256,16510.0
1193.8,17.78,-0.1955,0.7053,16500.0
1193.85,17.81,-0.1107,0.5507,16520.0
1193.9,17.84,-0.02588,0.3961,16530.0
1193.95,17.72,0.1013,0.2807,16530.0
1194.0,17.6,0.2285,0.1653,16520.0
1194.05,17.48,0.1081,0.2301,16520.0
1194.1,17.37,-0.01234,0.2948,16520.0
1194.15,17.4,-0.05354,0.2505,16500.0
1194.2,17.43,-0.09474,0.2061,16470.0
1194.25,17.52,0.05812,0.201,16450.0
1194.3,17.61,0.211,0.1958,16460.0
1194.35,17.59,0.2874,0.2652,16490.0
1194.4,17.56,0.3638,0.3346,16500.0
1194.45,17.56,0.5261,0.4058,16490.0
1194.5,17.57,0.6883,0.477,16500.0
1194.55,17.79,0.5265,0.503,16520.0
1194.6,18.01,0.3646,0.529,16530.0
1194.65,18.01,0.2954,0.3195,16510.0
1194.7,18.01,0.2261,0.11,16480.0
1194.75,17.94,0.4839,-0.005853,16480.0
1194.8,17.88,0.7416,-0.1217,16500.0
1194.85,17.85,0.6441,0.06207,16530.0
1194.9,17.83,0.5466,0.2458,16530.0
1194.95,17.95,0.4735,0.3001,16540.0
1195.0,18.08,0.4005,0.3544,16560.0
1195.05,18.35,0.4488,0.354,16560.0
1195.1,18.63,0.4972,0.3536,16550.0
1195.15,18.83,0.616,0.2066,16520.0
1195.2,19.02,0.7349,0.05951,16510.0
1195.25,18.93,0.8017,0.04451,16520.0
1195.3,18.83,0.8686,0.02951,16540.0
1195.35,18.62,0.6487,0.05573,16540.0
1195.4,18.41,0.4287,0.08194,16540.0
1195.45,18.38,0.3386,-0.1267,16560.0
1195.5,18.36,0.2484,-0.3353,16590.0
1195.55,18.3,0.2068,-0.2075,16590.0
1195.6,18.24,0.1652,-0.07975,16580.0
1195.65,18.24,0.2552,-0.04731,16550.0
1195.7,18.25,0.3451,-0.01488,16530.0
1195.75,18.32,0.1877,-0.08743,16510.0
1195.8,18.39,0.03025,-0.16,16490.0
1195.85,18.39,0.1937,-0.1291,16480.0
1195.9,18.39,0.3571,-0.09828,16490.0
1195.95,18.34,0.5207,-0.2696,16530.0
1196.0,18.3,0.6843,-0.4409,16550.0
1196.05,18.23,0.6801,-0.2864,16550.0
1196.1,18.17,0.6759,-0.1319,16520.0
1196.15,18.14,0.6883,-0.2685,16500.0
1196.2,18.11,0.7006,-0.4051,16480.0
1196.25,18.16,0.6533,-0.3009,16450.0
1196.3,18.2,0.6059,-0.1968,16420.0
1196.35,18.19,0.5042,-0.03048,16400.0
1196.4,18.19,0.4025,0.1358,16410.0
1196.45,18.16,0.411,0.04634,16430.0
1196.5,18.14,0.4196,-0.04317,16430.0
1196.55,18.38,0.5782,0.1636,16410.0
1196.6,18.63,0.7369,0.3704,16410.0
1196.65,18.78,0.6672,0.3142,16410.0
1196.7,18.93,0.5975,0.258,16400.0
1196.75,18.88,0.5312,0.02853,16380.0
1196.8,18.82,0.465,-0.201,16360.0
1196.85,18.75,0.4741,-0.2678,16350.0
1196.9,18.68,0.4833,-0.3346,16360.0
1196.95,18.59,0.4409,-0.3256,16360.0
1197.0,18.5,0.3985,-0.3166,16350.0
1197.05,18.41,0.5151,-0.4215,16350.0
1197.1,18.33,0.6318,-0.5265,16350.0
1197.15,18.26,0.5929,-0.4678,16360.0
1197.2,18.19,0.5541,-0.409,16360.0
1197.25,18.14,0.4687,-0.1703,16350.0
1197.3,18.1,0.3834,0.06829,16340.0
1197.35,18.08,0.5016,0.2449,16340.0
1197.4,18.07,0.6198,0.4214,16340.0
1197.45,18.27,0.6455,0.2356,16310.0
1197.5,18.48,0.6712,0.04975,16280.0
1197.55,18.43,0.6546,0.1172,16280.0
1197.6,18.38,0.6381,0.1846,16290.0
1197.65,18.23,0.6017,0.1727,16310.0
1197.7,18.08,0.5653,0.1607,16310.0
1197.75,18.06,0.6399,0.3186,16310.0
1197.8,18.04,0.7146,0.4765,16310.0
1197.85,17.96,1.006,0.3689,16320.0
1197.9,17.89,1.297,0.2612,16320.0
1197.95,17.91,1.303,0.1838,16310.0
1198.0,17.93,1.309,0.1063,16290.0
1198.05,17.96,1.184,0.1215,16260.0
1198.1,18.0,1.059,0.1366,16230.0
1198.15,18.03,1.281,0.03804,16180.0
1198.2,18.07,1.504,-0.06048,16130.0
1198.25,18.2,1.491,-0.1183,16110.0
1198.3,18.33,1.478,-0.1761,16130.0
1198.35,18.3,1.6,-0.1856,16180.0
1198.4,18.27,1.722,-0.1951,16230.0
1198.45,18.37,1.567,-0.2725,16240.0
1198.5,18.46,1.412,-0.35,16240.0
1198.55,18.59,1.541,-0.5308,16220.0
1198.6,18.72,1.671,-0.7116,16170.0
1198.65,18.91,1.783,-0.7541,16090.0
1198.7,19.09,1.894,-0.7965,16010.0
1198.75,19.09,2.022,-0.6893,15970.0
1198.8,19.09,2.151,-0.5821,15970.0
1198.85,18.98,2.155,-0.4022,15990.0
1198.9,18.86,2.16,-0.2222,16010.0
1198.95,18.94,2.089,-0.2944,16040.0
1199.0,19.01,2.019,-0.3665,16070.0
1199.05,18.92,2.134,-0.422,16090.0
1199.1,18.82,2.25,-0.4775,16080.0
1199.15,18.77,2.142,-0.245,16050.0
1199.2,18.71,2.034,-0.01244,16000.0
1199.25,18.85,2.177,-0.002073,15960.0
1199.3,18.98,2.32,0.008292,15930.0
1199.35,18.89,2.203,0.001951,15900.0
1199.4,18.81,2.086,-0.00439,15890.0
1199.45,18.9,2.148,0.02195,15890.0
1199.5,19.0,2.21,0.04829,15920.0
1199.55,19.0,2.369,0.035,15940.0
1199.6,19.0,2.528,0.0217,15950.0
1199.65,18.79,2.3,-0.02097,15950.0
1199.7,18.59,2.073,-0.06365,15950.0
1199.75,18.45,1.959,-0.08767,15960.0
1199.8,18.3,1.844,-0.1117,15940.0
1199.85,18.34,1.926,-0.2456,15910.0
1199.9,18.37,2.007,-0.3795,15870.0
1199.95,18.41,2.203,-0.5103,15850.0
1200.0,18.45,2.399,-0.6411,15820.0
1200.05,18.47,2.294,-0.7743,15800.0
1200.1,18.49,2.189,-0.9075,15790.0
1200.15,18.52,2.152,-0.8523,15800.0
1200.2,18.54,2.114,-0.7972,15830.0
1200.25,18.31,2.116,-0.7826,15850.0
1200.3,18.07,2.117,-0.768,15850.0
1200.35,18.03,2.028,-0.868,15840.0
1200.4,17.98,1.939,-0.9679,15840.0
1200.45,18.12,1.831,-1.049,15820.0
1200.5,18.27,1.723,-1.13,15780.0
1200.55,18.3,1.776,-1.066,15720.0
1200.6,18.33,1.829,-1.003,15680.0
1200.65,18.21,1.66,-1.089,15660.0
1200.7,18.09,1.491,-1.175,15660.0
1200.75,17.94,1.45,-0.8322,15650.0
1200.8,17.8,1.408,-0.4899,15660.0
1200.85,17.79,1.53,-0.43,15670.0
1200.9,17.78,1.652,-0.37,15690.0
1200.95,17.58,1.744,-0.2801,15680.0
1201.0,17.37,1.836,-0.1902,15650.0
1201.05,17.38,2.052,-0.2473,15610.0
1201.1,17.39,2.269,-0.3044,15580.0
1201.15,17.4,1.876,-0.2591,15560.0
1201.2,17.41,1.483,-0.2139,15530.0
1201.25,17.39,1.491,-0.2656,15490.0
1201.3,17.38,1.499,-0.3173,15480.0
1201.35,17.5,1.621,-0.3992,15490.0
1201.4,17.61,1.743,-0.4812,15510.0
1201.45,17.77,1.811,-0.4271,15520.0
1201.5,17.94,1.879,-0.3731,15510.0
1201.55,18.07,1.963,-0.3554,15500.0
1201.6,18.21,2.047,-0.3378,15490.0
1201.65,18.11,1.739,-0.4536,15450.0
1201.7,18.01,1.432,-0.5694,15400.0
1201.75,17.88,1.301,-0.3648,15350.0
1201.8,17.75,1.171,-0.1602,15350.0
1201.85,17.68,1.224,-0.2844,15370.0
1201.9,17.62,1.277,-0.4085,15410.0
1201.95,17.7,1.261,-0.372,15420.0
1202.0,17.78,1.244,-0.3356,15430.0
1202.05,18.06,1.141,-0.1973,15430.0
1202.1,18.34,1.037,-0.05902,15410.0
1202.15,18.41,0.7615,-0.1573,15360.0
1202.2,18.48,0.4857,-0.2556,15300.0
1202.25,18.41,0.5848,-0.1389,15260.0
1202.3,18.34,0.6839,-0.02219,15250.0
1202.35,18.31,0.7154,-0.06243,15260.0
1202.4,18.27,0.7468,-0.1027,15280.0
1202.45,18.17,0.8497,-0.1947,15310.0
1202.5,18.07,0.9526,-0.2868,15330.0
1202.55,17.96,1.219,-0.2573,15350.0
1202.6,17.85,1.485,-0.2278,15340.0
1202.65,17.81,1.398,-0.02841,15290.0
1202.7,17.78,1.311,0.171,15240.0
1202.75,17.84,1.223,0.0828,15200.0
1202.8,17.9,1.135,-0.005365,15190.0
1202.85,17.96,1.133,0.09633,15180.0
1202.9,18.02,1.131,0.198,15180.0
1202.95,18.15,0.9488,0.2842,15180.0
1203.0,18.28,0.7663,0.3704,15200.0
1203.05,18.17,0.8929,0.4756,15220.0
1203.1,18.05,1.019,0.5807,15210.0
1203.15,17.95,1.018,0.5838,15190.0
1203.2,17.85,1.018,0.587,15160.0
1203.25,17.95,0.9439,0.7046,15140.0
1203.3,18.06,0.8702,0.8221,15130.0
1203.35,18.04,0.8316,0.671,15100.0
1203.4,18.01,0.793,0.5199,15080.0
1203.45,18.01,0.7627,0.6402,15070.0
1203.5,18.01,0.7325,0.7604,15080.0
1203.55,17.98,0.9042,0.5729,15080.0
1203.6,17.95,1.076,0.3853,15060.0
1203.65,17.92,1.193,0.2378,15050.0
1203.7,17.89,1.311,0.09023,15040.0
1203.75,17.89,1.405,-0.02049,15020.0
1203.8,17.89,1.5,-0.1312,15000.0
1203.85,17.9,1.254,-0.01975,14970.0
1203.9,17.91,1.008,0.0917,14950.0
1203.95,17.65,0.9279,0.1741,14960.0
1204.0,17.39,0.8479,0.2566,14960.0
1204.05,17.49,0.9285,0.09377,14960.0
1204.1,17.59,1.009,-0.06902,14940.0
1204.15,17.57,0.7305,-0.07792,14940.0
1204.2,17.55,0.4518,-0.08682,14940.0
1204.25,17.44,0.5603,-0.1838,14930.0
1204.3,17.32,0.6688,-0.2807,14900.0
1204.35,17.27,0.5131,-0.3394,14870.0
1204.4,17.21,0.3575,-0.398,14860.0
1204.45,17.25,0.4114,-0.3842,14860.0
1204.5,17.29,0.4654,-0.3704,14850.0
1204.55,17.19,0.4972,-0.3918,14850.0
1204.6,17.09,0.5291,-0.4131,14860.0
1204.65,17.23,0.5215,-0.4243,14890.0
1204.7,17.36,0.5139,-0.4356,14910.0
1204.75,17.35,0.6224,-0.2611,14900.0
1204.8,17.35,0.7309,-0.08658,14880.0
1204.85,17.23,0.7468,-0.08267,14860.0
1204.9,17.12,0.7627,-0.07877,14840.0
1204.95,17.16,0.696,-0.08694,14810.0
1205.0,17.19,0.6294,-0.09511,14780.0
1205.05,16.97,0.7518,0.09158,14750.0
1205.1,16.75,0.8742,0.2783,14750.0
1205.15,16.6,0.7643,0.2877,14780.0
1205.2,16.45,0.6544,0.297,14800.0
1205.25,16.39,0.7787,0.434,14820.0
1205.3,16.33,0.9029,0.5709,14840.0
1205.35,16.38,0.8067,0.4626,14840.0
1205.4,16.44,0.7106,0.3544,14820.0
1205.45,16.42,0.5466,0.3261,14760.0
1205.5,16.41,0.3826,0.2978,14700.0
1205.55,16.34,0.3712,0.3852,14650.0
1205.6,16.27,0.3599,0.4726,14630.0
1205.65,16.35,0.5014,0.4687,14640.0
1205.7,16.43,0.6429,0.4648,14650.0
1205.75,16.31,0.6578,0.494,14660.0
1205.8,16.19,0.6728,0.5231,14670.0
1205.85,16.24,0.5022,0.5103,14670.0
1205.9,16.29,0.3316,0.4975,14640.0
1205.95,16.25,0.3304,0.4221,14600.0
1206.0,16.21,0.3292,0.3468,14570.0
1206.05,16.01,0.252,0.3047,14560.0
1206.1,15.8,0.1748,0.2627,14550.0
1206.15,15.76,0.1521,0.1391,14530.0
1206.2,15.72,0.1294,0.01561,14490.0
1206.25,15.85,0.01652,-0.01427,14460.0
1206.3,15.98,-0.09634,-0.04414,14440.0
1206.35,15.84,-0.2058,-0.07889,14430.0
1206.4,15.7,-0.3153,-0.1136,14430.0
1206.45,15.59,-0.4244,-0.04853,14440.0
1206.5,15.48,-0.5334,0.01658,14460.0
1206.55,15.47,-0.3965,-0.1333,14470.0
1206.6,15.45,-0.2596,-0.2831,14470.0
1206.65,15.53,-0.2241,-0.1286,14440.0
1206.7,15.6,-0.1887,0.02585,14390.0
1206.75,15.47,-0.2281,-0.02256,14350.0
1206.8,15.35,-0.2675,-0.07097,14320.0
1206.85,15.33,-0.203,-0.0289,14300.0
1206.9,15.31,-0.1385,0.01317,14300.0
1206.95,15.56,-0.2412,0.06121,14320.0
1207.0,15.8,-0.3439,0.1093,14340.0
1207.05,15.79,-0.4614,0.002195,14360.0
1207.1,15.77,-0.5788,-0.1049,14380.0
1207.15,15.82,-0.63,0.04524,14380.0
1207.2,15.87,-0.6811,0.1953,14380.0
1207.25,15.81,-0.8583,0.2211,14360.0
1207.3,15.74,-1.035,0.2468,14330.0
1207.35,15.59,-1.027,0.3519,14300.0
1207.4,15.45,-1.019,0.457,14260.0
1207.45,15.46,-0.7488,0.375,14240.0
1207.5,15.47,-0.4781,0.2929,14240.0
1207.55,15.29,-0.5314,0.1751,14250.0
1207.6,15.1,-0.5848,0.05731,14270.0
1207.65,15.11,-0.7506,-0.04926,14290.0
1207.7,15.11,-0.9164,-0.1558,14310.0
1207.75,15.15,-0.7412,-0.1753,14310.0
1207.8,15.19,-0.5661,-0.1949,14300.0
1207.85,15.36,-0.5498,0.004512,14280.0
1207.9,15.53,-0.5334,0.2039,14270.0
1207.95,15.5,-0.411,0.224,14250.0
1208.0,15.48,-0.2886,0.2441,14230.0
1208.05,15.64,-0.1405,0.2039,14200.0
1208.1,15.81,0.007564,0.1636,14180.0
1208.15,15.86,0.1632,0.1297,14170.0
1208.2,15.91,0.3189,0.09584,14160.0
1208.25,15.9,0.3907,0.09133,14160.0
1208.3,15.9,0.4626,0.08682,14170.0
1208.35,15.89,0.545,0.1018,14170.0
1208.4,15.88,0.6274,0.1168,14170.0
1208.45,15.94,0.665,0.2495,14160.0
1208.5,15.99,0.7026,0.3822,14140.0
1208.55,16.08,0.8177,0.3668,14120.0
1208.6,16.16,0.9327,0.3514,14110.0
1208.65,16.04,0.9612,0.4151,14080.0
1208.7,15.93,0.9896,0.4787,14050.0
1208.75,16.02,0.8573,0.3711,14020.0
1208.8,16.11,0.7249,0.2634,14000.0
1208.85,16.18,0.5981,0.4053,13980.0
1208.9,16.24,0.4713,0.5473,13960.0
1208.95,15.93,0.1998,0.5327,13940.0
1209.0,15.63,-0.07166,0.5182,13920.0
1209.05,15.44,-0.1413,0.591,13910.0
1209.1,15.24,-0.211,0.6638,13910.0
1209.15,15.2,-0.3656,0.6572,13900.0
1209.2,15.15,-0.5203,0.6507,13890.0
1209.25,15.13,-0.6347,0.6293,13900.0
1209.3,15.12,-0.7492,0.608,13900.0
1209.35,14.88,-0.6586,0.8169,13880.0
1209.4,14.64,-0.5681,1.026,13850.0
1209.45,14.73,-0.5227,1.215,13810.0
1209.5,14.83,-0.4773,1.403,13780.0
1209.55,14.87,-0.7179,1.298,13740.0
1209.6,14.9,-0.9586,1.193,13710.0
1209.65,14.76,-0.9518,1.279,13690.0
1209.7,14.62,-0.945,1.365,13690.0
1209.75,14.62,-1.03,1.234,13720.0
1209.8,14.63,-1.114,1.103,13750.0
1209.85,14.68,-1.183,0.9233,13770.0
1209.9,14.74,-1.252,0.7436,13790.0
1209.95,14.64,-1.069,0.6768,13810.0
1210.0,14.54,-0.8865,0.6099,13820.0
1210.05,14.58,-0.8752,0.5625,13800.0
1210.1,14.61,-0.8638,0.5151,13750.0
1210.15,14.55,-0.961,0.5535,13710.0
1210.2,14.49,-1.058,0.5919,13680.0
1210.25,14.55,-0.957,0.7815,13660.0
1210.3,14.62,-0.8559,0.9711,13650.0
1210.35,14.62,-0.8702,1.17,13650.0
1210.4,14.63,-0.8845,1.369,13690.0
1210.45,14.59,-1.02,1.043,13740.0
1210.5,14.55,-1.156,0.7175,13780.0
1210.55,14.53,-0.9564,0.4891,13800.0
1210.6,14.5,-0.7564,0.2607,13800.0
1210.65,14.67,-0.786,0.297,13800.0
1210.7,14.83,-0.8157,0.3334,13780.0
1210.75,14.95,-0.8688,0.5153,13740.0
1210.8,15.07,-0.922,0.6972,13680.0
1210.85,14.99,-0.7902,0.6719,13630.0
1210.9,14.9,-0.6584,0.6465,13600.0
1210.95,14.94,-0.6413,0.4262,13590.0
1211.0,14.97,-0.6242,0.2058,13590.0
1211.05,14.87,-0.4592,0.3318,13610.0
1211.1,14.78,-0.2942,0.4578,13640.0
1211.15,14.75,-0.5384,0.3435,13670.0
1211.2,14.72,-0.7826,0.2292,13680.0
1211.25,14.72,-0.6544,0.324,13660.0
1211.3,14.72,-0.5263,0.4187,13620.0
1211.35,14.71,-0.5842,0.5869,13580.0
1211.4,14.7,-0.6421,0.755,13540.0
1211.45,14.86,-0.6343,0.7859,13490.0
1211.5,15.02,-0.6266,0.8167,13450.0
1211.55,14.95,-0.6057,0.7749,13430.0
1211.6,14.88,-0.5848,0.7331,13430.0
1211.65,14.93,-0.134,0.866,13430.0
1211.7,14.97,0.3169,0.9989,13430.0
1211.75,14.94,0.2912,0.7231,13420.0
1211.8,14.91,0.2655,0.4473,13410.0
1211.85,15.03,0.09514,0.3583,13390.0
1211.9,15.15,-0.07524,0.2692,13370.0
1211.95,15.25,0.01553,0.2157,13350.0
1212.0,15.35,0.1063,0.1622,13340.0
1212.05,15.24,0.09614,0.08523,13330.0
1212.1,15.13,0.08599,0.008292,13330.0
1212.15,15.16,-0.03324,0.1336,13330.0
1212.2,15.2,-0.1525,0.259,13320.0
1212.25,15.25,-0.2345,0.3407,13290.0
1212.3,15.3,-0.3165,0.4224,13260.0
1212.35,15.31,-0.208,0.4593,13230.0
1212.4,15.32,-0.09952,0.4963,13200.0
1212.45,15.38,-0.1566,0.5031,13160.0
1212.5,15.43,-0.2138,0.5099,13140.0
1212.55,15.56,-0.281,0.5627,13160.0
1212.6,15.68,-0.3483,0.6155,13210.0
1212.65,15.69,-0.3621,0.6692,13250.0
1212.7,15.7,-0.3758,0.7228,13280.0
1212.75,15.54,-0.4749,0.4986,13290.0
1212.8,15.38,-0.574,0.2744,13300.0
1212.85,15.25,-0.4865,0.1344,13280.0
1212.9,15.12,-0.3989,-0.005609,13240.0
1212.95,15.15,-0.4289,-0.006707,13190.0
1213.0,15.18,-0.459,-0.007804,13160.0
1213.05,15.12,-0.4835,-0.02036,13150.0
1213.1,15.05,-0.508,-0.03292,13160.0
1213.15,14.82,-0.4938,-0.06365,13190.0
1213.2,14.59,-0.4797,-0.09438,13220.0
1213.25,14.69,-0.4865,-0.007316,13280.0
1213.3,14.79,-0.4932,0.07975,13340.0
1213.35,14.7,-0.6608,0.05231,13380.0
1213.4,14.61,-0.8284,0.02488,13390.0
1213.45,14.53,-0.742,-0.004146,13380.0
1213.5,14.45,-0.6556,-0.03317,13360.0
1213.55,14.47,-0.5824,0.0428,13320.0
1213.6,14.49,-0.5091,0.1188,13280.0
1213.65,14.61,-0.3794,-0.0767,13240.0
1213.7,14.73,-0.2496,-0.2722,13210.0
1213.75,14.88,-0.2747,-0.1356,13210.0
1213.8,15.03,-0.2998,0.0009755,13230.0
1213.85,15.07,-0.1455,0.04292,13270.0
1213.9,15.12,0.008758,0.08487,13320.0
1213.95,15.15,0.06608,0.1391,13370.0
1214.0,15.18,0.1234,0.1934,13410.0
1214.05,14.89,-0.0213,0.2457,13410.0
1214.1,14.6,-0.166,0.298,13370.0
1214.15,14.42,-0.3895,0.1935,13300.0
1214.2,14.24,-0.613,0.08901,13240.0
1214.25,14.27,-0.4078,0.1864,13180.0
1214.3,14.31,-0.2026,0.2839,13150.0
1214.35,14.54,-0.3288,0.2145,13130.0
1214.4,14.78,-0.455,0.1451,13150.0
1214.45,14.68,-0.4518,0.1995,13180.0
1214.5,14.58,-0.4486,0.2539,13210.0
1214.55,14.64,-0.374,0.07585,13220.0
1214.6,14.71,-0.2994,-0.1022,13200.0
1214.65,14.84,-0.3728,-0.035,13170.0
1214.7,14.97,-0.4463,0.03219,13130.0
1214.75,14.96,-0.07802,-0.1478,13100.0
1214.8,14.95,0.2902,-0.3278,13060.0
1214.85,14.86,0.5406,-0.3245,13040.0
1214.9,14.76,0.791,-0.3212,13050.0
1214.95,14.62,0.863,-0.3294,13060.0
1215.0,14.49,0.9351,-0.3375,13080.0
1215.05,14.52,1.095,-0.2229,13070.0
1215.1,14.54,1.255,-0.1083,13050.0
1215.15,14.47,1.235,0.02329,13010.0
1215.2,14.4,1.215,0.1549,12970.0
1215.25,14.34,1.12,0.02158,12940.0
1215.3,14.28,1.025,-0.1117,12910.0
1215.35,14.34,1.218,-0.07109,12920.0
1215.4,14.41,1.412,-0.03048,12940.0
1215.45,14.44,1.279,-0.2066,12970.0
1215.5,14.48,1.145,-0.3826,12990.0
1215.55,14.5,1.151,-0.318,13000.0
1215.6,14.53,1.158,-0.2534,13000.0
1215.65,14.41,1.347,-0.1457,13000.0
1215.7,14.28,1.536,-0.03804,12980.0
1215.75,14.18,1.379,0.002683,12940.0
1215.8,14.07,1.221,0.04341,12910.0
1215.85,14.2,1.032,0.04243,12880.0
1215.9,14.33,0.8431,0.04146,12870.0
1215.95,14.23,0.8125,-0.1561,12880.0
1216.0,14.14,0.7818,-0.3536,12900.0
1216.05,13.95,0.6953,-0.2334,12930.0
1216.1,13.77,0.6087,-0.1132,12970.0
1216.15,13.45,0.4954,-0.1563,13010.0
1216.2,13.13,0.3822,-0.1995,13020.0
1216.25,13.24,0.4277,-0.06633,13020.0
1216.3,13.36,0.4733,0.06682,13000.0
1216.35,13.37,0.4283,-0.06975,12980.0
1216.4,13.37,0.3834,-0.2063,12950.0
1216.45,13.19,0.5619,-0.05097,12930.0
1216.5,13.01,0.7404,0.1044,12930.0
1216.55,13.03,0.8137,0.2439,12940.0
1216.6,13.06,0.8869,0.3834,12970.0
1216.65,13.03,0.7357,0.2107,12990.0
1216.7,12.99,0.5844,0.03804,12990.0
1216.75,13.05,0.6001,-0.04414,12990.0
1216.8,13.11,0.6158,-0.1263,12980.0
1216.85,12.85,0.4735,-0.1619,12980.0
1216.9,12.59,0.3312,-0.1975,12970.0
1216.95,12.55,0.2924,-0.09682,12970.0
1217.0,12.5,0.2536,0.003902,12960.0
1217.05,12.43,0.1144,0.006219,12960.0
1217.1,12.36,-0.02468,0.008536,12960.0
1217.15,12.39,-0.03344,0.04719,12950.0
1217.2,12.41,-0.0422,0.08584,12930.0
1217.25,12.11,0.0003981,-0.1262,12910.0
1217.3,11.81,0.04299,-0.3383,12900.0
1217.35,11.99,-0.02548,-0.2779,12880.0
1217.4,12.17,-0.09395,-0.2175,12870.0
1217.45,12.42,-0.119,-0.02622,12850.0
1217.5,12.67,-0.1441,0.1651,12850.0
1217.55,12.56,-0.0838,0.14,12860.0
1217.6,12.44,-0.02349,0.1149,12860.0
1217.65,12.43,0.1969,0.2284,12860.0
1217.7,12.42,0.4172,0.3419,12840.0
1217.75,12.54,0.4393,0.2007,12820.0
1217.8,12.67,0.4614,0.05951,12800.0
1217.85,12.82,0.4476,-0.04597,12780.0
1217.9,12.98,0.4339,-0.1514,12740.0
1217.95,12.8,0.4886,-0.3919,12710.0
1218.0,12.61,0.5434,-0.6324,12700.0
1218.05,12.55,0.4359,-0.6141,12700.0
1218.1,12.49,0.3284,-0.5958,12700.0
1218.15,12.54,0.6471,-0.579,12710.0
1218.2,12.6,0.9658,-0.5621,12720.0
1218.25,12.71,0.8871,-0.5843,12730.0
1218.3,12.81,0.8085,-0.6065,12730.0
1218.35,12.84,0.8573,-0.4254,12720.0
1218.4,12.86,0.906,-0.2444,12690.0
1218.45,12.87,0.8316,-0.3255,12670.0
1218.5,12.89,0.7572,-0.4065,12650.0
1218.55,13.01,0.8925,-0.4271,12630.0
1218.6,13.14,1.028,-0.4478,12620.0
1218.65,13.06,1.073,-0.1727,12610.0
1218.7,12.99,1.118,0.1024,12620.0
1218.75,13.02,1.058,0.1311,12640.0
1218.8,13.05,0.998,0.1597,12670.0
1218.85,13.05,1.03,0.02963,12690.0
1218.9,13.04,1.062,-0.1005,12700.0
1218.95,12.8,1.152,0.05804,12710.0
1219.0,12.55,1.243,0.2166,12700.0
1219.05,12.51,1.193,0.1488,12680.0
1219.1,12.47,1.144,0.08097,12650.0
1219.15,12.61,1.071,0.3098,12630.0
1219.2,12.75,0.9992,0.5387,12620.0
1219.25,12.81,0.8079,0.4351,12620.0
1219.3,12.86,0.6166,0.3314,12630.0
1219.35,12.97,0.5386,0.302,12650.0
1219.4,13.09,0.4606,0.2727,12670.0
1219.45,12.98,0.4082,0.245,12690.0
1219.5,12.88,0.3559,0.2173,12700.0
1219.55,12.98,0.3913,0.3292,12720.0
1219.6,13.08,0.4267,0.4412,12730.0
1219.65,13.1,0.5404,0.3861,12730.0
1219.7,13.12,0.6541,0.3309,12720.0
1219.75,13.24,0.8011,0.2395,12710.0
1219.8,13.37,0.9482,0.148,12690.0
1219.85,13.49,0.9136,0.07597,12660.0
1219.9,13.62,0.879,0.003902,12650.0
1219.95,13.62,0.9027,0.03122,12650.0
1220.0,13.63,0.9263,0.05853,12650.0
1220.05,13.5,0.919,0.1097,12660.0
1220.1,13.36,0.9116,0.161,12680.0
1220.15,13.27,0.7568,0.2873,12690.0
1220.2,13.18,0.6019,0.4136,12700.0
1220.25,13.27,0.3507,0.3179,12700.0
1220.3,13.37,0.09952,0.2222,12710.0
1220.35,13.3,-0.03045,0.2592,12700.0
1220.4,13.23,-0.1604,0.2963,12690.0
1220.45,13.11,-0.1298,0.08328,12670.0
1220.5,12.99,-0.09912,-0.1297,12640.0
1220.55,12.87,-0.04658,-0.3239,12610.0
1220.6,12.75,0.005971,-0.518,12590.0
1220.65,12.53,0.06349,-0.3623,12580.0
1220.7,12.31,0.121,-0.2066,12580.0
1220.75,12.34,0.3429,-0.2611,12600.0
1220.8,12.37,0.5649,-0.3156,12610.0
1220.85,12.49,0.8065,-0.3369,12620.0
1220.9,12.62,1.048,-0.3583,12620.0
1220.95,12.62,0.8312,-0.2694,12610.0
1221.0,12.62,0.6142,-0.1805,12600.0
1221.05,12.55,0.6274,-0.2664,12590.0
1221.1,12.49,0.6405,-0.3524,12590.0
1221.15,12.48,0.8049,-0.5751,12590.0
1221.2,12.46,0.9693,-0.7977,12590.0
1221.25,12.43,0.7623,-0.6222,12580.0
1221.3,12.4,0.5553,-0.4468,12580.0
1221.35,12.43,0.5581,-0.2946,12560.0
1221.4,12.47,0.5609,-0.1424,12550.0
1221.45,12.6,0.3857,-0.2019,12540.0
1221.5,12.72,0.2106,-0.2614,12540.0
1221.55,12.68,0.293,-0.3276,12550.0
1221.6,12.64,0.3754,-0.3939,12570.0
1221.65,12.5,0.4558,-0.4963,12580.0
1221.7,12.36,0.5362,-0.5987,12600.0
1221.75,12.29,0.6314,-0.4334,12600.0
1221.8,12.21,0.7265,-0.268,12590.0
1221.85,12.29,0.6429,-0.5273,12590.0
1221.9,12.37,0.5593,-0.7865,12570.0
1221.95,12.22,0.616,-0.8222,12560.0
1222.0,12.07,0.6728,-0.858,12560.0
1222.05,11.98,0.5711,-0.9094,12550.0
1222.1,11.89,0.4693,-0.9609,12550.0
1222.15,11.68,0.3806,-0.6796,12540.0
1222.2,11.47,0.2918,-0.3982,12540.0
1222.25,11.48,0.3264,-0.3528,12540.0
1222.3,11.49,0.3611,-0.3073,12540.0
1222.35,11.47,0.2592,-0.1269,12560.0
1222.4,11.45,0.1572,0.05341,12580.0
1222.45,11.43,0.003583,0.1245,12600.0
1222.5,11.42,-0.1501,0.1956,12610.0
1222.55,11.45,-0.2637,0.2049,12610.0
1222.6,11.47,-0.3774,0.2141,12590.0
1222.65,11.7,-0.245,0.1273,12560.0
1222.7,11.92,-0.1127,0.04048,12540.0
1222.75,11.64,-0.02806,0.193,12520.0
1222.8,11.36,0.05653,0.3456,12530.0
1222.85,11.52,0.04021,0.3461,12540.0
1222.9,11.68,0.02389,0.3465,12560.0
1222.95,11.79,-0.1316,0.5088,12580.0
1223.0,11.89,-0.287,0.6711,12600.0
1223.05,11.88,-0.1714,0.5931,12600.0
1223.1,11.86,-0.05573,0.5151,12600.0
1223.15,11.84,0.04538,0.3579,12580.0
1223.2,11.82,0.1465,0.2007,12560.0
1223.25,11.82,0.2042,0.3181,12530.0
1223.3,11.83,0.2619,0.4356,12510.0
1223.35,11.82,0.3019,0.4023,12500.0
1223.4,11.8,0.342,0.369,12490.0
1223.45,11.88,0.4084,0.4,12490.0
1223.5,11.96,0.4749,0.4309,12510.0
1223.55,12.22,0.5571,0.4229,12530.0
1223.6,12.49,0.6393,0.4148,12550.0
1223.65,12.54,0.7424,0.5059,12560.0
1223.7,12.59,0.8455,0.597,12560.0
1223.75,12.62,0.9228,0.3365,12540.0
1223.8,12.64,1.0,0.07609,12510.0
1223.85,12.47,1.051,0.3429,12470.0
1223.9,12.31,1.102,0.6097,12440.0
1223.95,12.37,1.125,0.6502,12430.0
1224.0,12.44,1.148,0.6907,12440.0
1224.05,12.34,1.332,0.6591,12450.0
1224.1,12.25,1.516,0.6275,12470.0
1224.15,12.35,1.557,0.5265,12480.0
1224.2,12.46,1.597,0.4256,12490.0
1224.25,12.49,1.428,0.234,12480.0
1224.3,12.52,1.259,0.04243,12460.0
1224.35,12.45,1.353,0.07207,12430.0
1224.4,12.38,1.446,0.1017,12400.0
1224.45,12.43,1.622,0.1208,12390.0
1224.5,12.47,1.799,0.14,12380.0
1224.55,12.39,1.608,0.1577,12380.0
1224.6,12.3,1.417,0.1753,12390.0
1224.65,12.39,1.338,0.04365,12400.0
1224.7,12.47,1.259,-0.08804,12410.0
1224.75,12.41,1.372,0.07341,12410.0
1224.8,12.36,1.484,0.2349,12410.0
1224.85,12.37,1.553,0.2739,12390.0
1224.9,12.38,1.622,0.3129,12370.0
1224.95,12.51,1.669,0.4559,12360.0
1225.0,12.64,1.716,0.599,12340.0
1225.05,12.56,1.466,0.4079,12340.0
1225.1,12.47,1.216,0.2168,12360.0
1225.15,12.49,1.287,0.004878,12380.0
1225.2,12.51,1.357,-0.2071,12400.0
1225.25,12.58,1.392,-0.3311,12410.0
1225.3,12.65,1.426,-0.4551,12400.0
1225.35,12.78,1.531,-0.2756,12390.0
1225.4,12.91,1.635,-0.09609,12360.0
1225.45,12.87,1.87,-0.0795,12350.0
1225.5,12.83,2.104,-0.06292,12340.0
1225.55,12.61,2.321,0.07085,12350.0
1225.6,12.39,2.539,0.2046,12380.0
1225.65,12.63,2.412,0.3662,12410.0
1225.7,12.86,2.285,0.5277,12420.0
1225.75,13.03,2.26,0.6013,12430.0
1225.8,13.19,2.235,0.6748,12430.0
1225.85,13.33,2.094,0.6253,12420.0
1225.9,13.47,1.954,0.5758,12390.0
1225.95,13.46,1.939,0.3831,12370.0
1226.0,13.45,1.925,0.1905,12360.0
1226.05,13.37,2.144,0.08328,12360.0
1226.1,13.28,2.364,-0.0239,12360.0
1226.15,13.24,2.54,0.165,12360.0
1226.2,13.2,2.716,0.3539,12370.0
1226.25,13.27,2.571,0.272,12390.0
1226.3,13.34,2.426,0.1902,12410.0
1226.35,13.46,2.491,0.2552,12420.0
1226.4,13.58,2.556,0.3202,12420.0
1226.45,13.63,2.608,0.404,12400.0
1226.5,13.68,2.661,0.4878,12380.0
1226.55,13.72,2.497,0.4578,12350.0
1226.6,13.76,2.334,0.4278,12320.0
1226.65,13.67,2.246,0.3191,12300.0
1226.7,13.58,2.159,0.2105,12300.0
1226.75,13.41,2.157,0.2781,12310.0
1226.8,13.25,2.155,0.3458,12330.0
1226.85,13.28,2.064,0.4617,12350.0
1226.9,13.31,1.973,0.5775,12360.0
1226.95,13.56,1.887,0.6661,12360.0
1227.0,13.82,1.801,0.7548,12350.0
1227.05,13.83,1.456,0.5752,12320.0
1227.1,13.85,1.112,0.3956,12280.0
1227.15,13.78,1.261,0.3609,12240.0
1227.2,13.7,1.409,0.3263,12220.0
1227.25,13.75,1.154,0.2568,12210.0
1227.3,13.8,0.8981,0.1873,12210.0
1227.35,13.79,0.6728,0.2285,12220.0
1227.4,13.78,0.4474,0.2697,12230.0
1227.45,13.68,0.4988,0.2402,12240.0
1227.5,13.58,0.5502,0.2107,12250.0
1227.55,13.69,0.6254,0.2634,12230.0
1227.6,13.8,0.7006,0.3161,12190.0
1227.65,13.74,0.5153,0.3395,12150.0
1227.7,13.67,0.33,0.3629,12100.0
1227.75,13.79,0.1961,0.3787,12060.0
1227.8,13.9,0.0621,0.3946,12040.0
1227.85,14.01,0.4741,0.3923,12040.0
1227.9,14.11,0.8861,0.39,12080.0
1227.95,13.97,0.7219,0.3717,12120.0
1228.0,13.82,0.5577,0.3534,12150.0
1228.05,13.71,0.4056,0.1778,12150.0
1228.1,13.61,0.2536,0.002195,12130.0
1228.15,13.55,0.2414,-0.2323,12090.0
1228.2,13.49,0.2293,-0.4668,12040.0
1228.25,13.56,0.2152,-0.6086,11990.0
1228.3,13.63,0.201,-0.7504,11970.0
1228.35,13.68,0.2737,-0.5869,11970.0
1228.4,13.73,0.3463,-0.4234,12000.0
1228.45,13.81,0.2542,-0.3435,12030.0
1228.5,13.89,0.162,-0.2636,12060.0
1228.55,13.87,0.2261,-0.1953,12070.0
1228.6,13.86,0.2902,-0.1271,12070.0
1228.65,13.61,0.4642,-0.2177,12060.0
1228.7,13.36,0.6381,-0.3083,12040.0
1228.75,13.5,0.9074,-0.1822,12010.0
1228.8,13.65,1.177,-0.05609,12000.0
1228.85,13.81,0.9823,0.1121,12000.0
1228.9,13.97,0.7878,0.2802,12010.0
1228.95,14.07,0.6541,0.2424,12020.0
1229.0,14.17,0.5203,0.2046,12040.0
1229.05,14.16,0.7333,-0.005487,12050.0
1229.1,14.15,0.9462,-0.2156,12060.0
1229.15,14.22,0.8145,-0.09792,12060.0
1229.2,14.28,0.6827,0.01975,12040.0
1229.25,14.23,0.5798,-0.04414,12020.0
1229.3,14.18,0.4769,-0.108,12010.0
1229.35,14.17,0.5979,-0.2166,12000.0
1229.4,14.16,0.7189,-0.3251,12010.0
1229.45,14.12,0.7263,-0.2974,12020.0
1229.5,14.09,0.7337,-0.2697,12040.0
1229.55,14.11,0.8151,-0.1316,12060.0
1229.6,14.13,0.8965,0.006585,12080.0
1229.65,14.23,0.8105,0.1165,12090.0
1229.7,14.33,0.7245,0.2263,12080.0
1229.75,14.27,0.5695,0.04585,12070.0
1229.8,14.21,0.4144,-0.1346,12050.0
1229.85,14.46,0.5617,-0.0667,12040.0
1229.9,14.71,0.709,0.001219,12020.0
1229.95,14.74,0.5657,0.0706,12010.0
1230.0,14.77,0.4224,0.14,12020.0
1230.05,14.9,0.1746,0.1658,12030.0
1230.1,15.03,-0.07325,0.1917,12050.0
1230.15,15.05,-0.08499,0.1194,12060.0
1230.2,15.07,-0.09673,0.04707,12070.0
1230.25,15.11,-0.201,0.08292,12080.0
1230.3,15.15,-0.3053,0.1188,12080.0
1230.35,15.18,-0.6035,0.07365,12070.0
1230.4,15.21,-0.9017,0.02853,12050.0
1230.45,15.03,-0.8883,0.08121,12030.0
1230.5,14.86,-0.875,0.1339,12010.0
1230.55,14.79,-0.7237,0.1461,12000.0
1230.6,14.73,-0.5724,0.1583,12000.0
1230.65,14.81,-0.6877,0.009755,12000.0
1230.7,14.9,-0.8029,-0.1388,12020.0
1230.75,14.9,-0.663,-0.1924,12050.0
1230.8,14.91,-0.5231,-0.2461,12070.0
1230.85,14.85,-0.5318,-0.2357,12070.0
1230.9,14.79,-0.5406,-0.2253,12060.0
1230.95,14.81,-0.5231,-0.1245,12030.0
1231.0,14.82,-0.5056,-0.02366,12000.0
1231.05,14.94,-0.3629,0.1046,11970.0
1231.1,15.05,-0.2201,0.2329,11950.0
1231.15,15.12,-0.3163,0.1958,11960.0
1231.2,15.2,-0.4124,0.1588,11980.0
1231.25,15.2,-0.6005,0.02695,12010.0
1231.3,15.21,-0.7886,-0.1049,12020.0
1231.35,15.39,-0.673,-0.1217,12030.0
1231.4,15.56,-0.5573,-0.1385,12020.0
1231.45,15.54,-0.6196,0.0489,12010.0
1231.5,15.53,-0.6819,0.2363,11990.0
1231.55,15.55,-0.5285,0.07158,11960.0
1231.6,15.57,-0.375,-0.09316,11940.0
1231.65,15.49,-0.4882,-0.09804,11940.0
1231.7,15.42,-0.6015,-0.1029,11940.0
1231.75,15.38,-0.7558,-0.01866,11950.0
1231.8,15.34,-0.91,0.0656,11950.0
1231.85,15.48,-0.9813,0.3197,11960.0
1231.9,15.62,-1.053,0.5738,11970.0
1231.95,15.59,-1.152,0.654,11970.0
1232.0,15.57,-1.252,0.7341,11950.0
1232.05,15.49,-1.242,0.6782,11930.0
1232.1,15.42,-1.232,0.6224,11910.0
1232.15,15.39,-1.085,0.657,11900.0
1232.2,15.35,-0.9375,0.6916,11900.0
1232.25,15.44,-1.03,0.5644,11900.0
1232.3,15.54,-1.123,0.4373,11910.0
1232.35,15.4,-1.123,0.5008,11920.0
1232.4,15.26,-1.123,0.5643,11930.0
1232.45,15.34,-0.9222,0.6055,11930.0
1232.5,15.41,-0.7209,0.6468,11930.0
1232.55,15.43,-0.6817,0.581,11920.0
1232.6,15.45,-0.6425,0.5153,11910.0
1232.65,15.31,-0.5912,0.4681,11900.0
1232.7,15.16,-0.5398,0.4209,11890.0
1232.75,15.09,-0.5657,0.4056,11880.0
1232.8,15.03,-0.5916,0.3902,11880.0
1232.85,14.96,-0.5044,0.5103,11880.0
1232.9,14.9,-0.4172,0.6304,11890.0
1232.95,14.98,-0.2209,0.7387,11900.0
1233.0,15.06,-0.02468,0.847,11920.0
1233.05,15.19,-0.05275,0.682,11940.0
1233.1,15.32,-0.08081,0.517,11950.0
1233.15,15.19,0.006369,0.6624,11940.0
1233.2,15.06,0.09355,0.8077,11930.0
1233.25,14.96,0.166,0.9131,11910.0
1233.3,14.85,0.2385,1.018,11890.0
1233.35,14.93,0.1839,0.8166,11880.0
1233.4,15.0,0.1294,0.6148,11870.0
1233.45,14.92,-0.01632,0.6019,11880.0
1233.5,14.84,-0.162,0.589,11890.0
1233.55,14.98,-0.2808,0.673,11900.0
1233.6,15.12,-0.3997,0.757,11910.0
1233.65,15.08,-0.5171,0.5644,11920.0
1233.7,15.04,-0.6345,0.3719,11920.0
1233.75,15.16,-0.5701,0.4267,11920.0
1233.8,15.27,-0.5056,0.4814,11920.0
1233.85,15.41,-0.4204,0.2952,11910.0
1233.9,15.56,-0.3352,0.109,11900.0
1233.95,15.5,-0.6246,0.001585,11890.0
1234.0,15.45,-0.914,-0.1058,11880.0
1234.05,15.28,-0.9628,0.0007316,11870.0
1234.1,15.12,-1.012,0.1073,11860.0
1234.15,15.0,-0.9695,0.2019,11860.0
1234.2,14.88,-0.9275,0.2966,11870.0
1234.25,14.96,-0.799,0.0267,11870.0
1234.3,15.05,-0.6704,-0.2431,11880.0
1234.35,15.08,-0.5591,-0.035,11890.0
1234.4,15.11,-0.4478,0.1732,11890.0
1234.45,15.15,-0.3843,0.1099,11880.0
1234.5,15.19,-0.3209,0.04658,11870.0
1234.55,15.08,-0.2586,0.1007,11860.0
1234.6,14.97,-0.1963,0.1549,11860.0
1234.65,14.96,-0.283,0.07243,11860.0
1234.7,14.95,-0.3698,-0.009999,11860.0
1234.75,14.86,-0.5189,0.02,11860.0
1234.8,14.77,-0.668,0.04999,11860.0
1234.85,14.77,-0.4922,-0.02427,11850.0
1234.9,14.78,-0.3165,-0.09853,11840.0
1234.95,14.7,-0.207,0.2202,11830.0
1235.0,14.63,-0.09753,0.539,11820.0
1235.05,14.67,-0.2765,0.4145,11820.0
1235.1,14.71,-0.4554,0.29,11820.0
1235.15,14.7,-0.378,0.2673,11830.0
1235.2,14.7,-0.3006,0.2446,11830.0
1235.25,14.68,-0.3175,0.2096,11830.0
1235.3,14.66,-0.3344,0.1746,11840.0
1235.35,14.57,-0.3099,0.2256,11840.0
1235.4,14.49,-0.2854,0.2766,11840.0
1235.45,14.53,-0.2038,0.4043,11830.0
1235.5,14.57,-0.1222,0.5321,11820.0
1235.55,14.53,-0.01095,0.4653,11820.0
1235.6,14.48,0.1003,0.3985,11820.0
1235.65,14.31,0.1033,0.2061,11830.0
1235.7,14.13,0.1063,0.01366,11840.0
1235.75,14.14,0.03583,0.1121,11850.0
1235.8,14.16,-0.03463,0.2105,11860.0
1235.85,14.31,-0.1646,0.2763,11880.0
1235.9,14.47,-0.2946,0.3422,11880.0
1235.95,14.39,-0.4319,0.2442,11880.0
1236.0,14.31,-0.5693,0.1463,11860.0
1236.05,14.19,-0.6097,0.2331,11850.0
1236.1,14.08,-0.6501,0.32,11830.0
1236.15,14.24,-0.8887,0.3929,11830.0
1236.2,14.4,-1.127,0.4658,11830.0
1236.25,14.31,-1.228,0.0984,11850.0
1236.3,14.22,-1.328,-0.269,11870.0
1236.35,14.22,-1.474,-0.1341,11890.0
1236.4,14.23,-1.619,0.0007316,11890.0
1236.45,14.25,-1.611,-0.02414,11890.0
1236.5,14.27,-1.603,-0.04902,11890.0
1236.55,14.21,-1.702,0.02207,11890.0
1236.6,14.15,-1.801,0.09316,11870.0
1236.65,14.3,-1.461,0.1174,11850.0
1236.7,14.46,-1.121,0.1417,11840.0
1236.75,14.25,-1.061,0.1274,11830.0
1236.8,14.04,-1.001,0.1132,11830.0
1236.85,13.96,-0.8923,0.02646,11830.0
1236.9,13.89,-0.7838,-0.06024,11830.0
1236.95,14.14,-0.4986,-0.07048,11840.0
1237.0,14.39,-0.2134,-0.08072,11850.0
1237.05,14.34,-0.1511,-0.05353,11870.0
1237.1,14.28,-0.08877,-0.02634,11870.0
1237.15,14.22,-0.2068,-0.02805,11860.0
1237.2,14.16,-0.3248,-0.02975,11850.0
1237.25,14.11,-0.2132,-0.1302,11840.0
1237.3,14.07,-0.1015,-0.2307,11810.0
1237.35,14.03,-0.285,-0.4043,11780.0
1237.4,13.99,-0.4685,-0.578,11780.0
1237.45,13.77,-0.4972,-0.641,11790.0
1237.5,13.55,-0.5259,-0.7041,11800.0
1237.55,13.39,-0.4877,-0.662,11810.0
1237.6,13.24,-0.4494,-0.6199,11810.0
1237.65,13.28,-0.5187,-0.4837,11800.0
1237.7,13.32,-0.588,-0.3475,11790.0
1237.75,13.18,-0.5048,-0.354,11770.0
1237.8,13.04,-0.4216,-0.3604,11750.0
1237.85,13.11,-0.2675,-0.527,11740.0
1237.9,13.18,-0.1135,-0.6936,11740.0
1237.95,13.15,-0.0209,-0.7059,11750.0
1238.0,13.12,0.07165,-0.7182,11740.0
1238.05,13.18,0.007365,-0.7745,11740.0
1238.1,13.24,-0.05693,-0.8309,11730.0
1238.15,13.17,-0.1937,-0.8105,11720.0
1238.2,13.1,-0.3304,-0.7902,11710.0
1238.25,13.17,-0.1517,-0.6609,11700.0
1238.3,13.24,0.02707,-0.5316,11690.0
1238.35,13.21,-0.083,-0.5565,11690.0
1238.4,13.18,-0.1931,-0.5814,11690.0
1238.45,13.13,-0.5326,-0.7146,11690.0
1238.5,13.07,-0.8722,-0.8477,11690.0
1238.55,13.21,-1.005,-0.7813,11690.0
1238.6,13.35,-1.138,-0.7148,11690.0
1238.65,13.42,-1.114,-0.7498,11690.0
1238.7,13.5,-1.09,-0.7848,11690.0
1238.75,13.51,-0.9375,-0.7288,11690.0
1238.8,13.53,-0.785,-0.6729,11690.0
1238.85,13.49,-0.9044,-0.7271,11690.0
1238.9,13.44,-1.024,-0.7814,11680.0
1238.95,13.43,-0.9817,-0.8491,11670.0
1239.0,13.42,-0.9395,-0.9167,11670.0
1239.05,13.31,-0.9421,-0.7747,11680.0
1239.1,13.2,-0.9447,-0.6326,11680.0
1239.15,13.11,-1.234,-0.5982,11700.0
1239.2,13.02,-1.524,-0.5638,11710.0
1239.25,13.06,-1.471,-0.4899,11730.0
1239.3,13.11,-1.418,-0.4161,11740.0
1239.35,13.13,-1.29,-0.4474,11740.0
1239.4,13.14,-1.161,-0.4787,11740.0
1239.45,13.05,-1.11,-0.2766,11740.0
1239.5,12.96,-1.059,-0.07438,11740.0
1239.55,12.92,-1.131,-0.05195,11730.0
1239.6,12.88,-1.202,-0.02951,11710.0
1239.65,12.79,-1.166,-0.03048,11700.0
1239.7,12.7,-1.13,-0.03146,11700.0
1239.75,12.61,-1.233,0.1895,11700.0
1239.8,12.52,-1.337,0.4104,11710.0
1239.85,12.68,-1.351,0.6235,11720.0
1239.9,12.84,-1.365,0.8365,11740.0
1239.95,12.8,-1.497,0.7064,11750.0
1240.0,12.77,-1.628,0.5763,11760.0
1240.05,12.72,-1.68,0.4737,11740.0
1240.1,12.66,-1.733,0.3712,11720.0
1240.15,12.63,-1.481,0.3822,11690.0
1240.2,12.6,-1.229,0.3931,11670.0
1240.25,12.63,-1.165,0.6159,11650.0
1240.3,12.66,-1.1,0.8387,11650.0
1240.35,12.55,-1.085,0.8822,11650.0
1240.4,12.44,-1.07,0.9258,11670.0
1240.45,12.52,-1.127,0.8245,11690.0
1240.5,12.59,-1.183,0.7233,11690.0
1240.55,12.35,-1.01,0.796,11680.0
1240.6,12.11,-0.8372,0.8687,11660.0
1240.65,11.99,-0.8206,0.8211,11630.0
1240.7,11.86,-0.8041,0.7736,11600.0
1240.75,11.78,-0.8334,0.7076,11580.0
1240.8,11.7,-0.8626,0.6416,11570.0
1240.85,11.81,-0.7231,0.6404,11580.0
1240.9,11.92,-0.5836,0.6392,11590.0
1240.95,11.85,-0.666,0.5819,11600.0
1241.0,11.78,-0.7484,0.5246,11610.0
1241.05,11.58,-0.5639,0.5464,11610.0
1241.1,11.37,-0.3794,0.5682,11600.0
1241.15,11.4,-0.1901,0.4156,11580.0
1241.2,11.42,-0.0007962,0.2629,11550.0
1241.25,11.47,0.1188,0.2253,11520.0
1241.3,11.52,0.2385,0.1878,11510.0
1241.35,11.48,0.2675,0.382,11500.0
1241.4,11.43,0.2966,0.5763,11500.0
1241.45,11.28,0.3334,0.4945,11510.0
1241.5,11.13,0.3702,0.4126,11530.0
1241.55,11.2,0.3191,0.3024,11550.0
1241.6,11.27,0.2679,0.1922,11560.0
1241.65,11.23,0.2245,0.2286,11550.0
1241.7,11.2,0.1811,0.2651,11520.0
1241.75,11.32,0.3103,0.09072,11490.0
1241.8,11.45,0.4395,-0.08365,11460.0
1241.85,11.45,0.4385,0.05146,11440.0
1241.9,11.45,0.4375,0.1866,11420.0
1241.95,11.42,0.41,0.3578,11430.0
1242.0,11.39,0.3826,0.529,11450.0
1242.05,11.3,0.2854,0.5366,11490.0
1242.1,11.21,0.1883,0.5443,11520.0
1242.15,11.33,0.1837,0.5526,11530.0
1242.2,11.46,0.1791,0.5609,11530.0
1242.25,11.62,0.2434,0.3183,11520.0
1242.3,11.78,0.3077,0.0756,11500.0
1242.35,11.72,0.2657,0.2717,11480.0
1242.4,11.66,0.2237,0.4678,11450.0
1242.45,11.72,0.2144,0.4437,11440.0
1242.5,11.78,0.205,0.4197,11440.0
1242.55,11.89,0.1562,0.28,11440.0
1242.6,12.01,0.1075,0.1402,11450.0
1242.65,12.09,0.1103,0.1097,11470.0
1242.7,12.18,0.1131,0.07926,11490.0
1242.75,12.28,0.1011,0.1478,11520.0
1242.8,12.39,0.08917,0.2163,11530.0
1242.85,12.37,0.2886,-0.03829,11530.0
1242.9,12.35,0.4881,-0.2929,11520.0
1242.95,12.51,0.337,-0.1978,11500.0
1243.0,12.66,0.1859,-0.1027,11460.0
1243.05,12.5,0.1258,0.2606,11420.0
1243.1,12.34,0.06568,0.6238,11410.0
1243.15,12.35,-0.1212,0.7254,11410.0
1243.2,12.36,-0.3081,0.827,11440.0
1243.25,12.41,-0.4522,0.8406,11460.0
1243.3,12.47,-0.5963,0.8543,11490.0
1243.35,12.63,-0.5235,0.8523,11510.0
1243.4,12.79,-0.4506,0.8504,11520.0
1243.45,12.68,-0.5219,0.7726,11520.0
1243.5,12.57,-0.5931,0.6948,11500.0
1243.55,12.49,-0.5151,0.8278,11470.0
1243.6,12.41,-0.4371,0.9609,11450.0
1243.65,12.52,-0.3557,0.9916,11430.0
1243.7,12.62,-0.2743,1.022,11430.0
1243.75,12.55,-0.1427,0.9089,11440.0
1243.8,12.48,-0.01115,0.7955,11460.0
1243.85,12.43,-0.1765,1.03,11490.0
1243.9,12.38,-0.342,1.265,11500.0
1243.95,12.67,-0.2846,1.365,11510.0
1244.0,12.96,-0.2273,1.465,11500.0
1244.05,13.14,-0.0629,1.468,11480.0
1244.1,13.31,0.1015,1.47,11470.0
1244.15,13.32,0.383,1.241,11440.0
1244.2,13.33,0.6644,1.011,11420.0
1244.25,13.46,0.2695,1.017,11410.0
1244.3,13.59,-0.1254,1.022,11430.0
1244.35,13.57,-0.2104,1.086,11450.0
1244.4,13.56,-0.2954,1.151,11470.0
1244.45,13.56,-0.3861,1.017,11490.0
1244.5,13.56,-0.4769,0.8826,11500.0
1244.55,13.55,-0.621,0.7546,11500.0
1244.6,13.54,-0.7651,0.6265,11490.0
1244.65,13.44,-0.5348,0.5865,11450.0
1244.7,13.33,-0.3045,0.5465,11420.0
1244.75,13.23,-0.13,0.3475,11400.0
1244.8,13.12,0.04459,0.1485,11400.0
1244.85,13.1,0.06409,0.1369,11410.0
1244.9,13.09,0.0836,0.1254,11440.0
1244.95,13.15,0.3483,0.4497,11480.0
1245.0,13.22,0.613,0.7741,11520.0
1245.05,13.29,0.4731,0.6194,11550.0
1245.1,13.36,0.3332,0.4648,11550.0
1245.15,13.3,0.2799,0.315,11530.0
1245.2,13.24,0.2265,0.1651,11500.0
1245.25,13.33,0.2942,0.1168,11470.0
1245.3,13.41,0.3619,0.06853,11440.0
1245.35,13.38,0.3895,0.06304,11410.0
1245.4,13.35,0.4172,0.05755,11410.0
1245.45,13.39,0.338,0.2384,11440.0
1245.5,13.42,0.2588,0.4192,11480.0
1245.55,13.55,0.2663,0.4106,11530.0
1245.6,13.67,0.2739,0.4019,11570.0
1245.65,13.85,0.4301,0.3439,11610.0
1245.7,14.03,0.5864,0.2858,11640.0
1245.75,13.92,0.5613,0.08511,11630.0
1245.8,13.8,0.5362,-0.1156,11600.0
1245.85,13.59,0.4216,0.1102,11560.0
1245.9,13.37,0.3069,0.3361,11540.0
1245.95,13.27,0.1974,0.3626,11530.0
1246.0,13.16,0.08798,0.3892,11530.0
1246.05,13.09,0.009952,0.1946,11540.0
1246.1,13.01,-0.06807,2.98e-08,11570.0
1246.15,13.03,0.1608,0.03219,11610.0
1246.2,13.05,0.3897,0.06438,11640.0
1246.25,13.16,0.6214,-0.05341,11660.0
1246.3,13.26,0.8531,-0.1712,11660.0
1246.35,13.38,0.668,-0.1043,11660.0
1246.4,13.49,0.4829,-0.03731,11650.0
1246.45,13.28,0.4174,-0.1558,11630.0
1246.5,13.06,0.3519,-0.2744,11610.0
1246.55,13.2,0.3991,-0.3695,11590.0
1246.6,13.34,0.4463,-0.4646,11590.0
1246.65,13.1,0.4405,-0.4595,11590.0
1246.7,12.86,0.4347,-0.4543,11600.0
1246.75,12.95,0.2387,-0.489,11600.0
1246.8,13.04,0.04259,-0.5236,11610.0
1246.85,13.16,0.2185,-0.8139,11610.0
1246.9,13.27,0.3945,-1.104,11600.0
1246.95,13.31,0.3013,-0.9999,11590.0
1247.0,13.35,0.2082,-0.8955,11570.0
1247.05,13.39,0.1803,-0.8648,11550.0
1247.1,13.44,0.1525,-0.8341,11540.0
1247.15,13.5,0.07404,-0.8965,11540.0
1247.2,13.57,-0.004379,-0.9589,11550.0
1247.25,13.59,-0.04956,-0.6376,11560.0
1247.3,13.6,-0.09474,-0.3163,11560.0
1247.35,13.48,0.07544,-0.3336,11550.0
1247.4,13.35,0.2456,-0.3509,11530.0
1247.45,13.21,0.06867,-0.3564,11500.0
1247.5,13.06,-0.1083,-0.3619,11460.0
1247.55,12.97,-0.2375,-0.3789,11440.0
1247.6,12.88,-0.3666,-0.3958,11430.0
1247.65,12.97,-0.4753,-0.2834,11440.0
1247.7,13.06,-0.584,-0.171,11460.0
1247.75,12.68,-0.3985,-0.2234,11490.0
1247.8,12.3,-0.213,-0.2758,11510.0
1247.85,12.25,-0.0834,-0.1878,11520.0
1247.9,12.2,0.04618,-0.09975,11510.0
1247.95,12.21,0.1767,-0.04621,11490.0
1248.0,12.23,0.3073,0.007316,11470.0
1248.05,12.27,0.422,-0.004756,11440.0
1248.1,12.31,0.5366,-0.01683,11420.0
1248.15,12.43,0.5766,-0.02536,11400.0
1248.2,12.54,0.6166,-0.0339,11390.0
1248.25,12.38,0.7639,0.04902,11400.0
1248.3,12.22,0.9112,0.1319,11420.0
1248.35,12.08,0.8459,0.1667,11450.0
1248.4,11.94,0.7806,0.2014,11470.0
1248.45,12.06,0.7834,0.2916,11480.0
1248.5,12.19,0.7862,0.3817,11490.0
1248.55,12.23,0.8386,0.1491,11480.0
1248.6,12.28,0.8909,-0.08341,11460.0
1248.65,12.25,0.909,-0.247,11440.0
1248.7,12.22,0.9271,-0.4107,11430.0
1248.75,12.21,0.9474,-0.233,11440.0
1248.8,12.19,0.9677,-0.05536,11450.0
1248.85,12.25,1.14,-0.08182,11470.0
1248.9,12.31,1.312,-0.1083,11490.0
1248.95,12.23,1.516,-0.3331,11510.0
1249.0,12.15,1.72,-0.558,11520.0
1249.05,11.83,1.448,-0.6136,11520.0
1249.1,11.51,1.176,-0.6692,11520.0
1249.15,11.47,1.139,-0.7947,11520.0
1249.2,11.43,1.103,-0.9201,11530.0
1249.25,11.45,1.044,-0.6392,11540.0
1249.3,11.48,0.9857,-0.3583,11550.0
1249.35,11.42,0.6775,-0.2161,11570.0
1249.4,11.37,0.3694,-0.07389,11580.0
1249.45,11.53,0.3553,-0.1025,11600.0
1249.5,11.68,0.3412,-0.1312,11620.0
1249.55,11.96,0.5014,-0.3129,11640.0
1249.6,12.24,0.6616,-0.4946,11650.0
1249.65,12.14,0.8045,-0.1922,11660.0
1249.7,12.05,0.9474,0.1102,11660.0
1249.75,11.98,0.9598,0.08901,11660.0
1249.8,11.91,0.9721,0.0678,11640.0
1249.85,12.17,0.7359,0.298,11630.0
1249.9,12.43,0.4996,0.5282,11640.0
1249.95,12.6,0.5052,0.7754,11650.0
1250.0,12.77,0.5107,1.023,11670.0
1250.05,12.98,0.3979,0.9903,11690.0
1250.1,13.2,0.285,0.9579,11700.0
1250.15,13.19,0.294,0.9182,11710.0
1250.2,13.19,0.3029,0.8784,11710.0
1250.25,13.24,0.3326,0.9987,11690.0
1250.3,13.28,0.3623,1.119,11670.0
1250.35,13.18,0.2387,1.059,11660.0
1250.4,13.07,0.115,0.9982,11640.0
1250.45,12.97,-0.03901,1.002,11630.0
1250.5,12.86,-0.1931,1.006,11620.0
1250.55,12.87,-0.07564,1.038,11610.0
1250.6,12.87,0.0418,1.07,11610.0
1250.65,12.7,-0.04737,1.028,11610.0
1250.7,12.53,-0.1365,0.9862,11610.0
1250.75,12.74,-0.03961,0.8726,11610.0
1250.8,12.95,0.05732,0.7589,11610.0
1250.85,12.82,0.1982,0.4899,11600.0
1250.9,12.69,0.3392,0.221,11590.0
1250.95,12.78,0.3354,0.2881,11570.0
1251.0,12.88,0.3316,0.3553,11550.0
1251.05,13.04,0.2098,0.4838,11530.0
1251.1,13.21,0.08798,0.6124,11520.0
1251.15,13.24,0.09036,0.6838,11500.0
1251.2,13.26,0.09275,0.7553,11490.0
1251.25,13.1,0.09813,0.8716,11480.0
1251.3,12.94,0.1035,0.9879,11470.0
1251.35,12.74,-0.007962,0.8389,11460.0
1251.4,12.55,-0.1194,0.6899,11460.0
1251.45,12.57,-0.1284,0.5803,11450.0
1251.5,12.59,-0.1373,0.4707,11450.0
1251.55,12.46,-0.1664,0.4693,11440.0
1251.6,12.32,-0.1955,0.468,11440.0
1251.65,12.25,-0.3103,0.2297,11430.0
1251.7,12.18,-0.4252,-0.008536,11410.0
1251.75,12.23,-0.4082,-0.09011,11390.0
1251.8,12.28,-0.3913,-0.1717,11370.0
1251.85,12.32,-0.3993,-0.1323,11350.0
1251.9,12.37,-0.4072,-0.09292,11330.0
1251.95,12.36,-0.3374,-0.1305,11330.0
1252.0,12.36,-0.2675,-0.168,11320.0
1252.05,12.4,-0.1795,-0.1288,11330.0
1252.1,12.45,-0.09156,-0.0895,11330.0
1252.15,12.36,-0.2046,-0.1944,11330.0
1252.2,12.27,-0.3177,-0.2992,11330.0
1252.25,12.27,-0.4644,-0.2712,11330.0
1252.3,12.27,-0.6111,-0.2431,11330.0
1252.35,12.39,-0.3248,-0.04,11330.0
1252.4,12.51,-0.03861,0.1632,11320.0
1252.45,12.59,-0.09773,0.2449,11310.0
1252.5,12.68,-0.1568,0.3265,11310.0
1252.55,12.52,-0.01931,0.2168,11300.0
1252.6,12.36,0.1182,0.1071,11300.0
1252.65,12.39,-0.01632,0.02683,11300.0
1252.7,12.43,-0.1509,-0.05341,11310.0
1252.75,12.37,-0.1447,-0.04512,11330.0
1252.8,12.32,-0.1385,-0.03683,11350.0
1252.85,12.27,0.004379,-0.237,11360.0
1252.9,12.23,0.1473,-0.4373,11360.0
1252.95,12.05,0.03205,-0.5353,11360.0
1253.0,11.87,-0.0832,-0.6333,11350.0
1253.05,11.78,-0.3027,-0.4,11340.0
1253.1,11.69,-0.5223,-0.1666,11320.0
1253.15,11.64,-0.6025,-0.07926,11310.0
1253.2,11.59,-0.6827,0.008048,11310.0
1253.25,11.67,-0.7177,-0.08865,11320.0
1253.3,11.74,-0.7528,-0.1853,11330.0
1253.35,11.73,-0.8937,-0.3142,11350.0
1253.4,11.73,-1.035,-0.4431,11360.0
1253.45,11.82,-0.953,-0.5844,11360.0
1253.5,11.92,-0.8714,-0.7258,11340.0
1253.55,12.11,-0.7723,-0.7714,11320.0
1253.6,12.3,-0.6732,-0.817,11290.0
1253.65,12.07,-0.7309,-0.8967,11270.0
1253.7,11.83,-0.7886,-0.9765,11260.0
1253.75,11.86,-0.8517,-0.9249,11260.0
1253.8,11.88,-0.9148,-0.8733,11260.0
1253.85,11.8,-0.9602,-0.8237,11270.0
1253.9,11.72,-1.006,-0.7741,11280.0
1253.95,11.63,-1.174,-0.5923,11290.0
1254.0,11.54,-1.342,-0.4104,11280.0
1254.05,11.46,-1.295,-0.6268,11260.0
1254.1,11.38,-1.248,-0.8431,11240.0
1254.15,11.48,-1.254,-0.6727,11220.0
1254.2,11.57,-1.259,-0.5024,11200.0
1254.25,11.69,-1.305,-0.5891,11180.0
1254.3,11.81,-1.35,-0.6758,11170.0
1254.35,11.77,-1.357,-0.7809,11170.0
1254.4,11.73,-1.365,-0.886,11180.0
1254.45,11.72,-1.344,-0.8373,11190.0
1254.5,11.71,-1.322,-0.7887,11200.0
1254.55,11.73,-1.232,-0.6527,11200.0
1254.6,11.74,-1.142,-0.5168,11190.0
1254.65,11.76,-1.012,-0.7224,11180.0
1254.7,11.77,-0.8806,-0.9279,11150.0
1254.75,11.66,-1.094,-1.024,11120.0
1254.8,11.56,-1.307,-1.119,11100.0
1254.85,11.65,-1.284,-1.253,11100.0
1254.9,11.74,-1.261,-1.387,11100.0
1254.95,11.86,-1.11,-1.077,11100.0
1255.0,11.97,-0.9602,-0.7665,11100.0
1255.05,11.96,-1.035,-0.6813,11100.0
1255.1,11.96,-1.11,-0.596,11100.0
1255.15,12.14,-1.169,-0.6494,11080.0
1255.2,12.33,-1.227,-0.7028,11070.0
1255.25,12.37,-1.367,-0.6018,11060.0
1255.3,12.41,-1.506,-0.5007,11050.0
1255.35,12.24,-1.415,-0.5751,11040.0
1255.4,12.07,-1.324,-0.6494,11030.0
1255.45,12.0,-1.423,-0.4937,11010.0
1255.5,11.94,-1.521,-0.338,11000.0
1255.55,11.92,-1.441,-0.4142,10990.0
1255.6,11.91,-1.362,-0.4904,10990.0
1255.65,11.83,-1.16,-0.3292,10990.0
1255.7,11.74,-0.9586,-0.168,11000.0
1255.75,11.89,-0.9888,-0.1803,11000.0
1255.8,12.04,-1.019,-0.1927,11000.0
1255.85,12.02,-0.9568,-0.2529,10980.0
1255.9,12.01,-0.8945,-0.3131,10950.0
1255.95,11.88,-0.5933,-0.4973,10930.0
1256.0,11.74,-0.2922,-0.6814,10920.0
1256.05,11.68,-0.3457,-0.5434,10920.0
1256.1,11.62,-0.3993,-0.4053,10930.0
1256.15,11.74,-0.2613,-0.3129,10940.0
1256.2,11.85,-0.1234,-0.2205,10940.0
1256.25,11.71,0.07404,-0.2061,10940.0
1256.3,11.56,0.2715,-0.1917,10930.0
1256.35,11.4,0.3877,-0.05755,10920.0
1256.4,11.24,0.504,0.07658,10900.0
1256.45,11.22,0.5523,0.1015,10890.0
1256.5,11.2,0.6007,0.1263,10880.0
1256.55,11.09,0.4632,-0.09706,10870.0
1256.6,10.97,0.3256,-0.3205,10870.0
1256.65,11.0,0.366,-0.4737,10860.0
1256.7,11.03,0.4064,-0.627,10860.0
1256.75,11.08,0.1558,-0.5913,10860.0
1256.8,11.13,-0.09474,-0.5555,10850.0
1256.85,11.16,-0.1338,-0.6391,10850.0
1256.9,11.2,-0.1728,-0.7226,10850.0
1256.95,11.29,-0.05474,-0.7711,10860.0
1257.0,11.39,0.0633,-0.8197,10860.0
1257.05,11.35,0.03503,-0.7036,10850.0
1257.1,11.32,0.006767,-0.5875,10830.0
1257.15,11.36,-0.02806,-0.4062,10820.0
1257.2,11.4,-0.0629,-0.2249,10800.0
1257.25,11.5,0.01533,-0.1649,10780.0
1257.3,11.6,0.09355,-0.1049,10770.0
1257.35,11.76,-0.04299,-0.1871,10780.0
1257.4,11.92,-0.1795,-0.2692,10810.0
1257.45,11.8,-0.3987,-0.3998,10820.0
1257.5,11.67,-0.6178,-0.5304,10820.0
1257.55,11.74,-0.5243,-0.4479,10800.0
1257.6,11.81,-0.4307,-0.3653,10780.0
1257.65,11.71,-0.4902,-0.3105,10750.0
1257.7,11.6,-0.5498,-0.2556,10730.0
1257.75,11.56,-0.4122,-0.3653,10720.0
1257.8,11.51,-0.2747,-0.4751,10720.0
1257.85,11.41,-0.1566,-0.5284,10740.0
1257.9,11.3,-0.03861,-0.5816,10760.0
1257.95,11.38,0.1988,-0.6616,10770.0
1258.0,11.47,0.4363,-0.7416,10760.0
1258.05,11.45,0.2104,-0.9106,10750.0
1258.1,11.44,-0.01553,-1.08,10740.0
1258.15,11.43,-0.201,-0.9277,10710.0
1258.2,11.43,-0.3865,-0.7758,10690.0
1258.25,11.3,-0.3834,-0.6237,10680.0
1258.3,11.17,-0.3802,-0.4717,10680.0
1258.35,11.26,-0.3051,-0.7092,10690.0
1258.4,11.34,-0.2301,-0.9467,10690.0
1258.45,11.57,-0.2683,-0.9217,10700.0
1258.5,11.8,-0.3065,-0.8967,10710.0
1258.55,11.87,-0.5137,-0.8176,10710.0
1258.6,11.94,-0.7209,-0.7385,10710.0
1258.65,11.97,-0.9494,-0.7387,10700.0
1258.7,12.0,-1.178,-0.7389,10680.0
1258.75,11.84,-0.9646,-0.7189,10650.0
1258.8,11.68,-0.7512,-0.6989,10630.0
1258.85,11.66,-0.9196,-0.5723,10620.0
1258.9,11.63,-1.088,-0.4456,10620.0
1258.95,11.71,-1.068,-0.5399,10630.0
1259.0,11.8,-1.047,-0.6343,10650.0
1259.05,11.76,-1.048,-0.5924,10680.0
1259.1,11.73,-1.049,-0.5504,10700.0
1259.15,12.03,-0.9638,-0.3935,10700.0
1259.2,12.34,-0.8786,-0.2366,10690.0
1259.25,12.43,-0.7625,-0.2656,10670.0
1259.3,12.53,-0.6465,-0.2946,10640.0
1259.35,12.6,-0.5432,-0.3712,10610.0
1259.4,12.67,-0.4399,-0.4478,10590.0
1259.45,12.67,-0.4548,-0.473,10590.0
1259.5,12.68,-0.4697,-0.4982,10620.0
1259.55,12.61,-0.292,-0.5212,10660.0
1259.6,12.55,-0.1142,-0.5441,10700.0
1259.65,12.62,-0.1479,-0.6399,10730.0
1259.7,12.68,-0.1815,-0.7358,10750.0
1259.75,12.71,-0.1835,-0.7603,10750.0
1259.8,12.73,-0.1855,-0.7848,10730.0
1259.85,12.83,-0.3119,-0.621,10690.0
1259.9,12.92,-0.4383,-0.4573,10660.0
1259.95,12.91,-0.3947,-0.4847,10640.0
1260.0,12.9,-0.3511,-0.5121,10650.0
1260.05,12.81,-0.1992,-0.5031,10680.0
1260.1,12.73,-0.04737,-0.4941,10720.0
1260.15,12.84,-0.07464,-0.4284,10770.0
1260.2,12.95,-0.1019,-0.3626,10820.0
1260.25,12.93,-0.1353,-0.2673,10850.0
1260.3,12.9,-0.1688,-0.1719,10850.0
1260.35,13.04,-0.212,-0.2638,10830.0
1260.4,13.18,-0.2552,-0.3556,10800.0
1260.45,13.14,-0.1075,-0.355,10780.0
1260.5,13.1,0.04021,-0.3544,10760.0
1260.55,13.03,0.0826,-0.2417,10760.0
1260.6,12.97,0.125,-0.129,10780.0
1260.65,13.06,0.05175,-0.1553,10810.0
1260.7,13.15,-0.0215,-0.1817,10850.0
1260.75,13.01,-0.09872,-0.2584,10870.0
1260.8,12.88,-0.176,-0.3351,10880.0
1260.85,12.98,-0.1075,-0.2667,10890.0
1260.9,13.07,-0.03901,-0.1983,10890.0
1260.95,12.94,-0.1865,-0.01183,10890.0
1261.0,12.81,-0.334,0.1746,10870.0
1261.05,12.96,-0.2285,0.2086,10860.0
1261.1,13.11,-0.123,0.2427,10850.0
1261.15,13.16,-0.08818,0.238,10860.0
1261.2,13.21,-0.05334,0.2334,10870.0
1261.25,13.31,0.1059,0.1636,10890.0
1261.3,13.41,0.2651,0.09389,10900.0
1261.35,13.41,0.2928,0.08853,10920.0
1261.4,13.41,0.3205,0.08316,10930.0
1261.45,13.36,0.3215,0.08731,10930.0
1261.5,13.31,0.3224,0.09145,10930.0
1261.55,13.32,0.2546,-0.1235,10910.0
1261.6,13.33,0.1867,-0.3385,10910.0
1261.65,13.36,0.04459,-0.2558,10900.0
1261.7,13.4,-0.09753,-0.1732,10900.0
1261.75,13.45,-0.1471,-0.1668,10910.0
1261.8,13.5,-0.1967,-0.1605,10920.0
1261.85,13.51,-0.3684,-0.294,10940.0
1261.9,13.52,-0.5402,-0.4275,10950.0
1261.95,13.6,-0.5488,-0.4052,10950.0
1262.0,13.68,-0.5573,-0.3829,10950.0
1262.05,13.59,-0.5511,-0.5063,10950.0
1262.1,13.5,-0.545,-0.6297,10950.0
1262.15,13.37,-0.3977,-0.5309,10950.0
1262.2,13.25,-0.2504,-0.4321,10960.0
1262.25,13.21,-0.1537,-0.2419,10960.0
1262.3,13.17,-0.05693,-0.0517,10970.0
1262.35,13.12,0.004578,-0.2308,10980.0
1262.4,13.07,0.06608,-0.41,11000.0
1262.45,13.03,-0.08081,-0.5173,11000.0
1262.5,13.0,-0.2277,-0.6246,11010.0
1262.55,13.06,-0.1624,-0.6418,11020.0
1262.6,13.13,-0.09713,-0.659,11030.0
1262.65,13.35,-0.2048,-0.4326,11030.0
1262.7,13.57,-0.3125,-0.2063,11020.0
1262.75,13.51,-0.2785,-0.2292,11020.0
1262.8,13.45,-0.2444,-0.2522,11030.0
1262.85,13.54,-0.5119,-0.4043,11050.0
1262.9,13.63,-0.7794,-0.5565,11070.0
1262.95,13.69,-0.743,-0.4721,11090.0
1263.0,13.75,-0.7066,-0.3878,11110.0
1263.05,13.86,-0.7349,-0.3804,11140.0
1263.1,13.98,-0.7631,-0.3731,11150.0
1263.15,13.99,-0.9741,-0.288,11160.0
1263.2,14.0,-1.185,-0.2029,11160.0
1263.25,13.95,-1.048,-0.1925,11170.0
1263.3,13.9,-0.9104,-0.1822,11190.0
1263.35,14.14,-0.6819,-0.1747,11200.0
1263.4,14.37,-0.4534,-0.1673,11210.0
1263.45,14.26,-0.4882,-0.2029,11220.0
1263.5,14.14,-0.5231,-0.2385,11240.0
1263.55,14.18,-0.4664,-0.07694,11250.0
1263.6,14.22,-0.4096,0.08462,11270.0
1263.65,14.23,-0.251,0.09145,11280.0
1263.7,14.23,-0.09236,0.09828,11300.0
1263.75,14.17,0.125,0.06377,11330.0
1263.8,14.12,0.3424,0.02927,11350.0
1263.85,13.98,0.3722,0.0756,11360.0
1263.9,13.84,0.4021,0.1219,11360.0
1263.95,14.01,0.38,0.2239,11370.0
1264.0,14.18,0.3579,0.3258,11380.0
1264.05,14.18,0.4076,0.2734,11380.0
1264.1,14.18,0.4574,0.221,11380.0
1264.15,14.31,0.3163,0.2985,11380.0
1264.2,14.43,0.1752,0.3761,11400.0
1264.25,14.5,-0.03404,0.3592,11420.0
1264.3,14.57,-0.2432,0.3424,11440.0
1264.35,14.76,-0.07285,0.2412,11450.0
1264.4,14.96,0.09753,0.14,11470.0
1264.45,14.99,0.1027,-0.04073,11490.0
1264.5,15.01,0.1079,-0.2214,11500.0
1264.55,15.01,0.1996,-0.2225,11490.0
1264.6,15.01,0.2914,-0.2236,11480.0
1264.65,14.83,0.3537,-0.1602,11480.0
1264.7,14.66,0.416,-0.09682,11490.0
1264.75,14.66,0.4357,-0.2142,11500.0
1264.8,14.66,0.4554,-0.3317,11510.0
1264.85,14.54,0.3581,-0.3162,11530.0
1264.9,14.42,0.2607,-0.3007,11540.0
1264.95,14.3,0.1308,-0.2357,11560.0
1265.0,14.18,0.0007961,-0.1707,11570.0
1265.05,14.23,0.1594,-0.1558,11580.0
1265.1,14.28,0.3181,-0.141,11580.0
1265.15,14.41,0.3037,-0.06902,11590.0
1265.2,14.54,0.2894,0.002927,11600.0
1265.25,14.47,0.2327,-0.1802,11610.0
1265.3,14.4,0.176,-0.3634,11610.0
1265.35,14.51,0.1501,-0.3868,11630.0
1265.4,14.63,0.1242,-0.4102,11640.0
1265.45,14.48,-0.158,-0.211,11640.0
1265.5,14.34,-0.4403,-0.01171,11640.0
1265.55,14.26,-0.578,0.2017,11650.0
1265.6,14.19,-0.7158,0.4151,11660.0
1265.65,14.0,-0.7609,0.4687,11670.0
1265.7,13.82,-0.8061,0.5224,11690.0
1265.75,13.88,-0.8804,0.5775,11710.0
1265.8,13.95,-0.9546,0.6326,11740.0
1265.85,13.99,-1.054,0.403,11760.0
1265.9,14.03,-1.154,0.1734,11770.0
1265.95,13.99,-0.8505,0.2861,11770.0
1266.0,13.95,-0.547,0.3987,11770.0
1266.05,13.92,-0.5557,0.4242,11770.0
1266.1,13.89,-0.5645,0.4497,11770.0
1266.15,13.92,-0.6825,0.4131,11770.0
1266.2,13.96,-0.8005,0.3765,11770.0
1266.25,13.98,-0.8384,0.273,11790.0
1266.3,14.0,-0.8762,0.1695,11810.0
1266.35,13.96,-0.9387,0.06682,11830.0
1266.4,13.92,-1.001,-0.03585,11860.0
1266.45,13.72,-0.9423,-0.1072,11890.0
1266.5,13.51,-0.8833,-0.1785,11920.0
1266.55,13.61,-0.8045,0.008536,11940.0
1266.6,13.71,-0.7257,0.1956,11960.0
1266.65,13.77,-0.5663,0.03146,11960.0
1266.7,13.83,-0.4068,-0.1327,11960.0
1266.75,13.8,-0.3822,-0.1649,11940.0
1266.8,13.76,-0.3575,-0.1971,11930.0
1266.85,13.58,-0.4898,-0.08853,11930.0
1266.9,13.41,-0.6222,0.02,11940.0
1266.95,13.34,-0.5145,0.05134,11960.0
1267.0,13.27,-0.4068,0.08267,11990.0
1267.05,13.25,-0.2637,-0.01158,12030.0
1267.1,13.22,-0.1206,-0.1058,12060.0
1267.15,13.2,-0.2486,-0.0828,12100.0
1267.2,13.18,-0.3766,-0.05975,12120.0
1267.25,13.14,-0.2824,0.02439,12110.0
1267.3,13.1,-0.1883,0.1085,12090.0
1267.35,13.23,-0.1176,0.2451,12070.0
1267.4,13.36,-0.04697,0.3817,12060.0
1267.45,13.62,-0.07245,0.3079,12050.0
1267.5,13.88,-0.09793,0.2341,12050.0
1267.55,13.83,-0.04976,0.2317,12070.0
1267.6,13.77,-0.001592,0.2292,12090.0
1267.65,13.65,-0.1632,0.1618,12120.0
1267.7,13.52,-0.3248,0.09438,12130.0
1267.75,13.53,-0.2787,0.07914,12130.0
1267.8,13.53,-0.2325,0.0639,12130.0
1267.85,13.67,-0.2118,0.009023,12120.0
1267.9,13.82,-0.1911,-0.04585,12110.0
1267.95,13.89,-0.3891,-0.04268,12100.0
1268.0,13.96,-0.5872,-0.03951,12100.0
1268.05,13.88,-0.5627,0.3181,12110.0
1268.1,13.79,-0.5382,0.6758,12120.0
1268.15,13.72,-0.255,0.6942,12110.0
1268.2,13.65,0.02826,0.7126,12100.0
1268.25,13.77,0.2653,0.9212,12080.0
1268.3,13.9,0.5024,1.13,12070.0
1268.35,13.7,0.2994,0.7766,12070.0
1268.4,13.49,0.09634,0.4234,12070.0
1268.45,13.44,0.1081,0.1755,12070.0
1268.5,13.39,0.1198,-0.07243,12090.0
1268.55,13.34,0.1815,-0.003902,12120.0
1268.6,13.29,0.2432,0.06463,12140.0
1268.65,13.1,0.09375,0.05243,12140.0
1268.7,12.9,-0.05573,0.04024,12140.0
1268.75,13.09,-0.4037,0.001097,12130.0
1268.8,13.28,-0.7516,-0.03804,12110.0
1268.85,13.42,-0.6748,0.01829,12100.0
1268.9,13.55,-0.5979,0.07463,12100.0
1268.95,13.43,-0.498,0.2512,12090.0
1269.0,13.31,-0.3981,0.4278,12100.0
1269.05,13.33,-0.5637,0.5686,12110.0
1269.1,13.35,-0.7293,0.7094,12130.0
1269.15,13.21,-0.661,0.5174,12160.0
1269.2,13.08,-0.5927,0.3253,12180.0
1269.25,12.88,-0.4536,0.3876,12190.0
1269.3,12.68,-0.3145,0.45,12200.0
1269.35,12.59,-0.4466,0.4576,12200.0
1269.4,12.5,-0.5788,0.4653,12190.0
1269.45,12.44,-0.4675,0.3969,12180.0
1269.5,12.37,-0.3563,0.3285,12190.0
1269.55,12.48,-0.1682,0.36,12200.0
1269.6,12.58,0.0199,0.3914,12220.0
1269.65,12.58,0.1117,0.548,12230.0
1269.7,12.57,0.2034,0.7046,12240.0
1269.75,12.27,0.08778,0.7933,12250.0
1269.8,11.97,-0.02787,0.8821,12260.0
1269.85,11.83,0.07723,0.8094,12270.0
1269.9,11.69,0.1823,0.7367,12280.0
1269.95,11.65,0.2697,0.5266,12290.0
1270.0,11.6,0.3571,0.3166,12310.0
1270.05,11.9,0.4757,0.4415,12330.0
1270.1,12.2,0.5943,0.5665,12340.0
1270.15,12.16,0.6423,0.735,12340.0
1270.2,12.12,0.6903,0.9036,12340.0
1270.25,11.92,0.6604,0.6474,12330.0
1270.3,11.72,0.6306,0.3912,12330.0
1270.35,11.67,0.7367,0.3412,12320.0
1270.4,11.61,0.8427,0.2912,12310.0
1270.45,11.56,0.8344,0.3173,12320.0
1270.5,11.5,0.826,0.3434,12340.0
1270.55,11.61,0.9755,0.3219,12380.0
1270.6,11.72,1.125,0.3005,12400.0
1270.65,11.74,1.225,0.3635,12420.0
1270.7,11.76,1.325,0.4265,12430.0
1270.75,11.63,1.044,0.4056,12430.0
1270.8,11.51,0.7619,0.3846,12400.0
1270.85,11.45,0.8193,0.691,12360.0
1270.9,11.4,0.8766,0.9975,12320.0
1270.95,11.4,0.7466,0.8583,12290.0
1271.0,11.4,0.6166,0.7192,12280.0
1271.05,11.43,0.4596,0.5169,12280.0
1271.1,11.46,0.3025,0.3146,12280.0
1271.15,11.41,0.4154,0.3362,12300.0
1271.2,11.36,0.5283,0.3578,12320.0
1271.25,11.32,0.6095,0.3387,12340.0
1271.3,11.29,0.6907,0.3197,12330.0
1271.35,11.3,0.8963,0.437,12310.0
1271.4,11.31,1.102,0.5543,12270.0
1271.45,11.25,1.15,0.5018,12240.0
1271.5,11.2,1.199,0.4492,12210.0
1271.55,10.98,1.019,0.5586,12160.0
1271.6,10.77,0.8396,0.668,12130.0
1271.65,10.65,0.7251,0.4163,12130.0
1271.7,10.53,0.6107,0.1646,12150.0
1271.75,10.41,0.6771,0.2841,12170.0
1271.8,10.3,0.7436,0.4036,12180.0
1271.85,10.3,0.5918,0.4662,12170.0
1271.9,10.3,0.4399,0.5287,12150.0
1271.95,10.23,0.4096,0.3893,12140.0
1272.0,10.15,0.3794,0.25,12100.0
1272.05,10.11,0.458,0.158,12070.0
1272.1,10.07,0.5366,0.06609,12050.0
1272.15,10.06,0.5428,0.3117,12060.0
1272.2,10.05,0.549,0.5573,12070.0
1272.25,9.935,0.5748,0.4967,12080.0
1272.3,9.822,0.6007,0.436,12080.0
1272.35,9.805,0.7996,0.3226,12080.0
1272.4,9.788,0.9984,0.2092,12080.0
1272.45,9.787,0.9536,0.2089,12070.0
1272.5,9.787,0.9088,0.2085,12030.0
1272.55,9.634,0.8163,0.1233,12000.0
1272.6,9.482,0.7237,0.03804,12000.0
1272.65,9.543,0.9757,0.09316,12010.0
1272.7,9.604,1.228,0.1483,12020.0
1272.75,9.435,1.326,0.1296,12020.0
1272.8,9.266,1.424,0.111,12030.0
1272.85,9.472,1.341,0.01878,12060.0
1272.9,9.677,1.258,-0.07341,12080.0
1272.95,9.606,1.05,-0.03231,12080.0
1273.0,9.535,0.8419,0.00878,12070.0
1273.05,9.491,0.8394,-0.09962,12070.0
1273.1,9.447,0.8368,-0.208,12070.0
1273.15,9.553,1.042,-0.3208,12060.0
1273.2,9.66,1.248,-0.4336,12040.0
1273.25,9.471,1.166,-0.3642,12020.0
1273.3,9.281,1.085,-0.2948,12020.0
1273.35,9.227,0.9616,-0.2683,12040.0
1273.4,9.172,0.8384,-0.2417,12050.0
1273.45,9.257,0.6395,-0.1741,12060.0
1273.5,9.343,0.4407,-0.1066,12080.0
1273.55,9.446,0.3071,-0.1143,12110.0
1273.6,9.548,0.1736,-0.1219,12130.0
1273.65,9.675,0.1819,-0.2269,12130.0
1273.7,9.801,0.1903,-0.3319,12120.0
1273.75,9.658,0.0199,-0.2792,12100.0
1273.8,9.514,-0.1505,-0.2266,12090.0
1273.85,9.518,-0.2054,-0.2035,12080.0
1273.9,9.523,-0.2603,-0.1805,12070.0
1273.95,9.615,-0.1363,0.01744,12070.0
1274.0,9.707,-0.01234,0.2153,12080.0
1274.05,9.463,0.1748,0.1595,12100.0
1274.1,9.219,0.3619,0.1036,12110.0
1274.15,9.269,0.3577,0.2347,12120.0
1274.2,9.319,0.3535,0.3658,12130.0
1274.25,9.227,0.384,0.4609,12140.0
1274.3,9.136,0.4144,0.556,12140.0
1274.35,9.059,0.6556,0.7427,12130.0
1274.4,8.982,0.8969,0.9294,12100.0
1274.45,9.041,0.9046,0.866,12070.0
1274.5,9.1,0.9124,0.8026,12060.0
1274.55,8.96,0.8421,0.6579,12060.0
1274.6,8.82,0.7719,0.5131,12060.0
1274.65,8.763,0.6306,0.354,12060.0
1274.7,8.706,0.4892,0.1949,12070.0
1274.75,8.817,0.3774,0.1974,12080.0
1274.8,8.928,0.2655,0.2,12080.0
1274.85,8.992,0.119,0.1632,12070.0
1274.9,9.056,-0.02747,0.1263,12070.0
1274.95,9.007,0.05931,0.07889,12060.0
1275.0,8.957,0.1461,0.03146,12050.0
1275.05,8.797,0.2243,0.04304,12030.0
1275.1,8.638,0.3025,0.05463,12010.0
1275.15,8.782,0.21,-0.04,11990.0
1275.2,8.926,0.1174,-0.1346,11980.0
1275.25,9.008,0.3738,-0.1182,11980.0
1275.3,9.091,0.6302,-0.1017,11990.0
1275.35,9.284,0.5334,-0.1558,12000.0
1275.4,9.477,0.4367,-0.21,12030.0
1275.45,9.516,0.4851,-0.1466,12040.0
1275.5,9.555,0.5334,-0.08316,12030.0
1275.55,9.416,0.3728,-0.1493,12000.0
1275.6,9.276,0.2122,-0.2153,11970.0
1275.65,9.202,0.1771,-0.1295,11950.0
1275.7,9.128,0.1421,-0.04365,11940.0
1275.75,9.238,0.05533,-0.1421,11940.0
1275.8,9.347,-0.03145,-0.2405,11950.0
1275.85,9.194,0.2112,-0.3147,11980.0
1275.9,9.04,0.4538,-0.389,11990.0
1275.95,9.139,0.3776,-0.4173,11990.0
1276.0,9.238,0.3013,-0.4456,11970.0
1276.05,9.305,0.4196,-0.3369,11960.0
1276.1,9.373,0.5378,-0.2283,11950.0
1276.15,9.327,0.3851,-0.02353,11940.0
1276.2,9.281,0.2325,0.1812,11930.0
1276.25,9.231,0.1885,0.2278,11920.0
1276.3,9.18,0.1445,0.2744,11920.0
1276.35,9.251,0.213,0.1322,11930.0
1276.4,9.321,0.2814,-0.009999,11930.0
1276.45,9.146,0.1467,0.06804,11930.0
1276.5,8.97,0.01194,0.1461,11930.0
1276.55,8.986,-0.05613,0.1395,11940.0
1276.6,9.002,-0.1242,0.1329,11960.0
1276.65,9.219,-0.08698,0.02829,11960.0
1276.7,9.436,-0.04976,-0.07633,11940.0
1276.75,9.467,-0.08121,-0.05731,11920.0
1276.8,9.497,-0.1127,-0.03829,11910.0
1276.85,9.573,-0.05812,0.05243,11910.0
1276.9,9.649,-0.003583,0.1432,11890.0
1276.95,9.614,0.1682,0.05487,11890.0
1277.0,9.58,0.34,-0.03341,11900.0
1277.05,9.499,0.2934,-0.1623,11930.0
1277.1,9.418,0.2468,-0.2912,11950.0
1277.15,9.397,0.2207,-0.4468,11940.0
1277.2,9.376,0.1947,-0.6024,11930.0
1277.25,9.372,-0.04399,-0.5396,11920.0
1277.3,9.367,-0.2826,-0.4768,11900.0
1277.35,9.27,-0.3573,-0.3678,11880.0
1277.4,9.172,-0.4319,-0.2588,11860.0
1277.45,9.124,-0.5215,-0.2438,11870.0
1277.5,9.076,-0.6111,-0.2288,11890.0
1277.55,9.228,-0.6099,-0.1366,11910.0
1277.6,9.38,-0.6087,-0.04439,11920.0
1277.65,9.378,-0.6035,-0.04097,11920.0
1277.7,9.376,-0.5983,-0.03756,11910.0
1277.75,9.466,-0.6616,-0.09609,11900.0
1277.8,9.556,-0.7249,-0.1546,11880.0
1277.85,9.542,-0.8001,-0.1918,11840.0
1277.9,9.528,-0.8754,-0.229,11820.0
1277.95,9.507,-1.098,-0.3418,11810.0
1278.0,9.486,-1.32,-0.4546,11810.0
1278.05,9.359,-1.205,-0.5053,11810.0
1278.1,9.231,-1.09,-0.556,11820.0
1278.15,9.289,-1.022,-0.4979,11840.0
1278.2,9.348,-0.9538,-0.4397,11870.0
1278.25,9.242,-0.9863,-0.5366,11880.0
1278.3,9.137,-1.019,-0.6336,11870.0
1278.35,9.172,-0.909,-0.6696,11850.0
1278.4,9.208,-0.7994,-0.7055,11830.0
1278.45,9.414,-0.8326,-0.7075,11800.0
1278.5,9.62,-0.8658,-0.7094,11780.0
1278.55,9.753,-0.8043,-0.4684,11760.0
1278.6,9.886,-0.7428,-0.2273,11760.0
1278.65,9.918,-0.6642,-0.2169,11790.0
1278.7,9.95,-0.5856,-0.2066,11820.0
1278.75,9.914,-0.6815,-0.1618,11840.0
1278.8,9.877,-0.7775,-0.1171,11840.0
1278.85,9.796,-0.9413,0.1293,11830.0
1278.9,9.715,-1.105,0.3756,11820.0
1278.95,9.805,-1.237,0.005121,11800.0
1279.0,9.894,-1.369,-0.3653,11780.0
1279.05,9.863,-1.13,-0.5323,11760.0
1279.1,9.832,-0.8905,-0.6992,11770.0
1279.15,9.848,-0.8768,-0.7016,11790.0
1279.2,9.863,-0.863,-0.7041,11820.0
1279.25,10.06,-0.8975,-0.5696,11830.0
1279.3,10.25,-0.9319,-0.4351,11830.0
1279.35,10.31,-1.095,-0.4751,11840.0
1279.4,10.38,-1.258,-0.5151,11840.0
1279.45,10.39,-1.139,-0.4487,11830.0
1279.5,10.4,-1.02,-0.3824,11810.0
1279.55,10.4,-1.157,-0.4368,11790.0
1279.6,10.4,-1.295,-0.4912,11790.0
1279.65,10.42,-1.155,-0.4902,11790.0
1279.7,10.44,-1.015,-0.4892,11800.0
1279.75,10.5,-0.9558,-0.4396,11820.0
1279.8,10.56,-0.8969,-0.39,11850.0
1279.85,10.61,-1.093,-0.3506,11880.0
1279.9,10.66,-1.289,-0.3112,11910.0
1279.95,10.74,-1.16,-0.2695,11910.0
1280.0,10.82,-1.03,-0.2278,11890.0
1280.05,10.94,-0.9341,-0.1023,11870.0
1280.1,11.07,-0.8384,0.02317,11840.0
1280.15,10.94,-1.057,-0.07182,11830.0
1280.2,10.81,-1.275,-0.1668,11820.0
1280.25,10.74,-1.169,-0.01549,11840.0
1280.3,10.67,-1.062,0.1358,11870.0
1280.35,10.79,-1.33,0.09987,11910.0
1280.4,10.91,-1.597,0.0639,11950.0
1280.45,11.04,-1.66,0.007926,11960.0
1280.5,11.17,-1.724,-0.04804,11960.0
1280.55,11.32,-1.73,-0.0128,11940.0
1280.6,11.46,-1.736,0.02244,11910.0
1280.65,11.7,-1.85,0.04439,11880.0
1280.7,11.95,-1.964,0.06633,11860.0
1280.75,11.88,-1.894,0.277,11860.0
1280.8,11.82,-1.824,0.4878,11890.0
1280.85,11.82,-1.958,0.4697,11920.0
1280.9,11.82,-2.091,0.4517,11960.0
1280.95,11.63,-1.947,0.3024,12000.0
1281.0,11.45,-1.802,0.1532,12020.0
1281.05,11.46,-1.747,0.1004,12030.0
1281.1,11.48,-1.692,0.04756,12020.0
1281.15,11.5,-1.799,-0.02951,12000.0
1281.2,11.52,-1.906,-0.1066,11980.0
1281.25,11.42,-1.946,0.03695,11960.0
1281.3,11.32,-1.986,0.1805,11950.0
1281.35,11.4,-2.173,0.07767,11940.0
1281.4,11.49,-2.36,-0.02512,11960.0
1281.45,11.64,-2.504,-0.03548,11980.0
1281.5,11.78,-2.647,-0.04585,12030.0
1281.55,11.92,-2.552,-0.1125,12070.0
1281.6,12.06,-2.457,-0.1792,12110.0
1281.65,12.06,-2.541,-0.0161,12140.0
1281.7,12.06,-2.624,0.1471,12150.0
1281.75,12.11,-2.675,0.2092,12140.0
1281.8,12.16,-2.726,0.2714,12110.0
1281.85,12.1,-2.634,0.1463,12080.0
1281.9,12.05,-2.542,0.02122,12050.0
1281.95,12.07,-2.487,0.2138,12040.0
1282.0,12.09,-2.431,0.4063,12060.0
1282.05,12.05,-2.273,0.3789,12100.0
1282.1,12.0,-2.114,0.3514,12140.0
1282.15,12.05,-1.971,0.02634,12190.0
1282.2,12.1,-1.827,-0.2987,12220.0
1282.25,12.25,-1.712,-0.4629,12230.0
1282.3,12.4,-1.597,-0.627,12230.0
1282.35,12.45,-1.714,-0.4574,12200.0
1282.4,12.49,-1.83,-0.2878,12180.0
1282.45,12.52,-1.828,-0.3346,12160.0
1282.5,12.54,-1.825,-0.3814,12160.0
1282.55,12.46,-1.863,-0.2234,12170.0
1282.6,12.37,-1.9,-0.06536,12180.0
1282.65,12.18,-2.034,0.1274,12210.0
1282.7,11.98,-2.168,0.3202,12250.0
1282.75,12.02,-2.237,0.1707,12270.0
1282.8,12.06,-2.307,0.02122,12280.0
1282.85,11.84,-2.248,-0.04256,12280.0
1282.9,11.62,-2.189,-0.1063,12260.0
1282.95,11.7,-1.884,-0.2139,12240.0
1283.0,11.77,-1.58,-0.3214,12230.0
1283.05,11.82,-1.42,-0.3375,12220.0
1283.1,11.88,-1.261,-0.3536,12230.0
1283.15,11.86,-1.477,-0.3013,12250.0
1283.2,11.85,-1.694,-0.249,12290.0
1283.25,11.86,-1.525,-0.3613,12330.0
1283.3,11.87,-1.357,-0.4736,12360.0
1283.35,11.98,-1.416,-0.4115,12380.0
1283.4,12.08,-1.475,-0.3495,12390.0
1283.45,12.08,-1.555,-0.4328,12390.0
1283.5,12.07,-1.636,-0.516,12380.0
1283.55,12.16,-1.596,-0.436,12370.0
1283.6,12.24,-1.557,-0.3561,12370.0
1283.65,12.22,-1.538,-0.437,12370.0
1283.7,12.2,-1.52,-0.518,12370.0
1283.75,12.27,-1.297,-0.6126,12370.0
1283.8,12.35,-1.075,-0.7072,12390.0
1283.85,12.29,-1.125,-0.7419,12420.0
1283.9,12.24,-1.174,-0.7765,12470.0
1283.95,12.15,-1.239,-0.9204,12510.0
1284.0,12.05,-1.303,-1.064,12550.0
1284.05,12.13,-1.404,-0.964,12580.0
1284.1,12.2,-1.504,-0.8638,12590.0
1284.15,12.19,-1.569,-0.9428,12590.0
1284.2,12.17,-1.633,-1.022,12590.0
1284.25,12.39,-1.87,-1.05,12590.0
1284.3,12.61,-2.107,-1.077,12590.0
1284.35,12.79,-2.095,-1.049,12610.0
1284.4,12.97,-2.083,-1.02,12630.0
1284.45,13.05,-1.948,-0.9465,12660.0
1284.5,13.13,-1.813,-0.8728,12690.0
1284.55,13.03,-1.679,-0.713,12710.0
1284.6,12.93,-1.545,-0.5531,12730.0
1284.65,12.74,-1.55,-0.6486,12750.0
1284.7,12.55,-1.555,-0.7441,12770.0
1284.75,12.38,-1.584,-0.3796,12800.0
1284.8,12.21,-1.612,-0.01512,12830.0
1284.85,12.38,-1.657,0.1707,12850.0
1284.9,12.55,-1.702,0.3565,12870.0
1284.95,12.72,-1.74,0.1556,12880.0
1285.0,12.89,-1.779,-0.04536,12870.0
1285.05,12.92,-1.72,-0.03085,12860.0
1285.1,12.95,-1.661,-0.01634,12850.0
1285.15,13.01,-1.577,-0.0004878,12860.0
1285.2,13.08,-1.493,0.01536,12880.0
1285.25,13.18,-1.475,0.0003658,12920.0
1285.3,13.29,-1.457,-0.01463,12960.0
1285.35,13.36,-1.474,-0.2084,13000.0
1285.4,13.44,-1.492,-0.4022,13030.0
1285.45,13.61,-1.489,-0.2563,13060.0
1285.5,13.78,-1.485,-0.1105,13070.0
1285.55,13.98,-1.48,-0.01988,13070.0
1285.6,14.19,-1.474,0.07072,13050.0
1285.65,14.14,-1.543,0.07536,13040.0
1285.7,14.09,-1.612,0.07999,13040.0
1285.75,13.89,-1.749,-0.1007,13040.0
1285.8,13.68,-1.886,-0.2814,13050.0
1285.85,13.73,-1.748,-0.2058,13080.0
1285.9,13.77,-1.609,-0.1302,13110.0
1285.95,13.54,-1.493,-0.1119,13150.0
1286.0,13.31,-1.377,-0.09365,13170.0
1286.05,13.25,-1.435,-0.288,13190.0
1286.1,13.19,-1.494,-0.4824,13200.0
1286.15,13.23,-1.503,-0.5827,13200.0
1286.2,13.27,-1.511,-0.6831,13210.0
1286.25,13.4,-1.269,-0.5371,13230.0
1286.3,13.52,-1.027,-0.3912,13240.0
1286.35,13.42,-1.196,-0.3695,13260.0
1286.4,13.32,-1.365,-0.3478,13270.0
1286.45,13.14,-1.571,-0.2401,13270.0
1286.5,12.95,-1.777,-0.1324,13270.0
1286.55,13.09,-1.854,-0.08084,13270.0
1286.6,13.22,-1.931,-0.02927,13270.0
1286.65,13.49,-1.767,-0.05219,13280.0
1286.7,13.76,-1.603,-0.07511,13310.0
1286.75,13.65,-1.676,-0.2903,13330.0
1286.8,13.54,-1.749,-0.5056,13360.0
1286.85,13.51,-1.715,-0.3007,13390.0
1286.9,13.48,-1.682,-0.09584,13420.0
1286.95,13.33,-1.588,-0.165,13450.0
1287.0,13.18,-1.494,-0.2341,13460.0
1287.05,13.23,-1.354,-0.2264,13460.0
1287.1,13.28,-1.214,-0.2188,13450.0
1287.15,13.24,-1.185,-0.4742,13450.0
1287.2,13.2,-1.156,-0.7297,13450.0
1287.25,13.13,-0.9068,-0.7013,13450.0
1287.3,13.05,-0.658,-0.6729,13460.0
1287.35,13.18,-0.5918,-0.6711,13500.0
1287.4,13.32,-0.5255,-0.6694,13540.0
1287.45,13.32,-0.4673,-0.655,13580.0
1287.5,13.33,-0.4092,-0.6407,13620.0
1287.55,13.25,-0.5233,-0.3508,13640.0
1287.6,13.17,-0.6373,-0.06097,13650.0
1287.65,13.13,-0.7862,-0.1912,13660.0
1287.7,13.09,-0.9351,-0.3214,13660.0
1287.75,13.02,-0.8734,-0.3234,13660.0
1287.8,12.95,-0.8117,-0.3253,13660.0
1287.85,12.85,-0.6437,-0.2227,13680.0
1287.9,12.75,-0.4757,-0.12,13710.0
1287.95,12.86,-0.6411,-0.06365,13730.0
1288.0,12.97,-0.8065,-0.007316,13750.0
1288.05,12.9,-0.7695,0.1156,13760.0
1288.1,12.83,-0.7325,0.2385,13780.0
1288.15,12.9,-0.7997,0.3663,13800.0
1288.2,12.97,-0.867,0.4941,13810.0
1288.25,12.95,-0.7627,0.5893,13830.0
1288.3,12.92,-0.6584,0.6846,13860.0
1288.35,12.95,-0.499,0.5864,13900.0
1288.4,12.97,-0.3396,0.4882,13920.0
1288.45,12.7,-0.5511,0.4112,13910.0
1288.5,12.43,-0.7627,0.3341,13900.0
1288.55,12.39,-0.5054,0.2777,13900.0
1288.6,12.36,-0.248,0.2212,13900.0
1288.65,12.38,-0.3364,0.5034,13900.0
1288.7,12.39,-0.4248,0.7855,13910.0
1288.75,12.64,-0.5022,0.7976,13950.0
1288.8,12.88,-0.5796,0.8097,14000.0
1288.85,12.76,-0.5888,0.703,14030.0
1288.9,12.64,-0.5979,0.5963,14060.0
1288.95,12.64,-0.5277,0.4868,14070.0
1289.0,12.63,-0.4574,0.3773,14090.0
1289.05,12.58,-0.4552,0.6391,14090.0
1289.1,12.54,-0.453,0.9009,14080.0
1289.15,12.55,-0.4054,1.049,14060.0
1289.2,12.57,-0.3579,1.197,14050.0
1289.25,12.5,-0.5289,0.888,14060.0
1289.3,12.44,-0.6998,0.579,14080.0
1289.35,12.29,-0.6087,0.5905,14110.0
1289.4,12.13,-0.5175,0.6021,14160.0
1289.45,12.25,-0.4815,0.4417,14210.0
1289.5,12.36,-0.4455,0.2812,14260.0
1289.55,12.34,-0.4755,0.3086,14290.0
1289.6,12.32,-0.5056,0.3361,14300.0
1289.65,12.42,-0.577,0.1651,14280.0
1289.7,12.51,-0.6485,-0.005853,14260.0
1289.75,12.58,-0.6827,-0.00695,14240.0
1289.8,12.65,-0.7169,-0.008048,14240.0
1289.85,12.6,-0.3969,-0.09316,14260.0
1289.9,12.54,-0.07683,-0.1783,14300.0
1289.95,12.53,0.01732,-0.1206,14360.0
1290.0,12.53,0.1115,-0.06292,14420.0
1290.05,12.52,0.2615,0.07121,14440.0
1290.1,12.51,0.4116,0.2053,14450.0
1290.15,12.63,0.4735,0.1705,14440.0
1290.2,12.75,0.5354,0.1356,14440.0
1290.25,12.71,0.3426,0.09231,14440.0
1290.3,12.67,0.1497,0.04902,14440.0
1290.35,12.72,0.1847,-0.1742,14460.0
1290.4,12.77,0.2197,-0.3975,14490.0
1290.45,12.97,0.2207,-0.3394,14520.0
1290.5,13.18,0.2217,-0.2812,14550.0
1290.55,13.12,0.2082,-0.3303,14570.0
1290.6,13.05,0.1947,-0.3795,14590.0
1290.65,13.04,-0.1055,-0.3191,14600.0
1290.7,13.02,-0.4056,-0.2588,14600.0
1290.75,13.18,-0.5535,-0.2941,14580.0
1290.8,13.34,-0.7014,-0.3295,14570.0
1290.85,13.16,-0.7321,-0.1177,14560.0
1290.9,12.98,-0.7627,0.09414,14570.0
1290.95,12.92,-0.7637,0.1931,14580.0
1291.0,12.85,-0.7647,0.2922,14600.0
1291.05,12.79,-0.628,0.2503,14630.0
1291.1,12.73,-0.4912,0.2085,14670.0
1291.15,12.57,-0.3724,0.04585,14710.0
1291.2,12.42,-0.2536,-0.1168,14720.0
1291.25,12.36,-0.1708,-0.06682,14700.0
1291.3,12.29,-0.08798,-0.01683,14680.0
1291.35,12.14,-0.07783,-0.07597,14640.0
1291.4,11.98,-0.06767,-0.1351,14610.0
1291.45,11.88,-0.1226,-0.1867,14590.0
1291.5,11.79,-0.1775,-0.2383,14580.0
1291.55,11.87,-0.09335,-0.03268,14610.0
1291.6,11.95,-0.009156,0.1729,14650.0
1291.65,12.01,-0.05155,-0.06085,14700.0
1291.7,12.07,-0.09395,-0.2946,14730.0
1291.75,12.03,-0.253,-0.2524,14750.0
1291.8,12.0,-0.412,-0.2102,14750.0
1291.85,12.0,-0.2707,-0.1761,14740.0
1291.9,11.99,-0.1294,-0.1419,14710.0
1291.95,11.78,-0.1141,0.1229,14650.0
1292.0,11.57,-0.09872,0.3878,14610.0
1292.05,11.49,-0.212,0.2862,14600.0
1292.1,11.4,-0.3252,0.1846,14630.0
1292.15,11.4,-0.3843,-0.04073,14660.0
1292.2,11.39,-0.4435,-0.2661,14700.0
1292.25,11.5,-0.3312,-0.3415,14740.0
1292.3,11.61,-0.2189,-0.417,14770.0
1292.35,11.58,-0.3135,-0.3897,14800.0
1292.4,11.54,-0.408,-0.3624,14790.0
1292.45,11.53,-0.617,-0.3592,14760.0
1292.5,11.52,-0.826,-0.3561,14740.0
1292.55,11.33,-0.6455,-0.5193,14740.0
1292.6,11.14,-0.465,-0.6826,14750.0
1292.65,10.97,-0.4232,-0.3833,14750.0
1292.7,10.79,-0.3814,-0.08389,14760.0
1292.75,10.83,-0.4558,-0.0867,14800.0
1292.8,10.88,-0.5302,-0.0895,14840.0
1292.85,10.95,-0.5217,-0.01354,14860.0
1292.9,11.02,-0.5131,0.06243,14850.0
1292.95,11.15,-0.581,-0.01805,14830.0
1293.0,11.28,-0.6489,-0.09853,14810.0
1293.05,11.52,-0.6714,-0.2352,14800.0
1293.1,11.77,-0.6939,-0.3719,14800.0
1293.15,11.78,-0.4958,-0.4036,14820.0
1293.2,11.79,-0.2978,-0.4353,14870.0
1293.25,11.61,-0.5062,-0.4221,14930.0
1293.3,11.43,-0.7146,-0.409,14970.0
1293.35,11.27,-0.831,-0.3969,14970.0
1293.4,11.11,-0.9474,-0.3848,14940.0
1293.45,11.2,-0.8577,-0.2873,14910.0
1293.5,11.29,-0.7679,-0.1897,14880.0
1293.55,11.18,-0.6779,-0.3092,14840.0
1293.6,11.08,-0.588,-0.4287,14820.0
1293.65,10.91,-0.574,-0.2877,14830.0
1293.7,10.75,-0.5601,-0.1466,14880.0
1293.75,10.88,-0.7994,-0.05304,14940.0
1293.8,11.01,-1.039,0.04048,14990.0
1293.85,10.84,-1.163,-0.05438,15010.0
1293.9,10.67,-1.288,-0.1493,15020.0
1293.95,10.72,-1.158,-0.1366,15020.0
1294.0,10.77,-1.029,-0.1239,15010.0
1294.05,10.64,-1.193,-0.00695,14970.0
1294.1,10.52,-1.357,0.11,14930.0
1294.15,10.55,-1.531,0.1817,14890.0
1294.2,10.59,-1.705,0.2534,14880.0
1294.25,10.57,-1.539,0.134,14880.0
1294.3,10.56,-1.373,0.01463,14890.0
1294.35,10.62,-1.199,0.01097,14930.0
1294.4,10.68,-1.024,0.007316,14980.0
1294.45,10.6,-1.283,0.1844,15050.0
1294.5,10.52,-1.543,0.3614,15090.0
1294.55,10.61,-1.703,0.3303,15090.0
1294.6,10.71,-1.862,0.2992,15070.0
1294.65,10.94,-1.711,0.1368,15020.0
1294.7,11.18,-1.56,-0.02561,14960.0
1294.75,10.99,-1.491,-0.1633,14930.0
1294.8,10.8,-1.422,-0.3009,14910.0
1294.85,10.71,-1.312,-0.2707,14920.0
1294.9,10.61,-1.201,-0.2405,14950.0
1294.95,10.54,-1.185,-0.3556,14990.0
1295.0,10.48,-1.17,-0.4707,15040.0
1295.05,10.69,-1.094,-0.4237,15070.0
1295.1,10.91,-1.019,-0.3768,15090.0
1295.15,10.93,-0.9094,-0.2225,15090.0
1295.2,10.94,-0.8001,-0.06829,15080.0
1295.25,10.91,-0.7663,-0.02244,15060.0
1295.3,10.88,-0.7325,0.02341,15030.0
1295.35,10.92,-0.8738,-0.105,15010.0
1295.4,10.96,-1.015,-0.2334,15000.0
1295.45,10.84,-1.123,0.02573,15010.0
1295.5,10.72,-1.23,0.2848,15020.0
1295.55,10.86,-1.179,0.3258,15040.0
1295.6,11.0,-1.128,0.3668,15060.0
1295.65,11.16,-0.9829,0.2145,15070.0
1295.7,11.31,-0.838,0.06219,15080.0
1295.75,11.42,-1.146,-0.1373,15090.0
1295.8,11.53,-1.454,-0.3368,15080.0
1295.85,11.56,-1.468,-0.5346,15070.0
1295.9,11.6,-1.482,-0.7324,15070.0
1295.95,11.49,-1.469,-0.6491,15070.0
1296.0,11.38,-1.455,-0.5658,15080.0
1296.05,11.45,-1.408,-0.3783,15090.0
1296.1,11.52,-1.361,-0.1907,15110.0
1296.15,11.42,-1.463,-0.2525,15120.0
1296.2,11.31,-1.566,-0.3144,15120.0
1296.25,11.4,-1.522,-0.3564,15100.0
1296.3,11.48,-1.479,-0.3985,15080.0
1296.35,11.61,-1.323,-0.347,15060.0
1296.4,11.73,-1.167,-0.2956,15050.0
1296.45,11.86,-1.225,-0.1795,15040.0
1296.5,11.99,-1.283,-0.06341,15040.0
1296.55,12.0,-1.276,0.05658,15070.0
1296.6,12.01,-1.27,0.1766,15120.0
1296.65,11.98,-1.274,0.1589,15150.0
1296.7,11.95,-1.278,0.1412,15170.0
1296.75,11.9,-1.193,0.08316,15160.0
1296.8,11.85,-1.109,0.02512,15130.0
1296.85,11.81,-0.9986,-0.01744,15080.0
1296.9,11.76,-0.8881,-0.05999,15020.0
1296.95,11.75,-0.6686,0.141,14970.0
1297.0,11.73,-0.449,0.3419,14950.0
1297.05,11.95,-0.3917,0.3108,14970.0
1297.1,12.16,-0.3344,0.2797,15020.0
1297.15,12.26,-0.3547,0.3389,15080.0
1297.2,12.36,-0.375,0.398,15130.0
1297.25,12.25,-0.2759,0.6772,15150.0
1297.3,12.14,-0.1767,0.9565,15150.0
1297.35,12.3,-0.1093,0.8144,15110.0
1297.4,12.45,-0.0418,0.6724,15040.0
1297.45,12.5,0.06728,0.7585,14970.0
1297.5,12.54,0.1764,0.8445,14940.0
1297.55,12.57,0.09693,0.7742,14930.0
1297.6,12.6,0.01752,0.7038,14950.0
1297.65,12.6,0.1304,0.791,14980.0
1297.7,12.59,0.2432,0.8782,15010.0
1297.75,12.47,0.1628,0.683,15060.0
1297.8,12.35,0.0824,0.4878,15090.0
1297.85,12.46,0.0217,0.5725,15110.0
1297.9,12.58,-0.03901,0.6572,15090.0
1297.95,12.43,0.02607,0.5287,15070.0
1298.0,12.29,0.09116,0.4002,15040.0
1298.05,12.51,0.1738,0.211,15010.0
1298.1,12.74,0.2564,0.0217,14970.0
1298.15,13.09,0.3089,-0.08097,14960.0
1298.2,13.44,0.3615,-0.1836,14970.0
1298.25,13.63,0.3595,-0.216,15010.0
1298.3,13.83,0.3575,-0.2483,15050.0
1298.35,13.87,0.4015,-0.2707,15080.0
1298.4,13.92,0.4455,-0.2931,15090.0
1298.45,14.01,0.1955,-0.3792,15100.0
1298.5,14.09,-0.05454,-0.4653,15090.0
1298.55,14.03,-0.07365,-0.3441,15070.0
1298.6,13.97,-0.09275,-0.2229,15050.0
1298.65,13.8,0.06369,-0.06865,15030.0
1298.7,13.63,0.2201,0.0856,15040.0
1298.75,13.68,0.2048,-0.1921,15060.0
1298.8,13.73,0.1895,-0.4697,15070.0
1298.85,14.07,0.084,-0.3336,15080.0
1298.9,14.41,-0.0215,-0.1975,15080.0
1298.95,14.3,0.06986,-0.1217,15070.0
1299.0,14.2,0.1612,-0.04585,15050.0
1299.05,14.3,0.01533,-0.1771,15020.0
1299.1,14.41,-0.1306,-0.3083,15020.0
1299.15,14.5,0.04817,-0.2523,15030.0
1299.2,14.59,0.2269,-0.1963,15060.0
1299.25,14.62,0.2669,-0.1962,15080.0
1299.3,14.65,0.3069,-0.1961,15080.0
1299.35,14.65,0.3175,-0.1175,15080.0
1299.4,14.65,0.328,-0.03902,15050.0
1299.45,14.66,0.453,-0.05987,15020.0
1299.5,14.67,0.578,-0.08072,14980.0
1299.55,14.68,0.6288,-0.05256,14950.0
1299.6,14.69,0.6795,-0.02439,14960.0
1299.65,14.64,0.5955,0.01927,14980.0
1299.7,14.59,0.5115,0.06292,15020.0
1299.75,14.63,0.668,0.2334,15050.0
1299.8,14.67,0.8244,0.4039,15080.0
1299.85,14.77,0.6777,0.3867,15090.0
1299.9,14.87,0.531,0.3695,15080.0
1299.95,15.04,0.4898,0.4396,15060.0
1300.0,15.2,0.4486,0.5097,15030.0
1300.05,15.24,0.6379,0.588,15010.0
1300.1,15.28,0.8272,0.6663,15000.0
1300.15,15.16,0.7261,0.5966,15010.0
1300.2,15.05,0.625,0.527,15030.0
1300.25,14.97,0.4705,0.4063,15060.0
1300.3,14.89,0.3161,0.2856,15100.0
1300.35,15.13,0.4618,0.3424,15140.0
1300.4,15.36,0.6075,0.3992,15170.0
1300.45,15.27,0.8017,0.3155,15190.0
1300.5,15.18,0.996,0.2317,15200.0
1300.55,15.27,1.08,0.04878,15200.0
1300.6,15.36,1.164,-0.1341,15180.0
1300.65,15.38,1.082,-0.1517,15160.0
1300.7,15.4,1.001,-0.1692,15150.0
1300.75,15.32,0.9494,0.01134,15160.0
1300.8,15.24,0.8977,0.1919,15190.0
1300.85,15.06,0.8402,0.1286,15220.0
1300.9,14.88,0.7826,0.06536,15240.0
1300.95,14.83,0.7512,0.03804,15270.0
1301.0,14.77,0.7197,0.01073,15280.0
1301.05,14.92,0.716,-0.1399,15280.0
1301.1,15.07,0.7122,-0.2905,15270.0
1301.15,15.0,0.6875,-0.2196,15260.0
1301.2,14.94,0.6628,-0.1488,15250.0
1301.25,14.85,0.6676,-0.08426,15250.0
1301.3,14.75,0.6724,-0.01975,15260.0
1301.35,14.64,0.7406,-0.2505,15270.0
1301.4,14.53,0.8089,-0.4812,15280.0
1301.45,14.5,0.7219,-0.5274,15290.0
1301.5,14.48,0.6349,-0.5736,15300.0
1301.55,14.37,0.668,-0.3768,15290.0
1301.6,14.26,0.701,-0.18,15260.0
1301.65,14.23,0.5111,-0.1084,15230.0
1301.7,14.2,0.3213,-0.03683,15220.0
1301.75,14.03,0.1762,-0.252,15210.0
1301.8,13.86,0.03105,-0.4673,15220.0
1301.85,13.93,-0.03006,-0.5382,15230.0
1301.9,14.0,-0.09116,-0.6092,15250.0
1301.95,14.12,0.02607,-0.5099,15280.0
1302.0,14.24,0.1433,-0.4107,15300.0
1302.05,14.18,0.1168,-0.3175,15300.0
1302.1,14.12,0.09036,-0.2244,15280.0
1302.15,14.03,0.05912,-0.1478,15240.0
1302.2,13.94,0.02787,-0.07121,15220.0
1302.25,13.88,0.0215,0.001585,15220.0
1302.3,13.81,0.01513,0.07438,15220.0
1302.35,13.87,-0.06748,0.1288,15240.0
1302.4,13.92,-0.1501,0.1832,15260.0
1302.45,13.94,-0.09952,0.1902,15290.0
1302.5,13.95,-0.04896,0.1973,15300.0
1302.55,14.06,-0.06887,0.3219,15310.0
1302.6,14.17,-0.08877,0.4465,15320.0
1302.65,14.24,-0.1164,0.3034,15320.0
1302.7,14.32,-0.1441,0.1602,15320.0
1302.75,14.34,-0.2261,0.05134,15320.0
1302.8,14.35,-0.3081,-0.05755,15330.0
1302.85,14.31,-0.2637,-0.2007,15350.0
1302.9,14.27,-0.2193,-0.3439,15380.0
1302.95,14.33,-0.2769,-0.2906,15410.0
1303.0,14.4,-0.3344,-0.2373,15420.0
1303.05,14.36,-0.4074,-0.1732,15440.0
1303.1,14.31,-0.4805,-0.109,15440.0
1303.15,14.4,-0.2729,-0.2399,15440.0
1303.2,14.48,-0.06529,-0.3707,15430.0
1303.25,14.51,-0.06628,-0.5135,15440.0
1303.3,14.55,-0.06728,-0.6563,15470.0
1303.35,14.43,-0.0203,-0.7471,15510.0
1303.4,14.31,0.02667,-0.838,15540.0
1303.45,14.36,0.02309,-0.9849,15570.0
1303.5,14.41,0.01951,-1.132,15590.0
1303.55,14.5,-0.2128,-1.045,15610.0
1303.6,14.6,-0.4451,-0.9575,15610.0
1303.65,14.53,-0.3087,-0.886,15590.0
1303.7,14.46,-0.1724,-0.8145,15570.0
1303.75,14.52,-0.416,-0.7182,15580.0
1303.8,14.57,-0.6596,-0.6219,15600.0
1303.85,14.57,-0.7235,-0.4064,15610.0
1303.9,14.57,-0.7874,-0.191,15620.0
1303.95,14.47,-0.62,-0.2651,15640.0
1304.0,14.36,-0.4526,-0.3392,15690.0
1304.05,14.45,-0.3294,-0.581,15730.0
1304.1,14.53,-0.2062,-0.8228,15750.0
1304.15,14.51,-0.1487,-0.817,15750.0
1304.2,14.48,-0.09116,-0.8111,15760.0
1304.25,14.59,-0.125,-0.8947,15750.0
1304.3,14.69,-0.1588,-0.9782,15740.0
1304.35,14.45,-0.2486,-0.9201,15710.0
1304.4,14.2,-0.3384,-0.8621,15700.0
1304.45,14.32,-0.2436,-0.6724,15710.0
1304.5,14.44,-0.1489,-0.4826,15740.0
1304.55,14.38,-0.3171,-0.3151,15770.0
1304.6,14.33,-0.4853,-0.1475,15790.0
1304.65,14.21,-0.3889,-0.2039,15830.0
1304.7,14.1,-0.2926,-0.2602,15870.0
1304.75,14.22,-0.2665,-0.0528,15900.0
1304.8,14.34,-0.2404,0.1546,15900.0
1304.85,14.37,-0.07663,0.00695,15900.0
1304.9,14.41,0.08718,-0.1407,15900.0
1304.95,14.33,0.0201,-0.223,15900.0
1305.0,14.26,-0.04697,-0.3053,15890.0
1305.05,14.21,-0.2056,-0.1071,15870.0
1305.1,14.16,-0.3642,0.09121,15860.0
1305.15,14.07,-0.2856,0.1005,15870.0
1305.2,13.98,-0.207,0.1097,15900.0
1305.25,13.99,-0.2793,0.1006,15940.0
1305.3,14.0,-0.3515,0.09145,15970.0
1305.35,14.1,-0.6413,0.2207,16010.0
1305.4,14.2,-0.9311,0.35,16050.0
1305.45,14.15,-0.8597,0.5069,16070.0
1305.5,14.09,-0.7882,0.6638,16070.0
1305.55,14.26,-0.8157,0.6001,16070.0
1305.6,14.42,-0.8431,0.5363,16070.0
1305.65,14.4,-0.8624,0.3273,16070.0
1305.7,14.37,-0.8818,0.1183,16080.0
1305.75,14.27,-0.7516,0.004634,16090.0
1305.8,14.17,-0.6214,-0.109,16090.0
1305.85,14.12,-0.547,-0.1358,16100.0
1305.9,14.07,-0.4725,-0.1627,16110.0
1305.95,13.97,-0.7004,-0.314,16130.0
1306.0,13.87,-0.9283,-0.4653,16140.0
1306.05,13.86,-0.6566,-0.5071,16160.0
1306.1,13.84,-0.3849,-0.549,16200.0
1306.15,13.93,-0.4383,-0.5184,16230.0
1306.2,14.02,-0.4916,-0.4878,16250.0
1306.25,14.09,-0.5569,-0.4439,16260.0
1306.3,14.16,-0.6222,-0.4,16250.0
1306.35,14.05,-0.702,-0.284,16240.0
1306.4,13.93,-0.7818,-0.168,16210.0
1306.45,14.04,-0.9654,-0.2039,16190.0
1306.5,14.15,-1.149,-0.2397,16170.0
1306.55,14.26,-1.027,-0.1575,16180.0
1306.6,14.37,-0.9052,-0.07536,16210.0
1306.65,14.39,-0.7327,-0.08755,16250.0
1306.7,14.4,-0.5601,-0.09975,16290.0
1306.75,14.43,-0.6349,0.08743,16310.0
1306.8,14.46,-0.7098,0.2746,16330.0
1306.85,14.6,-0.5732,0.2574,16320.0
1306.9,14.74,-0.4367,0.2402,16310.0
1306.95,14.65,-0.3712,0.1529,16270.0
1307.0,14.56,-0.3057,0.0656,16250.0
1307.05,14.66,-0.2613,0.08414,16240.0
1307.1,14.75,-0.217,0.1027,16250.0
1307.15,14.76,-0.1318,0.2375,16280.0
1307.2,14.77,-0.04658,0.3724,16300.0
1307.25,14.65,0.1533,0.4256,16330.0
1307.3,14.54,0.3531,0.4787,16360.0
1307.35,14.75,0.3055,0.4814,16380.0
1307.4,14.95,0.258,0.4841,16370.0
1307.45,14.89,0.1662,0.5653,16340.0
1307.5,14.83,0.07444,0.6465,16310.0
1307.55,14.73,-0.09415,0.6404,16310.0
1307.6,14.62,-0.2627,0.6343,16320.0
1307.65,14.45,-0.1387,0.4788,16330.0
1307.7,14.28,-0.01473,0.3234,16350.0
1307.75,14.12,0.1762,0.4703,16370.0
1307.8,13.97,0.367,0.6172,16400.0
1307.85,13.92,0.3479,0.4547,16410.0
1307.9,13.87,0.3288,0.2922,16400.0
1307.95,13.78,0.3479,0.4059,16380.0
1308.0,13.7,0.367,0.5197,16370.0
1308.05,13.7,0.4532,0.471,16370.0
1308.1,13.71,0.5394,0.4224,16380.0
1308.15,13.66,0.3306,0.2428,16380.0
1308.2,13.6,0.1218,0.06316,16400.0
1308.25,13.57,0.1973,-0.08621,16420.0
1308.3,13.54,0.2727,-0.2356,16450.0
1308.35,13.65,0.1139,-0.1074,16460.0
1308.4,13.76,-0.04498,0.02073,16470.0
1308.45,13.74,0.08798,0.1034,16470.0
1308.5,13.72,0.2209,0.1861,16470.0
1308.55,13.6,0.1564,0.08633,16470.0
1308.6,13.49,0.09196,-0.01341,16440.0
1308.65,13.55,0.05533,0.128,16420.0
1308.7,13.62,0.01871,0.2695,16410.0
1308.75,13.61,-0.07862,0.1941,16420.0
1308.8,13.6,-0.176,0.1188,16440.0
1308.85,13.66,-0.2601,0.02695,16460.0
1308.9,13.72,-0.3443,-0.06487,16480.0
1308.95,13.56,-0.2412,-0.1633,16510.0
1309.0,13.4,-0.1381,-0.2617,16540.0
1309.05,13.34,-0.1961,-0.3481,16540.0
1309.1,13.29,-0.254,-0.4346,16530.0
1309.15,13.29,-0.1077,-0.2795,16510.0
1309.2,13.29,0.03861,-0.1244,16500.0
1309.25,13.14,0.1093,-0.06048,16490.0
1309.3,12.99,0.1799,0.003414,16470.0
1309.35,13.05,0.3103,-0.1393,16450.0
1309.4,13.11,0.4407,-0.2819,16440.0
1309.45,12.98,0.1841,-0.1827,16460.0
1309.5,12.85,-0.07245,-0.08341,16490.0
1309.55,12.88,-0.1429,-0.1964,16530.0
1309.6,12.92,-0.2134,-0.3095,16570.0
1309.65,12.93,-0.5036,-0.1722,16610.0
1309.7,12.95,-0.7938,-0.03487,16630.0
1309.75,12.96,-0.8224,-0.04573,16630.0
1309.8,12.97,-0.8511,-0.05658,16590.0
1309.85,13.0,-0.7631,0.1102,16550.0
1309.9,13.03,-0.6751,0.277,16530.0
1309.95,13.01,-0.5611,0.181,16520.0
1310.0,12.99,-0.447,0.08487,16530.0
1310.05,12.84,-0.3945,0.2085,16550.0
1310.1,12.7,-0.342,0.3322,16580.0
1310.15,12.57,-0.2012,0.2331,16620.0
1310.2,12.45,-0.06051,0.1341,16650.0
1310.25,12.3,-0.1425,0.298,16660.0
1310.3,12.15,-0.2245,0.4619,16660.0
1310.35,12.25,-0.4463,0.582,16650.0
1310.4,12.36,-0.668,0.7021,16640.0
1310.45,12.32,-0.6501,0.6251,16640.0
1310.5,12.27,-0.6322,0.548,16630.0
1310.55,12.34,-0.5961,0.5145,16630.0
1310.6,12.4,-0.5601,0.4809,16650.0
1310.65,12.41,-0.5557,0.5049,16670.0
1310.7,12.43,-0.5513,0.529,16690.0
1310.75,12.55,-0.6296,0.4346,16680.0
1310.8,12.68,-0.7078,0.3402,16670.0
1310.85,12.5,-0.8441,0.4375,16660.0
1310.9,12.32,-0.9805,0.5348,16650.0
1310.95,12.35,-0.8404,0.4047,16630.0
1311.0,12.38,-0.7002,0.2746,16610.0
1311.05,12.73,-0.4904,0.3359,16620.0
1311.1,13.09,-0.2806,0.3973,16640.0
1311.15,13.11,-0.3374,0.5741,16650.0
1311.2,13.12,-0.3941,0.7509,16660.0
1311.25,13.04,-0.4411,0.768,16660.0
1311.3,12.96,-0.4881,0.785,16650.0
1311.35,12.97,-0.4757,0.6474,16630.0
1311.4,12.98,-0.4634,0.5097,16600.0
1311.45,12.95,-0.2476,0.5175,16570.0
1311.5,12.93,-0.03185,0.5253,16550.0
1311.55,12.81,0.1393,0.5723,16550.0
1311.6,12.69,0.3105,0.6192,16570.0
1311.65,12.79,0.3372,0.7786,16590.0
1311.7,12.89,0.3638,0.9379,16610.0
1311.75,12.87,0.2673,0.9138,16610.0
1311.8,12.86,0.1708,0.8897,16610.0
1311.85,12.66,0.08658,0.9162,16590.0
1311.9,12.46,0.002388,0.9428,16560.0
1311.95,12.57,0.2416,1.051,16520.0
1312.0,12.68,0.4809,1.16,16510.0
1312.05,12.76,0.4556,1.195,16530.0
1312.1,12.84,0.4303,1.231,16560.0
1312.15,12.89,0.1831,1.171,16570.0
1312.2,12.93,-0.06409,1.111,16580.0
1312.25,13.0,0.05195,1.006,16590.0
1312.3,13.07,0.168,0.9006,16590.0
1312.35,13.17,0.2572,0.7432,16570.0
1312.4,13.28,0.3463,0.5858,16530.0
1312.45,13.28,0.2168,0.5364,16500.0
1312.5,13.28,0.08718,0.487,16500.0
1312.55,13.26,0.07484,0.5651,16510.0
1312.6,13.24,0.0625,0.6431,16520.0
1312.65,13.36,-0.00836,0.673,16530.0
1312.7,13.49,-0.07922,0.7028,16540.0
1312.75,13.33,-0.2954,0.7337,16550.0
1312.8,13.18,-0.5115,0.7645,16560.0
1312.85,13.26,-0.6031,0.5869,16560.0
1312.9,13.34,-0.6947,0.4092,16540.0
1312.95,13.24,-0.5639,0.1708,16530.0
1313.0,13.15,-0.4331,-0.06755,16530.0
1313.05,12.96,-0.3035,-0.0945,16510.0
1313.1,12.78,-0.174,-0.1215,16500.0
1313.15,12.85,-0.07146,-0.0007316,16480.0
1313.2,12.93,0.03105,0.12,16490.0
1313.25,13.09,0.1397,0.1155,16500.0
1313.3,13.26,0.2484,0.111,16510.0
1313.35,13.2,0.2556,0.1796,16500.0
1313.4,13.15,0.2627,0.2483,16490.0
1313.45,13.35,0.1475,0.2992,16490.0
1313.5,13.56,0.03224,0.3502,16500.0
1313.55,13.35,0.07663,0.1829,16500.0
1313.6,13.13,0.121,0.01561,16500.0
1313.65,13.14,0.07524,-0.3007,16490.0
1313.7,13.14,0.02946,-0.617,16500.0
1313.75,13.13,0.008161,-0.5532,16490.0
1313.8,13.12,-0.01314,-0.4895,16490.0
1313.85,13.03,0.06907,-0.4991,16470.0
1313.9,12.94,0.1513,-0.5087,16460.0
1313.95,13.06,0.05633,-0.369,16440.0
1314.0,13.18,-0.03861,-0.2292,16430.0
1314.05,13.43,-0.06628,-0.343,16410.0
1314.1,13.69,-0.09395,-0.4568,16410.0
1314.15,13.54,-0.07166,-0.3169,16430.0
1314.2,13.4,-0.04936,-0.1771,16470.0
1314.25,13.42,0.04339,-0.2222,16490.0
1314.3,13.44,0.1361,-0.2673,16490.0
1314.35,13.58,0.2882,-0.2201,16480.0
1314.4,13.71,0.4403,-0.1729,16470.0
1314.45,13.63,0.5259,-0.07243,16460.0
1314.5,13.55,0.6115,0.02805,16440.0
1314.55,13.59,0.5099,-0.09706,16420.0
1314.6,13.64,0.4084,-0.2222,16410.0
1314.65,13.75,0.2713,-0.4201,16420.0
1314.7,13.86,0.1342,-0.618,16430.0
1314.75,13.75,0.1909,-0.6482,16430.0
1314.8,13.64,0.2476,-0.6785,16430.0
1314.85,13.55,0.07285,-0.7599,16430.0
1314.9,13.47,-0.1019,-0.8414,16440.0
1314.95,13.4,-0.299,-0.7078,16450.0
1315.0,13.33,-0.496,-0.5743,16440.0
1315.05,13.39,-0.662,-0.4342,16430.0
1315.1,13.45,-0.828,-0.2941,16440.0
1315.15,13.57,-0.8063,-0.08621,16450.0
1315.2,13.68,-0.7846,0.1217,16460.0
1315.25,13.54,-1.015,0.1718,16460.0
1315.3,13.4,-1.245,0.2219,16450.0
1315.35,13.43,-1.245,0.1583,16430.0
1315.4,13.47,-1.245,0.09462,16410.0
1315.45,13.51,-0.9683,0.1511,16380.0
1315.5,13.54,-0.6915,0.2075,16360.0
1315.55,13.74,-0.6903,0.2664,16360.0
1315.6,13.93,-0.6891,0.3253,16390.0
1315.65,13.77,-0.7128,0.3961,16410.0
1315.7,13.62,-0.7365,0.4668,16440.0
1315.75,13.69,-0.5404,0.5092,16450.0
1315.8,13.75,-0.3443,0.5516,16460.0
1315.85,13.7,-0.377,0.3904,16460.0
1315.9,13.65,-0.4096,0.2292,16440.0
1315.95,13.77,-0.4208,0.09011,16400.0
1316.0,13.89,-0.4319,-0.04902,16360.0
1316.05,13.97,-0.4968,-0.09328,16330.0
1316.1,14.04,-0.5617,-0.1375,16320.0
1316.15,14.0,-0.5643,-0.01695,16320.0
1316.2,13.96,-0.5669,0.1036,16330.0
1316.25,13.96,-0.4204,0.004878,16360.0
1316.3,13.97,-0.2739,-0.09389,16410.0
1316.35,14.06,-0.16,-0.05438,16440.0
1316.4,14.16,-0.04618,-0.01488,16440.0
1316.45,14.26,0.05394,0.1357,16410.0
1316.5,14.36,0.1541,0.2863,16370.0
1316.55,14.5,0.1771,0.26,16310.0
1316.6,14.64,0.2002,0.2336,16260.0
1316.65,14.63,0.01652,0.1352,16220.0
1316.7,14.62,-0.1672,0.03683,16200.0
1316.75,14.64,-0.07504,0.1357,16210.0
1316.8,14.66,0.01712,0.2346,16260.0
1316.85,14.69,0.07942,0.1639,16300.0
1316.9,14.72,0.1417,0.09316,16330.0
1316.95,14.93,0.1807,0.04695,16330.0
1317.0,15.14,0.2197,0.0007316,16320.0
1317.05,15.19,0.3543,0.009755,16280.0
1317.1,15.24,0.4888,0.01878,16220.0
1317.15,15.17,0.6079,0.04841,16160.0
1317.2,15.11,0.7269,0.07804,16120.0
1317.25,15.0,0.7034,0.07389,16120.0
1317.3,14.88,0.6799,0.06975,16130.0
1317.35,14.66,0.7384,0.154,16150.0
1317.4,14.44,0.797,0.2383,16180.0
1317.45,14.5,0.916,0.01768,16200.0
1317.5,14.55,1.035,-0.2029,16220.0
1317.55,14.51,0.8961,-0.3117,16200.0
1317.6,14.46,0.7572,-0.4204,16170.0
1317.65,14.41,0.909,-0.307,16150.0
1317.7,14.36,1.061,-0.1936,16120.0
1317.75,14.23,0.955,-0.151,16110.0
1317.8,14.1,0.8491,-0.1083,16090.0
1317.85,14.07,0.7494,-0.02597,16080.0
1317.9,14.03,0.6497,0.05634,16090.0
1317.95,14.06,0.7572,0.1019,16100.0
1318.0,14.09,0.8646,0.1475,16110.0
1318.05,13.89,0.9606,0.3991,16110.0
1318.1,13.7,1.057,0.6507,16100.0
1318.15,13.57,0.9397,0.6101,16090.0
1318.2,13.43,0.8228,0.5694,16080.0
1318.25,13.57,0.9027,0.4801,16060.0
1318.3,13.7,0.9825,0.3907,16040.0
1318.35,13.71,1.125,0.4143,16030.0
1318.4,13.71,1.267,0.438,16030.0
1318.45,13.51,1.227,0.3467,16040.0
1318.5,13.31,1.187,0.2553,16050.0
1318.55,13.39,1.116,0.3904,16050.0
1318.6,13.48,1.045,0.5256,16050.0
1318.65,13.43,0.905,0.3865,16060.0
1318.7,13.38,0.7647,0.2475,16060.0
1318.75,13.09,0.7643,0.1889,16050.0
1318.8,12.81,0.7639,0.1302,16030.0
1318.85,12.76,0.791,0.1395,16000.0
1318.9,12.7,0.8181,0.1488,15970.0
1318.95,12.65,0.4656,0.05182,15950.0
1319.0,12.59,0.1131,-0.04512,15930.0
1319.05,12.5,-0.09156,0.0884,15920.0
1319.1,12.41,-0.2962,0.2219,15930.0
1319.15,12.52,-0.2926,0.3559,15960.0
1319.2,12.62,-0.289,0.4899,15970.0
1319.25,12.69,-0.2669,0.4809,15970.0
1319.3,12.76,-0.2448,0.4719,15970.0
1319.35,12.64,0.05414,0.4506,15960.0
1319.4,12.51,0.3531,0.4292,15940.0
1319.45,12.53,0.3909,0.5303,15900.0
1319.5,12.56,0.4287,0.6314,15860.0
1319.55,12.37,0.4679,0.5868,15830.0
1319.6,12.17,0.5072,0.5421,15830.0
1319.65,12.11,0.7367,0.4926,15830.0
1319.7,12.04,0.9661,0.4431,15840.0
1319.75,12.19,1.106,0.3263,15860.0
1319.8,12.35,1.245,0.2095,15870.0
1319.85,12.12,1.144,0.1701,15880.0
1319.9,11.88,1.043,0.1307,15870.0
1319.95,11.86,0.9072,0.1258,15840.0
1320.0,11.85,0.7719,0.121,15810.0
1320.05,11.86,0.5537,-0.07487,15790.0
1320.1,11.86,0.3356,-0.2707,15780.0
1320.15,11.8,0.5529,-0.3557,15780.0
1320.2,11.73,0.7703,-0.4407,15790.0
1320.25,11.61,0.9345,-0.1397,15790.0
1320.3,11.5,1.099,0.1612,15790.0
1320.35,11.54,0.9667,0.1397,15780.0
1320.4,11.59,0.8348,0.1183,15760.0
1320.45,11.6,0.8509,0.1158,15740.0
1320.5,11.6,0.867,0.1134,15730.0
1320.55,11.76,0.8615,0.126,15730.0
1320.6,11.92,0.8559,0.1385,15740.0
1320.65,11.88,0.8276,-0.07621,15730.0
1320.7,11.84,0.7994,-0.2909,15710.0
1320.75,11.7,0.8869,-0.2836,15700.0
1320.8,11.57,0.9745,-0.2763,15690.0
1320.85,11.68,0.8642,-0.3546,15680.0
1320.9,11.78,0.754,-0.4329,15660.0
1320.95,11.82,0.6471,-0.2445,15650.0
1321.0,11.86,0.5402,-0.05609,15650.0
1321.05,11.7,0.7132,0.02987,15660.0
1321.1,11.54,0.8861,0.1158,15650.0
1321.15,11.54,0.6234,-0.01207,15630.0
1321.2,11.54,0.3607,-0.14,15610.0
1321.25,11.41,0.4496,0.02427,15590.0
1321.3,11.27,0.5386,0.1885,15580.0
1321.35,11.28,0.7378,0.1085,15560.0
1321.4,11.28,0.9371,0.02853,15550.0
1321.45,11.33,1.047,-0.1361,15540.0
1321.5,11.37,1.157,-0.3007,15540.0
1321.55,11.37,1.043,-0.2227,15530.0
1321.6,11.37,0.9287,-0.1446,15500.0
1321.65,11.45,1.087,-0.1079,15470.0
1321.7,11.53,1.245,-0.07121,15450.0
1321.75,11.57,1.19,-0.1206,15440.0
1321.8,11.6,1.134,-0.17,15440.0
1321.85,11.5,1.097,-0.2522,15440.0
1321.9,11.41,1.059,-0.3344,15440.0
1321.95,11.28,1.23,-0.1903,15440.0
1322.0,11.16,1.4,-0.04634,15430.0
1322.05,11.04,1.377,-0.04463,15400.0
1322.1,10.93,1.353,-0.04292,15360.0
1322.15,10.75,1.444,0.07487,15320.0
1322.2,10.57,1.534,0.1927,15290.0
1322.25,10.67,1.466,0.1255,15270.0
1322.3,10.77,1.398,0.05829,15250.0
1322.35,10.71,1.53,-0.1271,15240.0
1322.4,10.66,1.662,-0.3124,15260.0
1322.45,10.54,1.74,-0.3546,15280.0
1322.5,10.41,1.819,-0.3968,15310.0
1322.55,10.39,1.514,-0.2239,15310.0
1322.6,10.37,1.209,-0.05097,15290.0
1322.65,10.38,1.132,-0.1988,15250.0
1322.7,10.38,1.055,-0.3465,15200.0
1322.75,10.33,0.785,-0.4106,15140.0
1322.8,10.27,0.5151,-0.4746,15100.0
1322.85,10.32,0.4112,-0.3333,15090.0
1322.9,10.36,0.3073,-0.1919,15100.0
1322.95,10.3,0.3414,-0.1396,15130.0
1323.0,10.24,0.3754,-0.08731,15150.0
1323.05,10.09,0.3965,0.1011,15160.0
1323.1,9.931,0.4176,0.2895,15150.0
1323.15,9.807,0.3726,0.2427,15120.0
1323.2,9.682,0.3276,0.1958,15080.0
1323.25,9.868,0.4041,0.268,15050.0
1323.3,10.05,0.4805,0.3402,15030.0
1323.35,10.03,0.454,0.5755,15040.0
1323.4,9.996,0.4275,0.8109,15050.0
1323.45,9.962,0.4224,0.7981,15060.0
1323.5,9.928,0.4172,0.7853,15060.0
1323.55,10.06,0.4136,0.7531,15050.0
1323.6,10.2,0.41,0.7209,15020.0
1323.65,10.12,0.5945,0.6604,14990.0
1323.7,10.05,0.779,0.5999,14960.0
1323.75,10.04,0.8758,0.6758,14930.0
1323.8,10.04,0.9725,0.7516,14920.0
1323.85,10.18,0.8503,0.6347,14930.0
1323.9,10.32,0.7281,0.5177,14950.0
1323.95,10.31,0.7637,0.696,14960.0
1324.0,10.3,0.7994,0.8743,14970.0
1324.05,10.04,0.7462,0.9286,14970.0
1324.1,9.78,0.6931,0.9828,14950.0
1324.15,9.878,0.6431,0.9666,14920.0
1324.2,9.975,0.5931,0.9504,14870.0
1324.25,9.869,0.613,1.017,14820.0
1324.3,9.763,0.633,1.083,14780.0
1324.35,9.79,0.5565,0.9981,14770.0
1324.4,9.817,0.4801,0.9133,14770.0
1324.45,9.917,0.5314,0.9161,14790.0
1324.5,10.02,0.5828,0.9189,14820.0
1324.55,9.948,0.7187,0.6781,14840.0
1324.6,9.88,0.8547,0.4373,14860.0
1324.65,9.951,0.8111,0.2855,14850.0
1324.7,10.02,0.7675,0.1336,14810.0
1324.75,10.1,0.881,0.3787,14760.0
1324.8,10.17,0.9944,0.6238,14710.0
1324.85,10.07,0.8847,0.6066,14670.0
1324.9,9.96,0.7751,0.5894,14650.0
1324.95,9.961,0.7299,0.5768,14650.0
1325.0,9.962,0.6847,0.5641,14660.0
1325.05,10.09,0.4809,0.36,14690.0
1325.1,10.22,0.2771,0.1558,14720.0
1325.15,10.3,0.3418,0.1613,14730.0
1325.2,10.37,0.4064,0.1668,14730.0
1325.25,10.54,0.1803,0.0328,14710.0
1325.3,10.71,-0.04578,-0.1012,14690.0
1325.35,10.86,-0.1586,-0.05853,14660.0
1325.4,11.01,-0.2715,-0.01585,14640.0
1325.45,10.85,-0.1897,0.08292,14620.0
1325.5,10.69,-0.1079,0.1817,14620.0
1325.55,10.73,-0.07882,0.4535,14620.0
1325.6,10.77,-0.04976,0.7253,14620.0
1325.65,10.96,-0.03623,0.5504,14630.0
1325.7,11.14,-0.02269,0.3756,14630.0
1325.75,11.13,0.042,0.4402,14630.0
1325.8,11.13,0.1067,0.5048,14610.0
1325.85,11.22,0.1515,0.4378,14600.0
1325.9,11.32,0.1963,0.3707,14580.0
1325.95,11.41,0.4198,0.3018,14570.0
1326.0,11.51,0.6433,0.2329,14570.0
1326.05,11.69,0.5812,0.2138,14570.0
1326.1,11.87,0.5191,0.1946,14580.0
1326.15,11.82,0.335,0.119,14580.0
1326.2,11.78,0.1509,0.04341,14570.0
1326.25,11.82,0.3519,-0.01671,14550.0
1326.3,11.85,0.5529,-0.07682,14530.0
1326.35,11.9,0.5683,-0.02427,14510.0
1326.4,11.95,0.5836,0.02829,14500.0
1326.45,12.06,0.4007,0.005243,14490.0
1326.5,12.16,0.2178,-0.0178,14490.0
1326.55,12.11,0.2084,-0.1714,14500.0
1326.6,12.06,0.199,-0.3251,14510.0
1326.65,11.96,0.3057,-0.2957,14510.0
1326.7,11.86,0.4124,-0.2663,14500.0
1326.75,11.71,0.3597,-0.1785,14470.0
1326.8,11.56,0.3069,-0.09072,14450.0
1326.85,11.7,0.2926,-0.2759,14420.0
1326.9,11.84,0.2783,-0.4612,14400.0
1326.95,11.68,0.2038,-0.3357,14400.0
1327.0,11.51,0.1294,-0.2102,14400.0
1327.05,11.55,0.1994,-0.05719,14420.0
1327.1,11.58,0.2695,0.09584,14440.0
1327.15,11.62,0.2534,-0.02305,14450.0
1327.2,11.65,0.2373,-0.1419,14440.0
1327.25,11.58,0.2697,-0.2118,14410.0
1327.3,11.51,0.3021,-0.2817,14370.0
1327.35,11.71,0.2884,-0.08816,14330.0
1327.4,11.92,0.2747,0.1054,14290.0
1327.45,12.04,0.1971,0.1188,14270.0
1327.5,12.16,0.1194,0.1322,14270.0
1327.55,12.22,0.115,0.28,14300.0
1327.6,12.27,0.1107,0.4278,14330.0
1327.65,12.25,0.02647,0.4278,14360.0
1327.7,12.23,-0.05772,0.4278,14370.0
1327.75,12.31,-0.003981,0.2884,14360.0
1327.8,12.38,0.04976,0.149,14330.0
1327.85,12.44,0.1734,-0.002561,14300.0
1327.9,12.5,0.297,-0.1541,14250.0
1327.95,12.56,0.3316,-0.1763,14210.0
1328.0,12.63,0.3662,-0.1985,14190.0
1328.05,12.64,0.3374,-0.1947,14200.0
1328.1,12.66,0.3085,-0.191,14210.0
1328.15,12.74,0.3406,-0.1306,14240.0
1328.2,12.83,0.3726,-0.07024,14270.0
1328.25,13.0,0.5593,-0.01097,14310.0
1328.3,13.17,0.746,0.04829,14330.0
1328.35,13.31,0.8843,-0.1284,14330.0
1328.4,13.46,1.023,-0.3051,14300.0
1328.45,13.38,1.187,-0.4512,14260.0
1328.5,13.31,1.352,-0.5973,14230.0
1328.55,13.31,1.361,-0.484,14190.0
1328.6,13.31,1.371,-0.3707,14170.0
1328.65,13.31,1.215,-0.3918,14180.0
1328.7,13.31,1.059,-0.4129,14200.0
1328.75,13.2,0.962,-0.3857,14230.0
1328.8,13.09,0.8654,-0.3585,14270.0
1328.85,13.21,1.047,-0.2653,14300.0
1328.9,13.33,1.228,-0.1722,14320.0
1328.95,13.41,1.262,-0.05512,14320.0
1329.0,13.49,1.297,0.06194,14310.0
1329.05,13.48,1.086,0.02085,14270.0
1329.1,13.48,0.875,-0.02024,14230.0
1329.15,13.34,1.053,-0.03817,14210.0
1329.2,13.21,1.231,-0.05609,14200.0
1329.25,13.2,1.42,0.09511,14220.0
1329.3,13.19,1.608,0.2463,14250.0
1329.35,13.47,1.515,0.02597,14280.0
1329.4,13.74,1.422,-0.1944,14320.0
1329.45,13.73,1.339,0.01134,14340.0
1329.5,13.72,1.255,0.217,14330.0
1329.55,13.62,1.195,0.2451,14300.0
1329.6,13.52,1.135,0.2731,14270.0
1329.65,13.66,1.108,0.1166,14230.0
1329.7,13.81,1.082,-0.04,14220.0
1329.75,13.86,0.8959,-0.1507,14240.0
1329.8,13.92,0.7102,-0.2614,14280.0
1329.85,13.89,0.7988,-0.1336,14320.0
1329.9,13.87,0.8873,-0.005853,14370.0
1329.95,13.86,0.8276,-0.02902,14390.0
1330.0,13.85,0.7679,-0.05219,14390.0
1330.05,14.03,0.7988,-0.2666,14360.0
1330.1,14.21,0.8296,-0.4809,14300.0
1330.15,14.18,0.872,-0.4281,14250.0
1330.2,14.16,0.9144,-0.3753,14230.0
1330.25,14.18,1.11,-0.2053,14230.0
1330.3,14.2,1.306,-0.03536,14250.0
1330.35,14.31,1.45,0.09109,14290.0
1330.4,14.41,1.595,0.2175,14340.0
1330.45,14.46,1.538,0.219,14380.0
1330.5,14.5,1.48,0.2205,14400.0
1330.55,14.43,1.506,0.2277,14410.0
1330.6,14.36,1.532,0.2349,14390.0
1330.65,14.33,1.588,0.1344,14360.0
1330.7,14.29,1.645,0.0339,14330.0
1330.75,14.4,1.695,0.1867,14300.0
1330.8,14.51,1.744,0.3395,14270.0
1330.85,14.59,1.667,0.2973,14260.0
1330.9,14.67,1.59,0.2551,14270.0
1330.95,14.68,1.626,0.08414,14310.0
1331.0,14.7,1.662,-0.08682,14350.0
1331.05,14.71,1.746,-0.0506,14380.0
1331.1,14.72,1.83,-0.01439,14410.0
1331.15,14.59,1.741,0.09962,14420.0
1331.2,14.45,1.652,0.2136,14420.0
1331.25,14.4,1.576,0.01695,14380.0
1331.3,14.34,1.5,-0.1797,14330.0
1331.35,14.43,1.445,0.02805,14290.0
1331.4,14.52,1.39,0.2358,14280.0
1331.45,14.42,1.437,0.3051,14290.0
1331.5,14.33,1.485,0.3743,14310.0
1331.55,14.25,1.439,0.3269,14340.0
1331.6,14.18,1.394,0.2795,14380.0
1331.65,14.1,1.127,0.2891,14410.0
1331.7,14.03,0.8591,0.2987,14430.0
1331.75,13.97,0.9407,0.4135,14420.0
1331.8,13.92,1.022,0.5282,14390.0
1331.85,13.93,0.9285,0.5885,14370.0
1331.9,13.93,0.8348,0.6487,14360.0
1331.95,13.92,0.9062,0.661,14360.0
1332.0,13.91,0.9777,0.6733,14370.0
1332.05,13.74,1.004,0.6705,14390.0
1332.1,13.57,1.031,0.6677,14420.0
1332.15,13.52,1.044,0.6588,14430.0
1332.2,13.47,1.057,0.6499,14440.0
1332.25,13.43,0.9261,0.566,14430.0
1332.3,13.39,0.7954,0.4821,14410.0
1332.35,13.33,0.8067,0.4675,14400.0
1332.4,13.26,0.8181,0.4529,14390.0
1332.45,13.16,0.7858,0.2875,14380.0
1332.5,13.06,0.7536,0.1222,14390.0
1332.55,13.03,0.7689,-0.03804,14420.0
1332.6,12.99,0.7842,-0.1983,14450.0
1332.65,13.16,0.7699,-0.2269,14480.0
1332.7,13.33,0.7556,-0.2556,14490.0
1332.75,13.38,0.7321,-0.4312,14500.0
1332.8,13.43,0.7086,-0.6068,14480.0
1332.85,13.65,0.7966,-0.559,14450.0
1332.9,13.87,0.8845,-0.5112,14410.0
1332.95,13.85,0.7994,-0.4878,14370.0
1333.0,13.83,0.7142,-0.4643,14340.0
1333.05,13.73,0.5062,-0.3973,14340.0
1333.1,13.63,0.2982,-0.3302,14360.0
1333.15,13.51,0.4795,-0.09267,14410.0
1333.2,13.4,0.6608,0.1449,14460.0
1333.25,13.32,0.5947,0.191,14510.0
1333.3,13.25,0.5287,0.237,14540.0
1333.35,13.25,0.4662,0.1169,14540.0
1333.4,13.26,0.4037,-0.00317,14500.0
1333.45,13.3,0.371,0.09975,14440.0
1333.5,13.33,0.3384,0.2027,14370.0
1333.55,13.32,0.3847,0.105,14320.0
1333.6,13.32,0.4311,0.007316,14280.0
1333.65,13.24,0.1744,-0.04963,14290.0
1333.7,13.16,-0.0824,-0.1066,14340.0
1333.75,12.9,0.0824,0.1169,14410.0
1333.8,12.64,0.2472,0.3405,14480.0
1333.85,12.63,0.2394,0.3559,14520.0
1333.9,12.63,0.2317,0.3714,14530.0
1333.95,12.5,0.3338,0.2617,14510.0
1334.0,12.38,0.4359,0.1519,14460.0
1334.05,12.44,0.37,0.1935,14400.0
1334.1,12.5,0.3041,0.2351,14350.0
1334.15,12.54,0.297,0.398,14320.0
1334.2,12.59,0.2898,0.5609,14320.0
1334.25,12.78,0.4805,0.4804,14340.0
1334.3,12.97,0.6712,0.4,14380.0
1334.35,13.09,0.4466,0.2207,14420.0
1334.4,13.21,0.2221,0.04146,14470.0
1334.45,12.99,-0.05354,-0.0628,14510.0
1334.5,12.77,-0.3292,-0.1671,14520.0
1334.55,12.84,-0.3826,0.08621,14520.0
1334.6,12.91,-0.4359,0.3395,14520.0
1334.65,13.01,-0.3883,0.2784,14500.0
1334.7,13.1,-0.3408,0.2173,14480.0
1334.75,13.22,-0.3439,0.1032,14450.0
1334.8,13.33,-0.3471,-0.01097,14440.0
1334.85,13.32,-0.1967,0.03402,14450.0
1334.9,13.31,-0.04618,0.07902,14480.0
1334.95,13.2,-0.115,0.09243,14510.0
1335.0,13.1,-0.1839,0.1058,14540.0
1335.05,12.91,-0.1933,-0.07902,14570.0
1335.1,12.71,-0.2026,-0.2639,14590.0
1335.15,12.84,-0.2012,-0.4204,14600.0
1335.2,12.97,-0.1998,-0.577,14590.0
1335.25,13.01,-0.1915,-0.473,14590.0
1335.3,13.05,-0.1831,-0.369,14590.0
1335.35,12.92,0.02209,-0.3642,14600.0
1335.4,12.79,0.2273,-0.3595,14600.0
1335.45,13.01,0.3057,-0.3634,14590.0
1335.5,13.22,0.3842,-0.3673,14580.0
1335.55,13.33,0.5135,-0.3997,14590.0
1335.6,13.44,0.6429,-0.4321,14590.0
1335.65,13.42,0.7498,-0.3939,14590.0
1335.7,13.39,0.8567,-0.3556,14590.0
1335.75,13.34,0.8282,-0.2892,14610.0
1335.8,13.3,0.7997,-0.2229,14640.0
1335.85,13.38,0.6837,-0.2712,14670.0
1335.9,13.46,0.5677,-0.3195,14680.0
1335.95,13.31,0.4029,-0.3774,14680.0
1336.0,13.17,0.2381,-0.4353,14680.0
1336.05,12.92,0.2333,-0.3001,14670.0
1336.1,12.67,0.2285,-0.1649,14660.0
1336.15,12.76,0.3531,-0.3003,14640.0
1336.2,12.84,0.4777,-0.4358,14630.0
1336.25,12.82,0.5121,-0.3779,14630.0
1336.3,12.8,0.5466,-0.32,14630.0
1336.35,12.68,0.6614,-0.4145,14630.0
1336.4,12.56,0.7763,-0.509,14640.0
1336.45,12.45,0.7309,-0.3756,14650.0
1336.5,12.33,0.6855,-0.2422,14680.0
1336.55,12.3,0.5446,-0.417,14710.0
1336.6,12.27,0.4037,-0.5919,14720.0
1336.65,12.3,0.4502,-0.5852,14730.0
1336.7,12.33,0.4968,-0.5785,14720.0
1336.75,12.39,0.7882,-0.4263,14700.0
1336.8,12.45,1.08,-0.2741,14680.0
1336.85,12.6,0.9558,-0.3073,14640.0
1336.9,12.74,0.832,-0.3405,14620.0
1336.95,12.84,0.9102,-0.3151,14610.0
1337.0,12.94,0.9884,-0.2897,14630.0
1337.05,13.01,1.129,-0.3536,14650.0
1337.1,13.08,1.27,-0.4175,14680.0
1337.15,13.17,1.194,-0.4478,14720.0
1337.2,13.27,1.119,-0.478,14750.0
1337.25,13.39,1.049,-0.5883,14770.0
1337.3,13.51,0.9793,-0.6987,14770.0
1337.35,13.36,0.9462,-0.4924,14770.0
1337.4,13.22,0.9132,-0.2861,14760.0
1337.45,13.27,1.048,-0.1867,14750.0
1337.5,13.33,1.182,-0.08731,14720.0
1337.55,13.48,1.141,-0.05024,14700.0
1337.6,13.62,1.1,-0.01317,14680.0
1337.65,13.78,0.9445,-0.1941,14680.0
1337.7,13.94,0.7886,-0.3751,14690.0
1337.75,14.03,0.6688,-0.2731,14720.0
1337.8,14.12,0.549,-0.1712,14750.0
1337.85,13.98,0.5504,-0.1757,14790.0
1337.9,13.84,0.5517,-0.1802,14840.0
1337.95,13.85,0.4799,-0.2529,14860.0
1338.0,13.87,0.408,-0.3256,14860.0
1338.05,14.04,0.5768,-0.2513,14840.0
1338.1,14.22,0.7456,-0.1771,14800.0
1338.15,14.11,0.8179,-0.2486,14760.0
1338.2,14.0,0.8901,-0.3202,14720.0
1338.25,13.78,0.6592,-0.155,14690.0
1338.3,13.57,0.4283,0.01024,14690.0
1338.35,13.61,0.2876,-0.1245,14730.0
1338.4,13.65,0.1469,-0.2592,14780.0
1338.45,13.83,0.08698,-0.1213,14830.0
1338.5,14.02,0.02707,0.01658,14880.0
1338.55,14.01,0.1503,-0.01244,14910.0
1338.6,14.0,0.2735,-0.04146,14910.0
1338.65,13.99,0.2096,-0.1485,14890.0
1338.7,13.98,0.1457,-0.2556,14850.0
1338.75,14.0,0.3081,-0.07219,14810.0
1338.8,14.02,0.4705,0.1112,14780.0
1338.85,14.06,0.5993,0.2214,14770.0
1338.9,14.11,0.7281,0.3317,14770.0
1338.95,14.06,1.083,0.1931,14780.0
1339.0,14.02,1.437,0.05463,14790.0
1339.05,14.11,1.272,0.2686,14810.0
1339.1,14.2,1.107,0.4826,14830.0
1339.15,14.35,1.003,0.5143,14860.0
1339.2,14.5,0.8989,0.546,14870.0
1339.25,14.46,0.9023,0.3486,14890.0
1339.3,14.41,0.9056,0.1512,14900.0
1339.35,14.38,0.9128,0.1728,14890.0
1339.4,14.36,0.92,0.1944,14870.0
1339.45,14.48,0.5223,0.1028,14850.0
1339.5,14.6,0.1246,0.01122,14820.0
1339.55,14.61,0.1069,0.1119,14800.0
1339.6,14.62,0.08917,0.2127,14790.0
1339.65,14.63,-0.1202,0.2674,14800.0
1339.7,14.65,-0.3296,0.3222,14810.0
1339.75,14.63,-0.2271,0.3581,14820.0
1339.8,14.62,-0.1246,0.3941,14830.0
1339.85,14.53,-0.3366,0.3708,14850.0
1339.9,14.45,-0.5486,0.3475,14870.0
1339.95,14.46,-0.6499,0.2372,14890.0
1340.0,14.48,-0.7512,0.1268,14900.0
1340.05,14.48,-0.6891,0.2044,14910.0
1340.1,14.48,-0.627,0.2819,14910.0
1340.15,14.58,-0.6055,0.1866,14910.0
1340.2,14.68,-0.584,0.09121,14880.0
1340.25,14.56,-0.2599,0.0006097,14850.0
1340.3,14.45,0.06409,-0.08999,14810.0
1340.35,14.45,0.01493,-0.06719,14790.0
1340.4,14.45,-0.03424,-0.04439,14780.0
1340.45,14.41,-0.09534,0.08243,14790.0
1340.5,14.36,-0.1564,0.2092,14820.0
1340.55,14.23,-0.03682,0.3255,14880.0
1340.6,14.11,0.0828,0.4417,14950.0
1340.65,13.93,-0.03105,0.2084,15000.0
1340.7,13.75,-0.1449,-0.02488,15020.0
1340.75,13.86,-0.07006,0.05377,15010.0
1340.8,13.97,0.004777,0.1324,14960.0
1340.85,14.07,-0.008161,0.2458,14890.0
1340.9,14.17,-0.0211,0.3592,14820.0
1340.95,14.21,0.2181,0.4821,14780.0
1341.0,14.25,0.4574,0.6051,14770.0
1341.05,14.16,0.4389,0.5398,14800.0
1341.1,14.08,0.4204,0.4746,14850.0
1341.15,13.98,0.3935,0.222,14910.0
1341.2,13.88,0.3666,-0.03048,14960.0
1341.25,14.01,0.5133,-0.1489,14980.0
1341.3,14.15,0.66,-0.2673,14980.0
1341.35,14.1,0.5298,-0.04146,14970.0
1341.4,14.06,0.3997,0.1844,14950.0
1341.45,14.39,0.3696,0.2464,14910.0
1341.5,14.73,0.3396,0.3085,14880.0
1341.55,14.86,0.4542,-0.008292,14840.0
1341.6,14.99,0.5689,-0.3251,14810.0
1341.65,14.86,0.4634,-0.3722,14800.0
1341.7,14.73,0.3579,-0.4192,14810.0
1341.75,14.69,0.02249,-0.3667,14850.0
1341.8,14.65,-0.3129,-0.3141,14880.0
1341.85,14.64,-0.2088,-0.3625,14910.0
1341.9,14.64,-0.1047,-0.4109,14930.0
1341.95,14.57,-0.0007962,-0.5135,14920.0
1342.0,14.49,0.1031,-0.616,14890.0
1342.05,14.35,0.2617,-0.6691,14850.0
1342.1,14.2,0.4204,-0.7221,14820.0
1342.15,13.99,0.2759,-0.7719,14810.0
1342.2,13.78,0.1314,-0.8216,14820.0
1342.25,13.71,0.1726,-0.6581,14830.0
1342.3,13.64,0.2138,-0.4946,14840.0
1342.35,13.76,0.2046,-0.526,14830.0
1342.4,13.88,0.1955,-0.5575,14810.0
1342.45,13.96,0.2381,-0.6275,14780.0
1342.5,14.05,0.2806,-0.6975,14750.0
1342.55,14.25,0.2301,-0.6372,14740.0
1342.6,14.44,0.1795,-0.577,14740.0
1342.65,14.55,0.2203,-0.5071,14780.0
1342.7,14.65,0.2611,-0.4373,14820.0
1342.75,14.71,0.1409,-0.3265,14870.0
1342.8,14.76,0.0207,-0.2158,14900.0
1342.85,14.75,-0.2205,-0.4014,14900.0
1342.9,14.74,-0.4618,-0.587,14880.0
1342.95,14.71,-0.6976,-0.4863,14820.0
1343.0,14.67,-0.9335,-0.3856,14750.0
1343.05,14.75,-0.6045,-0.3046,14680.0
1343.1,14.84,-0.2755,-0.2236,14650.0
1343.15,14.81,-0.3211,-0.1896,14640.0
1343.2,14.78,-0.3666,-0.1556,14670.0
1343.25,14.97,-0.3449,-0.1082,14730.0
1343.3,15.15,-0.3232,-0.06073,14810.0
1343.35,14.99,-0.3065,-0.02134,14880.0
1343.4,14.83,-0.2898,0.01805,14940.0
1343.45,14.57,-0.4745,0.002439,14950.0
1343.5,14.31,-0.6592,-0.01317,14920.0
1343.55,14.16,-0.6017,-0.0806,14850.0
1343.6,14.01,-0.5442,-0.148,14770.0
1343.65,14.07,-0.4884,-0.0806,14700.0
1343.7,14.13,-0.4327,-0.01317,14650.0
1343.75,14.26,-0.507,0.04914,14630.0
1343.8,14.4,-0.5812,0.1115,14660.0
1343.85,14.22,-0.6809,0.17,14730.0
1343.9,14.03,-0.7806,0.2285,14820.0
1343.95,13.95,-0.8871,0.181,14890.0
1344.0,13.86,-0.9936,0.1334,14930.0
1344.05,13.89,-0.9315,0.00439,14930.0
1344.1,13.92,-0.8694,-0.1246,14910.0
1344.15,13.95,-0.741,-0.2286,14860.0
1344.2,13.98,-0.6127,-0.3326,14800.0
1344.25,14.06,-0.7508,-0.2908,14740.0
1344.3,14.13,-0.8889,-0.249,14720.0
1344.35,14.14,-0.7832,-0.2135,14730.0
1344.4,14.15,-0.6775,-0.178,14760.0
1344.45,14.1,-0.5923,-0.08292,14800.0
1344.5,14.06,-0.5072,0.01219,14840.0
1344.55,13.97,-0.3601,-0.09365,14880.0
1344.6,13.88,-0.213,-0.1995,14890.0
1344.65,13.83,-0.4188,-0.1524,14880.0
1344.7,13.78,-0.6246,-0.1054,14840.0
1344.75,13.7,-0.6322,-0.05524,14810.0
1344.8,13.62,-0.6397,-0.005121,14800.0
1344.85,13.7,-0.5711,0.154,14800.0
1344.9,13.78,-0.5024,0.3131,14820.0
1344.95,13.68,-0.6714,0.1193,14840.0
1345.0,13.58,-0.8404,-0.07463,14870.0
1345.05,13.57,-0.9104,-0.1721,14900.0
1345.1,13.56,-0.9805,-0.2695,14900.0
1345.15,13.75,-0.9275,-0.1911,14880.0
1345.2,13.94,-0.8746,-0.1127,14850.0
1345.25,13.85,-0.7243,-0.1977,14830.0
1345.3,13.77,-0.574,-0.2827,14820.0
1345.35,13.72,-0.589,-0.1461,14830.0
1345.4,13.68,-0.6039,-0.009511,14860.0
1345.45,13.64,-0.4737,-0.04426,14910.0
1345.5,13.61,-0.3435,-0.07902,14970.0
1345.55,13.5,-0.3648,-0.2222,15010.0
1345.6,13.39,-0.3861,-0.3653,15010.0
1345.65,13.51,-0.589,-0.4312,14980.0
1345.7,13.63,-0.7918,-0.497,14940.0
1345.75,13.41,-0.7623,-0.7246,14900.0
1345.8,13.2,-0.7329,-0.9521,14870.0
1345.85,13.31,-0.4496,-0.8078,14850.0
1345.9,13.42,-0.1664,-0.6636,14860.0
1345.95,13.75,-0.2703,-0.4654,14900.0
1346.0,14.08,-0.3742,-0.2673,14970.0
1346.05,14.06,-0.2566,-0.2969,15020.0
1346.1,14.03,-0.1389,-0.3265,15040.0
1346.15,14.07,-0.09972,-0.2067,15050.0
1346.2,14.1,-0.06051,-0.08682,15040.0
1346.25,14.06,-0.05235,-0.2303,15020.0
1346.3,14.02,-0.04419,-0.3739,14980.0
1346.35,14.08,-0.1051,-0.2891,14940.0
1346.4,14.15,-0.166,-0.2044,14910.0
1346.45,13.95,-0.1069,-0.2509,14920.0
1346.5,13.75,-0.04777,-0.2975,14950.0
1346.55,13.98,-0.05135,-0.4195,14990.0
1346.6,14.21,-0.05494,-0.5414,15020.0
1346.65,14.36,0.05513,-0.4957,15060.0
1346.7,14.52,0.1652,-0.45,15090.0
1346.75,14.43,0.05334,-0.3907,15100.0
1346.8,14.34,-0.05852,-0.3314,15070.0
1346.85,14.2,-0.005175,-0.2168,15040.0
1346.9,14.06,0.04817,-0.1022,15030.0
1346.95,14.2,-0.02408,-0.1764,15030.0
1347.0,14.34,-0.09634,-0.2507,15030.0
1347.05,14.3,-0.03006,-0.289,15040.0
1347.1,14.25,0.03623,-0.3273,15050.0
1347.15,14.14,-0.09872,-0.3162,15080.0
1347.2,14.03,-0.2337,-0.3051,15110.0
1347.25,14.29,-0.1439,-0.3068,15110.0
1347.3,14.55,-0.05414,-0.3085,15110.0
1347.35,14.58,-0.1475,-0.2499,15110.0
1347.4,14.6,-0.2408,-0.1912,15120.0
1347.45,14.72,-0.2305,-0.03231,15130.0
1347.5,14.85,-0.2201,0.1266,15120.0
1347.55,14.91,-0.1726,0.1129,15110.0
1347.6,14.97,-0.125,0.09926,15120.0
1347.65,15.2,0.009554,-0.08962,15160.0
1347.7,15.44,0.1441,-0.2785,15180.0
1347.75,15.37,0.29,-0.2135,15190.0
1347.8,15.3,0.4359,-0.1485,15200.0
1347.85,15.25,0.5095,-0.1729,15200.0
1347.9,15.2,0.5832,-0.1973,15190.0
1347.95,15.25,0.5766,-0.2635,15170.0
1348.0,15.29,0.5701,-0.3297,15150.0
1348.05,15.16,0.4713,-0.3479,15150.0
1348.1,15.04,0.3726,-0.3661,15180.0
1348.15,15.05,0.5141,-0.2731,15230.0
1348.2,15.07,0.6556,-0.1802,15260.0
1348.25,15.19,0.7275,0.045,15270.0
1348.3,15.31,0.7994,0.2702,15280.0
1348.35,15.38,0.7737,0.2388,15280.0
1348.4,15.45,0.748,0.2073,15270.0
1348.45,15.39,0.9001,-0.0002439,15240.0
1348.5,15.33,1.052,-0.2078,15220.0
1348.55,15.34,1.042,-0.247,15210.0
1348.6,15.35,1.032,-0.2863,15230.0
1348.65,15.32,0.9029,-0.1666,15250.0
1348.7,15.29,0.7735,-0.04682,15270.0
1348.75,15.11,0.7902,-0.1272,15290.0
1348.8,14.93,0.8069,-0.2075,15310.0
1348.85,14.85,1.066,-0.2205,15320.0
1348.9,14.77,1.326,-0.2334,15320.0
1348.95,14.74,1.202,-0.3135,15310.0
1349.0,14.72,1.078,-0.3936,15300.0
1349.05,14.79,0.8143,-0.4958,15300.0
1349.1,14.87,0.5502,-0.598,15320.0
1349.15,14.98,0.6359,-0.5097,15330.0
1349.2,15.09,0.7217,-0.4214,15340.0
1349.25,14.77,0.9335,-0.3993,15360.0
1349.3,14.45,1.145,-0.3773,15370.0
1349.35,14.48,1.067,-0.2544,15380.0
1349.4,14.51,0.988,-0.1314,15380.0
1349.45,14.36,0.8549,-0.3381,15380.0
1349.5,14.22,0.7217,-0.5448,15380.0
1349.55,13.91,0.7749,-0.388,15390.0
1349.6,13.61,0.828,-0.2312,15410.0
1349.65,13.56,0.7406,-0.07304,15430.0
1349.7,13.51,0.6533,0.08511,15450.0
1349.75,13.55,0.5139,0.2005,15470.0
1349.8,13.6,0.3746,0.3158,15490.0
1349.85,13.53,0.2596,0.4265,15490.0
1349.9,13.46,0.1445,0.5373,15490.0
1349.95,13.53,0.03025,0.2201,15480.0
1350.0,13.6,-0.084,-0.09706,15480.0
1350.05,13.75,0.05334,0.00878,15470.0
1350.1,13.89,0.1907,0.1146,15480.0
1350.15,13.98,0.08678,0.09145,15490.0
1350.2,14.07,-0.01712,0.06829,15510.0
1350.25,14.04,0.03224,-0.02305,15530.0
1350.3,14.02,0.08161,-0.1144,15560.0
1350.35,14.05,0.03264,0.05438,15570.0
1350.4,14.09,-0.01632,0.2231,15570.0
1350.45,14.21,-0.1955,0.2728,15560.0
1350.5,14.33,-0.3746,0.3224,15560.0
1350.55,14.33,-0.2964,0.1907,15570.0
1350.6,14.33,-0.2181,0.05902,15560.0
1350.65,14.27,-0.1574,-0.01902,15560.0
1350.7,14.22,-0.09673,-0.09706,15560.0
1350.75,14.08,-0.07106,-0.1273,15570.0
1350.8,13.94,-0.04538,-0.1575,15580.0
1350.85,13.9,-0.1182,-0.3495,15590.0
1350.9,13.86,-0.1911,-0.5414,15600.0
1350.95,13.9,-0.1744,-0.6181,15620.0
1351.0,13.94,-0.1576,-0.6948,15640.0
1351.05,13.83,-0.05215,-0.4529,15640.0
1351.1,13.72,0.05334,-0.211,15650.0
1351.15,13.79,-0.2327,-0.1949,15650.0
1351.2,13.86,-0.5187,-0.1788,15660.0
1351.25,13.69,-0.4759,-0.2036,15660.0
1351.3,13.52,-0.4331,-0.2285,15660.0
1351.35,13.4,-0.4809,-0.01634,15650.0
1351.4,13.28,-0.5287,0.1958,15640.0
1351.45,13.18,-0.4309,0.1894,15650.0
1351.5,13.08,-0.3332,0.1829,15650.0
1351.55,13.36,-0.3139,0.2677,15650.0
1351.6,13.64,-0.2946,0.3524,15660.0
1351.65,13.67,-0.1889,0.2241,15680.0
1351.7,13.71,-0.0832,0.09584,15710.0
1351.75,13.71,-0.04777,0.1304,15720.0
1351.8,13.7,-0.01234,0.1649,15720.0
1351.85,13.69,-0.04339,0.1538,15720.0
1351.9,13.67,-0.07444,0.1427,15710.0
1351.95,13.53,-0.1105,0.2951,15710.0
1352.0,13.38,-0.1465,0.4475,15700.0
1352.05,13.47,-0.08638,0.5065,15700.0
1352.1,13.57,-0.02627,0.5655,15710.0
1352.15,13.51,0.02508,0.3263,15710.0
1352.2,13.45,0.07643,0.08706,15720.0
1352.25,13.49,0.03762,-0.03658,15730.0
1352.3,13.53,-0.001194,-0.1602,15740.0
1352.35,13.73,0.03523,-0.01036,15740.0
1352.4,13.92,0.07166,0.1395,15750.0
1352.45,13.89,0.1688,-0.003902,15760.0
1352.5,13.86,0.2659,-0.1473,15770.0
1352.55,13.71,0.05892,-0.03,15780.0
1352.6,13.57,-0.1481,0.08731,15770.0
1352.65,13.5,0.06568,0.2646,15760.0
1352.7,13.44,0.2795,0.4419,15740.0
1352.75,13.43,0.5941,0.3026,15720.0
1352.8,13.41,0.9088,0.1634,15710.0
1352.85,13.5,0.7122,0.03926,15700.0
1352.9,13.59,0.5155,-0.08487,15710.0
1352.95,13.52,0.3975,-0.06121,15750.0
1353.0,13.46,0.2795,-0.03756,15790.0
1353.05,13.75,0.2317,0.2563,15830.0
1353.1,14.04,0.1839,0.5502,15850.0
1353.15,14.15,0.2355,0.3068,15840.0
1353.2,14.26,0.287,0.06341,15820.0
1353.25,14.33,0.1684,0.0706,15780.0
1353.3,14.39,0.04976,0.0778,15730.0
1353.35,14.4,-0.084,0.08694,15690.0
1353.4,14.4,-0.2178,0.09609,15670.0
1353.45,14.4,-0.1791,0.217,15690.0
1353.5,14.4,-0.1405,0.338,15740.0
1353.55,14.27,0.01174,0.1574,15790.0
1353.6,14.15,0.164,-0.02317,15840.0
1353.65,14.18,0.3642,0.03122,15890.0
1353.7,14.22,0.5645,0.0856,15910.0
1353.75,14.21,0.7144,0.1083,15910.0
1353.8,14.2,0.8642,0.131,15880.0
1353.85,14.11,0.831,0.12,15830.0
1353.9,14.03,0.7978,0.109,15790.0
1353.95,14.14,0.7542,0.09511,15760.0
1354.0,14.26,0.7106,0.08121,15750.0
1354.05,14.35,0.4683,0.0967,15760.0
1354.1,14.44,0.2261,0.1122,15790.0
1354.15,14.58,0.2112,0.08024,15840.0
1354.2,14.71,0.1963,0.04829,15890.0
1354.25,14.75,0.4094,-0.139,15910.0
1354.3,14.79,0.6226,-0.3263,15920.0
1354.35,14.79,0.6688,-0.4523,15910.0
1354.4,14.79,0.715,-0.5782,15910.0
1354.45,14.82,0.4474,-0.4093,15890.0
1354.5,14.85,0.1799,-0.2405,15870.0
1354.55,14.79,0.2775,-0.07889,15850.0
1354.6,14.73,0.375,0.08267,15850.0
1354.65,14.66,0.489,0.008048,15870.0
1354.7,14.59,0.6031,-0.06658,15900.0
1354.75,14.49,0.8881,0.04048,15930.0
1354.8,14.38,1.173,0.1475,15950.0
1354.85,14.41,0.9912,0.3222,15970.0
1354.9,14.44,0.8093,0.4968,15980.0
1354.95,14.48,0.7783,0.4141,15970.0
1355.0,14.51,0.7472,0.3314,15950.0
1355.05,14.54,0.6075,0.1601,15930.0
1355.1,14.56,0.4677,-0.01122,15930.0
1355.15,14.42,0.5388,-0.1946,15930.0
1355.2,14.27,0.6099,-0.378,15940.0
1355.25,14.08,0.5935,-0.2105,15970.0
1355.3,13.89,0.5772,-0.04292,16010.0
1355.35,14.09,0.3646,-0.1594,16050.0
1355.4,14.28,0.1521,-0.2758,16060.0
1355.45,14.34,0.1539,-0.3508,16040.0
1355.5,14.39,0.1557,-0.4258,16020.0
1355.55,14.24,-0.07026,-0.5601,16000.0
1355.6,14.09,-0.2962,-0.6943,15970.0
1355.65,13.97,-0.2866,-0.7541,15950.0
1355.7,13.85,-0.2771,-0.8138,15960.0
1355.75,13.97,-0.2886,-0.7947,16000.0
1355.8,14.09,-0.3002,-0.7755,16060.0
1355.85,14.29,-0.5129,-0.6936,16100.0
1355.9,14.49,-0.7257,-0.6116,16110.0
1355.95,14.28,-0.783,-0.4899,16130.0
1356.0,14.07,-0.8404,-0.3683,16140.0
1356.05,13.94,-0.7454,-0.6237,16120.0
1356.1,13.82,-0.6505,-0.8792,16070.0
1356.15,13.88,-0.6833,-0.8728,16030.0
1356.2,13.95,-0.7162,-0.8665,16020.0
1356.25,14.01,-0.6105,-0.7978,16050.0
1356.3,14.07,-0.5048,-0.7292,16080.0
1356.35,14.02,-0.7249,-0.9375,16120.0
1356.4,13.98,-0.945,-1.146,16150.0
1356.45,14.07,-0.7522,-1.008,16180.0
1356.5,14.16,-0.5593,-0.8694,16210.0
1356.55,14.3,-0.5452,-0.8742,16210.0
1356.6,14.43,-0.531,-0.8789,16190.0
1356.65,14.34,-0.3593,-0.8695,16170.0
1356.7,14.25,-0.1875,-0.8601,16170.0
1356.75,14.26,-0.07285,-0.8634,16170.0
1356.8,14.27,0.0418,-0.8667,16170.0
1356.85,14.27,-0.03404,-0.6986,16170.0
1356.9,14.26,-0.1099,-0.5304,16190.0
1356.95,14.33,-0.2307,-0.7275,16230.0
1357.0,14.4,-0.3515,-0.9245,16260.0
1357.05,14.4,-0.161,-1.082,16270.0
1357.1,14.4,0.02946,-1.24,16260.0
1357.15,14.4,0.1513,-0.78,16270.0
1357.2,14.39,0.2731,-0.3205,16280.0
1357.25,14.45,0.2452,-0.3428,16280.0
1357.3,14.51,0.2174,-0.3651,16260.0
1357.35,14.68,0.2508,-0.3589,16260.0
1357.4,14.85,0.2842,-0.3526,16300.0
1357.45,14.79,0.1716,-0.3875,16330.0
1357.5,14.72,0.05892,-0.4224,16330.0
1357.55,14.71,-0.04598,-0.409,16320.0
1357.6,14.71,-0.1509,-0.3956,16330.0
1357.65,14.69,-0.2215,-0.5064,16340.0
1357.7,14.67,-0.2922,-0.6172,16340.0
1357.75,14.65,-0.2247,-0.6742,16330.0
1357.8,14.64,-0.1572,-0.7311,16330.0
1357.85,14.89,0.004578,-0.8271,16350.0
1357.9,15.14,0.1664,-0.9231,16390.0
1357.95,15.06,0.2466,-0.6892,16410.0
1358.0,14.98,0.3268,-0.4553,16400.0
1358.05,14.7,0.4843,-0.3887,16410.0
1358.1,14.43,0.6417,-0.3222,16420.0
1358.15,14.48,0.5338,-0.2808,16420.0
1358.2,14.53,0.4259,-0.2395,16410.0
1358.25,14.8,0.2723,-0.2925,16390.0
1358.3,15.06,0.1186,-0.3456,16390.0
1358.35,15.07,0.04737,-0.4084,16410.0
1358.4,15.07,-0.02389,-0.4712,16420.0
1358.45,15.11,0.2249,-0.4545,16420.0
1358.5,15.16,0.4737,-0.4378,16430.0
1358.55,15.07,0.3481,-0.119,16450.0
1358.6,14.99,0.2225,0.1997,16480.0
1358.65,14.92,0.1963,0.08743,16490.0
1358.7,14.86,0.17,-0.02488,16480.0
1358.75,14.94,0.1827,0.08975,16490.0
1358.8,15.03,0.1955,0.2044,16500.0
1358.85,15.14,0.2283,0.1124,16500.0
1358.9,15.25,0.2611,0.02049,16480.0
1358.95,15.27,0.04498,0.08316,16470.0
1359.0,15.3,-0.1712,0.1458,16480.0
1359.05,15.38,-0.2317,0.2323,16500.0
1359.1,15.47,-0.2922,0.3187,16510.0
1359.15,15.63,-0.2994,0.3068,16520.0
1359.2,15.78,-0.3065,0.2948,16530.0
1359.25,15.98,-0.1568,0.428,16560.0
1359.3,16.19,-0.007165,0.5612,16590.0
1359.35,16.05,0.2337,0.4768,16600.0
1359.4,15.91,0.4745,0.3924,16610.0
1359.45,15.74,0.3427,0.4137,16620.0
1359.5,15.57,0.211,0.4351,16610.0
1359.55,15.49,0.166,0.2751,16600.0
1359.6,15.42,0.121,0.1151,16580.0
1359.65,15.49,0.07424,-0.01963,16580.0
1359.7,15.57,0.02747,-0.1544,16590.0
1359.75,15.64,0.1479,-0.04938,16620.0
1359.8,15.72,0.2683,0.0556,16650.0
1359.85,15.58,0.03782,0.1351,16690.0
1359.9,15.44,-0.1927,0.2146,16720.0
1359.95,15.39,-0.2088,0.09731,16740.0
1360.0,15.34,-0.2249,-0.02,16740.0
1360.05,15.31,-0.1435,0.08414,16730.0
1360.1,15.27,-0.0621,0.1883,16710.0
1360.15,15.39,-0.2126,0.04963,16700.0
1360.2,15.51,-0.3631,-0.08901,16710.0
1360.25,15.56,-0.241,-0.05463,16730.0
1360.3,15.61,-0.119,-0.02024,16770.0
1360.35,15.83,0.05553,-0.05292,16800.0
1360.4,16.05,0.2301,-0.0856,16820.0
1360.45,16.13,0.2416,-0.1623,16830.0
1360.5,16.22,0.2532,-0.239,16830.0
1360.55,16.25,0.131,-0.1458,16810.0
1360.6,16.28,0.008758,-0.05268,16800.0
1360.65,16.36,0.1049,-0.1254,16800.0
1360.7,16.44,0.201,-0.198,16830.0
1360.75,16.41,0.2166,-0.1702,16860.0
1360.8,16.38,0.2321,-0.1424,16890.0
1360.85,16.3,0.1393,-0.03048,16890.0
1360.9,16.21,0.04658,0.08145,16890.0
1360.95,16.13,-0.01931,0.1801,16890.0
1361.0,16.05,-0.08519,0.2787,16890.0
1361.05,16.08,0.05434,0.229,16880.0
1361.1,16.12,0.1939,0.1792,16880.0
1361.15,16.35,0.2345,0.1656,16890.0
1361.2,16.59,0.2751,0.1519,16900.0
1361.25,16.6,0.2444,0.07377,16910.0
1361.3,16.62,0.2138,-0.00439,16910.0
1361.35,16.63,0.3181,0.08219,16910.0
1361.4,16.64,0.4224,0.1688,16920.0
1361.45,16.71,0.3806,0.1655,16930.0
1361.5,16.77,0.3388,0.1622,16930.0
1361.55,16.84,0.285,0.1566,16930.0
1361.6,16.91,0.2313,0.151,16940.0
1361.65,16.78,0.3501,0.3014,16970.0
1361.7,16.65,0.4689,0.4519,16990.0
1361.75,16.62,0.3756,0.429,16990.0
1361.8,16.58,0.2822,0.4061,16980.0
1361.85,16.35,0.4691,0.639,16980.0
1361.9,16.11,0.656,0.8719,16990.0
1361.95,16.11,0.6121,0.7228,16980.0
1362.0,16.12,0.5681,0.5738,16970.0
1362.05,16.18,0.5283,0.2902,16980.0
1362.1,16.24,0.4884,0.006585,17000.0
1362.15,16.23,0.5884,-0.04926,17030.0
1362.2,16.23,0.6883,-0.1051,17040.0
1362.25,16.07,0.6218,-0.09414,17050.0
1362.3,15.91,0.5553,-0.08316,17070.0
1362.35,15.72,0.4568,-0.06475,17090.0
1362.4,15.54,0.3583,-0.04634,17100.0
1362.45,15.65,0.5115,-0.04182,17090.0
1362.5,15.76,0.6648,-0.03731,17070.0
1362.55,15.71,0.8141,-0.1555,17040.0
1362.6,15.66,0.9634,-0.2736,17030.0
1362.65,15.62,0.9023,-0.156,17010.0
1362.7,15.58,0.8412,-0.03829,17020.0
1362.75,15.83,0.7032,-0.08219,17040.0
1362.8,16.08,0.5653,-0.1261,17070.0
1362.85,16.13,0.664,-0.1806,17100.0
1362.9,16.18,0.7627,-0.2351,17120.0
1362.95,16.19,0.839,-0.1212,17120.0
1363.0,16.19,0.9152,-0.007316,17120.0
1363.05,16.17,0.7777,0.01671,17110.0
1363.1,16.14,0.6401,0.04073,17090.0
1363.15,16.12,0.5593,0.08926,17050.0
1363.2,16.11,0.4785,0.1378,17020.0
1363.25,16.3,0.4484,0.2063,17010.0
1363.3,16.48,0.4184,0.2748,17030.0
1363.35,16.46,0.2962,0.09072,17050.0
1363.4,16.45,0.174,-0.0934,17060.0
1363.45,16.29,0.169,0.02207,17090.0
1363.5,16.13,0.164,0.1375,17120.0
1363.55,16.07,0.1314,0.2285,17130.0
1363.6,16.0,0.09872,0.3195,17120.0
1363.65,16.3,0.06051,0.3754,17090.0
1363.7,16.6,0.02229,0.4314,17070.0
1363.75,16.56,0.1023,0.2202,17060.0
1363.8,16.51,0.1823,0.009023,17060.0
1363.85,16.39,0.1443,-0.08414,17060.0
1363.9,16.26,0.1063,-0.1773,17070.0
1363.95,16.16,0.06469,0.03195,17100.0
1364.0,16.06,0.02309,0.2412,17130.0
1364.05,16.22,-0.2645,-0.1061,17140.0
1364.1,16.38,-0.5521,-0.4534,17130.0
1364.15,16.18,-0.3306,-0.3207,17130.0
1364.2,15.98,-0.1091,-0.188,17140.0
1364.25,16.13,-0.1061,-0.4617,17150.0
1364.3,16.28,-0.1031,-0.7353,17150.0
1364.35,16.21,0.07564,-0.5448,17170.0
1364.4,16.14,0.2544,-0.3544,17210.0
1364.45,16.07,0.1692,-0.3701,17250.0
1364.5,16.01,0.084,-0.3858,17260.0
1364.55,15.95,0.0416,-0.5421,17250.0
1364.6,15.9,-0.0007961,-0.6985,17230.0
1364.65,16.06,-0.1708,-0.9292,17200.0
1364.7,16.22,-0.3408,-1.16,17170.0
1364.75,16.29,-0.5271,-1.113,17140.0
1364.8,16.35,-0.7134,-1.066,17130.0
1364.85,16.43,-0.419,-1.158,17140.0
1364.9,16.51,-0.1246,-1.25,17170.0
1364.95,16.73,0.02767,-1.006,17220.0
1365.0,16.95,0.1799,-0.7621,17270.0
1365.05,17.06,0.2108,-0.786,17310.0
1365.1,17.17,0.2416,-0.8099,17320.0
1365.15,16.98,0.3316,-0.8059,17310.0
1365.2,16.79,0.4216,-0.8019,17270.0
1365.25,16.66,0.4049,-0.832,17210.0
1365.3,16.54,0.3881,-0.8621,17150.0
1365.35,16.58,0.5386,-0.8862,17100.0
1365.4,16.63,0.6891,-0.9104,17080.0
1365.45,16.71,0.6883,-0.905,17090.0
1365.5,16.8,0.6875,-0.8997,17130.0
1365.55,16.7,0.6262,-0.9059,17180.0
1365.6,16.61,0.5649,-0.9121,17240.0
1365.65,16.66,0.4672,-0.8745,17290.0
1365.7,16.71,0.3694,-0.837,17300.0
1365.75,16.76,0.3147,-0.7921,17290.0
1365.8,16.8,0.2599,-0.7472,17250.0
1365.85,16.83,0.1264,-0.8238,17200.0
1365.9,16.86,-0.007166,-0.9004,17160.0
1365.95,16.85,0.07783,-0.8325,17130.0
1366.0,16.85,0.1628,-0.7645,17120.0
1366.05,17.14,0.3328,-0.7492,17130.0
1366.1,17.43,0.5028,-0.7338,17170.0
1366.15,17.45,0.6337,-0.7411,17210.0
1366.2,17.46,0.7647,-0.7485,17240.0
1366.25,17.35,0.8071,-0.8254,17270.0
1366.3,17.24,0.8495,-0.9023,17270.0
1366.35,17.3,0.7679,-1.013,17270.0
1366.4,17.36,0.6863,-1.123,17260.0
1366.45,17.5,0.6988,-1.226,17240.0
1366.5,17.65,0.7114,-1.328,17210.0
1366.55,17.56,0.8083,-1.409,17210.0
1366.6,17.48,0.9052,-1.49,17230.0
1366.65,17.33,0.7406,-1.471,17250.0
1366.7,17.19,0.576,-1.453,17270.0
1366.75,17.28,0.6296,-1.072,17280.0
1366.8,17.37,0.6831,-0.6921,17290.0
1366.85,17.41,0.6077,-0.5529,17290.0
1366.9,17.45,0.5322,-0.4136,17270.0
1366.95,17.48,0.536,-0.4562,17230.0
1367.0,17.52,0.5398,-0.4987,17200.0
1367.05,17.63,0.5227,-0.5568,17190.0
1367.1,17.74,0.5056,-0.6148,17190.0
1367.15,17.76,0.5492,-0.4952,17200.0
1367.2,17.79,0.5927,-0.3756,17220.0
1367.25,17.82,0.417,-0.5079,17250.0
1367.3,17.85,0.2412,-0.6402,17280.0
1367.35,18.16,0.1963,-0.4937,17290.0
1367.4,18.47,0.1513,-0.3473,17280.0
1367.45,18.5,0.122,-0.2223,17240.0
1367.5,18.52,0.09275,-0.09731,17200.0
1367.55,18.52,0.03543,-0.12,17150.0
1367.6,18.53,-0.02189,-0.1427,17100.0
1367.65,18.55,-0.01851,-0.1953,17080.0
1367.7,18.57,-0.01513,-0.248,17100.0
1367.75,18.58,0.06947,-0.3256,17160.0
1367.8,18.6,0.1541,-0.4031,17210.0
1367.85,18.72,0.04677,-0.3524,17250.0
1367.9,18.84,-0.06051,-0.3017,17260.0
1367.95,18.73,-0.0633,-0.2007,17270.0
1368.0,18.61,-0.06608,-0.09975,17250.0
1368.05,18.61,0.04976,-0.02256,17210.0
1368.1,18.61,0.1656,0.05463,17160.0
1368.15,18.55,0.09614,0.005609,17120.0
1368.2,18.49,0.02667,-0.04341,17110.0
1368.25,18.21,-0.1139,-0.2608,17120.0
1368.3,17.93,-0.2544,-0.4782,17140.0
1368.35,18.12,-0.1525,-0.5195,17160.0
1368.4,18.31,-0.05056,-0.5607,17210.0
1368.45,18.23,-0.07683,-0.4763,17270.0
1368.5,18.15,-0.1031,-0.3919,17300.0
1368.55,18.11,-0.03503,-0.3598,17290.0
1368.6,18.08,0.03304,-0.3278,17250.0
1368.65,18.02,0.03941,-0.5529,17200.0
1368.7,17.95,0.04578,-0.778,17160.0
1368.75,18.01,0.07106,-0.6447,17130.0
1368.8,18.08,0.09634,-0.5114,17110.0
1368.85,17.91,0.338,-0.621,17110.0
1368.9,17.75,0.5796,-0.7307,17160.0
1368.95,17.63,0.4785,-0.6108,17220.0
1369.0,17.5,0.3774,-0.4909,17260.0
1369.05,17.53,0.3137,-0.4303,17260.0
1369.1,17.56,0.25,-0.3697,17250.0
1369.15,17.71,0.16,-0.5114,17250.0
1369.2,17.86,0.07006,-0.6531,17230.0
1369.25,17.9,0.1913,-0.4991,17170.0
1369.3,17.94,0.3125,-0.3451,17110.0
1369.35,17.71,0.205,-0.382,17090.0
1369.4,17.47,0.09753,-0.419,17100.0
1369.45,17.38,0.1523,-0.4593,17120.0
1369.5,17.3,0.207,-0.4997,17140.0
1369.55,17.31,0.4528,-0.4921,17160.0
1369.6,17.31,0.6986,-0.4846,17200.0
1369.65,17.26,0.4658,-0.5734,17240.0
1369.7,17.22,0.2329,-0.6621,17240.0
1369.75,17.11,0.3177,-0.648,17200.0
1369.8,17.0,0.4025,-0.6338,17140.0
1369.85,17.06,0.4534,-0.6853,17100.0
1369.9,17.12,0.5044,-0.7367,17080.0
1369.95,17.07,0.3834,-0.5791,17080.0
1370.0,17.02,0.2623,-0.4214,17090.0
1370.05,16.99,0.384,-0.4518,17130.0
1370.1,16.95,0.5056,-0.4821,17190.0
1370.15,16.96,0.3774,-0.4931,17240.0
1370.2,16.97,0.2492,-0.5041,17240.0
1370.25,16.91,0.4829,-0.4318,17210.0
1370.3,16.85,0.7166,-0.3595,17170.0
1370.35,16.86,0.4801,-0.4435,17150.0
1370.4,16.87,0.2436,-0.5275,17130.0
1370.45,16.87,0.1803,-0.6004,17110.0
1370.5,16.86,0.117,-0.6733,17110.0
1370.55,16.83,0.07922,-0.5933,17140.0
1370.6,16.8,0.0414,-0.5134,17200.0
1370.65,16.81,-0.03264,-0.4973,17250.0
1370.7,16.82,-0.1067,-0.4812,17270.0
1370.75,16.92,-0.1344,-0.6169,17270.0
1370.8,17.01,-0.162,-0.7526,17260.0
1370.85,16.97,-0.08539,-0.6496,17230.0
1370.9,16.93,-0.008758,-0.5465,17190.0
1370.95,16.81,0.1053,-0.6026,17130.0
1371.0,16.7,0.2193,-0.6587,17090.0
1371.05,16.68,0.02886,-0.5791,17100.0
1371.1,16.67,-0.1616,-0.4995,17140.0
1371.15,16.66,-0.1497,-0.3454,17180.0
1371.2,16.64,-0.1377,-0.1914,17220.0
1371.25,16.77,-0.2024,-0.2516,17260.0
1371.3,16.89,-0.2671,-0.3117,17280.0
1371.35,16.92,-0.3609,-0.1495,17280.0
1371.4,16.96,-0.4546,0.01268,17240.0
1371.45,17.13,-0.4335,0.001341,17170.0
1371.5,17.29,-0.4124,-0.009999,17120.0
1371.55,17.22,-0.4126,0.01805,17090.0
1371.6,17.15,-0.4128,0.04609,17080.0
1371.65,17.04,-0.4652,0.1228,17080.0
1371.7,16.94,-0.5175,0.1995,17090.0
1371.75,17.04,-0.5291,0.4024,17120.0
1371.8,17.14,-0.5406,0.6053,17160.0
1371.85,17.24,-0.7373,0.4823,17190.0
1371.9,17.35,-0.9339,0.3592,17200.0
1371.95,17.33,-1.004,0.4256,17180.0
1372.0,17.32,-1.074,0.4919,17160.0
1372.05,17.3,-1.317,0.5865,17140.0
1372.1,17.27,-1.56,0.6811,17120.0
1372.15,17.26,-1.489,0.5296,17090.0
1372.2,17.25,-1.418,0.378,17070.0
1372.25,17.17,-1.366,0.4303,17060.0
1372.3,17.1,-1.313,0.4826,17060.0
1372.35,17.11,-1.391,0.4276,17080.0
1372.4,17.12,-1.468,0.3726,17090.0
1372.45,17.15,-1.462,0.1805,17120.0
1372.5,17.17,-1.456,-0.01171,17150.0
1372.55,17.13,-1.399,0.04451,17180.0
1372.6,17.09,-1.341,0.1007,17180.0
1372.65,16.95,-1.464,-0.01561,17160.0
1372.7,16.81,-1.587,-0.1319,17130.0
1372.75,16.66,-1.62,-0.1356,17100.0
1372.8,16.52,-1.653,-0.1393,17080.0
1372.85,16.35,-1.431,-0.1812,17060.0
1372.9,16.18,-1.21,-0.2231,17050.0
1372.95,15.97,-1.279,-0.3614,17060.0
1373.0,15.76,-1.348,-0.4997,17090.0
1373.05,15.63,-1.364,-0.4867,17120.0
1373.1,15.5,-1.38,-0.4736,17120.0
1373.15,15.75,-1.32,-0.4062,17110.0
1373.2,16.0,-1.259,-0.3387,17090.0
1373.25,16.04,-1.586,-0.3235,17080.0
1373.3,16.08,-1.913,-0.3083,17040.0
1373.35,16.08,-1.762,-0.4287,17010.0
1373.4,16.08,-1.611,-0.5492,17000.0
1373.45,16.15,-1.605,-0.7082,17010.0
1373.5,16.22,-1.6,-0.8672,17030.0
1373.55,15.98,-1.68,-0.8137,17050.0
1373.6,15.75,-1.76,-0.7602,17040.0
1373.65,15.83,-1.642,-0.6732,17030.0
1373.7,15.91,-1.524,-0.5863,17020.0
1373.75,15.87,-1.432,-0.4679,17000.0
1373.8,15.84,-1.34,-0.3495,16950.0
1373.85,15.65,-1.308,-0.3798,16910.0
1373.9,15.47,-1.277,-0.4102,16910.0
1373.95,15.64,-1.537,-0.4386,16930.0
1374.0,15.8,-1.798,-0.467,16930.0
1374.05,15.69,-1.743,-0.4953,16920.0
1374.1,15.58,-1.688,-0.5236,16920.0
1374.15,15.58,-1.541,-0.3895,16930.0
1374.2,15.58,-1.393,-0.2553,16940.0
1374.25,15.51,-1.446,-0.01049,16930.0
1374.3,15.43,-1.498,0.2344,16900.0
1374.35,15.52,-1.615,0.2951,16880.0
1374.4,15.61,-1.732,0.3558,16880.0
1374.45,15.62,-1.617,0.4419,16880.0
1374.5,15.63,-1.503,0.528,16850.0
1374.55,15.57,-1.523,0.1134,16830.0
1374.6,15.51,-1.543,-0.3012,16830.0
1374.65,15.63,-1.673,-0.1264,16860.0
1374.7,15.75,-1.803,0.04829,16880.0
1374.75,15.48,-1.66,0.2724,16880.0
1374.8,15.22,-1.517,0.4965,16880.0
1374.85,15.08,-1.65,0.5065,16890.0
1374.9,14.94,-1.782,0.5165,16900.0
1374.95,15.03,-1.89,0.577,16880.0
1375.0,15.12,-1.999,0.6375,16840.0
1375.05,14.92,-1.809,0.5642,16810.0
1375.1,14.72,-1.619,0.4909,16790.0
1375.15,14.62,-1.759,0.2172,16780.0
1375.2,14.52,-1.899,-0.05658,16780.0
1375.25,14.47,-2.005,0.399,16790.0
1375.3,14.43,-2.11,0.8545,16820.0
1375.35,14.48,-1.964,0.961,16860.0
1375.4,14.54,-1.818,1.067,16880.0
1375.45,14.67,-1.854,1.102,16860.0
1375.5,14.8,-1.89,1.136,16810.0
1375.55,14.8,-1.62,1.039,16770.0
1375.6,14.79,-1.349,0.9414,16720.0
1375.65,14.85,-1.056,0.8105,16690.0
1375.7,14.9,-0.7623,0.6797,16680.0
1375.75,14.67,-0.9429,0.6889,16700.0
1375.8,14.44,-1.123,0.6982,16730.0
1375.85,14.4,-0.9992,0.6197,16750.0
1375.9,14.36,-0.875,0.5412,16740.0
1375.95,14.36,-1.045,0.4124,16720.0
1376.0,14.37,-1.215,0.2836,16700.0
1376.05,14.34,-1.404,0.1913,16690.0
1376.1,14.32,-1.594,0.09901,16680.0
1376.15,14.3,-1.298,-0.04731,16660.0
1376.2,14.28,-1.002,-0.1936,16640.0
1376.25,14.34,-0.9251,-0.4022,16620.0
1376.3,14.4,-0.8487,-0.6107,16600.0
1376.35,14.31,-0.8796,-0.4432,16580.0
1376.4,14.22,-0.9104,-0.2758,16560.0
1376.45,14.27,-0.9482,-0.1393,16550.0
1376.5,14.33,-0.9861,-0.002683,16560.0
1376.55,14.36,-1.016,0.1847,16580.0
1376.6,14.39,-1.046,0.3722,16580.0
1376.65,14.13,-1.145,0.2752,16560.0
1376.7,13.88,-1.244,0.1783,16550.0
1376.75,13.79,-1.252,0.3169,16540.0
1376.8,13.7,-1.261,0.4556,16530.0
1376.85,13.76,-1.147,0.1894,16510.0
1376.9,13.82,-1.033,-0.07682,16480.0
1376.95,13.96,-1.057,0.05207,16480.0
1377.0,14.1,-1.082,0.181,16490.0
1377.05,14.11,-1.279,0.2014,16500.0
1377.1,14.13,-1.476,0.2219,16480.0
1377.15,14.07,-1.245,0.2453,16450.0
1377.2,14.01,-1.014,0.2688,16420.0
1377.25,13.89,-0.7759,0.1252,16400.0
1377.3,13.77,-0.5382,-0.01829,16380.0
1377.35,13.76,-0.3008,0.09853,16370.0
1377.4,13.75,-0.0633,0.2153,16390.0
1377.45,13.79,-0.1982,0.2787,16420.0
1377.5,13.83,-0.3332,0.3422,16450.0
1377.55,13.72,-0.4365,0.2733,16450.0
1377.6,13.6,-0.5398,0.2044,16410.0
1377.65,13.38,-0.6746,0.3923,16370.0
1377.7,13.16,-0.8093,0.5802,16330.0
1377.75,13.21,-0.8535,0.5471,16280.0
1377.8,13.26,-0.8977,0.5141,16220.0
1377.85,13.31,-0.744,0.4778,16200.0
1377.9,13.37,-0.5904,0.4414,16210.0
1377.95,13.13,-0.7124,0.3813,16230.0
1378.0,12.89,-0.8344,0.3212,16250.0
1378.05,12.89,-0.8443,0.3044,16270.0
1378.1,12.89,-0.8543,0.2875,16290.0
1378.15,13.05,-0.628,0.254,16290.0
1378.2,13.21,-0.4017,0.2205,16260.0
1378.25,13.16,-0.5452,0.3463,16210.0
1378.3,13.12,-0.6887,0.4721,16150.0
1378.35,13.26,-0.6787,0.5779,16110.0
1378.4,13.4,-0.6688,0.6836,16080.0
1378.45,13.26,-0.7251,0.6786,16080.0
1378.5,13.13,-0.7814,0.6736,16080.0
1378.55,13.02,-0.6264,0.6457,16090.0
1378.6,12.91,-0.4713,0.6177,16120.0
1378.65,13.0,-0.2341,0.4347,16130.0
1378.7,13.09,0.003185,0.2517,16130.0
1378.75,13.17,0.1622,0.1268,16100.0
1378.8,13.24,0.3213,0.001951,16060.0
1378.85,13.23,0.4896,-0.06316,16030.0
1378.9,13.21,0.658,-0.1283,16010.0
1378.95,13.12,0.744,-0.121,16000.0
1379.0,13.02,0.83,-0.1136,16000.0
1379.05,13.0,0.8264,-0.03036,16010.0
1379.1,12.99,0.8228,0.05292,16020.0
1379.15,12.83,0.7753,-0.1369,16020.0
1379.2,12.67,0.7277,-0.3268,16010.0
1379.25,12.63,0.449,-0.2492,15970.0
1379.3,12.59,0.1704,-0.1717,15930.0
1379.35,12.73,0.0412,0.0004878,15890.0
1379.4,12.86,-0.08798,0.1727,15870.0
1379.45,12.75,0.124,0.03853,15870.0
1379.5,12.64,0.336,-0.0956,15870.0
1379.55,12.5,0.3055,-0.03244,15880.0
1379.6,12.37,0.2751,0.03073,15890.0
1379.65,12.17,0.2068,-0.04402,15900.0
1379.7,11.97,0.1385,-0.1188,15900.0
1379.75,12.08,0.1057,0.06304,15880.0
1379.8,12.19,0.07285,0.2449,15840.0
1379.85,12.2,-0.005374,0.2653,15800.0
1379.9,12.21,-0.0836,0.2858,15760.0
1379.95,12.31,-0.1465,0.3445,15720.0
1380.0,12.42,-0.2094,0.4031,15700.0
1380.05,12.26,-0.2402,0.267,15700.0
1380.1,12.1,-0.2711,0.131,15730.0
1380.15,11.86,-0.2795,0.1979,15760.0
1380.2,11.63,-0.2878,0.2648,15780.0
1380.25,11.73,-0.2267,0.3698,15770.0
1380.3,11.83,-0.1656,0.4748,15750.0
1380.35,11.88,0.08081,0.5079,15730.0
1380.4,11.92,0.3272,0.5409,15700.0
1380.45,11.68,0.1431,0.459,15650.0
1380.5,11.44,-0.041,0.377,15620.0
1380.55,11.35,-0.2187,0.1928,15610.0
1380.6,11.25,-0.3965,0.008536,15630.0
1380.65,11.32,-0.3812,0.03195,15640.0
1380.7,11.39,-0.3658,0.05536,15640.0
1380.75,11.58,-0.3889,0.04634,15640.0
1380.8,11.77,-0.412,0.03731,15640.0
1380.85,11.62,-0.3732,0.1994,15630.0
1380.9,11.46,-0.3344,0.3614,15610.0
1380.95,11.41,-0.4596,0.1653,15580.0
1381.0,11.37,-0.5848,-0.03073,15550.0
1381.05,11.42,-0.674,-0.05146,15530.0
1381.1,11.48,-0.7631,-0.07219,15520.0
1381.15,11.34,-0.8009,-0.04414,15500.0
1381.2,11.19,-0.8388,-0.0161,15490.0
1381.25,11.43,-0.6706,0.2423,15470.0
1381.3,11.67,-0.5024,0.5007,15470.0
1381.35,11.71,-0.4502,0.5457,15450.0
1381.4,11.74,-0.3981,0.5907,15420.0
1381.45,11.68,-0.657,0.4385,15390.0
1381.5,11.63,-0.916,0.2863,15370.0
1381.55,11.8,-0.8105,0.1363,15370.0
1381.6,11.97,-0.705,-0.01366,15360.0
1381.65,12.01,-0.4902,-0.03609,15360.0
1381.7,12.06,-0.2755,-0.05853,15350.0
1381.75,11.87,-0.1668,-0.004999,15340.0
1381.8,11.68,-0.05812,0.04853,15310.0
1381.85,11.52,0.09932,0.08304,15250.0
1381.9,11.35,0.2568,0.1175,15200.0
1381.95,11.32,0.3338,-0.03036,15160.0
1382.0,11.29,0.4108,-0.1783,15150.0
1382.05,11.44,0.3917,-0.13,15160.0
1382.1,11.59,0.3726,-0.0817,15160.0
1382.15,11.39,0.3451,-0.1975,15170.0
1382.2,11.19,0.3177,-0.3134,15190.0
1382.25,11.06,0.202,-0.214,15200.0
1382.3,10.93,0.08638,-0.1146,15170.0
1382.35,10.83,0.2207,-0.04268,15120.0
1382.4,10.72,0.3551,0.02927,15070.0
1382.45,10.63,0.4592,-0.15,15030.0
1382.5,10.54,0.5633,-0.3292,15000.0
1382.55,10.59,0.5127,-0.3176,14970.0
1382.6,10.65,0.4622,-0.3061,14950.0
1382.65,10.82,0.5569,-0.08341,14950.0
1382.7,11.0,0.6517,0.1393,14960.0
1382.75,11.04,0.663,0.2031,14970.0
1382.8,11.08,0.6744,0.267,14970.0
1382.85,11.03,0.794,-0.06658,14970.0
1382.9,10.97,0.9136,-0.4002,14970.0
1382.95,10.86,0.8268,-0.4557,14950.0
1383.0,10.75,0.74,-0.5112,14920.0
1383.05,10.65,0.6089,-0.4458,14880.0
1383.1,10.54,0.4777,-0.3804,14850.0
1383.15,10.56,0.6437,-0.3076,14830.0
1383.2,10.59,0.8097,-0.2349,14830.0
1383.25,10.57,0.6885,-0.1791,14810.0
1383.3,10.56,0.5673,-0.1234,14790.0
1383.35,10.46,0.5052,0.03768,14780.0
1383.4,10.36,0.4431,0.1988,14780.0
1383.45,10.5,0.3672,0.299,14770.0
1383.5,10.65,0.2914,0.3992,14760.0
1383.55,10.81,0.2215,0.2691,14740.0
1383.6,10.97,0.1517,0.139,14730.0
1383.65,11.08,0.07524,0.2117,14720.0
1383.7,11.2,-0.001194,0.2844,14700.0
1383.75,11.01,0.129,0.1491,14660.0
1383.8,10.82,0.2592,0.0139,14620.0
1383.85,10.76,0.2928,-0.07109,14590.0
1383.9,10.71,0.3264,-0.1561,14580.0
1383.95,10.66,0.2285,-0.1314,14550.0
1384.0,10.61,0.1306,-0.1068,14530.0
1384.05,10.62,-0.1246,-0.2374,14510.0
1384.1,10.62,-0.3798,-0.368,14510.0
1384.15,10.78,-0.253,-0.3975,14510.0
1384.2,10.93,-0.1262,-0.427,14480.0
1384.25,10.93,-0.09833,-0.5188,14440.0
1384.3,10.92,-0.07046,-0.6107,14410.0
1384.35,10.79,-0.2416,-0.524,14390.0
1384.4,10.66,-0.4128,-0.4373,14370.0
1384.45,10.6,-0.2237,-0.3391,14350.0
1384.5,10.54,-0.03463,-0.2409,14330.0
1384.55,10.32,0.000199,-0.1844,14320.0
1384.6,10.09,0.03503,-0.1278,14320.0
1384.65,10.02,0.1845,-0.0378,14300.0
1384.7,9.955,0.334,0.05219,14270.0
1384.75,9.968,0.3119,0.001585,14240.0
1384.8,9.981,0.2898,-0.04902,14220.0
1384.85,10.06,0.1899,0.14,14220.0
1384.9,10.13,0.08997,0.329,14210.0
1384.95,10.26,0.1383,0.2708,14200.0
1385.0,10.39,0.1867,0.2127,14190.0
1385.05,10.47,0.3133,0.008536,14190.0
1385.1,10.55,0.4399,-0.1956,14180.0
1385.15,10.59,0.7223,0.08865,14150.0
1385.2,10.63,1.005,0.3729,14110.0
1385.25,10.56,0.9472,0.4385,14080.0
1385.3,10.5,0.8897,0.5041,14050.0
1385.35,10.6,0.9663,0.325,14040.0
1385.4,10.71,1.043,0.1458,14020.0
1385.45,10.7,0.9976,0.3179,14010.0
1385.5,10.68,0.9522,0.4899,14030.0
1385.55,10.75,0.8475,0.5303,14060.0
1385.6,10.82,0.7428,0.5707,14070.0
1385.65,10.78,0.6728,0.268,14060.0
1385.7,10.74,0.6027,-0.03463,14030.0
1385.75,10.85,0.6089,-0.1085,13990.0
1385.8,10.95,0.615,-0.1824,13950.0
1385.85,11.02,0.696,-0.1361,13900.0
1385.9,11.09,0.7771,-0.08975,13850.0
1385.95,11.07,0.8766,0.1422,13830.0
1386.0,11.05,0.9761,0.3741,13830.0
1386.05,11.04,0.7088,0.4793,13850.0
1386.1,11.02,0.4415,0.5846,13870.0
1386.15,11.09,0.3798,0.4731,13880.0
1386.2,11.17,0.3181,0.3617,13880.0
1386.25,11.18,0.3537,0.2974,13870.0
1386.3,11.2,0.3893,0.2331,13840.0
1386.35,11.42,0.451,0.2572,13790.0
1386.4,11.64,0.5127,0.2812,13740.0
1386.45,11.52,0.8077,0.3534,13700.0
1386.5,11.41,1.103,0.4256,13680.0
1386.55,11.43,1.377,0.3531,13670.0
1386.6,11.46,1.652,0.2807,13650.0
1386.65,11.59,1.517,0.188,13650.0
1386.7,11.71,1.383,0.09536,13640.0
1386.75,11.78,1.13,0.1122,13640.0
1386.8,11.84,0.877,0.129,13630.0
1386.85,11.71,0.8822,0.1791,13610.0
1386.9,11.57,0.8873,0.2292,13600.0
1386.95,11.29,0.758,0.3137,13600.0
1387.0,11.01,0.6286,0.3982,13580.0
1387.05,11.05,0.6373,0.5534,13550.0
1387.1,11.09,0.6461,0.7085,13500.0
1387.15,11.17,0.6935,0.7177,13460.0
1387.2,11.25,0.7408,0.727,13420.0
1387.25,11.1,0.7558,0.5723,13390.0
1387.3,10.96,0.7707,0.4175,13350.0
1387.35,10.84,0.7054,0.4749,13340.0
1387.4,10.72,0.6401,0.5324,13350.0
1387.45,10.44,0.3951,0.5216,13370.0
1387.5,10.15,0.1501,0.5109,13390.0
1387.55,9.999,-0.03145,0.3147,13390.0
1387.6,9.845,-0.213,0.1185,13380.0
1387.65,9.751,-0.06827,0.1274,13360.0
1387.7,9.658,0.07643,0.1363,13310.0
1387.75,9.765,0.2255,0.1847,13250.0
1387.8,9.873,0.3746,0.2331,13200.0
1387.85,9.861,0.4206,0.1514,13160.0
1387.9,9.85,0.4666,0.06975,13150.0
1387.95,9.887,0.5338,0.04,13150.0
1388.0,9.924,0.6011,0.01024,13150.0
1388.05,9.981,0.6875,0.06012,13160.0
1388.1,10.04,0.7739,0.11,13180.0
1388.15,10.09,0.7265,-0.01232,13190.0
1388.2,10.14,0.6791,-0.1346,13180.0
1388.25,10.07,0.7241,-0.1316,13150.0
1388.3,9.999,0.7691,-0.1285,13130.0
1388.35,9.967,0.6929,-0.2927,13110.0
1388.4,9.935,0.6166,-0.4568,13080.0
1388.45,9.92,0.7534,-0.434,13050.0
1388.5,9.906,0.8901,-0.4112,13030.0
1388.55,9.957,0.9269,-0.3529,13020.0
1388.6,10.01,0.9638,-0.2946,13010.0
1388.65,10.03,0.8427,-0.2903,13000.0
1388.7,10.05,0.7217,-0.2861,12980.0
1388.75,9.896,0.6288,-0.3785,12970.0
1388.8,9.745,0.5358,-0.4709,12980.0
1388.85,9.692,0.4152,-0.428,12990.0
1388.9,9.638,0.2946,-0.3851,13000.0
1388.95,9.553,0.2924,-0.3089,12990.0
1389.0,9.468,0.2902,-0.2327,12990.0
1389.05,9.54,0.2781,-0.1853,12980.0
1389.1,9.611,0.2659,-0.138,12970.0
1389.15,9.93,0.2297,-0.1366,12950.0
1389.2,10.25,0.1935,-0.1351,12910.0
1389.25,10.48,0.4689,-0.1929,12880.0
1389.3,10.7,0.7444,-0.2507,12860.0
1389.35,10.63,0.7707,-0.131,12840.0
1389.4,10.57,0.797,-0.01122,12810.0
1389.45,10.61,0.6558,-0.12,12800.0
1389.5,10.65,0.5147,-0.2288,12820.0
1389.55,10.93,0.5551,-0.4684,12850.0
1389.6,11.2,0.5955,-0.708,12880.0
1389.65,11.1,0.7914,-0.725,12900.0
1389.7,10.99,0.9872,-0.7421,12910.0
1389.75,10.99,1.063,-0.5446,12890.0
1389.8,10.98,1.139,-0.347,12850.0
1389.85,11.02,1.225,-0.4623,12800.0
1389.9,11.05,1.311,-0.5775,12730.0
1389.95,11.12,1.058,-0.6247,12680.0
1390.0,11.18,0.8053,-0.6719,12660.0
1390.05,11.03,0.7842,-0.9345,12660.0
1390.1,10.88,0.7631,-1.197,12670.0
1390.15,10.87,0.8642,-1.132,12710.0
1390.2,10.86,0.9654,-1.067,12750.0
1390.25,10.95,1.127,-0.8443,12780.0
1390.3,11.04,1.288,-0.6214,12790.0
1390.35,11.06,1.376,-0.6999,12770.0
1390.4,11.09,1.463,-0.7785,12730.0
1390.45,11.0,1.453,-0.6391,12690.0
1390.5,10.92,1.443,-0.4997,12640.0
1390.55,11.01,1.535,-0.5164,12600.0
1390.6,11.1,1.627,-0.5331,12570.0
1390.65,11.16,1.542,-0.5819,12580.0
1390.7,11.22,1.457,-0.6307,12600.0
1390.75,11.24,1.252,-0.5337,12640.0
1390.8,11.26,1.047,-0.4368,12670.0
1390.85,11.16,0.8543,-0.1052,12680.0
1390.9,11.07,0.6616,0.2263,12670.0
1390.95,10.86,0.8135,0.2272,12640.0
1391.0,10.65,0.9654,0.228,12600.0
1391.05,10.63,1.051,0.1246,12560.0
1391.1,10.61,1.136,0.02122,12540.0
1391.15,10.72,1.049,0.1646,12540.0
1391.2,10.83,0.9626,0.308,12560.0
1391.25,10.89,0.9632,0.3642,12580.0
1391.3,10.95,0.9638,0.4204,12600.0
1391.35,10.99,0.9421,0.3919,12610.0
1391.4,11.03,0.9204,0.3634,12600.0
1391.45,11.01,0.8163,0.2775,12560.0
1391.5,11.0,0.7122,0.1917,12520.0
1391.55,11.05,0.6507,0.362,12480.0
1391.6,11.1,0.5892,0.5324,12460.0
1391.65,11.0,0.6083,0.7139,12460.0
1391.7,10.89,0.6274,0.8955,12470.0
1391.75,10.94,0.4618,0.6082,12500.0
1391.8,10.99,0.2962,0.3209,12540.0
1391.85,10.95,0.2838,0.2011,12560.0
1391.9,10.92,0.2715,0.08121,12570.0
1391.95,10.89,0.2663,-0.008901,12540.0
1392.0,10.87,0.2611,-0.09901,12510.0
1392.05,10.59,0.3668,-0.06572,12470.0
1392.1,10.31,0.4725,-0.03244,12430.0
1392.15,10.49,0.5677,-0.1213,12410.0
1392.2,10.67,0.6628,-0.2102,12400.0
1392.25,10.8,0.673,0.1154,12420.0
1392.3,10.94,0.6831,0.4409,12440.0
1392.35,11.1,0.8475,0.5348,12460.0
1392.4,11.26,1.012,0.6287,12470.0
1392.45,11.03,1.096,0.6561,12470.0
1392.5,10.8,1.181,0.6836,12470.0
1392.55,10.67,1.319,0.6531,12460.0
1392.6,10.53,1.457,0.6226,12440.0
1392.65,10.72,1.482,0.6738,12430.0
1392.7,10.92,1.508,0.725,12420.0
1392.75,10.98,1.62,0.6397,12420.0
1392.8,11.03,1.732,0.5543,12420.0
1392.85,11.04,1.529,0.3498,12410.0
1392.9,11.04,1.325,0.1453,12410.0
1392.95,11.27,1.334,-0.05499,12410.0
1393.0,11.49,1.344,-0.2553,12420.0
1393.05,11.56,1.313,-0.2102,12430.0
1393.1,11.62,1.283,-0.1651,12430.0
1393.15,11.48,1.267,-0.169,12430.0
1393.2,11.34,1.252,-0.1729,12430.0
1393.25,11.26,1.559,-0.009145,12430.0
1393.3,11.17,1.865,0.1546,12420.0
1393.35,11.18,1.756,0.1823,12420.0
1393.4,11.2,1.646,0.21,12420.0
1393.45,11.16,1.649,0.05158,12420.0
1393.5,11.12,1.653,-0.1068,12410.0
1393.55,11.17,1.667,-0.1271,12410.0
1393.6,11.22,1.68,-0.1473,12400.0
1393.65,11.32,1.344,-0.1088,12400.0
1393.7,11.42,1.007,-0.07024,12400.0
1393.75,11.27,0.8818,-0.0289,12410.0
1393.8,11.12,0.7568,0.01244,12430.0
1393.85,10.93,0.8425,-0.1358,12450.0
1393.9,10.75,0.9283,-0.2841,12480.0
1393.95,10.73,1.048,-0.2359,12490.0
1394.0,10.71,1.167,-0.1878,12500.0
1394.05,10.83,1.345,-0.003292,12490.0
1394.1,10.95,1.523,0.1812,12470.0
1394.15,11.02,1.403,0.06963,12450.0
1394.2,11.09,1.283,-0.04195,12430.0
1394.25,11.08,1.089,-0.1411,12430.0
1394.3,11.07,0.8949,-0.2402,12450.0
1394.35,11.15,0.7892,-0.419,12480.0
1394.4,11.23,0.6835,-0.5977,12510.0
1394.45,11.26,0.62,-0.4969,12550.0
1394.5,11.28,0.5565,-0.3961,12570.0
1394.55,11.32,0.5042,-0.2529,12580.0
1394.6,11.35,0.4518,-0.1097,12580.0
1394.65,11.32,0.3248,0.0,12560.0
1394.7,11.3,0.1978,0.1097,12550.0
1394.75,11.35,0.2046,0.2083,12540.0
1394.8,11.4,0.2114,0.3068,12530.0
1394.85,11.62,0.254,0.1369,12530.0
1394.9,11.85,0.2966,-0.03292,12540.0
1394.95,11.86,0.2458,-0.02695,12550.0
1395.0,11.88,0.1951,-0.02097,12570.0
1395.05,11.9,0.2295,-0.2191,12580.0
1395.1,11.92,0.2639,-0.4173,12590.0
1395.15,12.03,0.131,-0.3424,12590.0
1395.2,12.14,-0.00199,-0.2675,12590.0
1395.25,12.18,0.01294,-0.2474,12580.0
1395.3,12.22,0.02787,-0.2273,12580.0
1395.35,12.48,0.1431,-0.3359,12570.0
1395.4,12.75,0.2584,-0.4446,12570.0
1395.45,12.88,0.08041,-0.428,12580.0
1395.5,13.01,-0.09753,-0.4114,12600.0
1395.55,13.12,0.05573,-0.1866,12620.0
1395.6,13.24,0.209,0.03829,12630.0
1395.65,13.21,0.3155,0.09682,12630.0
1395.7,13.18,0.422,0.1553,12620.0
1395.75,13.34,0.4188,0.1288,12610.0
1395.8,13.5,0.4156,0.1022,12600.0
1395.85,13.38,0.3752,0.2569,12600.0
1395.9,13.27,0.3348,0.4117,12610.0
1395.95,13.15,0.4126,0.2284,12630.0
1396.0,13.03,0.4904,0.04512,12660.0
1396.05,13.05,0.3991,0.04475,12690.0
1396.1,13.07,0.3077,0.04439,12710.0
1396.15,13.02,0.2416,-0.01146,12730.0
1396.2,12.98,0.1756,-0.06731,12740.0
1396.25,13.08,0.3238,0.2705,12740.0
1396.3,13.19,0.4721,0.6082,12730.0
1396.35,13.38,0.208,0.453,12710.0
1396.4,13.58,-0.05613,0.2978,12700.0
1396.45,13.69,0.07166,0.217,12710.0
1396.5,13.79,0.1994,0.1363,12720.0
1396.55,13.92,0.1238,0.1223,12750.0
1396.6,14.05,0.04817,0.1083,12790.0
1396.65,14.1,0.03205,0.265,12830.0
1396.7,14.14,0.01592,0.4217,12860.0
1396.75,14.0,-0.09793,0.5191,12880.0
1396.8,13.87,-0.2118,0.6165,12890.0
1396.85,13.89,-0.121,0.5692,12880.0
1396.9,13.91,-0.03025,0.5219,12870.0
1396.95,13.98,-0.1033,0.4109,12860.0
1397.0,14.04,-0.1764,0.3,12850.0
1397.05,14.15,-0.163,0.3607,12860.0
1397.1,14.26,-0.1497,0.4214,12880.0
1397.15,14.5,0.02627,0.2857,12930.0
1397.2,14.73,0.2022,0.15,12970.0
1397.25,14.86,0.1967,-0.205,13010.0
1397.3,14.99,0.1911,-0.5599,13030.0
1397.35,14.83,0.007166,-0.6107,13050.0
1397.4,14.68,-0.1767,-0.6614,13050.0
1397.45,14.49,0.007564,-0.3533,13040.0
1397.5,14.31,0.1919,-0.04512,13030.0
1397.55,14.32,0.1351,0.003658,13030.0
1397.6,14.33,0.07842,0.05243,13040.0
1397.65,14.43,0.1831,-0.1364,13060.0
1397.7,14.52,0.2878,-0.3253,13080.0
1397.75,14.49,0.2773,-0.3848,13110.0
1397.8,14.47,0.2667,-0.4443,13130.0
1397.85,14.41,0.2763,-0.3581,13150.0
1397.9,14.35,0.2858,-0.2719,13160.0
1397.95,14.41,0.1684,-0.2245,13160.0
1398.0,14.47,0.05095,-0.1771,13170.0
1398.05,14.26,-0.008559,-0.2185,13170.0
1398.1,14.05,-0.06807,-0.26,13170.0
1398.15,14.2,-0.2042,-0.308,13180.0
1398.2,14.35,-0.3404,-0.3561,13180.0
1398.25,14.46,-0.1789,-0.3904,13190.0
1398.3,14.57,-0.01752,-0.4248,13200.0
1398.35,14.59,-0.07962,-0.4756,13210.0
1398.4,14.61,-0.1417,-0.5263,13230.0
1398.45,14.56,-0.08539,-0.584,13230.0
1398.5,14.52,-0.02906,-0.6416,13240.0
1398.55,14.36,-0.03085,-0.6358,13260.0
1398.6,14.21,-0.03264,-0.6299,13270.0
1398.65,14.17,-0.1475,-0.4879,13270.0
1398.7,14.14,-0.2623,-0.3458,13260.0
1398.75,14.21,-0.1284,-0.2903,13260.0
1398.8,14.27,0.005573,-0.2349,13270.0
1398.85,14.33,0.0822,-0.1085,13270.0
1398.9,14.39,0.1588,0.0178,13290.0
1398.95,14.48,0.3631,-0.02573,13310.0
1399.0,14.57,0.5673,-0.06926,13330.0
1399.05,14.52,0.5185,-0.1622,13350.0
1399.1,14.48,0.4697,-0.2551,13360.0
1399.15,14.38,0.5452,-0.4421,13350.0
1399.2,14.27,0.6206,-0.6292,13350.0
1399.25,14.36,0.4492,-0.602,13340.0
1399.3,14.45,0.2779,-0.5748,13330.0
1399.35,14.39,0.2138,-0.5103,13340.0
1399.4,14.32,0.1497,-0.4458,13350.0
1399.45,14.21,0.3031,-0.4803,13390.0
1399.5,14.11,0.4566,-0.5148,13430.0
1399.55,14.09,0.3947,-0.463,13460.0
1399.6,14.07,0.3328,-0.4112,13480.0
1399.65,13.93,0.2761,-0.4231,13500.0
1399.7,13.78,0.2193,-0.4351,13520.0
1399.75,13.88,0.1899,-0.4723,13530.0
1399.8,13.97,0.1604,-0.5095,13520.0
1399.85,13.92,0.4178,-0.4467,13520.0
1399.9,13.88,0.6751,-0.3839,13530.0
1399.95,13.83,0.7677,-0.3634,13550.0
1400.0,13.78,0.8603,-0.3429,13560.0
1400.05,13.77,1.019,-0.3952,13580.0
1400.1,13.76,1.178,-0.4475,13590.0
1400.15,13.78,1.269,-0.3857,13620.0
1400.2,13.81,1.359,-0.3239,13630.0
1400.25,13.74,1.444,-0.4022,13640.0
1400.3,13.68,1.528,-0.4804,13650.0
1400.35,13.84,1.486,-0.5184,13660.0
1400.4,14.01,1.445,-0.5563,13690.0
1400.45,14.07,1.591,-0.4463,13700.0
1400.5,14.14,1.736,-0.3363,13700.0
1400.55,14.09,1.501,-0.3334,13700.0
1400.6,14.05,1.266,-0.3305,13700.0
1400.65,14.02,1.099,-0.4437,13710.0
1400.7,13.99,0.9319,-0.557,13700.0
1400.75,14.07,0.9013,-0.6674,13700.0
1400.8,14.15,0.8706,-0.7777,13720.0
1400.85,14.37,0.916,-0.8152,13750.0
1400.9,14.58,0.9614,-0.8526,13770.0
1400.95,14.58,1.006,-0.7919,13780.0
1401.0,14.58,1.051,-0.7311,13780.0
1401.05,14.7,0.8644,-0.5075,13790.0
1401.1,14.82,0.6783,-0.2839,13780.0
1401.15,14.81,0.7886,-0.3214,13760.0
1401.2,14.81,0.8989,-0.359,13740.0
1401.25,14.77,0.7615,-0.4431,13750.0
1401.3,14.74,0.6242,-0.5273,13780.0
1401.35,14.95,0.6274,-0.7715,13820.0
1401.4,15.17,0.6306,-1.016,13850.0
1401.45,15.19,0.462,-1.072,13870.0
1401.5,15.21,0.2934,-1.129,13880.0
1401.55,15.22,0.5151,-1.129,13890.0
1401.6,15.24,0.7369,-1.128,13880.0
1401.65,15.32,0.8933,-1.236,13870.0
1401.7,15.4,1.05,-1.344,13860.0
1401.75,15.31,0.8177,-1.186,13860.0
1401.8,15.22,0.5856,-1.027,13870.0
1401.85,15.14,0.6168,-1.087,13870.0
1401.9,15.06,0.6481,-1.147,13860.0
1401.95,15.25,0.5541,-1.201,13870.0
1402.0,15.45,0.4602,-1.254,13900.0
1402.05,15.47,0.295,-1.201,13940.0
1402.1,15.49,0.1298,-1.148,13960.0
1402.15,15.45,0.006966,-1.164,13970.0
1402.2,15.4,-0.1158,-1.18,13970.0
1402.25,15.23,0.0412,-1.044,13970.0
1402.3,15.06,0.1982,-0.9082,13950.0
1402.35,15.23,0.09892,-0.8654,13920.0
1402.4,15.41,-0.0003981,-0.8226,13900.0
1402.45,15.28,0.1429,-0.8381,13910.0
1402.5,15.14,0.2862,-0.8536,13960.0
1402.55,15.05,0.4715,-0.662,14000.0
1402.6,14.96,0.6568,-0.4704,14030.0
1402.65,14.84,0.6582,-0.3678,14050.0
1402.7,14.72,0.6596,-0.2651,14060.0
1402.75,14.72,0.6614,-0.2503,14060.0
1402.8,14.72,0.6632,-0.2356,14050.0
1402.85,14.7,0.4005,-0.02305,14010.0
1402.9,14.68,0.1377,0.1895,13990.0
1402.95,14.79,0.0215,0.1078,14000.0
1403.0,14.91,-0.09474,0.02609,14010.0
1403.05,14.85,-0.08439,-0.2848,14020.0
1403.1,14.79,-0.07404,-0.5958,14030.0
1403.15,14.75,0.1529,-0.4707,14060.0
1403.2,14.7,0.3798,-0.3456,14090.0
1403.25,14.76,0.368,-0.5532,14110.0
1403.3,14.81,0.3563,-0.7609,14100.0
1403.35,14.8,0.1771,-0.9856,14080.0
1403.4,14.79,-0.00199,-1.21,14060.0
1403.45,14.82,0.05434,-0.9592,14050.0
1403.5,14.84,0.1107,-0.708,14040.0
1403.55,14.63,0.2054,-0.5057,14030.0
1403.6,14.43,0.3002,-0.3034,14020.0
1403.65,14.41,0.3491,-0.2261,14040.0
1403.7,14.4,0.3981,-0.1488,14070.0
1403.75,14.32,0.5639,-0.1638,14080.0
1403.8,14.23,0.7297,-0.1788,14090.0
1403.85,14.08,0.8525,0.04512,14090.0
1403.9,13.94,0.9753,0.269,14090.0
1403.95,14.0,0.8398,0.1553,14080.0
1404.0,14.06,0.7042,0.0417,14050.0
1404.05,13.94,0.4879,0.2344,14020.0
1404.1,13.81,0.2715,0.427,14010.0
1404.15,13.7,0.3288,0.4621,14020.0
1404.2,13.59,0.3861,0.4973,14040.0
1404.25,13.55,0.2026,0.4035,14060.0
1404.3,13.5,0.01911,0.3097,14080.0
1404.35,13.46,0.03224,0.129,14120.0
1404.4,13.41,0.04538,-0.0517,14150.0
1404.45,13.48,0.01752,-0.1803,14160.0
1404.5,13.55,-0.01035,-0.309,14140.0
1404.55,13.41,-0.2253,0.01549,14110.0
1404.6,13.27,-0.4403,0.34,14090.0
1404.65,13.23,-0.249,0.3584,14070.0
1404.7,13.2,-0.05772,0.3768,14050.0
1404.75,13.41,-0.02886,0.4357,14050.0
1404.8,13.61,0.0,0.4946,14080.0
1404.85,13.39,0.03822,0.4952,14130.0
1404.9,13.16,0.07643,0.4958,14170.0
1404.95,13.21,0.1441,0.4596,14200.0
1405.0,13.26,0.2118,0.4234,14210.0
1405.05,13.42,0.0414,0.5642,14200.0
1405.1,13.59,-0.129,0.705,14200.0
1405.15,13.75,-0.4029,0.6413,14190.0
1405.2,13.91,-0.6767,0.5775,14160.0
1405.25,13.95,-0.7601,0.4829,14150.0
1405.3,13.98,-0.8435,0.3882,14170.0
1405.35,13.99,-0.8398,0.4342,14200.0
1405.4,14.0,-0.836,0.4802,14230.0
1405.45,13.95,-0.6453,0.4808,14250.0
1405.5,13.9,-0.4546,0.4814,14260.0
1405.55,13.96,-0.5724,0.4952,14270.0
1405.6,14.03,-0.6903,0.509,14280.0
1405.65,14.16,-0.8632,0.4008,14270.0
1405.7,14.3,-1.036,0.2927,14250.0
1405.75,14.31,-1.155,0.4767,14260.0
1405.8,14.33,-1.273,0.6607,14290.0
1405.85,14.23,-0.9934,0.8781,14320.0
1405.9,14.14,-0.7134,1.095,14320.0
1405.95,14.17,-0.7775,0.711,14310.0
1406.0,14.2,-0.8415,0.3265,14310.0
1406.05,14.11,-0.952,0.4393,14300.0
1406.1,14.03,-1.062,0.5521,14290.0
1406.15,14.02,-1.033,0.4192,14260.0
1406.2,14.02,-1.004,0.2863,14240.0
1406.25,14.0,-0.9405,0.2956,14250.0
1406.3,13.98,-0.877,0.3048,14270.0
1406.35,14.03,-0.9287,0.2494,14290.0
1406.4,14.08,-0.9805,0.1939,14310.0
1406.45,14.21,-0.9397,0.1023,14340.0
1406.5,14.35,-0.8989,0.01073,14360.0
1406.55,14.24,-0.9242,-0.0828,14360.0
1406.6,14.14,-0.9494,-0.1763,14320.0
1406.65,14.3,-0.9634,-0.1316,14280.0
1406.7,14.47,-0.9773,-0.08682,14250.0
1406.75,14.48,-0.9486,-0.01414,14240.0
1406.8,14.49,-0.92,0.05853,14240.0
1406.85,14.59,-0.7609,0.1632,14250.0
1406.9,14.7,-0.6019,0.2678,14270.0
1406.95,14.6,-0.4564,0.2128,14310.0
1407.0,14.51,-0.3109,0.1578,14330.0
1407.05,14.63,-0.2759,0.2084,14330.0
1407.1,14.76,-0.2408,0.259,14320.0
1407.15,14.81,-0.4598,0.377,14330.0
1407.2,14.86,-0.6787,0.4951,14340.0
1407.25,14.96,-0.7138,0.4621,14340.0
1407.3,15.05,-0.7488,0.4292,14320.0
1407.35,15.23,-0.9068,0.3692,14310.0
1407.4,15.42,-1.065,0.3092,14320.0
1407.45,15.53,-1.048,0.3996,14340.0
1407.5,15.64,-1.03,0.4899,14350.0
1407.55,15.68,-1.221,0.3447,14360.0
1407.6,15.73,-1.411,0.1995,14370.0
1407.65,15.74,-1.336,0.1607,14390.0
1407.7,15.76,-1.261,0.1219,14390.0
1407.75,15.6,-1.282,0.08048,14370.0
1407.8,15.44,-1.303,0.03902,14360.0
1407.85,15.52,-1.153,-0.05536,14360.0
1407.9,15.6,-1.003,-0.1497,14380.0
1407.95,15.56,-0.9114,-0.1068,14400.0
1408.0,15.52,-0.8197,-0.0639,14420.0
1408.05,15.44,-0.8151,-0.1017,14440.0
1408.1,15.36,-0.8105,-0.1395,14470.0
1408.15,15.4,-0.8378,-0.1842,14490.0
1408.2,15.43,-0.865,-0.229,14480.0
1408.25,15.46,-0.9357,-0.3447,14460.0
1408.3,15.48,-1.006,-0.4604,14450.0
1408.35,15.35,-1.064,-0.5065,14460.0
1408.4,15.21,-1.121,-0.5526,14460.0
1408.45,15.01,-1.088,-0.6352,14460.0
1408.5,14.81,-1.054,-0.7177,14470.0
1408.55,14.71,-1.017,-0.5293,14490.0
1408.6,14.6,-0.9805,-0.3409,14520.0
1408.65,14.52,-0.9934,-0.1082,14530.0
1408.7,14.45,-1.006,0.1246,14530.0
1408.75,14.61,-0.8883,-0.06646,14530.0
1408.8,14.77,-0.7703,-0.2575,14530.0
1408.85,14.64,-0.6497,-0.1852,14520.0
1408.9,14.51,-0.5291,-0.1129,14490.0
1408.95,14.33,-0.3905,-0.0439,14470.0
1409.0,14.16,-0.252,0.02512,14470.0
1409.05,14.2,-0.2586,0.05329,14480.0
1409.1,14.23,-0.2651,0.08145,14490.0
1409.15,14.16,-0.1887,-0.2153,14500.0
1409.2,14.1,-0.1123,-0.5121,14500.0
1409.25,14.13,0.1421,-0.2914,14510.0
1409.3,14.17,0.3965,-0.07072,14520.0
1409.35,14.0,0.4873,-0.1927,14510.0
1409.4,13.82,0.578,-0.3146,14490.0
1409.45,13.73,0.6178,-0.3867,14490.0
1409.5,13.63,0.6576,-0.4587,14490.0
1409.55,13.74,0.5896,-0.189,14490.0
1409.6,13.85,0.5215,0.08072,14480.0
1409.65,13.76,0.5281,0.09243,14470.0
1409.7,13.67,0.5346,0.1041,14470.0
1409.75,13.86,0.5328,0.1738,14470.0
1409.8,14.04,0.531,0.2434,14450.0
1409.85,14.17,0.3012,0.2558,14440.0
1409.9,14.29,0.07126,0.2683,14440.0
1409.95,14.29,0.05056,0.1727,14460.0
1410.0,14.3,0.02986,0.07706,14480.0
1410.05,14.32,0.1742,0.1662,14500.0
1410.1,14.33,0.3185,0.2553,14500.0
1410.15,14.34,0.2994,0.0439,14510.0
1410.2,14.35,0.2803,-0.1675,14510.0
1410.25,14.35,0.3923,-0.04914,14500.0
1410.3,14.36,0.5044,0.06926,14480.0
1410.35,14.51,0.4011,0.287,14450.0
1410.4,14.65,0.2978,0.5048,14440.0
1410.45,14.56,0.1885,0.3778,14450.0
1410.5,14.47,0.07922,0.2507,14450.0
1410.55,14.57,0.1346,0.2979,14460.0
1410.6,14.66,0.1899,0.3451,14480.0
1410.65,14.62,0.1461,0.4367,14530.0
1410.7,14.58,0.1023,0.5282,14570.0
1410.75,14.48,-0.01174,0.4463,14600.0
1410.8,14.38,-0.1258,0.3644,14600.0
1410.85,14.31,-0.4468,0.1111,14590.0
1410.9,14.23,-0.7679,-0.1422,14570.0
1410.95,14.13,-0.7106,-0.3457,14530.0
1411.0,14.02,-0.6533,-0.5492,14490.0
1411.05,13.91,-0.5579,-0.7048,14480.0
1411.1,13.81,-0.4626,-0.8604,14510.0
1411.15,13.72,-0.5107,-0.9093,14560.0
1411.2,13.64,-0.5589,-0.9582,14610.0
1411.25,13.56,-0.4544,-1.003,14640.0
1411.3,13.48,-0.3499,-1.047,14660.0
1411.35,13.49,-0.3224,-1.116,14670.0
1411.4,13.51,-0.295,-1.185,14660.0
1411.45,13.55,-0.1346,-1.121,14640.0
1411.5,13.6,0.02588,-1.057,14610.0
1411.55,13.51,0.132,-1.146,14600.0
1411.6,13.42,0.2381,-1.234,14600.0
1411.65,13.48,0.1475,-1.023,14610.0
1411.7,13.55,0.05693,-0.8119,14610.0
1411.75,13.56,0.03682,-0.6605,14610.0
1411.8,13.58,0.01672,-0.5092,14610.0
1411.85,13.37,0.1158,-0.4793,14610.0
1411.9,13.16,0.215,-0.4495,14610.0
1411.95,13.21,0.05295,-0.4289,14620.0
1412.0,13.25,-0.1091,-0.4082,14630.0
1412.05,13.29,-0.02926,-0.412,14640.0
1412.1,13.33,0.05056,-0.4158,14640.0
1412.15,13.37,0.06369,-0.2624,14640.0
1412.2,13.41,0.07683,-0.109,14620.0
1412.25,13.36,0.05076,-0.2263,14590.0
1412.3,13.31,0.02468,-0.3436,14570.0
1412.35,13.21,0.08857,-0.3008,14560.0
1412.4,13.12,0.1525,-0.258,14550.0
1412.45,12.95,0.2542,-0.1318,14550.0
1412.5,12.78,0.3559,-0.005609,14580.0
1412.55,12.63,0.3782,-0.08402,14610.0
1412.6,12.48,0.4005,-0.1624,14630.0
1412.65,12.58,0.5428,-0.2608,14650.0
1412.7,12.67,0.6851,-0.3592,14650.0
1412.75,12.81,0.7138,-0.3174,14640.0
1412.8,12.95,0.7424,-0.2756,14640.0
1412.85,12.99,0.8153,-0.1169,14630.0
1412.9,13.04,0.8881,0.0417,14610.0
1412.95,13.16,0.882,-0.2701,14590.0
1413.0,13.28,0.8758,-0.5819,14580.0
1413.05,13.24,1.002,-0.6596,14580.0
1413.1,13.2,1.129,-0.7372,14590.0
1413.15,12.99,0.9353,-0.8283,14610.0
1413.2,12.79,0.742,-0.9194,14640.0
1413.25,13.01,0.7325,-1.015,14680.0
1413.3,13.24,0.7229,-1.111,14700.0
1413.35,13.28,0.8688,-1.016,14710.0
1413.4,13.33,1.015,-0.9209,14700.0
1413.45,12.95,0.8734,-0.9349,14680.0
1413.5,12.58,0.7321,-0.9489,14670.0
1413.55,12.56,0.6216,-0.9901,14660.0
1413.6,12.53,0.5111,-1.031,14650.0
1413.65,12.51,0.6192,-1.068,14660.0
1413.7,12.49,0.7273,-1.105,14680.0
1413.75,12.47,0.6887,-1.016,14710.0
1413.8,12.46,0.6501,-0.9277,14730.0
1413.85,12.58,0.7585,-0.8795,14730.0
1413.9,12.7,0.867,-0.8314,14730.0
1413.95,12.75,0.8545,-0.7316,14720.0
1414.0,12.8,0.8419,-0.6319,14710.0
1414.05,12.9,0.6429,-0.6266,14690.0
1414.1,13.0,0.4439,-0.6214,14680.0
1414.15,13.14,0.1923,-0.586,14690.0
1414.2,13.28,-0.05931,-0.5507,14720.0
1414.25,13.16,0.1777,-0.7237,14750.0
1414.3,13.05,0.4148,-0.8967,14770.0
1414.35,13.1,0.3017,-0.891,14780.0
1414.4,13.16,0.1887,-0.8853,14770.0
1414.45,13.18,0.1202,-0.6429,14740.0
1414.5,13.2,0.05175,-0.4004,14710.0
1414.55,13.12,-0.1909,-0.3874,14680.0
1414.6,13.03,-0.4335,-0.3743,14660.0
1414.65,13.05,-0.4478,-0.2701,14660.0
1414.7,13.08,-0.4622,-0.1658,14690.0
1414.75,13.01,-0.2683,-0.2056,14730.0
1414.8,12.94,-0.07444,-0.2453,14760.0
1414.85,12.77,0.2219,-0.2739,14780.0
1414.9,12.6,0.5183,-0.3024,14770.0
1414.95,12.66,0.4321,-0.5385,14750.0
1415.0,12.71,0.3459,-0.7745,14720.0
1415.05,12.77,0.3173,-0.6157,14690.0
1415.1,12.83,0.2886,-0.4568,14680.0
1415.15,13.01,0.2984,-0.3487,14680.0
1415.2,13.19,0.3081,-0.2407,14710.0
1415.25,13.19,0.2201,-0.1638,14750.0
1415.3,13.18,0.1322,-0.08682,14790.0
1415.35,13.1,0.284,-0.174,14820.0
1415.4,13.02,0.4359,-0.2612,14840.0
1415.45,12.99,0.5064,-0.2879,14830.0
1415.5,12.96,0.5768,-0.3146,14800.0
1415.55,12.85,0.7118,-0.1569,14760.0
1415.6,12.75,0.8467,0.0007316,14720.0
1415.65,12.69,0.6887,0.09536,14700.0
1415.7,12.63,0.5306,0.19,14710.0
1415.75,12.6,0.5225,0.2602,14740.0
1415.8,12.58,0.5143,0.3305,14800.0
1415.85,12.57,0.4865,0.2917,14850.0
1415.9,12.57,0.4586,0.2529,14900.0
1415.95,12.71,0.4508,0.3842,14930.0
1416.0,12.85,0.4431,0.5156,14930.0
1416.05,12.81,0.4632,0.2525,14890.0
1416.1,12.77,0.4833,-0.01049,14830.0
1416.15,12.66,0.4323,0.003414,14770.0
1416.2,12.56,0.3814,0.01732,14730.0
1416.25,12.62,0.2804,0.0001219,14720.0
1416.3,12.69,0.1795,-0.01707,14740.0
1416.35,12.74,0.2203,-0.04304,14800.0
1416.4,12.8,0.2611,-0.06902,14860.0
1416.45,12.72,0.3175,-0.007194,14920.0
1416.5,12.65,0.3738,0.05463,14960.0
1416.55,12.76,0.3316,0.04609,14950.0
1416.6,12.87,0.2894,0.03756,14920.0
1416.65,12.82,0.1415,0.08621,14860.0
1416.7,12.77,-0.006369,0.1349,14810.0
1416.75,12.71,-0.06509,0.349,14770.0
1416.8,12.64,-0.1238,0.5631,14750.0
1416.85,12.46,-0.09435,0.727,14770.0
1416.9,12.28,-0.06489,0.8909,14820.0
1416.95,12.35,-0.2271,0.7724,14860.0
1417.0,12.41,-0.3893,0.6538,14880.0
1417.05,12.5,-0.4548,0.3833,14890.0
1417.1,12.59,-0.5203,0.1127,14870.0
1417.15,12.52,-0.4749,-0.02573,14840.0
1417.2,12.45,-0.4295,-0.1641,14800.0
1417.25,12.33,-0.328,-0.1772,14770.0
1417.3,12.22,-0.2265,-0.1902,14760.0
1417.35,12.32,-0.2102,-0.2861,14770.0
1417.4,12.42,-0.1939,-0.3819,14810.0
1417.45,12.47,-0.1497,-0.4385,14830.0
1417.5,12.51,-0.1055,-0.4951,14850.0
1417.55,12.43,-0.1306,-0.7663,14860.0
1417.6,12.34,-0.1557,-1.037,14850.0
1417.65,12.47,-0.1618,-0.9404,14810.0
1417.7,12.59,-0.168,-0.8433,14770.0
1417.75,12.69,-0.4054,-0.5991,14730.0
1417.8,12.79,-0.6429,-0.3548,14730.0
1417.85,12.78,-0.4725,-0.4873,14750.0
1417.9,12.78,-0.3021,-0.6197,14790.0
1417.95,12.81,-0.4813,-0.538,14840.0
1418.0,12.84,-0.6604,-0.4563,14890.0
1418.05,12.82,-0.794,-0.3251,14910.0
1418.1,12.81,-0.9275,-0.1939,14910.0
1418.15,12.82,-0.9136,-0.2801,14880.0
1418.2,12.82,-0.8997,-0.3663,14840.0
1418.25,12.73,-0.7422,-0.2942,14810.0
1418.3,12.64,-0.5848,-0.2222,14770.0
1418.35,12.73,-0.6206,-0.09901,14750.0
1418.4,12.81,-0.6564,0.02414,14750.0
1418.45,12.75,-0.704,0.1285,14780.0
1418.5,12.68,-0.7516,0.2329,14810.0
1418.55,12.79,-0.6602,0.226,14850.0
1418.6,12.9,-0.5689,0.219,14890.0
1418.65,12.97,-0.4803,0.1188,14920.0
1418.7,13.05,-0.3917,0.01853,14930.0
1418.75,12.98,-0.2834,-0.07243,14910.0
1418.8,12.92,-0.1752,-0.1634,14880.0
1418.85,12.86,-0.1483,-0.1101,14830.0
1418.9,12.79,-0.1214,-0.05682,14790.0
1418.95,12.89,-0.04538,-0.05902,14750.0
1419.0,12.99,0.03065,-0.06121,14740.0
1419.05,12.9,-0.07225,0.08243,14750.0
1419.1,12.82,-0.1752,0.2261,14790.0
1419.15,12.67,-0.1636,0.08341,14820.0
1419.2,12.53,-0.1521,-0.05926,14860.0
1419.25,12.34,0.01931,-0.07963,14890.0
1419.3,12.16,0.1907,-0.09999,14900.0
1419.35,12.17,0.3125,-0.02756,14900.0
1419.4,12.17,0.4343,0.04487,14870.0
1419.45,12.33,0.461,0.002439,14830.0
1419.5,12.49,0.4877,-0.04,14790.0
1419.55,12.41,0.3955,0.1464,14770.0
1419.6,12.33,0.3033,0.3329,14760.0
1419.65,12.51,0.1672,0.1524,14770.0
1419.7,12.68,0.03105,-0.02805,14780.0
1419.75,12.53,0.002388,-0.1285,14800.0
1419.8,12.38,-0.02627,-0.229,14820.0
1419.85,12.23,0.005971,-0.3183,14820.0
1419.9,12.08,0.03822,-0.4075,14820.0
1419.95,12.14,0.0005971,-0.26,14810.0
1420.0,12.2,-0.03702,-0.1124,14810.0
1420.05,12.22,-0.0412,-0.3101,14810.0
1420.1,12.23,-0.04538,-0.5077,14800.0
1420.15,12.42,-0.06927,-0.4345,14780.0
1420.2,12.61,-0.09315,-0.3612,14760.0
1420.25,12.49,-0.05434,-0.4323,14730.0
1420.3,12.37,-0.01553,-0.5034,14720.0
1420.35,12.24,-0.1397,-0.6641,14710.0
1420.4,12.12,-0.2639,-0.8248,14710.0
1420.45,12.23,-0.1507,-0.599,14730.0
1420.5,12.35,-0.03742,-0.3731,14760.0
1420.55,12.39,-0.1465,-0.4359,14790.0
1420.6,12.42,-0.2556,-0.4987,14800.0
1420.65,12.38,-0.2599,-0.5165,14800.0
1420.7,12.33,-0.2643,-0.5343,14790.0
1420.75,12.28,-0.1369,-0.5135,14770.0
1420.8,12.22,-0.009554,-0.4926,14740.0
1420.85,12.13,-0.01214,-0.5503,14720.0
1420.9,12.05,-0.01473,-0.608,14720.0
1420.95,12.0,-0.2556,-0.5225,14730.0
1421.0,11.96,-0.4964,-0.437,14730.0
1421.05,12.21,-0.1897,-0.4118,14730.0
1421.1,12.45,0.117,-0.3865,14730.0
1421.15,12.35,0.4393,-0.4625,14730.0
1421.2,12.25,0.7615,-0.5385,14750.0
1421.25,12.26,0.5894,-0.3116,14760.0
1421.3,12.27,0.4172,-0.08462,14760.0
1421.35,12.14,0.2448,-0.02073,14780.0
1421.4,12.01,0.07245,0.04317,14790.0
1421.45,11.85,-0.1421,-0.01719,14780.0
1421.5,11.7,-0.3567,-0.07755,14760.0
1421.55,11.6,-0.2854,-0.2877,14740.0
1421.6,11.49,-0.2142,-0.4977,14730.0
1421.65,11.56,-0.122,-0.4545,14740.0
1421.7,11.64,-0.02986,-0.4112,14750.0
1421.75,11.7,0.06369,-0.362,14750.0
1421.8,11.76,0.1572,-0.3129,14750.0
1421.85,11.68,0.2775,-0.4928,14750.0
1421.9,11.6,0.3977,-0.6726,14750.0
1421.95,11.72,0.409,-0.2774,14750.0
1422.0,11.85,0.4204,0.1178,14750.0
1422.05,11.97,0.2588,0.1768,14750.0
1422.1,12.09,0.09713,0.2358,14770.0
1422.15,12.11,-0.03344,0.2534,14780.0
1422.2,12.13,-0.164,0.2709,14790.0
1422.25,12.06,-0.1222,0.1664,14780.0
1422.3,11.98,-0.08041,0.06194,14770.0
1422.35,11.94,-0.1097,0.1556,14760.0
1422.4,11.9,-0.1389,0.2492,14740.0
1422.45,12.04,-0.083,0.247,14710.0
1422.5,12.18,-0.02707,0.2449,14680.0
1422.55,11.96,-0.1272,-0.09194,14680.0
1422.6,11.73,-0.2273,-0.4287,14690.0
1422.65,11.54,-0.1775,-0.5935,14700.0
1422.7,11.35,-0.1278,-0.7582,14690.0
1422.75,11.34,-0.04359,-0.5748,14690.0
1422.8,11.33,0.0406,-0.3914,14680.0
1422.85,11.42,-0.1994,-0.285,14670.0
1422.9,11.5,-0.4395,-0.1785,14650.0
1422.95,11.42,-0.4331,-0.2983,14620.0
1423.0,11.34,-0.4267,-0.418,14620.0
1423.05,11.47,-0.2789,-0.3765,14620.0
1423.1,11.59,-0.131,-0.3351,14630.0
1423.15,11.39,-0.1833,-0.4882,14620.0
1423.2,11.19,-0.2357,-0.6414,14600.0
1423.25,11.4,-0.001592,-0.7671,14580.0
1423.3,11.61,0.2325,-0.8928,14580.0
1423.35,11.42,0.205,-0.7776,14560.0
1423.4,11.24,0.1775,-0.6624,14550.0
1423.45,11.2,0.1881,-0.5838,14550.0
1423.5,11.17,0.1986,-0.5053,14570.0
1423.55,11.18,0.2355,-0.5734,14590.0
1423.6,11.19,0.2723,-0.6414,14590.0
1423.65,11.28,0.2456,-0.5336,14580.0
1423.7,11.38,0.2189,-0.4258,14560.0
1423.75,11.44,-0.1063,-0.6071,14540.0
1423.8,11.51,-0.4315,-0.7884,14520.0
1423.85,11.66,-0.463,-0.7875,14500.0
1423.9,11.81,-0.4944,-0.7865,14490.0
1423.95,11.66,-0.2892,-0.8295,14480.0
1424.0,11.51,-0.084,-0.8726,14500.0
1424.05,11.48,-0.3623,-1.021,14520.0
1424.1,11.46,-0.6405,-1.17,14520.0
1424.15,11.7,-0.8252,-1.12,14520.0
1424.2,11.94,-1.01,-1.07,14530.0
1424.25,12.06,-0.9665,-1.001,14550.0
1424.3,12.18,-0.9232,-0.9331,14550.0
1424.35,12.08,-1.019,-0.9527,14540.0
1424.4,11.99,-1.115,-0.9723,14520.0
1424.45,11.95,-0.9757,-0.9998,14510.0
1424.5,11.91,-0.8368,-1.027,14500.0
1424.55,11.79,-1.057,-0.9326,14480.0
1424.6,11.67,-1.278,-0.838,14450.0
1424.65,11.69,-1.081,-0.9054,14450.0
1424.7,11.71,-0.8837,-0.9728,14470.0
1424.75,11.88,-0.6978,-0.8228,14510.0
1424.8,12.06,-0.5119,-0.6729,14530.0
1424.85,12.15,-0.457,-0.765,14540.0
1424.9,12.25,-0.4021,-0.8572,14540.0
1424.95,12.11,-0.5991,-0.8088,14520.0
1425.0,11.97,-0.7962,-0.7604,14480.0
1425.05,12.04,-0.7693,-0.78,14430.0
1425.1,12.11,-0.7424,-0.7997,14400.0
1425.15,12.0,-0.7906,-0.7176,14390.0
1425.2,11.89,-0.8388,-0.6355,14390.0
1425.25,11.87,-0.7777,-0.4334,14390.0
1425.3,11.84,-0.7166,-0.2312,14400.0
1425.35,11.72,-0.6666,-0.2792,14410.0
1425.4,11.6,-0.6166,-0.3273,14430.0
1425.45,11.72,-0.5539,-0.3676,14420.0
1425.5,11.85,-0.4912,-0.408,14400.0
1425.55,11.93,-0.4098,-0.4123,14380.0
1425.6,12.0,-0.3284,-0.4165,14340.0
1425.65,12.09,-0.208,-0.3239,14300.0
1425.7,12.17,-0.08758,-0.2312,14270.0
1425.75,12.19,-0.1773,-0.1724,14250.0
1425.8,12.21,-0.2671,-0.1136,14260.0
1425.85,12.09,-0.2066,-0.1796,14290.0
1425.9,11.97,-0.1461,-0.2456,14310.0
1425.95,12.06,-0.3527,-0.3496,14320.0
1426.0,12.15,-0.5593,-0.4536,14320.0
1426.05,11.99,-0.37,-0.4211,14300.0
1426.1,11.83,-0.1807,-0.3885,14270.0
1426.15,11.51,-0.3451,-0.3508,14230.0
1426.2,11.18,-0.5095,-0.3131,14190.0
1426.25,10.88,-0.4672,-0.2579,14170.0
1426.3,10.58,-0.4248,-0.2027,14170.0
1426.35,10.67,-0.3786,-0.08572,14180.0
1426.4,10.76,-0.3324,0.03122,14200.0
1426.45,10.78,-0.209,-0.08121,14220.0
1426.5,10.81,-0.08559,-0.1936,14220.0
1426.55,10.87,0.1549,-0.01488,14210.0
1426.6,10.92,0.3953,0.1639,14190.0
1426.65,10.83,0.6164,0.06999,14160.0
1426.7,10.73,0.8376,-0.0239,14130.0
1426.75,10.82,0.6769,0.005121,14090.0
1426.8,10.91,0.5163,0.03414,14070.0
1426.85,10.96,0.497,0.1396,14070.0
1426.9,11.01,0.4777,0.2451,14080.0
1426.95,11.0,0.41,0.1655,14100.0
1427.0,10.98,0.3424,0.08584,14120.0
1427.05,10.89,0.3133,0.01317,14150.0
1427.1,10.8,0.2842,-0.05951,14160.0
1427.15,10.88,0.3412,0.1099,14150.0
1427.2,10.96,0.3981,0.2792,14130.0
1427.25,10.89,0.2333,0.04902,14100.0
1427.3,10.82,0.06847,-0.1812,14070.0
1427.35,10.95,-0.003185,-0.1044,14050.0
1427.4,11.08,-0.07484,-0.02756,14040.0
1427.45,11.19,-0.209,-0.1443,14040.0
1427.5,11.3,-0.3431,-0.2609,14060.0
1427.55,11.33,-0.5484,-0.1029,14080.0
1427.6,11.37,-0.7536,0.05512,14100.0
1427.65,11.53,-0.5995,-0.1161,14090.0
1427.7,11.7,-0.4455,-0.2873,14080.0
1427.75,11.67,-0.4966,-0.3152,14060.0
1427.8,11.64,-0.5478,-0.3431,14040.0
1427.85,11.81,-0.7148,-0.5149,14020.0
1427.9,11.97,-0.8818,-0.6868,14010.0
1427.95,11.8,-1.012,-0.6911,14000.0
1428.0,11.63,-1.142,-0.6955,13990.0
1428.05,11.58,-1.073,-0.4057,13990.0
1428.1,11.53,-1.004,-0.1158,13980.0
1428.15,11.53,-0.9725,-0.0467,13970.0
1428.2,11.53,-0.9411,0.02244,13970.0
1428.25,11.5,-1.034,0.238,13970.0
1428.3,11.47,-1.128,0.4536,13960.0
1428.35,11.49,-1.171,0.382,13930.0
1428.4,11.51,-1.213,0.3105,13890.0
1428.45,11.64,-1.137,0.3314,13870.0
1428.5,11.76,-1.06,0.3524,13860.0
1428.55,11.73,-0.9468,-0.07828,13870.0
1428.6,11.7,-0.834,-0.509,13880.0
1428.65,11.77,-0.5818,-0.3601,13890.0
1428.7,11.85,-0.3296,-0.2112,13890.0
1428.75,11.82,-0.218,-0.2446,13880.0
1428.8,11.79,-0.1063,-0.278,13850.0
1428.85,11.7,-0.3644,-0.08828,13810.0
1428.9,11.61,-0.6226,0.1015,13760.0
1428.95,11.6,-0.7398,0.08536,13740.0
1429.0,11.59,-0.8571,0.06926,13750.0
1429.05,11.53,-0.9661,0.03853,13760.0
1429.1,11.48,-1.075,0.007804,13780.0
1429.15,11.41,-1.189,-0.1257,13800.0
1429.2,11.35,-1.303,-0.2592,13820.0
1429.25,11.35,-1.373,-0.2438,13810.0
1429.3,11.34,-1.444,-0.2283,13780.0
1429.35,11.32,-1.29,-0.1411,13730.0
1429.4,11.29,-1.137,-0.0539,13680.0
1429.45,11.2,-1.006,-0.2206,13660.0
1429.5,11.11,-0.8754,-0.3873,13640.0
1429.55,11.06,-0.7874,-0.2935,13620.0
1429.6,11.01,-0.6994,-0.1997,13620.0
1429.65,11.06,-0.8477,-0.2197,13650.0
1429.7,11.1,-0.996,-0.2397,13680.0
1429.75,10.95,-1.014,-0.004999,13710.0
1429.8,10.8,-1.033,0.2297,13720.0
1429.85,10.82,-1.091,0.08536,13730.0
1429.9,10.84,-1.148,-0.05902,13730.0
1429.95,10.72,-1.066,-0.03634,13720.0
1430.0,10.6,-0.9841,-0.01366,13680.0
1430.05,10.59,-1.118,0.06414,13630.0
1430.1,10.57,-1.252,0.1419,13590.0
1430.15,10.73,-1.348,0.0428,13570.0
1430.2,10.88,-1.443,-0.05634,13570.0
1430.25,11.02,-1.473,-0.05963,13580.0
1430.3,11.17,-1.502,-0.06292,13610.0
1430.35,11.21,-1.551,0.03792,13670.0
1430.4,11.25,-1.6,0.1388,13710.0
1430.45,11.35,-1.478,-0.1745,13730.0
1430.5,11.46,-1.357,-0.4878,13710.0
1430.55,11.56,-1.415,-0.4428,13670.0
1430.6,11.67,-1.474,-0.3978,13630.0
1430.65,11.6,-1.543,-0.2713,13590.0
1430.7,11.53,-1.611,-0.1449,13550.0
1430.75,11.65,-1.554,-0.08609,13520.0
1430.8,11.77,-1.497,-0.02731,13510.0
1430.85,11.62,-1.392,-0.01122,13520.0
1430.9,11.47,-1.287,0.004878,13540.0
1430.95,11.27,-1.205,0.03463,13550.0
1431.0,11.07,-1.124,0.06438,13550.0
1431.05,11.32,-0.8923,0.06768,13560.0
1431.1,11.56,-0.6608,0.07097,13560.0
1431.15,11.73,-0.6937,0.179,13550.0
1431.2,11.9,-0.7265,0.287,13530.0
1431.25,11.68,-0.784,0.3103,13490.0
1431.3,11.46,-0.8415,0.3336,13460.0
1431.35,11.48,-0.838,0.3914,13440.0
1431.4,11.51,-0.8344,0.4492,13420.0
1431.45,11.52,-1.098,0.3886,13400.0
1431.5,11.53,-1.361,0.328,13390.0
1431.55,11.46,-1.362,0.232,13400.0
1431.6,11.39,-1.362,0.1361,13420.0
1431.65,11.51,-1.51,0.203,13430.0
1431.7,11.63,-1.657,0.27,13420.0
1431.75,11.6,-1.669,0.3074,13410.0
1431.8,11.57,-1.68,0.3448,13410.0
1431.85,11.54,-1.616,0.08365,13400.0
1431.9,11.5,-1.551,-0.1775,13390.0
1431.95,11.42,-1.402,-0.2928,13370.0
1432.0,11.35,-1.252,-0.408,13360.0
1432.05,11.25,-1.042,-0.309,13370.0
1432.1,11.14,-0.8312,-0.21,13370.0
1432.15,11.35,-0.7152,-0.2347,13360.0
1432.2,11.55,-0.5991,-0.2595,13340.0
1432.25,11.78,-0.6355,-0.07792,13330.0
1432.3,12.0,-0.672,0.1036,13320.0
1432.35,11.9,-0.7034,-0.09548,13320.0
1432.4,11.8,-0.7349,-0.2946,13310.0
1432.45,11.74,-0.5143,-0.4725,13320.0
1432.5,11.69,-0.2938,-0.6504,13350.0
1432.55,11.74,-0.422,-0.4448,13370.0
1432.6,11.79,-0.5502,-0.2392,13370.0
1432.65,11.85,-0.7289,-0.09243,13360.0
1432.7,11.91,-0.9076,0.05438,13340.0
1432.75,11.85,-0.8282,0.05865,13330.0
1432.8,11.79,-0.7488,0.06292,13310.0
1432.85,11.85,-0.8447,-0.01939,13300.0
1432.9,11.91,-0.9407,-0.1017,13290.0
1432.95,11.91,-0.9538,0.04682,13300.0
1433.0,11.91,-0.9669,0.1953,13310.0
1433.05,11.86,-1.035,0.1284,13320.0
1433.1,11.81,-1.103,0.06146,13320.0
1433.15,11.94,-1.112,0.128,13320.0
1433.2,12.08,-1.121,0.1946,13330.0
1433.25,12.06,-1.131,0.1213,13340.0
1433.3,12.05,-1.141,0.04804,13360.0
1433.35,12.09,-1.292,-0.1673,13360.0
1433.4,12.12,-1.442,-0.3826,13350.0
1433.45,12.08,-1.491,-0.4443,13350.0
1433.5,12.04,-1.539,-0.506,13330.0
1433.55,11.9,-1.423,-0.461,13300.0
1433.6,11.76,-1.307,-0.4161,13250.0
1433.65,11.76,-1.277,-0.3958,13230.0
1433.7,11.76,-1.246,-0.3756,13240.0
1433.75,11.97,-1.495,-0.3963,13260.0
1433.8,12.18,-1.743,-0.417,13280.0
1433.85,12.15,-1.798,-0.6035,13300.0
1433.9,12.11,-1.853,-0.7899,13330.0
1433.95,12.11,-1.825,-0.524,13340.0
1434.0,12.12,-1.797,-0.258,13340.0
1434.05,12.24,-1.677,-0.294,13310.0
1434.1,12.37,-1.557,-0.33,13270.0
1434.15,12.46,-1.481,-0.1927,13250.0
1434.2,12.55,-1.405,-0.05536,13220.0
1434.25,12.51,-1.352,-0.1511,13190.0
1434.3,12.48,-1.299,-0.2468,13170.0
1434.35,12.31,-1.055,-0.2733,13160.0
1434.4,12.14,-0.8105,-0.2997,13180.0
1434.45,12.17,-0.6875,-0.3823,13210.0
1434.5,12.21,-0.5645,-0.4648,13240.0
1434.55,12.12,-0.5173,-0.4654,13270.0
1434.6,12.04,-0.4701,-0.466,13290.0
1434.65,12.21,-0.7307,-0.5913,13300.0
1434.7,12.37,-0.9912,-0.7165,13290.0
1434.75,12.36,-0.9564,-0.5824,13250.0
1434.8,12.34,-0.9216,-0.4482,13200.0
1434.85,12.18,-0.8798,-0.5397,13170.0
1434.9,12.03,-0.838,-0.6311,13140.0
1434.95,11.97,-1.023,-0.4909,13140.0
1435.0,11.91,-1.208,-0.3507,13150.0
1435.05,11.99,-1.257,-0.2611,13180.0
1435.1,12.07,-1.307,-0.1714,13220.0
1435.15,11.94,-1.029,-0.2941,13250.0
1435.2,11.81,-0.752,-0.4168,13270.0
1435.25,11.67,-0.5663,-0.7028,13260.0
1435.3,11.53,-0.3806,-0.9889,13250.0
1435.35,11.66,-0.673,-0.882,13230.0
1435.4,11.8,-0.9654,-0.775,13200.0
1435.45,12.01,-0.7968,-0.832,13180.0
1435.5,12.21,-0.6282,-0.8889,13160.0
1435.55,12.2,-0.5802,-0.9746,13170.0
1435.6,12.19,-0.5322,-1.06,13190.0
1435.65,12.0,-0.4323,-1.034,13200.0
1435.7,11.8,-0.3324,-1.008,13210.0
1435.75,11.99,-0.3983,-1.083,13220.0
1435.8,12.18,-0.4642,-1.159,13230.0
1435.85,12.11,-0.3782,-1.008,13240.0
1435.9,12.03,-0.2922,-0.857,13230.0
1435.95,11.93,-0.1419,-0.7236,13210.0
1436.0,11.82,0.00836,-0.5902,13200.0
1436.05,11.72,-0.1855,-0.5751,13200.0
1436.1,11.62,-0.3794,-0.5599,13190.0
1436.15,11.57,-0.3899,-0.619,13190.0
1436.2,11.53,-0.4005,-0.678,13200.0
1436.25,11.64,-0.5239,-0.7694,13220.0
1436.3,11.76,-0.6473,-0.8609,13240.0
1436.35,11.74,-0.8507,-0.846,13250.0
1436.4,11.71,-1.054,-0.8311,13240.0
1436.45,11.69,-1.134,-0.7314,13220.0
1436.5,11.66,-1.215,-0.6316,13200.0
1436.55,11.6,-1.247,-0.5553,13190.0
1436.6,11.55,-1.279,-0.479,13180.0
1436.65,11.54,-1.273,-0.5524,13180.0
1436.7,11.54,-1.267,-0.6258,13210.0
1436.75,11.48,-1.148,-0.6124,13250.0
1436.8,11.42,-1.028,-0.599,13290.0
1436.85,11.22,-0.9821,-0.5553,13310.0
1436.9,11.03,-0.9359,-0.5117,13310.0
1436.95,10.97,-0.8181,-0.4725,13290.0
1437.0,10.91,-0.7002,-0.4334,13270.0
1437.05,11.03,-0.6964,-0.5662,13250.0
1437.1,11.14,-0.6927,-0.6989,13230.0
1437.15,11.02,-0.7787,-0.666,13220.0
1437.2,10.9,-0.8646,-0.6331,13220.0
1437.25,11.03,-0.8358,-0.5635,13240.0
1437.3,11.16,-0.8069,-0.4938,13280.0
1437.35,11.09,-0.6541,-0.4107,13320.0
1437.4,11.03,-0.5012,-0.3275,13360.0
1437.45,10.9,-0.6813,-0.3139,13390.0
1437.5,10.77,-0.8615,-0.3002,13400.0
1437.55,10.8,-0.7574,-0.2574,13400.0
1437.6,10.83,-0.6533,-0.2146,13370.0
1437.65,10.93,-0.4433,-0.4799,13340.0
1437.7,11.03,-0.2333,-0.7453,13300.0
1437.75,10.83,-0.375,-0.8575,13280.0
1437.8,10.62,-0.5167,-0.9696,13270.0
1437.85,10.74,-0.4749,-1.042,13270.0
1437.9,10.86,-0.4331,-1.114,13290.0
1437.95,10.94,-0.3991,-1.171,13310.0
1438.0,11.01,-0.365,-1.227,13350.0
1438.05,11.07,-0.4049,-1.111,13390.0
1438.1,11.12,-0.4447,-0.9957,13420.0
1438.15,11.15,-0.2617,-1.063,13430.0
1438.2,11.18,-0.07882,-1.13,13410.0
1438.25,11.22,0.07265,-0.889,13390.0
1438.3,11.26,0.2241,-0.6477,13350.0
1438.35,11.15,0.1978,-0.3963,13310.0
1438.4,11.04,0.1716,-0.1449,13280.0
1438.45,11.08,0.1103,-0.04597,13280.0
1438.5,11.11,0.04896,0.05292,13300.0
1438.55,11.1,-0.1429,-0.0002439,13320.0
1438.6,11.1,-0.3348,-0.05341,13340.0
1438.65,11.2,-0.3927,-0.1645,13360.0
1438.7,11.3,-0.4506,-0.2756,13370.0
1438.75,11.19,-0.461,-0.2445,13380.0
1438.8,11.09,-0.4713,-0.2134,13390.0
1438.85,11.31,-0.456,-0.4631,13380.0
1438.9,11.53,-0.4407,-0.7128,13370.0
1438.95,11.73,-0.5645,-0.7125,13370.0
1439.0,11.94,-0.6883,-0.7121,13360.0
1439.05,12.13,-0.6616,-0.755,13340.0
1439.1,12.32,-0.6349,-0.798,13330.0
1439.15,12.12,-0.5756,-0.751,13330.0
1439.2,11.92,-0.5163,-0.7041,13350.0
1439.25,11.92,-0.5414,-0.9805,13380.0
1439.3,11.92,-0.5665,-1.257,13400.0
1439.35,12.16,-0.6272,-1.06,13420.0
1439.4,12.39,-0.6879,-0.8641,13430.0
1439.45,12.4,-0.7436,-1.011,13440.0
1439.5,12.41,-0.7994,-1.159,13420.0
1439.55,12.38,-0.9259,-1.037,13400.0
1439.6,12.35,-1.053,-0.9145,13400.0
1439.65,12.33,-1.062,-0.9114,13410.0
1439.7,12.32,-1.072,-0.9082,13430.0
1439.75,12.42,-1.013,-0.7471,13450.0
1439.8,12.51,-0.9534,-0.586,13470.0
1439.85,12.69,-0.9538,-0.6597,13490.0
1439.9,12.87,-0.9542,-0.7333,13490.0
1439.95,12.62,-0.8322,-0.6935,13480.0
1440.0,12.36,-0.7102,-0.6536,13480.0
1440.05,12.43,-0.5748,-0.4352,13470.0
1440.1,12.51,-0.4395,-0.2168,13490.0
1440.15,12.52,-0.5484,-0.1393,13500.0
1440.2,12.53,-0.6572,-0.0617,13530.0
1440.25,12.64,-0.6809,0.09158,13550.0
1440.3,12.76,-0.7046,0.2449,13570.0
1440.35,12.57,-0.6186,0.2492,13600.0
1440.4,12.37,-0.5326,0.2536,13610.0
1440.45,12.41,-0.2912,0.1588,13620.0
1440.5,12.45,-0.04976,0.0639,13630.0
1440.55,12.56,-0.1306,-0.02597,13630.0
1440.6,12.66,-0.2114,-0.1158,13620.0
1440.65,12.82,-0.3189,-0.2591,13610.0
1440.7,12.97,-0.4263,-0.4024,13590.0
1440.75,12.99,-0.3264,-0.3465,13580.0
1440.8,13.01,-0.2265,-0.2907,13600.0
1440.85,13.11,-0.1799,-0.1373,13630.0
1440.9,13.21,-0.1334,0.0161,13670.0
1440.95,13.22,-0.2876,0.01805,13710.0
1441.0,13.23,-0.4419,0.02,13760.0
1441.05,13.14,-0.5201,0.1264,13790.0
1441.1,13.06,-0.5983,0.2329,13790.0
1441.15,13.08,-0.4186,0.01451,13770.0
1441.2,13.1,-0.2388,-0.2039,13740.0
1441.25,13.13,-0.5008,-0.2345,13720.0
1441.3,13.17,-0.7627,-0.2651,13710.0
1441.35,13.18,-0.7781,-0.1941,13710.0
1441.4,13.19,-0.7934,-0.1232,13720.0
1441.45,13.16,-0.9423,-0.1297,13750.0
1441.5,13.13,-1.091,-0.1363,13790.0
1441.55,13.16,-1.114,-0.1889,13820.0
1441.6,13.18,-1.136,-0.2414,13840.0
1441.65,13.19,-1.252,-0.1663,13860.0
1441.7,13.2,-1.368,-0.09121,13870.0
1441.75,13.25,-1.357,-0.08219,13870.0
1441.8,13.31,-1.346,-0.07316,13860.0
1441.85,13.34,-1.384,-0.2814,13840.0
1441.9,13.37,-1.422,-0.4897,13820.0
1441.95,13.27,-1.227,-0.6205,13810.0
1442.0,13.17,-1.032,-0.7514,13820.0
1442.05,13.41,-0.7504,-0.6271,13830.0
1442.1,13.65,-0.4689,-0.5029,13850.0
1442.15,13.65,-0.5237,-0.5387,13880.0
1442.2,13.65,-0.5784,-0.5746,13920.0
1442.25,13.62,-0.5505,-0.5387,13940.0
1442.3,13.59,-0.5227,-0.5029,13950.0
1442.35,13.59,-0.5728,-0.2575,13940.0
1442.4,13.58,-0.623,-0.01219,13930.0
1442.45,13.87,-0.6429,-0.3793,13920.0
1442.5,14.17,-0.6628,-0.7465,13920.0
1442.55,14.34,-0.7482,-0.6333,13910.0
1442.6,14.51,-0.8336,-0.5202,13920.0
1442.65,14.44,-0.3981,-0.4986,13940.0
1442.7,14.37,0.03742,-0.477,13960.0
1442.75,14.28,-0.1734,-0.453,13980.0
1442.8,14.2,-0.3842,-0.429,14000.0
1442.85,14.16,-0.2944,-0.3476,14010.0
1442.9,14.12,-0.2046,-0.2663,14020.0
1442.95,14.11,-0.04259,-0.1711,14030.0
1443.0,14.1,0.1194,-0.07585,14040.0
1443.05,14.08,0.02707,-0.1049,14050.0
1443.1,14.05,-0.06529,-0.1339,14070.0
1443.15,14.04,0.1071,-0.4258,14090.0
1443.2,14.02,0.2795,-0.7177,14110.0
1443.25,14.06,0.1274,-0.5946,14110.0
1443.3,14.1,-0.02468,-0.4714,14110.0
1443.35,13.97,-0.1047,-0.6413,14120.0
1443.4,13.83,-0.1847,-0.8111,14130.0
1443.45,13.81,-0.05175,-0.9143,14140.0
1443.5,13.8,0.08121,-1.017,14150.0
1443.55,13.86,0.1041,-0.7639,14180.0
1443.6,13.91,0.127,-0.5104,14210.0
1443.65,13.75,0.0826,-0.5948,14240.0
1443.7,13.59,0.03822,-0.6792,14260.0
1443.75,13.75,0.06529,-0.561,14270.0
1443.8,13.9,0.09236,-0.4429,14280.0
1443.85,13.77,0.2098,-0.3557,14290.0
1443.9,13.63,0.3272,-0.2685,14290.0
1443.95,13.49,0.2864,-0.4224,14290.0
1444.0,13.34,0.2456,-0.5763,14300.0
1444.05,13.35,0.4367,-0.7519,14320.0
1444.1,13.35,0.6278,-0.9275,14330.0
1444.15,13.38,0.4222,-0.8431,14340.0
1444.2,13.41,0.2166,-0.7587,14360.0
1444.25,13.29,0.3463,-0.7496,14370.0
1444.3,13.16,0.4761,-0.7404,14380.0
1444.35,13.11,0.3702,-0.6162,14390.0
1444.4,13.06,0.2643,-0.4919,14410.0
1444.45,13.15,0.2152,-0.2913,14440.0
1444.5,13.25,0.166,-0.09072,14460.0
1444.55,13.1,0.05553,-0.05585,14490.0
1444.6,12.96,-0.05494,-0.02097,14500.0
1444.65,12.95,-0.05951,-0.03122,14500.0
1444.7,12.95,-0.06409,-0.04146,14500.0
1444.75,12.87,-0.1602,-0.1425,14490.0
1444.8,12.79,-0.2564,-0.2436,14490.0
1444.85,12.78,0.1361,-0.2328,14500.0
1444.9,12.78,0.5287,-0.2219,14530.0
1444.95,12.82,0.6744,-0.2953,14560.0
1445.0,12.86,0.8201,-0.3687,14590.0
1445.05,12.77,0.7695,-0.2937,14630.0
1445.1,12.68,0.7189,-0.2188,14660.0
1445.15,12.72,0.6264,-0.03658,14680.0
1445.2,12.76,0.5338,0.1456,14680.0
1445.25,12.52,0.5886,0.1773,14670.0
1445.3,12.28,0.6433,0.209,14680.0
1445.35,12.18,0.4584,0.06146,14690.0
1445.4,12.09,0.2735,-0.08609,14700.0
1445.45,12.36,0.3636,-0.1833,14710.0
1445.5,12.63,0.4538,-0.2805,14730.0
1445.55,12.76,0.4301,-0.3101,14760.0
1445.6,12.89,0.4064,-0.3397,14790.0
1445.65,12.76,0.3581,0.06024,14820.0
1445.7,12.63,0.3097,0.4602,14840.0
1445.75,12.49,0.4186,0.4171,14870.0
1445.8,12.34,0.5275,0.3741,14880.0
1445.85,12.54,0.5645,0.387,14880.0
1445.9,12.73,0.6015,0.4,14880.0
1445.95,12.8,0.24,0.3311,14880.0
1446.0,12.88,-0.1214,0.2622,14890.0
1446.05,12.9,-0.06031,0.2588,14890.0
1446.1,12.92,0.0007962,0.2553,14910.0
1446.15,13.22,-0.3179,0.1351,14930.0
1446.2,13.52,-0.6365,0.01488,14960.0
1446.25,13.6,-0.3127,0.1658,15000.0
1446.3,13.69,0.01115,0.3168,15020.0
1446.35,13.66,0.1214,0.209,15040.0
1446.4,13.63,0.2317,0.1012,15060.0
1446.45,13.51,0.2657,0.1579,15080.0
1446.5,13.39,0.2998,0.2146,15080.0
1446.55,13.49,0.3555,0.1595,15080.0
1446.6,13.59,0.4112,0.1044,15090.0
1446.65,13.58,0.5231,0.1913,15100.0
1446.7,13.57,0.6349,0.2783,15100.0
1446.75,13.56,0.6646,0.1338,15110.0
1446.8,13.55,0.6943,-0.01073,15120.0
1446.85,13.51,0.7629,-0.03646,15140.0
1446.9,13.47,0.8316,-0.06219,15160.0
1446.95,13.55,0.7474,-0.1367,15180.0
1447.0,13.62,0.6632,-0.2112,15200.0
1447.05,13.6,0.6951,-0.2685,15230.0
1447.1,13.58,0.7269,-0.3258,15260.0
1447.15,13.59,0.7203,-0.3924,15270.0
1447.2,13.6,0.7138,-0.459,15270.0
1447.25,13.56,0.7858,-0.5117,15260.0
1447.3,13.52,0.8579,-0.5643,15250.0
1447.35,13.39,0.7426,-0.6681,15240.0
1447.4,13.25,0.6274,-0.7719,15240.0
1447.45,13.23,0.702,-0.8172,15250.0
1447.5,13.21,0.7767,-0.8626,15270.0
1447.55,13.29,1.105,-0.8876,15300.0
1447.6,13.37,1.433,-0.9126,15340.0
1447.65,13.51,1.442,-0.887,15380.0
1447.7,13.64,1.451,-0.8614,15420.0
1447.75,13.89,1.349,-0.6904,15430.0
1447.8,14.13,1.246,-0.5195,15430.0
1447.85,14.11,1.038,-0.5979,15410.0
1447.9,14.09,0.8288,-0.6763,15390.0
1447.95,13.98,0.7464,-0.6197,15380.0
1448.0,13.88,0.664,-0.5631,15380.0
1448.05,13.96,0.7472,-0.629,15420.0
1448.1,14.04,0.8304,-0.6948,15480.0
1448.15,13.98,0.752,-0.7328,15530.0
1448.2,13.93,0.6736,-0.7709,15570.0
1448.25,13.95,0.505,-0.9978,15590.0
1448.3,13.98,0.3364,-1.225,15610.0
1448.35,14.03,0.2808,-1.399,15610.0
1448.4,14.08,0.2253,-1.574,15590.0
1448.45,14.09,0.2466,-1.271,15570.0
1448.5,14.11,0.2679,-0.9684,15560.0
1448.55,14.09,0.3063,-1.064,15590.0
1448.6,14.08,0.3447,-1.16,15620.0
1448.65,14.26,0.1142,-1.205,15650.0
1448.7,14.43,-0.1162,-1.25,15670.0
1448.75,14.43,-0.2154,-1.063,15720.0
1448.8,14.44,-0.3145,-0.8772,15760.0
1448.85,14.34,-0.2174,-0.882,15770.0
1448.9,14.24,-0.1202,-0.8867,15770.0
1448.95,14.25,-0.1837,-0.9021,15760.0
1449.0,14.25,-0.2472,-0.9175,15760.0
1449.05,14.21,-0.1618,-0.8915,15770.0
1449.1,14.18,-0.07643,-0.8655,15780.0
1449.15,14.39,0.02767,-0.8081,15780.0
1449.2,14.6,0.1318,-0.7506,15800.0
1449.25,14.64,0.03165,-0.7371,15840.0
1449.3,14.67,-0.06847,-0.7236,15860.0
1449.35,14.76,0.1986,-0.8567,15860.0
1449.4,14.84,0.4658,-0.9899,15860.0
1449.45,14.89,0.4843,-1.029,15860.0
1449.5,14.94,0.5028,-1.067,15880.0
1449.55,14.91,0.3105,-1.006,15900.0
1449.6,14.88,0.1182,-0.9455,15910.0
1449.65,14.91,0.1154,-0.9,15920.0
1449.7,14.95,0.1127,-0.8545,15930.0
1449.75,14.93,0.2476,-0.8908,15960.0
1449.8,14.91,0.3826,-0.927,15960.0
1449.85,14.99,0.4582,-0.9846,15950.0
1449.9,15.07,0.5338,-1.042,15940.0
1449.95,15.0,0.416,-0.9556,15960.0
1450.0,14.92,0.2982,-0.8689,15990.0
1450.05,15.23,0.1963,-0.9275,16010.0
1450.1,15.54,0.09435,-0.986,16020.0
1450.15,15.45,0.1051,-0.857,16040.0
1450.2,15.37,0.1158,-0.728,16060.0
1450.25,15.42,0.1835,-0.4552,16070.0
1450.3,15.48,0.2512,-0.1824,16070.0
1450.35,15.46,0.1994,-0.2831,16080.0
1450.4,15.43,0.1477,-0.3839,16100.0
1450.45,15.77,0.1865,-0.1942,16130.0
1450.5,16.1,0.2253,-0.004634,16150.0
1450.55,16.17,0.2136,-0.1318,16150.0
1450.6,16.23,0.2018,-0.259,16150.0
1450.65,16.27,0.2239,-0.2188,16160.0
1450.7,16.31,0.246,-0.1785,16170.0
1450.75,16.48,0.325,-0.2364,16170.0
1450.8,16.65,0.4041,-0.2944,16190.0
1450.85,16.49,0.323,-0.28,16220.0
1450.9,16.33,0.242,-0.2656,16260.0
1450.95,16.41,-0.005573,-0.3272,16280.0
1451.0,16.48,-0.2532,-0.3887,16290.0
1451.05,16.7,-0.4148,-0.2216,16300.0
1451.1,16.92,-0.5764,-0.05438,16290.0
1451.15,16.81,-0.5597,-0.1261,16290.0
1451.2,16.7,-0.543,-0.1978,16290.0
1451.25,16.78,-0.3724,-0.4369,16300.0
1451.3,16.85,-0.2018,-0.676,16320.0
1451.35,16.85,-0.256,-0.6968,16340.0
1451.4,16.85,-0.3101,-0.7175,16360.0
1451.45,16.75,-0.4043,-0.6676,16380.0
1451.5,16.64,-0.4984,-0.6177,16380.0
1451.55,16.74,-0.5213,-0.6141,16380.0
1451.6,16.84,-0.5442,-0.6104,16390.0
1451.65,16.6,-0.4767,-0.4418,16400.0
1451.7,16.37,-0.4092,-0.2731,16410.0
1451.75,16.35,-0.3909,-0.2887,16420.0
1451.8,16.34,-0.3726,-0.3044,16430.0
1451.85,16.36,-0.4226,-0.3241,16440.0
1451.9,16.39,-0.4725,-0.3439,16440.0
1451.95,16.62,-0.2377,-0.2403,16440.0
1452.0,16.84,-0.002787,-0.1368,16440.0
1452.05,16.75,-0.05951,-0.2344,16450.0
1452.1,16.65,-0.1162,-0.3319,16470.0
1452.15,16.66,-0.1435,-0.1927,16490.0
1452.2,16.67,-0.1708,-0.05341,16500.0
1452.25,16.5,-0.09216,-0.1369,16510.0
1452.3,16.34,-0.01353,-0.2205,16510.0
1452.35,16.5,-0.1839,-0.3224,16510.0
1452.4,16.67,-0.3543,-0.4243,16500.0
1452.45,16.59,-0.3107,-0.3695,16510.0
1452.5,16.51,-0.2671,-0.3146,16540.0
1452.55,16.58,-0.1781,-0.3835,16570.0
1452.6,16.65,-0.08917,-0.4524,16600.0
1452.65,16.62,-0.3135,-0.3337,16630.0
1452.7,16.59,-0.5378,-0.2151,16640.0
1452.75,16.67,-0.9307,-0.2792,16660.0
1452.8,16.76,-1.324,-0.3434,16670.0
1452.85,16.99,-1.448,-0.2942,16660.0
1452.9,17.23,-1.573,-0.2451,16650.0
1452.95,17.22,-1.444,-0.2153,16630.0
1453.0,17.2,-1.316,-0.1856,16620.0
1453.05,16.99,-1.354,-0.1236,16640.0
1453.1,16.78,-1.392,-0.0617,16670.0
1453.15,16.67,-1.426,-0.01463,16710.0
1453.2,16.56,-1.459,0.03244,16770.0
1453.25,16.41,-1.41,0.07816,16810.0
1453.3,16.26,-1.361,0.1239,16830.0
1453.35,16.35,-1.298,0.05414,16810.0
1453.4,16.44,-1.236,-0.01561,16780.0
1453.45,16.5,-1.098,-0.07816,16750.0
1453.5,16.56,-0.961,-0.1407,16720.0
1453.55,16.64,-0.9986,-0.1856,16720.0
1453.6,16.71,-1.036,-0.2305,16740.0
1453.65,16.64,-1.203,-0.1871,16780.0
1453.7,16.56,-1.369,-0.1436,16830.0
1453.75,16.69,-1.355,-0.2707,16870.0
1453.8,16.82,-1.341,-0.3978,16890.0
1453.85,16.97,-1.125,-0.4311,16890.0
1453.9,17.11,-0.9096,-0.4643,16880.0
1453.95,17.27,-0.7478,-0.3936,16870.0
1454.0,17.42,-0.586,-0.3229,16860.0
1454.05,17.51,-0.3981,-0.3514,16860.0
1454.1,17.61,-0.2102,-0.38,16870.0
1454.15,17.54,-0.156,-0.4364,16890.0
1454.2,17.47,-0.1019,-0.4929,16910.0
1454.25,17.45,-0.3017,-0.5151,16920.0
1454.3,17.43,-0.5016,-0.5373,16920.0
1454.35,17.44,-0.4007,-0.4821,16920.0
1454.4,17.45,-0.2998,-0.427,16950.0
1454.45,17.36,-0.3571,-0.4235,16970.0
1454.5,17.27,-0.4144,-0.42,16980.0
1454.55,17.16,-0.5056,-0.4243,17000.0
1454.6,17.06,-0.5967,-0.4287,17010.0
1454.65,17.08,-0.5868,-0.3596,17010.0
1454.7,17.11,-0.5768,-0.2905,16990.0
1454.75,17.2,-0.6672,-0.3231,16960.0
1454.8,17.28,-0.7576,-0.3558,16950.0
1454.85,17.43,-0.5824,-0.3842,16960.0
1454.9,17.58,-0.4072,-0.4126,16990.0
1454.95,17.63,-0.3589,-0.3567,17030.0
1455.0,17.69,-0.3105,-0.3007,17070.0
1455.05,17.64,-0.4015,-0.1503,17090.0
1455.1,17.59,-0.4924,7.451e-09,17110.0
1455.15,17.69,-0.08857,-0.0506,17110.0
1455.2,17.79,0.3153,-0.1012,17070.0
1455.25,17.79,0.3812,-0.1051,17020.0
1455.3,17.8,0.447,-0.109,16980.0
1455.35,17.79,0.3065,-0.2942,16980.0
1455.4,17.78,0.166,-0.4795,17000.0
1455.45,17.97,0.1517,-0.4725,17030.0
1455.5,18.16,0.1373,-0.4656,17080.0
1455.55,18.09,0.1517,-0.489,17140.0
1455.6,18.02,0.166,-0.5124,17170.0
1455.65,18.04,0.2592,-0.6527,17160.0
1455.7,18.07,0.3523,-0.7931,17120.0
1455.75,18.2,0.09892,-0.6625,17070.0
1455.8,18.33,-0.1545,-0.5319,17040.0
1455.85,18.12,0.01871,-0.3137,17020.0
1455.9,17.92,0.1919,-0.0956,17000.0
1455.95,18.01,0.1855,-0.2095,17010.0
1456.0,18.11,0.1791,-0.3234,17040.0
1456.05,18.14,0.1555,-0.2157,17100.0
1456.1,18.18,0.1318,-0.108,17140.0
1456.15,18.04,0.2669,-0.2102,17180.0
1456.2,17.91,0.4021,-0.3124,17190.0
1456.25,18.03,0.3531,-0.3406,17180.0
1456.3,18.16,0.3041,-0.3687,17160.0
1456.35,18.4,0.2046,-0.1923,17130.0
1456.4,18.64,0.1051,-0.01585,17090.0
1456.45,18.6,0.1304,-0.1334,17050.0
1456.5,18.55,0.1557,-0.2509,17050.0
1456.55,18.51,-0.2566,-0.2046,17070.0
1456.6,18.47,-0.6688,-0.1583,17110.0
1456.65,18.64,-0.5961,-0.1749,17160.0
1456.7,18.82,-0.5235,-0.1914,17210.0
1456.75,18.94,-0.4709,-0.262,17240.0
1456.8,19.05,-0.4184,-0.3326,17240.0
1456.85,19.03,-0.3621,-0.1614,17220.0
1456.9,19.0,-0.3057,0.009755,17180.0
1456.95,18.73,-0.1622,0.1779,17130.0
1457.0,18.46,-0.01871,0.3461,17110.0
1457.05,18.39,-0.06867,0.3233,17100.0
1457.1,18.33,-0.1186,0.3005,17110.0
1457.15,18.52,-0.173,-0.06024,17140.0
1457.2,18.71,-0.2273,-0.4209,17190.0
1457.25,18.6,-0.1505,-0.2577,17240.0
1457.3,18.5,-0.07365,-0.09438,17270.0
1457.35,18.4,-0.3019,0.01707,17270.0
1457.4,18.3,-0.5302,0.1285,17250.0
1457.45,18.28,-0.5239,0.1367,17200.0
1457.5,18.26,-0.5175,0.1449,17150.0
1457.55,18.34,-0.6308,0.3375,17120.0
1457.6,18.42,-0.744,0.5302,17110.0
1457.65,18.46,-0.6236,0.3512,17130.0
1457.7,18.51,-0.5032,0.1722,17190.0
1457.75,18.59,-0.4912,0.04804,17250.0
1457.8,18.67,-0.4793,-0.07609,17300.0
1457.85,18.7,-0.4781,0.03878,17320.0
1457.9,18.74,-0.4769,0.1536,17300.0
1457.95,18.89,-0.5348,0.2725,17250.0
1458.0,19.05,-0.5927,0.3914,17190.0
1458.05,19.09,-0.5129,0.2883,17150.0
1458.1,19.13,-0.4331,0.1851,17120.0
1458.15,19.23,-0.3897,0.2134,17110.0
1458.2,19.33,-0.3463,0.2417,17130.0
1458.25,19.38,-0.3376,0.2463,17180.0
1458.3,19.43,-0.3288,0.2509,17230.0
1458.35,19.48,-0.1903,0.1249,17280.0
1458.4,19.52,-0.05175,-0.001219,17310.0
1458.45,19.51,0.006966,0.04792,17310.0
1458.5,19.5,0.06568,0.09706,17290.0
1458.55,19.44,0.02408,-0.01707,17250.0
1458.6,19.38,-0.01752,-0.1312,17200.0
1458.65,19.33,0.005772,-0.08621,17150.0
1458.7,19.28,0.02906,-0.04121,17120.0
1458.75,19.26,0.03523,-0.1417,17110.0
1458.8,19.24,0.0414,-0.2422,17130.0
1458.85,19.27,0.0215,-0.199,17170.0
1458.9,19.29,0.001592,-0.1558,17220.0
1458.95,19.23,-0.06509,-0.1422,17250.0
1459.0,19.17,-0.1318,-0.1285,17280.0
1459.05,19.17,-0.2293,-0.1714,17270.0
1459.1,19.17,-0.3268,-0.2144,17250.0
1459.15,19.06,-0.4542,-0.08731,17210.0
1459.2,18.94,-0.5816,0.03975,17160.0
1459.25,18.86,-0.3694,0.05377,17110.0
1459.3,18.77,-0.1572,0.0678,17080.0
1459.35,18.85,-0.2181,0.01683,17070.0
1459.4,18.94,-0.2791,-0.03414,17090.0
1459.45,18.88,-0.2142,-0.08353,17140.0
1459.5,18.81,-0.1493,-0.1329,17210.0
1459.55,18.79,-0.2631,0.06853,17260.0
1459.6,18.77,-0.377,0.27,17280.0
1459.65,18.6,-0.4506,0.3758,17260.0
1459.7,18.43,-0.5243,0.4817,17200.0
1459.75,18.77,-0.5904,0.4829,17140.0
1459.8,19.1,-0.6564,0.4841,17070.0
1459.85,19.28,-0.6521,0.5235,17030.0
1459.9,19.45,-0.6477,0.5629,17020.0
1459.95,19.3,-0.7309,0.3256,17070.0
1460.0,19.16,-0.8141,0.08828,17150.0
1460.05,19.18,-0.8784,-0.1556,17220.0
1460.1,19.2,-0.9427,-0.3995,17270.0
1460.15,19.24,-0.8201,-0.556,17280.0
1460.2,19.28,-0.6974,-0.7126,17240.0
1460.25,19.15,-0.5398,-0.7186,17180.0
1460.3,19.02,-0.3822,-0.7246,17110.0
1460.35,19.09,-0.2486,-0.6902,17040.0
1460.4,19.16,-0.115,-0.6558,16990.0
1460.45,19.2,-0.03324,-0.3552,17000.0
1460.5,19.24,0.04857,-0.05463,17050.0
1460.55,19.14,0.1254,-0.004024,17120.0
1460.6,19.05,0.2022,0.04658,17190.0
1460.65,19.03,0.377,-0.146,17250.0
1460.7,19.0,0.5517,-0.3385,17270.0
1460.75,19.11,0.6095,-0.3667,17250.0
1460.8,19.21,0.6672,-0.3948,17190.0
1460.85,19.2,0.4896,-0.4275,17110.0
1460.9,19.2,0.3121,-0.4602,17050.0
1460.95,19.04,0.1113,-0.3645,17000.0
1461.0,18.88,-0.08957,-0.2688,17000.0
1461.05,19.07,-0.09912,-0.2936,17030.0
1461.1,19.26,-0.1087,-0.3185,17090.0
1461.15,19.29,0.08798,-0.2446,17150.0
1461.2,19.33,0.2846,-0.1707,17200.0
1461.25,19.29,0.3153,0.09755,17230.0
1461.3,19.24,0.3459,0.3658,17210.0
1461.35,19.02,0.09972,0.4891,17160.0
1461.4,18.8,-0.1465,0.6124,17100.0
1461.45,18.76,-0.08698,0.5242,17040.0
1461.5,18.72,-0.02747,0.436,16980.0
1461.55,18.6,-0.0613,0.5118,16960.0
1461.6,18.47,-0.09514,0.5875,16990.0
1461.65,18.41,-0.00617,0.4726,17040.0
1461.7,18.35,0.0828,0.3578,17100.0
1461.75,18.32,0.04877,0.2777,17140.0
1461.8,18.29,0.01473,0.1975,17160.0
1461.85,18.14,-0.04817,0.2661,17150.0
1461.9,17.99,-0.1111,0.3346,17100.0
1461.95,18.0,-0.05951,0.2474,17040.0
1462.0,18.01,-0.007962,0.1602,16980.0
1462.05,17.96,0.05951,0.01183,16950.0
1462.1,17.9,0.127,-0.1366,16950.0
1462.15,17.93,0.00617,-0.08133,16970.0
1462.2,17.96,-0.1146,-0.02609,17000.0
1462.25,17.82,0.05712,-0.01573,17040.0
1462.3,17.68,0.2289,-0.005365,17090.0
1462.35,17.8,0.02428,-0.0178,17120.0
1462.4,17.92,-0.1803,-0.03024,17120.0
1462.45,17.83,-0.1748,0.05963,17090.0
1462.5,17.75,-0.1692,0.1495,17040.0
1462.55,17.84,-0.1648,-0.1246,16980.0
1462.6,17.93,-0.1604,-0.3987,16920.0
1462.65,17.88,-0.1401,-0.4807,16880.0
1462.7,17.84,-0.1198,-0.5626,16860.0
1462.75,17.8,-0.1994,-0.4787,16890.0
1462.8,17.76,-0.2791,-0.3948,16950.0
1462.85,17.79,-0.3372,-0.5203,17020.0
1462.9,17.83,-0.3953,-0.6458,17080.0
1462.95,17.93,-0.3392,-0.4817,17100.0
1463.0,18.03,-0.283,-0.3175,17090.0
1463.05,17.85,-0.3895,-0.4004,17050.0
1463.1,17.66,-0.496,-0.4834,16980.0
1463.15,17.48,-0.5267,-0.4321,16930.0
1463.2,17.29,-0.5573,-0.3809,16880.0
1463.25,17.2,-0.6871,-0.2917,16860.0
1463.3,17.11,-0.8169,-0.2024,16850.0
1463.35,17.15,-0.7826,-0.3781,16880.0
1463.4,17.19,-0.7484,-0.5538,16920.0
1463.45,17.25,-0.6893,-0.5123,16970.0
1463.5,17.31,-0.6302,-0.4707,17010.0
1463.55,17.34,-0.6172,-0.508,17020.0
1463.6,17.38,-0.6043,-0.5453,17020.0
1463.65,17.37,-0.4174,-0.6262,16990.0
1463.7,17.36,-0.2305,-0.707,16940.0
1463.75,17.36,-0.1758,-0.7158,16890.0
1463.8,17.36,-0.121,-0.7246,16850.0
1463.85,17.34,-0.1172,-0.5423,16830.0
1463.9,17.32,-0.1135,-0.36,16820.0
1463.95,17.25,-0.1322,-0.3391,16820.0
1464.0,17.18,-0.1509,-0.3183,16840.0
1464.05,17.29,-0.1447,-0.4754,16860.0
1464.1,17.4,-0.1385,-0.6326,16870.0
1464.15,17.48,-0.03503,-0.7958,16850.0
1464.2,17.56,0.06847,-0.9589,16830.0
1464.25,17.64,-0.1113,-0.9875,16820.0
1464.3,17.72,-0.291,-1.016,16800.0
1464.35,17.6,-0.2343,-0.9633,16780.0
1464.4,17.49,-0.1775,-0.9106,16780.0
1464.45,17.5,-0.1879,-0.9854,16780.0
1464.5,17.51,-0.1982,-1.06,16790.0
1464.55,17.4,-0.2394,-0.9661,16790.0
1464.6,17.28,-0.2806,-0.8721,16780.0
1464.65,17.24,-0.2249,-0.7664,16770.0
1464.7,17.19,-0.1692,-0.6607,16770.0
1464.75,17.08,-0.1584,-0.5212,16760.0
1464.8,16.97,-0.1477,-0.3817,16740.0
1464.85,16.92,-0.1208,-0.2616,16710.0
1464.9,16.87,-0.09395,-0.1414,16690.0
1464.95,16.97,0.002588,-0.3798,16690.0
1465.0,17.07,0.09912,-0.6182,16700.0
1465.05,17.04,0.2906,-0.7121,16720.0
1465.1,17.01,0.4821,-0.806,16730.0
1465.15,17.21,0.3943,-0.7324,16760.0
1465.2,17.41,0.3065,-0.6587,16780.0
1465.25,17.44,0.334,-0.3598,16790.0
1465.3,17.47,0.3615,-0.06097,16760.0
1465.35,17.45,0.2142,-0.0706,16710.0
1465.4,17.44,0.06688,-0.08024,16660.0
1465.45,17.29,0.04996,-0.2747,16640.0
1465.5,17.14,0.03304,-0.4692,16630.0
1465.55,16.96,0.252,-0.6626,16640.0
1465.6,16.79,0.4709,-0.856,16660.0
1465.65,16.55,0.581,-0.954,16690.0
1465.7,16.3,0.6911,-1.052,16720.0
1465.75,16.34,0.6296,-1.061,16720.0
1465.8,16.37,0.5681,-1.07,16700.0
1465.85,16.46,0.5093,-1.266,16680.0
1465.9,16.55,0.4506,-1.462,16680.0
1465.95,16.72,0.2808,-1.224,16680.0
1466.0,16.9,0.1111,-0.9865,16670.0
1466.05,16.98,0.2355,-1.035,16660.0
1466.1,17.06,0.3599,-1.084,16660.0
1466.15,16.94,0.4624,-1.066,16650.0
1466.2,16.83,0.5649,-1.049,16620.0
1466.25,16.72,0.6146,-1.223,16590.0
1466.3,16.6,0.6644,-1.397,16570.0
1466.35,16.58,0.6662,-1.012,16580.0
1466.4,16.57,0.668,-0.627,16590.0
1466.45,16.6,0.544,-0.4923,16590.0
1466.5,16.63,0.42,-0.3575,16580.0
1466.55,16.59,0.3165,-0.2523,16590.0
1466.6,16.55,0.213,-0.1471,16590.0
1466.65,16.61,0.3013,-0.2652,16590.0
1466.7,16.68,0.3897,-0.3834,16580.0
1466.75,16.6,0.3173,-0.3576,16580.0
1466.8,16.52,0.2448,-0.3319,16580.0
1466.85,16.43,0.1785,-0.4593,16570.0
1466.9,16.34,0.1123,-0.5868,16550.0
1466.95,16.11,0.176,-0.6685,16510.0
1467.0,15.88,0.2396,-0.7502,16500.0
1467.05,15.81,0.3326,-0.8845,16500.0
1467.1,15.74,0.4256,-1.019,16520.0
1467.15,15.69,0.3047,-1.08,16530.0
1467.2,15.65,0.1839,-1.141,16540.0
1467.25,15.55,0.08698,-1.018,16540.0
1467.3,15.46,-0.009952,-0.8953,16550.0
1467.35,15.36,0.0834,-0.8165,16550.0
1467.4,15.27,0.1767,-0.7377,16530.0
1467.45,15.11,0.245,-0.7672,16510.0
1467.5,14.95,0.3133,-0.7967,16500.0
1467.55,15.19,0.4522,-0.867,16490.0
1467.6,15.42,0.5912,-0.9372,16490.0
1467.65,15.17,0.3607,-0.9755,16490.0
1467.7,14.92,0.1302,-1.014,16500.0
1467.75,15.07,0.2466,-1.023,16510.0
1467.8,15.23,0.3631,-1.032,16510.0
1467.85,15.12,0.4576,-0.8683,16500.0
1467.9,15.02,0.5521,-0.7046,16480.0
1467.95,14.93,0.4482,-0.5187,16460.0
1468.0,14.84,0.3443,-0.3329,16440.0
1468.05,14.95,0.3222,-0.3168,16420.0
1468.1,15.05,0.3002,-0.3007,16410.0
1468.15,15.16,0.4319,-0.3742,16410.0
1468.2,15.27,0.5637,-0.4478,16420.0
1468.25,15.42,0.6885,-0.4357,16450.0
1468.3,15.57,0.8133,-0.4236,16470.0
1468.35,15.74,0.7631,-0.3463,16490.0
1468.4,15.91,0.713,-0.269,16490.0
1468.45,15.91,0.5609,-0.4075,16470.0
1468.5,15.91,0.4088,-0.546,16440.0
1468.55,15.88,0.4433,-0.6147,16380.0
1468.6,15.86,0.4777,-0.6833,16320.0
1468.65,15.74,0.4391,-0.5801,16280.0
1468.7,15.62,0.4005,-0.4768,16260.0
1468.75,15.52,0.3615,-0.3486,16260.0
1468.8,15.42,0.3224,-0.2205,16290.0
1468.85,15.45,0.299,-0.3735,16340.0
1468.9,15.48,0.2755,-0.5265,16380.0
1468.95,15.5,0.3,-0.569,16400.0
1469.0,15.52,0.3244,-0.6114,16400.0
1469.05,15.35,0.3533,-0.521,16360.0
1469.1,15.19,0.3822,-0.4307,16300.0
1469.15,15.25,0.4562,-0.3886,16230.0
1469.2,15.31,0.5302,-0.3465,16180.0
1469.25,15.17,0.5275,-0.3215,16150.0
1469.3,15.02,0.5247,-0.2966,16160.0
1469.35,15.13,0.5629,-0.3105,16200.0
1469.4,15.23,0.6011,-0.3244,16260.0
1469.45,15.27,0.5679,-0.2862,16300.0
1469.5,15.31,0.5346,-0.248,16310.0
1469.55,15.34,0.7424,-0.3989,16300.0
1469.6,15.36,0.9502,-0.5497,16260.0
1469.65,15.34,0.957,-0.6526,16210.0
1469.7,15.33,0.9638,-0.7555,16160.0
1469.75,15.55,0.9661,-0.597,16130.0
1469.8,15.77,0.9685,-0.4385,16130.0
1469.85,15.78,0.8585,-0.3718,16150.0
1469.9,15.79,0.7484,-0.3051,16160.0
1469.95,15.72,1.094,-0.2608,16170.0
1470.0,15.66,1.439,-0.2166,16180.0
1470.05,15.78,1.538,-0.1956,16180.0
1470.1,15.9,1.637,-0.1746,16180.0
1470.15,16.01,1.586,-0.3825,16160.0
1470.2,16.11,1.535,-0.5904,16140.0
1470.25,16.03,1.584,-0.554,16120.0
1470.3,15.95,1.633,-0.5175,16100.0
1470.35,15.89,1.66,-0.292,16070.0
1470.4,15.83,1.687,-0.06658,16050.0
1470.45,15.85,1.738,-0.1482,16050.0
1470.5,15.88,1.789,-0.2297,16060.0
1470.55,15.71,1.909,-0.3647,16080.0
1470.6,15.55,2.03,-0.4997,16090.0
1470.65,15.49,1.848,-0.6158,16090.0
1470.7,15.42,1.666,-0.7319,16090.0
1470.75,15.58,1.52,-0.5125,16070.0
1470.8,15.73,1.375,-0.2931,16030.0
1470.85,15.71,1.455,-0.2829,15990.0
1470.9,15.69,1.536,-0.2727,15950.0
1470.95,15.57,1.511,-0.4262,15940.0
1471.0,15.46,1.486,-0.5797,15950.0
1471.05,15.59,1.258,-0.467,15970.0
1471.1,15.72,1.03,-0.3544,15990.0
1471.15,15.8,1.001,-0.2769,16000.0
1471.2,15.88,0.9725,-0.1995,15980.0
1471.25,15.7,0.8718,-0.3006,15940.0
1471.3,15.52,0.7711,-0.4017,15880.0
1471.35,15.7,0.7679,-0.4863,15820.0
1471.4,15.87,0.7647,-0.5709,15770.0
1471.45,15.66,0.6913,-0.4947,15750.0
1471.5,15.45,0.6178,-0.4185,15740.0
1471.55,15.5,0.673,-0.5197,15770.0
1471.6,15.54,0.7281,-0.6209,15800.0
1471.65,15.52,0.7888,-0.6459,15830.0
1471.7,15.51,0.8495,-0.6709,15830.0
1471.75,15.43,0.6962,-0.6083,15820.0
1471.8,15.36,0.543,-0.5458,15780.0
1471.85,15.36,0.6085,-0.5296,15730.0
1471.9,15.36,0.674,-0.5134,15670.0
1471.95,15.38,0.6242,-0.5324,15610.0
1472.0,15.4,0.5744,-0.5514,15580.0
1472.05,15.64,0.3615,-0.537,15570.0
1472.1,15.89,0.1485,-0.5226,15610.0
1472.15,15.7,0.2034,-0.5805,15660.0
1472.2,15.51,0.2584,-0.6385,15720.0
1472.25,15.23,0.4086,-0.7018,15760.0
1472.3,14.95,0.5589,-0.765,15760.0
1472.35,14.98,0.4719,-0.8542,15720.0
1472.4,15.0,0.3849,-0.9433,15650.0
1472.45,14.89,0.4208,-0.9101,15580.0
1472.5,14.78,0.4566,-0.877,15520.0
1472.55,14.75,0.4337,-0.8144,15490.0
1472.6,14.73,0.4108,-0.7519,15490.0
1472.65,14.64,0.1443,-0.6083,15530.0
1472.7,14.56,-0.1222,-0.4648,15580.0
1472.75,14.44,-0.284,-0.4682,15620.0
1472.8,14.32,-0.4459,-0.4717,15640.0
1472.85,14.14,-0.2739,-0.4928,15640.0
1472.9,13.96,-0.1019,-0.5138,15600.0
1472.95,13.96,-0.2832,-0.338,15550.0
1473.0,13.97,-0.4646,-0.1622,15490.0
1473.05,13.89,-0.2596,-0.1556,15450.0
1473.1,13.81,-0.05454,-0.149,15430.0
1473.15,13.85,-0.01951,-0.1071,15430.0
1473.2,13.89,0.01553,-0.06511,15460.0
1473.25,13.88,0.05394,-0.1278,15500.0
1473.3,13.87,0.09236,-0.1905,15530.0
1473.35,13.84,0.1963,-0.1123,15530.0
1473.4,13.82,0.3002,-0.03414,15510.0
1473.45,13.71,0.3047,-0.0128,15470.0
1473.5,13.59,0.3093,0.008536,15410.0
1473.55,13.4,0.1483,-0.035,15360.0
1473.6,13.21,-0.01274,-0.07853,15320.0
1473.65,13.29,-0.06767,0.01585,15310.0
1473.7,13.38,-0.1226,0.1102,15330.0
1473.75,13.43,-0.2458,0.01354,15370.0
1473.8,13.49,-0.369,-0.08316,15400.0
1473.85,13.55,-0.4098,0.1719,15410.0
1473.9,13.62,-0.4506,0.427,15400.0
1473.95,13.67,-0.2936,0.4236,15390.0
1474.0,13.73,-0.1365,0.4202,15350.0
1474.05,13.62,-0.06728,0.424,15290.0
1474.1,13.51,0.00199,0.4278,15230.0
1474.15,13.46,-0.1628,0.2857,15180.0
1474.2,13.41,-0.3276,0.1436,15170.0
1474.25,13.39,-0.2074,0.2103,15170.0
1474.3,13.37,-0.08718,0.277,15190.0
1474.35,13.21,-0.1666,0.5343,15210.0
1474.4,13.05,-0.246,0.7916,15250.0
1474.45,12.92,-0.1077,0.7743,15280.0
1474.5,12.79,0.03065,0.757,15290.0
1474.55,12.84,0.04658,0.8359,15270.0
1474.6,12.89,0.0625,0.9148,15240.0
1474.65,12.85,0.1294,0.7963,15200.0
1474.7,12.81,0.1963,0.6777,15160.0
1474.75,13.02,-0.09693,0.4907,15130.0
1474.8,13.24,-0.3901,0.3036,15110.0
1474.85,13.28,-0.3722,0.441,15100.0
1474.9,13.32,-0.3543,0.5785,15120.0
1474.95,13.09,-0.2265,0.599,15140.0
1475.0,12.86,-0.09872,0.6194,15160.0
1475.05,12.93,-0.204,0.5421,15170.0
1475.1,12.99,-0.3093,0.4648,15180.0
1475.15,13.1,-0.1754,0.3479,15190.0
1475.2,13.21,-0.0414,0.231,15170.0
1475.25,13.13,-0.0408,0.2834,15140.0
1475.3,13.05,-0.04021,0.3358,15120.0
1475.35,13.0,0.2355,0.2289,15110.0
1475.4,12.95,0.5111,0.1219,15110.0
1475.45,12.91,0.5679,0.2839,15120.0
1475.5,12.87,0.6246,0.4458,15120.0
1475.55,12.89,0.46,0.3575,15120.0
1475.6,12.91,0.2954,0.2692,15100.0
1475.65,12.92,0.1228,0.2547,15080.0
1475.7,12.93,-0.04976,0.2402,15060.0
1475.75,12.98,-0.1005,0.3943,15040.0
1475.8,13.04,-0.1513,0.5485,15040.0
1475.85,13.05,-0.06051,0.4714,15070.0
1475.9,13.06,0.03025,0.3943,15100.0
1475.95,13.03,0.09196,0.4581,15120.0
1476.0,13.0,0.1537,0.5219,15110.0
1476.05,13.03,0.2207,0.5768,15080.0
1476.1,13.05,0.2878,0.6316,15060.0
1476.15,13.04,0.406,0.5471,15020.0
1476.2,13.02,0.5243,0.4626,14990.0
1476.25,13.14,0.6055,0.2516,14960.0
1476.3,13.25,0.6867,0.04048,14950.0
1476.35,13.21,0.5615,0.07365,14950.0
1476.4,13.17,0.4363,0.1068,14950.0
1476.45,13.19,0.4017,0.2166,14950.0
1476.5,13.2,0.367,0.3263,14960.0
1476.55,13.21,0.2247,0.3429,14970.0
1476.6,13.23,0.0824,0.3595,14970.0
1476.65,13.28,-0.1592,0.3802,14950.0
1476.7,13.33,-0.4009,0.4009,14910.0
1476.75,13.41,-0.3471,0.3828,14880.0
1476.8,13.49,-0.2934,0.3646,14860.0
1476.85,13.79,-0.1652,0.4146,14840.0
1476.9,14.1,-0.03702,0.4646,14810.0
1476.95,14.16,-0.001592,0.538,14800.0
1477.0,14.22,0.03384,0.6114,14800.0
1477.05,14.24,-0.02329,0.6296,14800.0
1477.1,14.26,-0.08041,0.6477,14800.0
1477.15,14.26,-0.05533,0.5202,14810.0
1477.2,14.26,-0.03025,0.3926,14810.0
1477.25,14.36,0.09275,0.2867,14810.0
1477.3,14.46,0.2158,0.1807,14800.0
1477.35,14.53,0.1829,0.2681,14790.0
1477.4,14.6,0.1501,0.3556,14770.0
1477.45,14.66,-0.09833,0.3089,14760.0
1477.5,14.71,-0.3467,0.2622,14750.0
1477.55,14.51,-0.3181,0.2018,14750.0
1477.6,14.3,-0.2894,0.1414,14750.0
1477.65,14.42,-0.3636,0.1883,14750.0
1477.7,14.54,-0.4379,0.2351,14750.0
1477.75,14.63,-0.5663,0.2894,14750.0
1477.8,14.72,-0.6947,0.3436,14740.0
1477.85,14.51,-0.6202,0.3397,14740.0
1477.9,14.29,-0.5458,0.3358,14730.0
1477.95,14.32,-0.6654,0.4252,14740.0
1478.0,14.35,-0.785,0.5146,14740.0
1478.05,14.34,-0.575,0.3834,14750.0
1478.1,14.33,-0.365,0.2522,14740.0
1478.15,14.15,-0.2369,0.2045,14730.0
1478.2,13.96,-0.1087,0.1568,14710.0
1478.25,14.17,-0.1557,0.002805,14700.0
1478.3,14.37,-0.2026,-0.1512,14700.0
1478.35,14.39,-0.1465,-0.09316,14690.0
1478.4,14.4,-0.09036,-0.03512,14690.0
1478.45,14.5,-0.1039,0.02488,14690.0
1478.5,14.59,-0.1174,0.08487,14690.0
1478.55,14.37,-0.02229,0.003048,14680.0
1478.6,14.15,0.07285,-0.07877,14660.0
1478.65,14.17,0.2191,-0.01244,14650.0
1478.7,14.19,0.3654,0.0539,14650.0
1478.75,14.43,0.3274,-0.01329,14640.0
1478.8,14.66,0.2894,-0.08048,14640.0
1478.85,14.79,0.1045,-0.2374,14630.0
1478.9,14.93,-0.08041,-0.3943,14630.0
1478.95,15.01,-0.001592,-0.2369,14620.0
1479.0,15.1,0.07723,-0.0795,14610.0
1479.05,14.95,0.07862,-0.05109,14600.0
1479.1,14.8,0.08001,-0.02268,14590.0
1479.15,14.87,0.1348,0.03256,14590.0
1479.2,14.94,0.1895,0.0878,14590.0
1479.25,14.87,0.3282,0.1085,14570.0
1479.3,14.79,0.467,0.1293,14550.0
1479.35,14.74,0.3567,0.08719,14530.0
1479.4,14.69,0.2464,0.04512,14510.0
1479.45,14.52,0.1385,0.07463,14500.0
1479.5,14.35,0.03065,0.1041,14480.0
1479.55,14.42,0.1885,0.1107,14470.0
1479.6,14.5,0.3463,0.1173,14470.0
1479.65,14.43,0.3726,-0.06768,14470.0
1479.7,14.37,0.3989,-0.2527,14470.0
1479.75,14.3,0.3575,-0.1564,14470.0
1479.8,14.22,0.3161,-0.06024,14460.0
1479.85,14.14,0.203,-0.02195,14450.0
1479.9,14.07,0.08997,0.01634,14430.0
1479.95,14.13,0.02309,0.01914,14410.0
1480.0,14.2,-0.04379,0.02195,14380.0
1480.05,14.06,-0.168,0.1445,14350.0
1480.1,13.93,-0.2922,0.267,14340.0
1480.15,14.14,-0.2245,0.2069,14330.0
1480.2,14.35,-0.1568,0.1468,14340.0
1480.25,14.52,0.02906,0.09475,14350.0
1480.3,14.68,0.215,0.04268,14360.0
1480.35,14.52,0.2801,0.1201,14370.0
1480.4,14.35,0.3451,0.1975,14370.0
1480.45,14.39,0.413,-0.07121,14360.0
1480.5,14.43,0.4809,-0.34,14340.0
1480.55,14.38,0.5358,-0.2256,14310.0
1480.6,14.34,0.5908,-0.1112,14290.0
1480.65,14.42,0.7034,-0.1635,14280.0
1480.7,14.5,0.8161,-0.2158,14270.0
1480.75,14.63,0.6465,-0.3991,14280.0
1480.8,14.76,0.4769,-0.5824,14290.0
1480.85,14.69,0.6146,-0.4014,14300.0
1480.9,14.62,0.7524,-0.2205,14320.0
1480.95,14.73,0.8071,-0.2789,14320.0
1481.0,14.84,0.8619,-0.3373,14310.0
1481.05,14.87,0.7138,-0.451,14300.0
1481.1,14.89,0.5657,-0.5648,14290.0
1481.15,14.97,0.7138,-0.4329,14270.0
1481.2,15.05,0.8619,-0.3009,14270.0
1481.25,15.0,0.8272,-0.3111,14250.0
1481.3,14.95,0.7926,-0.3212,14230.0
1481.35,15.0,0.6929,-0.4759,14220.0
1481.4,15.05,0.5931,-0.6307,14230.0
1481.45,15.02,0.6463,-0.4026,14250.0
1481.5,14.99,0.6994,-0.1746,14250.0
1481.55,15.04,0.8991,-0.1311,14260.0
1481.6,15.09,1.099,-0.08755,14260.0
1481.65,15.11,1.07,-0.1683,14250.0
1481.7,15.13,1.041,-0.249,14230.0
1481.75,15.27,0.9263,-0.4517,14190.0
1481.8,15.4,0.8121,-0.6543,14170.0
1481.85,15.31,0.7148,-0.5546,14170.0
1481.9,15.22,0.6174,-0.4548,14190.0
1481.95,15.04,0.7685,-0.153,14200.0
1482.0,14.87,0.9196,0.1488,14200.0
1482.05,14.67,0.7842,0.3622,14200.0
1482.1,14.48,0.6489,0.5755,14190.0
1482.15,14.2,0.5987,0.4742,14160.0
1482.2,13.93,0.5486,0.3729,14120.0
1482.25,13.89,0.6154,0.2784,14080.0
1482.3,13.85,0.6823,0.1839,14050.0
1482.35,14.07,0.7637,0.3055,14060.0
1482.4,14.28,0.8451,0.427,14070.0
1482.45,14.19,0.9769,0.399,14080.0
1482.5,14.1,1.109,0.3709,14080.0
1482.55,13.92,1.09,0.4115,14080.0
1482.6,13.74,1.072,0.4521,14060.0
1482.65,13.61,1.219,0.5554,14030.0
1482.7,13.49,1.365,0.6587,13990.0
1482.75,13.35,1.393,0.6774,13960.0
1482.8,13.22,1.422,0.696,13950.0
1482.85,13.11,1.328,0.6068,13960.0
1482.9,13.0,1.234,0.5175,13950.0
1482.95,13.05,1.013,0.3414,13950.0
1483.0,13.1,0.7922,0.1653,13950.0
1483.05,13.17,0.9538,0.1215,13940.0
1483.1,13.23,1.115,0.07755,13930.0
1483.15,13.44,1.129,0.362,13920.0
1483.2,13.65,1.143,0.6465,13920.0
1483.25,13.65,1.081,0.7925,13930.0
1483.3,13.64,1.018,0.9384,13930.0
1483.35,13.77,1.119,0.8052,13920.0
1483.4,13.89,1.22,0.6719,13900.0
1483.45,13.91,1.086,0.4973,13900.0
1483.5,13.92,0.9522,0.3226,13900.0
1483.55,14.14,1.016,0.2424,13910.0
1483.6,14.36,1.08,0.1622,13920.0
1483.65,14.18,1.164,0.2338,13920.0
1483.7,14.01,1.247,0.3053,13910.0
1483.75,13.8,1.285,0.2292,13910.0
1483.8,13.6,1.324,0.1532,13900.0
1483.85,13.6,1.187,0.1845,13880.0
1483.9,13.61,1.051,0.2158,13870.0
1483.95,13.63,1.169,0.1578,13870.0
1484.0,13.66,1.286,0.09975,13870.0
1484.05,13.63,1.238,0.1535,13870.0
1484.1,13.6,1.19,0.2073,13860.0
1484.15,13.33,1.184,0.2566,13850.0
1484.2,13.07,1.178,0.3058,13850.0
1484.25,13.21,1.263,0.1596,13840.0
1484.3,13.36,1.349,0.01341,13830.0
1484.35,13.49,1.398,0.2347,13810.0
1484.4,13.62,1.448,0.456,13810.0
1484.45,13.49,1.342,0.3525,13820.0
1484.5,13.35,1.236,0.249,13820.0
1484.55,13.52,1.219,0.113,13810.0
1484.6,13.7,1.202,-0.02292,13790.0
1484.65,13.63,1.155,-0.07877,13780.0
1484.7,13.55,1.108,-0.1346,13780.0
1484.75,13.5,1.103,-0.006707,13770.0
1484.8,13.45,1.098,0.1212,13760.0
1484.85,13.45,1.103,-0.01536,13750.0
1484.9,13.44,1.108,-0.1519,13750.0
1484.95,13.42,0.9737,-0.04512,13750.0
1485.0,13.4,0.8392,0.0617,13730.0
1485.05,13.3,0.7918,0.0756,13710.0
1485.1,13.2,0.7444,0.0895,13700.0
1485.15,13.11,0.3644,0.2795,13710.0
1485.2,13.01,-0.01553,0.4695,13710.0
1485.25,12.91,0.04618,0.5041,13720.0
1485.3,12.81,0.1079,0.5387,13720.0
1485.35,12.71,0.1232,0.4946,13720.0
1485.4,12.62,0.1385,0.4504,13700.0
1485.45,12.5,0.2044,0.5387,13660.0
1485.5,12.38,0.2703,0.627,13620.0
1485.55,12.27,0.338,0.7381,13600.0
1485.6,12.16,0.4056,0.8492,13590.0
1485.65,12.32,0.326,0.8759,13600.0
1485.7,12.47,0.2464,0.9026,13610.0
1485.75,12.52,0.2225,1.01,13630.0
1485.8,12.57,0.1986,1.118,13640.0
1485.85,12.52,0.03065,0.9312,13650.0
1485.9,12.47,-0.1373,0.7441,13630.0
1485.95,12.62,0.1523,0.7181,13590.0
1486.0,12.78,0.4419,0.6921,13570.0
1486.05,12.62,0.4088,0.6535,13550.0
1486.1,12.46,0.3758,0.6148,13550.0
1486.15,12.52,0.3993,0.4001,13550.0
1486.2,12.58,0.4228,0.1853,13560.0
1486.25,12.44,0.3366,0.2138,13580.0
1486.3,12.31,0.2504,0.2422,13600.0
1486.35,12.05,0.05693,0.1189,13610.0
1486.4,11.79,-0.1365,-0.00439,13600.0
1486.45,11.98,-0.1029,-0.03305,13580.0
1486.5,12.17,-0.06927,-0.0617,13560.0
1486.55,12.11,0.2753,0.0004877,13550.0
1486.6,12.05,0.6198,0.06268,13550.0
1486.65,12.08,0.5959,-0.09731,13550.0
1486.7,12.11,0.572,-0.2573,13570.0
1486.75,12.13,0.5002,0.03695,13590.0
1486.8,12.14,0.4283,0.3312,13600.0
1486.85,12.38,0.3,0.3512,13600.0
1486.9,12.62,0.1716,0.3712,13590.0
1486.95,12.62,0.1119,0.4574,13580.0
1487.0,12.62,0.05215,0.5436,13560.0
1487.05,12.58,0.01911,0.4969,13530.0
1487.1,12.54,-0.01393,0.4502,13510.0
1487.15,12.54,0.2249,0.5943,13510.0
1487.2,12.55,0.4638,0.7385,13520.0
1487.25,12.61,0.5042,0.6466,13540.0
1487.3,12.67,0.5446,0.5548,13560.0
1487.35,12.62,0.2996,0.4423,13560.0
1487.4,12.57,0.05454,0.3297,13570.0
1487.45,12.65,-0.09753,0.2088,13560.0
1487.5,12.74,-0.2496,0.0878,13550.0
1487.55,12.7,-0.1865,0.2753,13530.0
1487.6,12.66,-0.1234,0.4629,13510.0
1487.65,12.76,-0.03702,0.337,13510.0
1487.7,12.86,0.04936,0.2112,13520.0
1487.75,12.86,-0.01712,0.2889,13540.0
1487.8,12.85,-0.0836,0.3665,13550.0
1487.85,12.93,0.07265,0.534,13570.0
1487.9,13.0,0.2289,0.7014,13570.0
1487.95,12.98,0.07126,0.6301,13560.0
1488.0,12.96,-0.08638,0.5587,13530.0
1488.05,12.92,0.2136,0.3476,13510.0
1488.1,12.87,0.5135,0.1366,13500.0
1488.15,13.0,0.5372,0.1222,13500.0
1488.2,13.12,0.5609,0.1078,13510.0
1488.25,13.23,0.6481,0.09865,13520.0
1488.3,13.33,0.7353,0.0895,13530.0
1488.35,13.35,0.6941,0.4501,13530.0
1488.4,13.37,0.6529,0.8106,13530.0
1488.45,13.19,0.7488,0.7032,13520.0
1488.5,13.0,0.8447,0.5958,13500.0
1488.55,12.77,0.7313,0.5341,13480.0
1488.6,12.54,0.6178,0.4724,13460.0
1488.65,12.43,0.6809,0.4612,13440.0
1488.7,12.32,0.744,0.45,13420.0
1488.75,12.38,0.6367,0.3047,13410.0
1488.8,12.44,0.5295,0.1595,13420.0
1488.85,12.54,0.5943,0.1733,13440.0
1488.9,12.64,0.6592,0.1871,13470.0
1488.95,12.58,0.7175,0.2406,13490.0
1489.0,12.53,0.7759,0.2941,13490.0
1489.05,12.53,1.056,0.3926,13470.0
1489.1,12.53,1.337,0.4912,13430.0
1489.15,12.4,1.299,0.3584,13390.0
1489.2,12.28,1.262,0.2256,13370.0
1489.25,12.25,1.167,0.4162,13360.0
1489.3,12.23,1.072,0.6068,13370.0
1489.35,12.12,1.085,0.5074,13400.0
1489.4,12.02,1.099,0.408,13450.0
1489.45,12.15,0.9443,0.1718,13490.0
1489.5,12.29,0.7898,-0.06438,13510.0
1489.55,12.39,0.6312,0.2577,13510.0
1489.6,12.5,0.4725,0.5797,13510.0
1489.65,12.44,0.284,0.6249,13500.0
1489.7,12.38,0.09554,0.6702,13480.0
1489.75,12.27,0.1722,0.4003,13460.0
1489.8,12.16,0.2488,0.1305,13450.0
1489.85,12.09,0.4906,0.1646,13460.0
1489.9,12.01,0.7325,0.1988,13480.0
1489.95,12.21,0.6355,0.1008,13500.0
1490.0,12.4,0.5386,0.002926,13520.0
1490.05,12.41,0.5231,-0.08011,13540.0
1490.1,12.43,0.5076,-0.1632,13570.0
1490.15,12.38,0.4863,-0.01012,13590.0
1490.2,12.33,0.465,0.1429,13590.0
1490.25,12.48,0.3272,0.2149,13570.0
1490.3,12.62,0.1895,0.2868,13570.0
1490.35,12.5,0.07603,0.2429,13570.0
1490.4,12.38,-0.03742,0.199,13580.0
1490.45,12.54,-0.2114,0.1645,13580.0
1490.5,12.69,-0.3853,0.13,13590.0
1490.55,12.69,-0.4363,0.27,13610.0
1490.6,12.69,-0.4873,0.41,13630.0
1490.65,12.65,-0.4871,0.225,13640.0
1490.7,12.62,-0.4869,0.04,13630.0
1490.75,12.67,-0.4956,-0.07719,13620.0
1490.8,12.72,-0.5044,-0.1944,13620.0
1490.85,12.66,-0.4176,-0.328,13620.0
1490.9,12.59,-0.3308,-0.4617,13630.0
1490.95,12.6,-0.2627,-0.3878,13640.0
1491.0,12.6,-0.1947,-0.3139,13660.0
1491.05,12.49,-0.04538,-0.07328,13690.0
1491.1,12.38,0.1039,0.1673,13710.0
1491.15,12.5,0.04677,0.07548,13690.0
1491.2,12.61,-0.01035,-0.01634,13660.0
1491.25,12.52,0.07026,-0.09365,13630.0
1491.3,12.43,0.1509,-0.171,13600.0
1491.35,12.5,0.2478,-0.1738,13580.0
1491.4,12.57,0.3447,-0.1766,13570.0
1491.45,12.66,0.2456,-0.04146,13570.0
1491.5,12.76,0.1465,0.09365,13580.0
1491.55,12.68,0.07862,0.0667,13610.0
1491.6,12.6,0.01075,0.03975,13620.0
1491.65,12.59,0.01891,-0.1096,13640.0
1491.7,12.57,0.02707,-0.259,13650.0
1491.75,12.5,-0.004976,-0.2986,13660.0
1491.8,12.43,-0.03702,-0.3383,13660.0
1491.85,12.62,-0.02588,-0.2513,13640.0
1491.9,12.8,-0.01473,-0.1644,13600.0
1491.95,12.77,-0.03941,-0.1478,13550.0
1492.0,12.75,-0.06409,-0.1312,13530.0
1492.05,12.74,-0.2747,-0.03097,13510.0
1492.1,12.73,-0.4853,0.06926,13510.0
1492.15,12.68,-0.467,0.2129,13530.0
1492.2,12.63,-0.4486,0.3565,13580.0
1492.25,12.58,-0.1767,0.3972,13630.0
1492.3,12.53,0.09514,0.4378,13660.0
1492.35,12.87,0.3845,0.3956,13680.0
1492.4,13.2,0.674,0.3534,13690.0
1492.45,13.23,0.3905,0.3986,13680.0
1492.5,13.26,0.1071,0.4439,13670.0
1492.55,13.18,0.3268,0.3173,13650.0
1492.6,13.11,0.5466,0.1907,13630.0
1492.65,13.06,0.4439,0.1628,13630.0
1492.7,13.02,0.3412,0.1349,13640.0
1492.75,12.94,0.2886,0.2709,13660.0
1492.8,12.85,0.2361,0.407,13680.0
1492.85,12.95,0.1198,0.3592,13690.0
1492.9,13.04,0.003583,0.3114,13720.0
1492.95,13.08,0.01931,0.1199,13740.0
1493.0,13.12,0.03503,-0.0717,13750.0
1493.05,13.28,0.05931,-0.07536,13760.0
1493.1,13.45,0.0836,-0.07902,13770.0
1493.15,13.38,0.1925,-0.05609,13780.0
1493.2,13.31,0.3013,-0.03317,13790.0
1493.25,13.45,0.3197,-0.2951,13790.0
1493.3,13.59,0.338,-0.557,13790.0
1493.35,13.64,0.464,-0.3748,13790.0
1493.4,13.69,0.59,-0.1927,13790.0
1493.45,13.83,0.5621,-0.02792,13790.0
1493.5,13.97,0.5342,0.1368,13790.0
1493.55,14.07,0.3754,0.1727,13800.0
1493.6,14.16,0.2166,0.2085,13810.0
1493.65,14.05,0.1192,0.1408,13810.0
1493.7,13.93,0.02189,0.07316,13800.0
1493.75,13.99,-0.05792,0.02085,13800.0
1493.8,14.05,-0.1377,-0.03146,13820.0
1493.85,14.06,-0.2586,0.1617,13850.0
1493.9,14.06,-0.3794,0.3548,13880.0
1493.95,14.06,-0.1973,0.3448,13900.0
1494.0,14.06,-0.01513,0.3348,13910.0
1494.05,14.2,0.003384,0.3313,13900.0
1494.1,14.35,0.02189,0.3278,13860.0
1494.15,14.31,0.1813,0.2497,13810.0
1494.2,14.26,0.3408,0.1717,13770.0
1494.25,14.24,0.4327,0.3297,13760.0
1494.3,14.21,0.5247,0.4878,13770.0
1494.35,14.17,0.4357,0.6708,13790.0
1494.4,14.13,0.3467,0.8538,13830.0
1494.45,14.16,0.4693,0.7909,13870.0
1494.5,14.18,0.5919,0.728,13900.0
1494.55,14.44,0.6286,0.544,13910.0
1494.6,14.69,0.6652,0.36,13910.0
1494.65,14.61,0.5798,0.2829,13890.0
1494.7,14.52,0.4944,0.2058,13870.0
1494.75,14.57,0.2082,0.1223,13840.0
1494.8,14.61,-0.07802,0.03878,13800.0
1494.85,14.74,-0.07345,0.01671,13780.0
1494.9,14.87,-0.06887,-0.005365,13770.0
1494.95,14.92,0.08599,0.1056,13780.0
1495.0,14.96,0.2408,0.2166,13810.0
1495.05,15.04,0.05593,-0.03317,13840.0
1495.1,15.12,-0.129,-0.2829,13880.0
1495.15,15.03,-0.2834,-0.2353,13910.0
1495.2,14.95,-0.4379,-0.1878,13940.0
1495.25,15.0,-0.3722,-0.1379,13950.0
1495.3,15.04,-0.3065,-0.08804,13940.0
1495.35,15.05,-0.1588,-0.05463,13930.0
1495.4,15.06,-0.01115,-0.02122,13910.0
1495.45,14.98,-0.1947,0.05524,13900.0
1495.5,14.91,-0.3782,0.1317,13890.0
1495.55,14.74,-0.5492,0.0856,13890.0
1495.6,14.56,-0.7201,0.03951,13900.0
1495.65,14.54,-0.6381,-0.1178,13920.0
1495.7,14.51,-0.5561,-0.2751,13940.0
1495.75,14.43,-0.4212,-0.1933,13970.0
1495.8,14.35,-0.2862,-0.1115,14000.0
1495.85,14.49,-0.4421,-0.1894,14030.0
1495.9,14.63,-0.5979,-0.2673,14060.0
1495.95,14.71,-0.5605,-0.1134,14070.0
1496.0,14.79,-0.5231,0.04048,14070.0
1496.05,14.74,-0.6447,0.31,14060.0
1496.1,14.68,-0.7663,0.5794,14050.0
1496.15,14.7,-0.703,0.3867,14050.0
1496.2,14.71,-0.6397,0.1939,14040.0
1496.25,14.66,-0.7175,0.3051,14030.0
1496.3,14.6,-0.7954,0.4163,14020.0
1496.35,14.53,-0.8358,0.528,14030.0
1496.4,14.46,-0.8762,0.6397,14050.0
1496.45,14.58,-0.7992,0.788,14070.0
1496.5,14.7,-0.7221,0.9362,14090.0
1496.55,14.87,-0.7054,0.9449,14120.0
1496.6,15.05,-0.6887,0.9536,14160.0
1496.65,15.04,-0.5179,0.9744,14180.0
1496.7,15.04,-0.3471,0.9953,14180.0
1496.75,14.97,-0.1769,0.9837,14160.0
1496.8,14.91,-0.006767,0.9721,14140.0
1496.85,14.86,0.08937,0.7891,14120.0
1496.9,14.81,0.1855,0.606,14090.0
1496.95,14.74,0.2056,0.5285,14070.0
1497.0,14.67,0.2257,0.4509,14070.0
1497.05,14.56,0.1381,0.4847,14080.0
1497.1,14.45,0.05056,0.5185,14110.0
1497.15,14.42,0.00836,0.6615,14130.0
1497.2,14.4,-0.03384,0.8045,14140.0
1497.25,14.5,-0.02966,0.6527,14160.0
1497.3,14.6,-0.02548,0.5009,14190.0
1497.35,14.59,-0.1632,0.3728,14210.0
1497.4,14.58,-0.301,0.2446,14210.0
1497.45,14.51,-0.2956,0.4412,14200.0
1497.5,14.45,-0.2902,0.6377,14190.0
1497.55,14.4,-0.2225,0.6052,14170.0
1497.6,14.34,-0.1549,0.5726,14140.0
1497.65,14.26,-0.1861,0.7252,14110.0
1497.7,14.18,-0.2174,0.8777,14100.0
1497.75,14.16,-0.1839,0.7219,14130.0
1497.8,14.15,-0.1505,0.566,14170.0
1497.85,13.98,-0.1202,0.4286,14200.0
1497.9,13.81,-0.08997,0.2912,14230.0
1497.95,13.72,-0.2022,0.1836,14250.0
1498.0,13.62,-0.3145,0.07609,14270.0
1498.05,13.65,0.01135,0.04439,14270.0
1498.1,13.69,0.3372,0.01268,14260.0
1498.15,13.63,0.2834,0.1903,14260.0
1498.2,13.56,0.2297,0.368,14270.0
1498.25,13.72,0.173,0.1383,14280.0
1498.3,13.87,0.1162,-0.09145,14280.0
1498.35,13.85,0.1935,0.02097,14260.0
1498.4,13.84,0.2707,0.1334,14230.0
1498.45,13.75,0.08459,0.2241,14220.0
1498.5,13.67,-0.1015,0.3148,14210.0
1498.55,13.56,-0.05712,0.3901,14210.0
1498.6,13.45,-0.01274,0.4653,14230.0
1498.65,13.48,-0.05752,0.4313,14280.0
1498.7,13.52,-0.1023,0.3973,14350.0
1498.75,13.5,-0.09236,0.6454,14400.0
1498.8,13.49,-0.0824,0.8936,14400.0
1498.85,13.54,-0.008758,0.7038,14380.0
1498.9,13.6,0.06489,0.5141,14350.0
1498.95,13.61,0.08559,0.5407,14310.0
1499.0,13.61,0.1063,0.5673,14270.0
1499.05,13.53,0.2701,0.6543,14230.0
1499.1,13.44,0.4339,0.7414,14230.0
1499.15,13.42,0.5207,0.5562,14260.0
1499.2,13.39,0.6075,0.3709,14310.0
1499.25,13.36,0.6073,0.354,14330.0
1499.3,13.33,0.6071,0.337,14350.0
1499.35,13.37,0.5141,0.3433,14360.0
1499.4,13.41,0.4212,0.3495,14370.0
1499.45,13.61,0.4679,0.2425,14370.0
1499.5,13.81,0.5147,0.1356,14350.0
1499.55,13.81,0.5295,0.1354,14330.0
1499.6,13.82,0.5442,0.1351,14330.0
1499.65,13.86,0.7984,0.2124,14330.0
1499.7,13.9,1.053,0.2897,14320.0
1499.75,14.17,1.241,0.4364,14290.0
1499.8,14.44,1.43,0.5831,14280.0
1499.85,14.34,1.372,0.7393,14300.0
1499.9,14.23,1.314,0.8955,14330.0
1499.95,14.26,1.26,1.062,14360.0
1500.0,14.28,1.205,1.229,14380.0
1500.05,14.34,1.188,1.175,14410.0
1500.1,14.41,1.171,1.12,14420.0
1500.15,14.56,1.139,1.069,14420.0
1500.2,14.71,1.108,1.017,14400.0
1500.25,14.69,1.118,1.028,14370.0
1500.3,14.68,1.128,1.039,14360.0
1500.35,14.64,1.183,1.127,14360.0
1500.4,14.61,1.238,1.214,14360.0
1500.45,14.4,1.256,1.101,14350.0
1500.5,14.19,1.273,0.9887,14360.0
1500.55,14.14,1.383,0.8293,14390.0
1500.6,14.09,1.494,0.6699,14420.0
1500.65,14.18,1.445,0.6622,14440.0
1500.7,14.28,1.397,0.6546,14460.0
1500.75,14.12,1.223,0.5896,14490.0
1500.8,13.97,1.049,0.5246,14520.0
1500.85,14.01,0.9586,0.4864,14510.0
1500.9,14.06,0.8678,0.4482,14480.0
1500.95,13.88,1.063,0.3387,14450.0
1501.0,13.71,1.258,0.2292,14420.0
1501.05,13.89,0.9574,0.3056,14390.0
1501.1,14.08,0.6564,0.3819,14360.0
1501.15,14.14,0.5651,0.3558,14350.0
1501.2,14.21,0.4737,0.3297,14350.0
1501.25,14.1,0.3563,0.2753,14380.0
1501.3,13.98,0.2389,0.221,14410.0
1501.35,14.08,0.3738,0.2495,14430.0
1501.4,14.18,0.5088,0.278,14440.0
1501.45,14.15,0.454,0.2388,14440.0
1501.5,14.12,0.3993,0.1995,14450.0
1501.55,14.09,0.251,0.1166,14430.0
1501.6,14.05,0.1027,0.03365,14400.0
1501.65,14.05,-0.02289,0.1436,14370.0
1501.7,14.06,-0.1485,0.2536,14340.0
1501.75,14.18,-0.208,0.1185,14310.0
1501.8,14.31,-0.2675,-0.01658,14290.0
1501.85,14.24,-0.2976,0.1722,14280.0
1501.9,14.18,-0.3276,0.3609,14290.0
1501.95,14.24,-0.372,0.4557,14300.0
1502.0,14.3,-0.4164,0.5504,14330.0
1502.05,14.34,-0.2952,0.4785,14340.0
1502.1,14.39,-0.174,0.4065,14350.0
1502.15,14.27,-0.1302,0.2911,14370.0
1502.2,14.14,-0.08638,0.1756,14380.0
1502.25,14.2,-0.2335,0.1695,14370.0
1502.3,14.25,-0.3806,0.1634,14350.0
1502.35,14.31,-0.1829,0.01549,14330.0
1502.4,14.38,0.01473,-0.1324,14300.0
1502.45,14.62,-0.04857,-0.03914,14290.0
1502.5,14.86,-0.1119,0.05414,14280.0
1502.55,14.68,-0.3666,0.1894,14290.0
1502.6,14.51,-0.6214,0.3246,14310.0
1502.65,14.4,-0.7122,0.2385,14330.0
1502.7,14.29,-0.8029,0.1524,14350.0
1502.75,14.2,-0.7683,0.1045,14360.0
1502.8,14.11,-0.7337,0.05658,14360.0
1502.85,14.07,-0.7711,-0.04609,14360.0
1502.9,14.03,-0.8085,-0.1488,14360.0
1502.95,13.99,-0.7924,-0.3756,14370.0
1503.0,13.94,-0.7763,-0.6024,14380.0
1503.05,13.87,-0.9341,-0.6236,14370.0
1503.1,13.8,-1.092,-0.6448,14360.0
1503.15,13.71,-0.8859,-0.5894,14330.0
1503.2,13.62,-0.6799,-0.5341,14300.0
1503.25,13.7,-0.6505,-0.5947,14280.0
1503.3,13.78,-0.621,-0.6553,14270.0
1503.35,13.73,-0.627,-0.5554,14280.0
1503.4,13.69,-0.633,-0.4556,14320.0
1503.45,13.83,-0.5931,-0.242,14370.0
1503.5,13.98,-0.5533,-0.02853,14420.0
1503.55,13.94,-0.4831,0.06719,14450.0
1503.6,13.91,-0.4128,0.1629,14450.0
1503.65,13.96,-0.4498,0.1199,14410.0
1503.7,14.0,-0.4869,0.07682,14350.0
1503.75,13.89,-0.5293,-0.006585,14280.0
1503.8,13.78,-0.5716,-0.08999,14230.0
1503.85,13.79,-0.4705,-0.3251,14210.0
1503.9,13.81,-0.3694,-0.5602,14220.0
1503.95,13.74,-0.3686,-0.5837,14250.0
1504.0,13.68,-0.3678,-0.6073,14290.0
1504.05,13.68,-0.2866,-0.5293,14320.0
1504.1,13.68,-0.2054,-0.4514,14350.0
1504.15,13.55,-0.17,-0.3824,14350.0
1504.2,13.43,-0.1346,-0.3134,14340.0
1504.25,13.31,-0.02906,-0.2369,14320.0
1504.3,13.2,0.07643,-0.1605,14290.0
1504.35,13.14,0.4076,-0.1406,14260.0
1504.4,13.09,0.7388,-0.1207,14220.0
1504.45,12.99,0.5836,-0.2929,14200.0
1504.5,12.89,0.4283,-0.4651,14180.0
1504.55,12.96,0.3824,-0.2528,14180.0
1504.6,13.03,0.3364,-0.04048,14200.0
1504.65,12.93,0.4449,-0.1507,14220.0
1504.7,12.84,0.5533,-0.2609,14240.0
1504.75,12.81,0.5251,-0.1591,14240.0
1504.8,12.77,0.4968,-0.05731,14230.0
1504.85,13.03,0.2693,-0.1664,14220.0
1504.9,13.28,0.0418,-0.2756,14200.0
1504.95,13.41,0.02946,-0.1397,14190.0
1505.0,13.54,0.01712,-0.003902,14200.0
1505.05,13.52,0.09176,-0.04146,14210.0
1505.1,13.51,0.1664,-0.07902,14220.0
1505.15,13.53,0.05653,-0.1489,14220.0
1505.2,13.54,-0.05334,-0.2188,14210.0
1505.25,13.38,-0.05593,-0.1372,14200.0
1505.3,13.21,-0.05852,-0.0556,14180.0
1505.35,13.21,0.02349,-0.05682,14160.0
1505.4,13.22,0.1055,-0.05804,14140.0
1505.45,13.31,0.09216,-0.1723,14130.0
1505.5,13.4,0.07882,-0.2866,14120.0
1505.55,13.47,0.3017,-0.1177,14140.0
1505.6,13.54,0.5247,0.05121,14160.0
1505.65,13.58,0.492,-0.006829,14190.0
1505.7,13.62,0.4594,-0.06487,14220.0
1505.75,13.63,0.4944,-0.3589,14240.0
1505.8,13.64,0.5295,-0.6529,14240.0
1505.85,13.65,0.6596,-0.8411,14220.0
1505.9,13.66,0.7898,-1.029,14160.0
1505.95,13.65,0.6771,-0.9069,14100.0
1506.0,13.63,0.5645,-0.7843,14050.0
1506.05,13.78,0.5687,-0.753,14030.0
1506.1,13.93,0.5728,-0.7216,14040.0
1506.15,13.97,0.4707,-0.7583,14080.0
1506.2,14.0,0.3686,-0.795,14130.0
1506.25,14.05,0.3089,-0.8234,14190.0
1506.3,14.1,0.2492,-0.8519,14230.0
1506.35,14.05,0.4114,-0.9414,14240.0
1506.4,13.99,0.5736,-1.031,14220.0
1506.45,14.05,0.5559,-1.053,14180.0
1506.5,14.11,0.5382,-1.074,14140.0
1506.55,14.26,0.673,-1.091,14090.0
1506.6,14.41,0.8077,-1.108,14050.0
1506.65,14.31,0.7954,-1.065,14020.0
1506.7,14.21,0.783,-1.021,14010.0
1506.75,14.09,0.5502,-1.022,14030.0
1506.8,13.97,0.3173,-1.023,14050.0
1506.85,13.87,0.3658,-0.9293,14060.0
1506.9,13.76,0.4144,-0.8358,14090.0
1506.95,13.76,0.5072,-0.72,14130.0
1507.0,13.75,0.5999,-0.6043,14150.0
1507.05,13.62,0.4956,-0.5414,14130.0
1507.1,13.5,0.3913,-0.4785,14090.0
1507.15,13.54,0.5014,-0.5202,14040.0
1507.2,13.57,0.6115,-0.5619,13990.0
1507.25,13.65,0.6345,-0.6146,13950.0
1507.3,13.73,0.6576,-0.6672,13920.0
1507.35,13.87,0.6184,-0.6218,13920.0
1507.4,14.02,0.5792,-0.5763,13950.0
1507.45,14.27,0.405,-0.6176,13990.0
1507.5,14.53,0.2309,-0.659,14020.0
1507.55,14.52,-0.02428,-0.8412,14010.0
1507.6,14.51,-0.2795,-1.024,14000.0
1507.65,14.56,-0.1624,-0.7819,13980.0
1507.7,14.61,-0.04538,-0.5402,13960.0
1507.75,14.66,0.2068,-0.5586,13920.0
1507.8,14.71,0.459,-0.577,13900.0
1507.85,14.43,0.455,-0.5115,13910.0
1507.9,14.16,0.451,-0.446,13940.0
1507.95,14.18,0.3422,-0.2975,13960.0
1508.0,14.2,0.2333,-0.149,13970.0
1508.05,14.4,0.2653,-0.1569,13950.0
1508.1,14.6,0.2974,-0.1649,13940.0
1508.15,14.35,0.4023,-0.0456,13920.0
1508.2,14.1,0.5072,0.07365,13890.0
1508.25,14.12,0.5804,0.2607,13850.0
1508.3,14.13,0.6537,0.4478,13840.0
1508.35,14.05,0.6795,0.3448,13860.0
1508.4,13.98,0.7054,0.2419,13890.0
1508.45,13.86,0.6475,0.2047,13910.0
1508.5,13.75,0.5896,0.1675,13930.0
1508.55,13.82,0.414,0.1914,13960.0
1508.6,13.9,0.2385,0.2153,13980.0
1508.65,13.91,0.2132,0.2606,13970.0
1508.7,13.93,0.1879,0.3058,13930.0
1508.75,13.8,0.05354,0.4425,13880.0
1508.8,13.67,-0.08081,0.5792,13840.0
1508.85,13.71,-0.1053,0.3978,13810.0
1508.9,13.74,-0.1298,0.2163,13800.0
1508.95,13.73,-0.1568,-0.002927,13810.0
1509.0,13.73,-0.1839,-0.2222,13850.0
1509.05,13.83,-0.2243,-0.222,13910.0
1509.1,13.93,-0.2647,-0.2219,13960.0
1509.15,13.83,-0.08658,-0.21,13990.0
1509.2,13.74,0.09156,-0.198,13990.0
1509.25,13.65,0.2287,-0.1188,13970.0
1509.3,13.57,0.3658,-0.03951,13940.0
1509.35,13.52,0.5018,-0.09792,13900.0
1509.4,13.47,0.6377,-0.1563,13850.0
1509.45,13.57,0.6742,-0.3025,13810.0
1509.5,13.67,0.7106,-0.4487,13800.0
1509.55,13.67,0.9251,-0.5227,13830.0
1509.6,13.67,1.14,-0.5968,13880.0
1509.65,13.56,1.184,-0.4131,13930.0
1509.7,13.45,1.228,-0.2295,13980.0
1509.75,13.43,1.42,-0.185,14020.0
1509.8,13.41,1.611,-0.1405,14040.0
1509.85,13.51,1.398,-0.2627,14010.0
1509.9,13.61,1.184,-0.3848,13950.0
1509.95,13.58,1.39,-0.3176,13890.0
1510.0,13.55,1.596,-0.2505,13830.0
1510.05,13.54,1.607,-0.1935,13790.0
1510.1,13.54,1.619,-0.1366,13780.0
1510.15,13.44,1.718,-0.005121,13800.0
1510.2,13.33,1.817,0.1263,13840.0
1510.25,13.28,1.768,0.2224,13900.0
1510.3,13.23,1.719,0.3185,13960.0
1510.35,13.27,1.591,0.2762,13980.0
1510.4,13.31,1.463,0.2339,13960.0
1510.45,13.52,1.289,0.2568,13920.0
1510.5,13.73,1.116,0.2797,13870.0
1510.55,13.79,0.9027,0.2097,13810.0
1510.6,13.85,0.6895,0.1397,13770.0
1510.65,13.85,0.6156,-0.0003658,13760.0
1510.7,13.85,0.5418,-0.1405,13770.0
1510.75,13.75,0.4297,-0.01658,13800.0
1510.8,13.65,0.3177,0.1073,13820.0
1510.85,13.69,0.4478,-0.005121,13840.0
1510.9,13.72,0.578,-0.1175,13850.0
1510.95,13.47,0.6964,-0.2886,13860.0
1511.0,13.21,0.8149,-0.4597,13860.0
1511.05,12.95,0.7601,-0.4245,13840.0
1511.1,12.69,0.7054,-0.3892,13820.0
1511.15,12.62,0.8218,-0.2729,13800.0
1511.2,12.55,0.9383,-0.1566,13790.0
1511.25,12.52,1.037,-0.01256,13780.0
1511.3,12.5,1.136,0.1314,13780.0
1511.35,12.53,1.011,0.1645,13800.0
1511.4,12.55,0.8865,0.1975,13830.0
1511.45,12.34,0.9855,0.08036,13860.0
1511.5,12.13,1.084,-0.03683,13870.0
1511.55,12.0,1.116,0.07328,13870.0
1511.6,11.87,1.147,0.1834,13850.0
1511.65,11.83,1.119,0.154,13830.0
1511.7,11.8,1.091,0.1246,13820.0
1511.75,11.89,1.028,0.3122,13810.0
1511.8,11.98,0.9654,0.4997,13810.0
1511.85,11.97,1.033,0.6233,13830.0
1511.9,11.96,1.101,0.747,13860.0
1511.95,12.0,1.202,0.6947,13890.0
1512.0,12.03,1.303,0.6424,13900.0
1512.05,11.9,1.379,0.8052,13900.0
1512.1,11.77,1.455,0.9679,13900.0
1512.15,11.6,1.644,1.074,13890.0
1512.2,11.43,1.834,1.179,13870.0
1512.25,11.53,1.82,1.236,13860.0
1512.3,11.62,1.807,1.294,13850.0
1512.35,11.67,1.927,1.071,13870.0
1512.4,11.71,2.048,0.8477,13880.0
1512.45,11.79,1.939,0.6497,13900.0
1512.5,11.87,1.831,0.4517,13920.0
1512.55,12.05,1.731,0.4936,13940.0
1512.6,12.24,1.631,0.5356,13950.0
1512.65,12.31,1.573,0.4443,13940.0
1512.7,12.38,1.514,0.3531,13930.0
1512.75,12.36,1.411,0.3247,13920.0
1512.8,12.34,1.307,0.2963,13910.0
1512.85,12.51,1.063,0.1719,13900.0
1512.9,12.68,0.8189,0.04756,13890.0
1512.95,12.51,0.9964,-0.004024,13880.0
1513.0,12.33,1.174,-0.0556,13870.0
1513.05,12.22,1.451,0.1799,13880.0
1513.1,12.1,1.728,0.4153,13890.0
1513.15,11.98,1.595,0.5659,13890.0
1513.2,11.86,1.461,0.7165,13910.0
1513.25,12.02,1.229,0.6258,13920.0
1513.3,12.17,0.998,0.5351,13930.0
1513.35,12.13,0.877,0.6208,13920.0
1513.4,12.08,0.756,0.7065,13900.0
1513.45,12.01,0.8465,0.6394,13890.0
1513.5,11.93,0.9371,0.5724,13880.0
1513.55,11.99,0.8615,0.4281,13870.0
1513.6,12.05,0.7858,0.2839,13860.0
1513.65,12.1,0.7834,0.1145,13860.0
1513.7,12.16,0.781,-0.05487,13870.0
1513.75,12.43,0.7315,0.02207,13890.0
1513.8,12.69,0.6819,0.09901,13900.0
1513.85,12.81,0.5778,0.2492,13920.0
1513.9,12.92,0.4737,0.3995,13940.0
1513.95,12.85,0.3993,0.4232,13950.0
1514.0,12.78,0.3248,0.447,13960.0
1514.05,12.81,0.212,0.4232,13960.0
1514.1,12.85,0.09912,0.3995,13940.0
1514.15,12.91,-0.08778,0.2768,13930.0
1514.2,12.97,-0.2747,0.1541,13930.0
1514.25,12.95,-0.3222,0.1057,13940.0
1514.3,12.92,-0.3698,0.05731,13950.0
1514.35,12.78,-0.1409,0.2112,13940.0
1514.4,12.64,0.08798,0.3651,13940.0
1514.45,12.75,0.000199,0.2734,13950.0
1514.5,12.86,-0.08758,0.1817,13960.0
1514.55,12.98,-0.2195,0.3348,13970.0
1514.6,13.11,-0.3515,0.488,13990.0
1514.65,13.13,-0.7291,0.5699,14030.0
1514.7,13.16,-1.107,0.6519,14070.0
1514.75,13.26,-1.174,0.6391,14080.0
1514.8,13.37,-1.242,0.6263,14070.0
1514.85,13.51,-1.139,0.643,14040.0
1514.9,13.65,-1.036,0.6597,14020.0
1514.95,13.63,-1.245,0.5109,13990.0
1515.0,13.61,-1.454,0.3622,13980.0
1515.05,13.63,-1.369,0.3276,13980.0
1515.1,13.65,-1.284,0.2931,14010.0
1515.15,13.84,-1.109,0.4625,14060.0
1515.2,14.03,-0.9347,0.6319,14100.0
1515.25,13.9,-0.8083,0.665,14110.0
1515.3,13.77,-0.6819,0.6982,14110.0
1515.35,13.65,-0.7838,0.6486,14110.0
1515.4,13.53,-0.8857,0.599,14110.0
1515.45,13.63,-0.9273,0.6485,14110.0
1515.5,13.72,-0.9689,0.698,14110.0
1515.55,13.84,-1.21,0.5931,14110.0
1515.6,13.96,-1.451,0.4882,14120.0
1515.65,13.75,-1.204,0.5071,14120.0
1515.7,13.53,-0.957,0.526,14090.0
1515.75,13.55,-0.88,0.3989,14060.0
1515.8,13.57,-0.8029,0.2717,14050.0
1515.85,13.67,-0.7492,0.3997,14060.0
1515.9,13.78,-0.6955,0.5277,14080.0
1515.95,13.77,-0.6662,0.6709,14110.0
1516.0,13.77,-0.6369,0.8141,14140.0
1516.05,13.79,-0.5505,0.7037,14170.0
1516.1,13.81,-0.4642,0.5933,14190.0
1516.15,13.92,-0.4379,0.5156,14190.0
1516.2,14.03,-0.4116,0.4378,14170.0
1516.25,13.83,-0.4357,0.2786,14140.0
1516.3,13.63,-0.4598,0.1195,14120.0
1516.35,13.67,-0.456,0.2819,14100.0
1516.4,13.72,-0.4522,0.4443,14090.0
1516.45,13.83,-0.284,0.4645,14080.0
1516.5,13.94,-0.1158,0.4846,14090.0
1516.55,13.85,0.1332,0.333,14120.0
1516.6,13.76,0.3822,0.1814,14150.0
1516.65,13.77,0.3718,0.1532,14170.0
1516.7,13.79,0.3615,0.1249,14190.0
1516.75,13.52,0.4441,0.09304,14200.0
1516.8,13.24,0.5267,0.06121,14210.0
1516.85,13.18,0.5295,0.2461,14210.0
1516.9,13.12,0.5322,0.4309,14200.0
1516.95,13.29,0.4616,0.576,14170.0
1517.0,13.46,0.3909,0.7211,14140.0
1517.05,13.43,0.3479,0.4171,14120.0
1517.1,13.4,0.3049,0.1132,14110.0
1517.15,13.74,0.3372,0.1628,14110.0
1517.2,14.09,0.3694,0.2124,14110.0
1517.25,13.9,0.4244,0.3259,14140.0
1517.3,13.71,0.4793,0.4395,14180.0
1517.35,13.67,0.5927,0.3819,14220.0
1517.4,13.62,0.7062,0.3244,14230.0
1517.45,13.53,0.8875,0.5693,14240.0
1517.5,13.44,1.069,0.8143,14240.0
1517.55,13.41,0.9058,0.9354,14230.0
1517.6,13.38,0.7428,1.056,14210.0
1517.65,13.42,0.6974,0.8759,14190.0
1517.7,13.46,0.6521,0.6953,14170.0
1517.75,13.49,0.6576,0.687,14180.0
1517.8,13.51,0.6632,0.6787,14200.0
1517.85,13.35,0.6678,0.6058,14210.0
1517.9,13.19,0.6724,0.5329,14230.0
1517.95,13.13,0.5916,0.3878,14250.0
1518.0,13.08,0.5107,0.2427,14270.0
1518.05,13.24,0.3613,0.4548,14290.0
1518.1,13.41,0.2118,0.667,14290.0
1518.15,13.4,0.2864,0.5797,14280.0
1518.2,13.4,0.3611,0.4924,14280.0
1518.25,13.32,0.2753,0.3476,14290.0
1518.3,13.24,0.1895,0.2029,14290.0
1518.35,13.43,0.1726,-0.035,14300.0
1518.4,13.62,0.1557,-0.2729,14310.0
1518.45,13.56,0.1501,-0.1808,14330.0
1518.5,13.49,0.1445,-0.08877,14350.0
1518.55,13.57,-0.05792,-0.3184,14350.0
1518.6,13.65,-0.2603,-0.548,14330.0
1518.65,13.55,-0.204,-0.6471,14330.0
1518.7,13.44,-0.1477,-0.7463,14330.0
1518.75,13.42,0.1029,-0.599,14350.0
1518.8,13.4,0.3535,-0.4517,14370.0
1518.85,13.31,0.161,-0.3684,14390.0
1518.9,13.22,-0.03145,-0.2851,14430.0
1518.95,13.27,-0.1564,-0.3087,14460.0
1519.0,13.32,-0.2814,-0.3324,14480.0
1519.05,13.29,-0.2193,-0.305,14480.0
1519.1,13.25,-0.1572,-0.2775,14470.0
1519.15,13.17,-0.2251,-0.3203,14460.0
1519.2,13.1,-0.293,-0.3631,14430.0
1519.25,13.22,-0.5714,-0.2642,14410.0
1519.3,13.34,-0.8499,-0.1653,14400.0
1519.35,13.35,-0.8441,0.01573,14420.0
1519.4,13.36,-0.8384,0.1968,14460.0
1519.45,13.13,-1.2,0.3345,14500.0
1519.5,12.9,-1.562,0.4721,14550.0
1519.55,13.01,-1.366,0.543,14580.0
1519.6,13.11,-1.17,0.6138,14600.0
1519.65,13.23,-1.232,0.2322,14600.0
1519.7,13.36,-1.295,-0.1495,14570.0
1519.75,13.42,-1.3,-0.2449,14520.0
1519.8,13.49,-1.305,-0.3402,14480.0
1519.85,13.56,-1.141,-0.1574,14450.0
1519.9,13.64,-0.9781,0.02536,14450.0
1519.95,13.77,-0.9904,-0.1285,14470.0
1520.0,13.9,-1.003,-0.2824,14510.0
1520.05,13.89,-0.8043,-0.22,14560.0
1520.1,13.88,-0.6059,-0.1575,14600.0
1520.15,13.93,-0.547,-0.05865,14630.0
1520.2,13.97,-0.4881,0.04024,14640.0
1520.25,13.84,-0.6021,0.1588,14630.0
1520.3,13.72,-0.7162,0.2773,14620.0
1520.35,13.83,-0.7452,0.324,14610.0
1520.4,13.94,-0.7743,0.3707,14580.0
1520.45,13.84,-0.7552,0.4959,14560.0
1520.5,13.74,-0.7361,0.6212,14560.0
1520.55,13.8,-0.6815,0.5916,14580.0
1520.6,13.87,-0.627,0.5621,14600.0
1520.65,13.92,-0.5316,0.4217,14630.0
1520.7,13.98,-0.4363,0.2812,14650.0
1520.75,14.08,-0.4206,0.4685,14680.0
1520.8,14.17,-0.4049,0.6558,14710.0
1520.85,14.08,-0.3919,0.6013,14730.0
1520.9,13.98,-0.379,0.5468,14730.0
1520.95,14.31,-0.3384,0.4963,14740.0
1521.0,14.63,-0.2978,0.4458,14740.0
1521.05,14.71,-0.2994,0.3504,14750.0
1521.1,14.79,-0.301,0.2551,14750.0
1521.15,14.61,-0.3153,0.2144,14740.0
1521.2,14.42,-0.3296,0.1736,14740.0
1521.25,14.52,-0.2271,0.4407,14750.0
1521.3,14.61,-0.1246,0.7077,14770.0
1521.35,14.61,0.2448,0.8494,14800.0
1521.4,14.62,0.6142,0.9911,14830.0
1521.45,14.56,0.5356,0.7736,14860.0
1521.5,14.5,0.457,0.556,14890.0
1521.55,14.52,0.3065,0.3798,14920.0
1521.6,14.53,0.156,0.2036,14920.0
1521.65,14.3,0.12,-0.08024,14920.0
1521.7,14.06,0.084,-0.3641,14910.0
1521.75,13.97,0.1055,-0.4792,14900.0
1521.8,13.89,0.127,-0.5943,14890.0
1521.85,13.98,0.09673,-0.4526,14890.0
1521.9,14.07,0.06648,-0.3109,14890.0
1521.95,14.12,0.008758,-0.2727,14900.0
1522.0,14.18,-0.04896,-0.2344,14940.0
1522.05,14.07,-0.01712,-0.2951,14980.0
1522.1,13.96,0.01473,-0.3558,15020.0
1522.15,13.9,0.02229,-0.5718,15040.0
1522.2,13.84,0.02986,-0.7877,15050.0
1522.25,13.84,-0.1184,-0.8856,15030.0
1522.3,13.83,-0.2667,-0.9836,15010.0
1522.35,13.87,-0.1947,-0.8767,14970.0
1522.4,13.91,-0.1226,-0.7699,14950.0
1522.45,13.89,-0.0627,-0.846,14960.0
1522.5,13.87,-0.002787,-0.9221,14980.0
1522.55,13.84,-0.1314,-0.9642,15000.0
1522.6,13.82,-0.2599,-1.006,15020.0
1522.65,13.86,-0.2508,-0.8488,15030.0
1522.7,13.91,-0.2416,-0.6914,15040.0
1522.75,13.75,-0.2406,-0.6786,15040.0
1522.8,13.59,-0.2396,-0.6658,15040.0
1522.85,13.68,-0.08021,-0.7054,15030.0
1522.9,13.77,0.07922,-0.745,15040.0
1522.95,13.63,-0.0836,-0.7216,15060.0
1523.0,13.48,-0.2464,-0.6982,15070.0
1523.05,13.42,-0.08977,-0.6776,15070.0
1523.1,13.35,0.06688,-0.657,15070.0
1523.15,13.47,-0.1336,-0.7319,15080.0
1523.2,13.58,-0.334,-0.8067,15080.0
1523.25,13.6,-0.3843,-0.6827,15080.0
1523.3,13.62,-0.4347,-0.5587,15080.0
1523.35,13.68,-0.4128,-0.4862,15100.0
1523.4,13.74,-0.3909,-0.4136,15140.0
1523.45,13.65,-0.4843,-0.4901,15170.0
1523.5,13.57,-0.5776,-0.5665,15200.0
1523.55,13.7,-0.4807,-0.5036,15220.0
1523.6,13.84,-0.3838,-0.4407,15240.0
1523.65,13.87,-0.3607,-0.3161,15250.0
1523.7,13.91,-0.3376,-0.1914,15250.0
1523.75,14.02,-0.3601,-0.1951,15230.0
1523.8,14.14,-0.3826,-0.1988,15210.0
1523.85,14.22,-0.3903,-0.2939,15210.0
1523.9,14.3,-0.3981,-0.389,15220.0
1523.95,14.25,-0.2834,-0.5518,15250.0
1524.0,14.2,-0.1688,-0.7146,15290.0
1524.05,13.95,-0.1465,-0.6308,15320.0
1524.1,13.7,-0.1242,-0.547,15360.0
1524.15,13.74,0.04041,-0.6888,15390.0
1524.2,13.78,0.205,-0.8306,15390.0
1524.25,13.65,0.2548,-0.7737,15380.0
1524.3,13.51,0.3045,-0.7168,15380.0
1524.35,13.61,0.5141,-0.6175,15380.0
1524.4,13.7,0.7237,-0.5182,15370.0
1524.45,13.57,0.6523,-0.5181,15360.0
1524.5,13.44,0.5808,-0.518,15350.0
1524.55,13.62,0.5657,-0.4239,15360.0
1524.6,13.8,0.5505,-0.3297,15380.0
1524.65,13.67,0.5334,-0.3064,15400.0
1524.7,13.53,0.5163,-0.2831,15430.0
1524.75,13.54,0.3955,-0.3845,15460.0
1524.8,13.55,0.2747,-0.4858,15500.0
1524.85,13.64,0.118,-0.3163,15510.0
1524.9,13.73,-0.03861,-0.1468,15490.0
1524.95,13.81,0.02329,-0.03402,15460.0
1525.0,13.89,0.08519,0.07877,15420.0
1525.05,13.95,0.03563,0.1379,15380.0
1525.1,14.01,-0.01393,0.1971,15360.0
1525.15,14.2,-0.02727,-0.01317,15360.0
1525.2,14.39,-0.0406,-0.2234,15380.0
1525.25,14.44,-0.1129,-0.2097,15420.0
1525.3,14.49,-0.1851,-0.1961,15470.0
1525.35,14.57,-0.2926,-0.1701,15500.0
1525.4,14.65,-0.4001,-0.1441,15510.0
1525.45,14.74,-0.5147,-0.08865,15510.0
1525.5,14.83,-0.6294,-0.03317,15490.0
1525.55,14.88,-0.55,-0.07109,15450.0
1525.6,14.93,-0.4705,-0.109,15410.0
1525.65,14.91,-0.4666,-0.1021,15390.0
1525.7,14.89,-0.4626,-0.09511,15390.0
1525.75,15.05,-0.5537,-0.07024,15400.0
1525.8,15.2,-0.6449,-0.04536,15430.0
1525.85,15.34,-0.5796,0.06524,15470.0
1525.9,15.49,-0.5143,0.1758,15520.0
1525.95,15.47,-0.3855,0.2164,15560.0
1526.0,15.46,-0.2568,0.257,15570.0
1526.05,15.42,-0.449,0.1434,15560.0
1526.1,15.38,-0.6413,0.02975,15550.0
1526.15,15.3,-0.8557,-0.004512,15540.0
1526.2,15.21,-1.07,-0.03878,15530.0
1526.25,15.37,-0.8784,-0.03365,15510.0
1526.3,15.53,-0.6867,-0.02853,15510.0
1526.35,15.69,-0.5388,-0.06694,15520.0
1526.4,15.85,-0.3909,-0.1054,15550.0
1526.45,15.86,-0.2755,-0.04097,15580.0
1526.5,15.87,-0.16,0.02341,15610.0
1526.55,15.85,-0.2402,-0.1038,15630.0
1526.6,15.84,-0.3205,-0.231,15650.0
1526.65,15.92,-0.5468,-0.2973,15650.0
1526.7,16.01,-0.7731,-0.3636,15630.0
1526.75,15.99,-0.8294,-0.4003,15590.0
1526.8,15.97,-0.8857,-0.437,15560.0
1526.85,15.81,-0.8479,-0.334,15550.0
1526.9,15.65,-0.8101,-0.231,15550.0
1526.95,15.81,-0.6533,-0.1606,15560.0
1527.0,15.98,-0.4964,-0.09023,15590.0
1527.05,15.92,-0.541,0.1099,15640.0
1527.1,15.86,-0.5856,0.31,15670.0
1527.15,15.88,-0.4443,0.2063,15670.0
1527.2,15.91,-0.3029,0.1027,15650.0
1527.25,15.98,-0.254,0.1093,15620.0
1527.3,16.05,-0.205,0.1158,15590.0
1527.35,16.01,0.09116,0.1912,15550.0
1527.4,15.96,0.3873,0.2666,15520.0
1527.45,16.0,0.1296,0.1563,15510.0
1527.5,16.05,-0.1282,0.04609,15530.0
1527.55,16.0,-0.1853,-0.04999,15550.0
1527.6,15.94,-0.2424,-0.1461,15570.0
1527.65,15.8,-0.1361,-0.06231,15570.0
1527.7,15.66,-0.02986,0.02146,15560.0
1527.75,15.54,0.1009,0.01195,15560.0
1527.8,15.43,0.2317,0.002439,15550.0
1527.85,15.44,0.2319,0.07816,15520.0
1527.9,15.45,0.2321,0.1539,15500.0
1527.95,15.32,0.3652,0.2239,15490.0
1528.0,15.18,0.4984,0.2939,15510.0
1528.05,15.07,0.5545,0.2998,15520.0
1528.1,14.96,0.6107,0.3058,15520.0
1528.15,14.92,0.4809,0.2998,15530.0
1528.2,14.89,0.3511,0.2939,15530.0
1528.25,14.85,0.2882,0.3685,15520.0
1528.3,14.8,0.2253,0.4431,15510.0
1528.35,14.75,0.1411,0.4087,15490.0
1528.4,14.69,0.05693,0.3743,15490.0
1528.45,14.6,0.1314,0.3095,15510.0
1528.5,14.5,0.2058,0.2446,15540.0
1528.55,14.77,0.08818,0.4736,15550.0
1528.6,15.04,-0.02946,0.7026,15560.0
1528.65,15.11,-0.208,0.6141,15570.0
1528.7,15.18,-0.3865,0.5256,15570.0
1528.75,15.0,-0.2697,0.4393,15550.0
1528.8,14.82,-0.1529,0.3531,15520.0
1528.85,14.89,-0.09514,0.4068,15490.0
1528.9,14.95,-0.03742,0.4604,15490.0
1528.95,14.88,0.1415,0.4614,15490.0
1529.0,14.82,0.3205,0.4624,15500.0
1529.05,14.71,0.2896,0.5713,15510.0
1529.1,14.6,0.2588,0.6802,15540.0
1529.15,14.76,0.3019,0.7397,15560.0
1529.2,14.91,0.3451,0.7992,15570.0
1529.25,14.81,0.2745,0.8386,15540.0
1529.3,14.71,0.2038,0.878,15510.0
1529.35,14.52,0.2195,0.8694,15480.0
1529.4,14.33,0.2353,0.8609,15460.0
1529.45,14.48,0.25,0.7589,15440.0
1529.5,14.63,0.2647,0.657,15420.0
1529.55,14.78,0.118,0.6085,15430.0
1529.6,14.93,-0.02866,0.5599,15450.0
1529.65,15.17,-0.1523,0.5782,15470.0
1529.7,15.41,-0.2759,0.5965,15480.0
1529.75,15.23,-0.4486,0.3519,15470.0
1529.8,15.05,-0.6214,0.1073,15450.0
1529.85,14.96,-0.6208,0.1692,15420.0
1529.9,14.87,-0.6202,0.2312,15390.0
1529.95,14.83,-0.3439,0.2245,15350.0
1530.0,14.8,-0.06767,0.2178,15330.0
1530.05,14.59,-0.1558,0.1801,15320.0
1530.1,14.38,-0.244,0.1424,15330.0
1530.15,14.23,-0.4323,-0.06073,15330.0
1530.2,14.09,-0.6206,-0.2639,15320.0
1530.25,14.24,-0.6935,-0.1051,15310.0
1530.3,14.39,-0.7663,0.05365,15290.0
1530.35,14.4,-0.8312,0.1968,15270.0
1530.4,14.41,-0.8961,0.34,15240.0
1530.45,14.18,-0.7733,0.2946,15200.0
1530.5,13.96,-0.6505,0.2492,15170.0
1530.55,13.93,-0.7731,0.2055,15160.0
1530.6,13.91,-0.8957,0.1617,15170.0
1530.65,13.97,-0.7396,0.1706,15180.0
1530.7,14.04,-0.5836,0.1795,15190.0
1530.75,14.1,-0.5603,-0.06914,15190.0
1530.8,14.15,-0.537,-0.3178,15170.0
1530.85,14.15,-0.9644,-0.09975,15150.0
1530.9,14.15,-1.392,0.1183,15120.0
1530.95,14.15,-1.185,0.08414,15080.0
1531.0,14.14,-0.9793,0.04999,15060.0
1531.05,14.11,-1.007,-0.03573,15040.0
1531.1,14.08,-1.035,-0.1215,15040.0
1531.15,14.08,-1.046,0.01549,15040.0
1531.2,14.08,-1.056,0.1524,15050.0
1531.25,14.05,-0.7583,0.1989,15050.0
1531.3,14.02,-0.4606,0.2453,15060.0
1531.35,14.16,-0.5153,0.2418,15060.0
1531.4,14.29,-0.5701,0.2383,15070.0
1531.45,14.16,-0.6827,0.1251,15060.0
1531.5,14.03,-0.7954,0.01195,15060.0
1531.55,14.03,-0.6805,0.136,15040.0
1531.6,14.03,-0.5657,0.26,15020.0
1531.65,14.22,-0.502,0.1984,15000.0
1531.7,14.42,-0.4383,0.1368,14970.0
1531.75,14.4,-0.4164,0.2274,14950.0
1531.8,14.38,-0.3945,0.318,14940.0
1531.85,14.19,-0.3358,0.1429,14940.0
1531.9,13.99,-0.2771,-0.03219,14960.0
1531.95,13.98,-0.2508,0.0289,14990.0
1532.0,13.98,-0.2245,0.08999,15020.0
1532.05,13.92,-0.2058,0.04512,15040.0
1532.1,13.86,-0.1871,0.0002439,15050.0
1532.15,13.93,-0.05115,0.07597,15040.0
1532.2,14.0,0.08479,0.1517,15010.0
1532.25,14.13,0.06748,0.08182,14970.0
1532.3,14.26,0.05016,0.01195,14920.0
1532.35,14.1,-0.04319,-0.1903,14880.0
1532.4,13.94,-0.1365,-0.3926,14860.0
1532.45,13.83,-0.1596,-0.3509,14870.0
1532.5,13.71,-0.1827,-0.3092,14890.0
1532.55,13.73,-0.1007,-0.3491,14920.0
1532.6,13.74,-0.01871,-0.389,14940.0
1532.65,13.75,-0.1684,-0.4186,14930.0
1532.7,13.76,-0.3181,-0.4482,14910.0
1532.75,13.64,-0.3631,-0.3356,14870.0
1532.8,13.52,-0.408,-0.2229,14840.0
1532.85,13.52,-0.5965,-0.2342,14810.0
1532.9,13.52,-0.785,-0.2456,14790.0
1532.95,13.42,-0.7311,-0.262,14780.0
1533.0,13.32,-0.6771,-0.2785,14780.0
1533.05,13.26,-0.6091,-0.1768,14780.0
1533.1,13.19,-0.541,-0.07511,14770.0
1533.15,13.12,-0.5621,-0.175,14750.0
1533.2,13.05,-0.5832,-0.2748,14730.0
1533.25,12.89,-0.7166,-0.4437,14720.0
1533.3,12.73,-0.8499,-0.6126,14710.0
1533.35,12.67,-0.9351,-0.6686,14690.0
1533.4,12.6,-1.02,-0.7246,14670.0
1533.45,12.67,-0.7126,-0.8002,14660.0
1533.5,12.73,-0.4049,-0.8758,14660.0
1533.55,12.58,-0.1815,-0.8554,14660.0
1533.6,12.43,0.0418,-0.835,14660.0
1533.65,12.44,-0.03543,-0.736,14650.0
1533.7,12.45,-0.1127,-0.637,14650.0
1533.75,12.53,-0.1614,-0.4739,14640.0
1533.8,12.62,-0.2102,-0.3107,14630.0
1533.85,12.61,-0.3408,-0.2163,14610.0
1533.9,12.61,-0.4713,-0.1219,14580.0
1533.95,12.59,-0.3971,-0.181,14560.0
1534.0,12.58,-0.3228,-0.24,14540.0
1534.05,12.47,-0.5231,-0.3219,14520.0
1534.1,12.36,-0.7233,-0.4039,14530.0
1534.15,12.19,-0.6288,-0.3051,14540.0
1534.2,12.03,-0.5342,-0.2063,14560.0
1534.25,11.95,-0.6393,-0.2102,14580.0
1534.3,11.87,-0.7444,-0.2141,14590.0
1534.35,12.03,-0.7396,-0.1966,14580.0
1534.4,12.19,-0.7349,-0.179,14540.0
1534.45,12.14,-0.8818,-0.3255,14480.0
1534.5,12.09,-1.029,-0.4719,14440.0
1534.55,12.14,-0.9954,-0.646,14420.0
1534.6,12.19,-0.9622,-0.8202,14420.0
1534.65,12.3,-1.027,-0.8059,14450.0
1534.7,12.42,-1.091,-0.7916,14500.0
1534.75,12.39,-1.28,-0.6094,14550.0
1534.8,12.36,-1.47,-0.4273,14580.0
1534.85,12.58,-1.223,-0.649,14570.0
1534.9,12.8,-0.9753,-0.8706,14520.0
1534.95,12.85,-0.8517,-0.7248,14470.0
1535.0,12.9,-0.7281,-0.579,14420.0
1535.05,12.83,-0.7132,-0.5157,14390.0
1535.1,12.77,-0.6982,-0.4524,14380.0
1535.15,12.74,-0.6903,-0.4826,14380.0
1535.2,12.7,-0.6823,-0.5129,14410.0
1535.25,12.68,-0.7506,-0.3469,14440.0
1535.3,12.65,-0.8189,-0.181,14470.0
1535.35,12.63,-0.9787,-0.2145,14470.0
1535.4,12.61,-1.139,-0.248,14460.0
1535.45,12.45,-1.089,-0.4671,14440.0
1535.5,12.3,-1.039,-0.6863,14420.0
1535.55,12.09,-1.023,-0.6381,14380.0
1535.6,11.88,-1.006,-0.5899,14340.0
1535.65,11.86,-1.071,-0.5053,14320.0
1535.7,11.85,-1.136,-0.4207,14320.0
1535.75,11.71,-1.001,-0.4597,14320.0
1535.8,11.57,-0.867,-0.4987,14320.0
1535.85,11.73,-0.99,-0.3993,14330.0
1535.9,11.89,-1.113,-0.3,14340.0
1535.95,11.93,-1.23,-0.4106,14360.0
1536.0,11.96,-1.348,-0.5212,14360.0
1536.05,12.04,-1.268,-0.6313,14350.0
1536.1,12.11,-1.189,-0.7414,14320.0
1536.15,12.04,-1.086,-0.618,14290.0
1536.2,11.97,-0.9829,-0.4946,14260.0
1536.25,12.04,-1.079,-0.5435,14240.0
1536.3,12.1,-1.176,-0.5924,14240.0
1536.35,11.85,-1.116,-0.4826,14250.0
1536.4,11.59,-1.057,-0.3729,14270.0
1536.45,11.61,-0.9385,-0.4023,14300.0
1536.5,11.63,-0.8204,-0.4317,14310.0
1536.55,11.84,-0.7583,-0.5564,14310.0
1536.6,12.05,-0.6962,-0.6811,14290.0
1536.65,12.21,-0.5275,-0.556,14260.0
1536.7,12.37,-0.3587,-0.4309,14220.0
1536.75,12.41,-0.5746,-0.3322,14180.0
1536.8,12.45,-0.7906,-0.2334,14160.0
1536.85,12.32,-0.5444,-0.2481,14160.0
1536.9,12.2,-0.2982,-0.2629,14180.0
1536.95,12.13,-0.4224,-0.08462,14210.0
1537.0,12.06,-0.5466,0.09365,14230.0
1537.05,11.99,-0.662,0.0389,14240.0
1537.1,11.93,-0.7775,-0.01585,14220.0
1537.15,11.9,-0.8019,-0.08121,14190.0
1537.2,11.88,-0.8264,-0.1466,14140.0
1537.25,12.05,-0.8589,-0.2946,14110.0
1537.3,12.21,-0.8913,-0.4426,14090.0
1537.35,12.28,-0.9546,-0.4886,14090.0
1537.4,12.34,-1.018,-0.5346,14110.0
1537.45,12.34,-1.157,-0.6915,14140.0
1537.5,12.34,-1.296,-0.8484,14160.0
1537.55,12.4,-1.127,-0.7804,14160.0
1537.6,12.45,-0.9586,-0.7124,14140.0
1537.65,12.61,-0.9409,-0.657,14100.0
1537.7,12.77,-0.9232,-0.6016,14070.0
1537.75,12.7,-1.113,-0.6964,14040.0
1537.8,12.64,-1.303,-0.7911,14030.0
1537.85,12.63,-1.22,-0.7947,14020.0
1537.9,12.62,-1.138,-0.7982,14040.0
1537.95,12.87,-1.171,-0.7981,14070.0
1538.0,13.11,-1.203,-0.798,14090.0
1538.05,13.01,-1.04,-0.8005,14100.0
1538.1,12.91,-0.8762,-0.8031,14090.0
1538.15,12.84,-0.8632,-0.6566,14070.0
1538.2,12.76,-0.8503,-0.5102,14050.0
1538.25,12.79,-0.9419,-0.571,14010.0
1538.3,12.82,-1.033,-0.6319,13980.0
1538.35,12.82,-1.099,-0.6946,13960.0
1538.4,12.81,-1.164,-0.7572,13960.0
1538.45,12.81,-1.214,-0.7954,13960.0
1538.5,12.82,-1.264,-0.8336,13970.0
1538.55,12.71,-1.21,-0.9273,13990.0
1538.6,12.6,-1.156,-1.021,14010.0
1538.65,12.46,-1.09,-1.022,14040.0
1538.7,12.32,-1.023,-1.022,14040.0
1538.75,12.4,-0.8151,-0.7277,14020.0
1538.8,12.47,-0.6075,-0.4331,13990.0
1538.85,12.45,-0.5752,-0.4457,13960.0
1538.9,12.42,-0.543,-0.4582,13930.0
1538.95,12.27,-0.5949,-0.3704,13900.0
1539.0,12.12,-0.6469,-0.2827,13890.0
1539.05,12.29,-0.671,-0.3202,13900.0
1539.1,12.46,-0.6951,-0.3578,13930.0
1539.15,12.56,-0.6437,-0.2179,13960.0
1539.2,12.65,-0.5923,-0.07804,13970.0
1539.25,12.56,-0.4803,-0.191,13980.0
1539.3,12.46,-0.3682,-0.3039,13990.0
1539.35,12.6,-0.2978,-0.4312,13990.0
1539.4,12.74,-0.2273,-0.5585,13970.0
1539.45,12.63,-0.1839,-0.642,13960.0
1539.5,12.52,-0.1405,-0.7255,13950.0
1539.55,12.49,-0.281,-0.5186,13940.0
1539.6,12.47,-0.4216,-0.3117,13920.0
1539.65,12.67,-0.5667,-0.3508,13910.0
1539.7,12.88,-0.7118,-0.39,13890.0
1539.75,12.64,-0.3493,-0.4221,13890.0
1539.8,12.41,0.01314,-0.4543,13910.0
1539.85,12.37,0.1115,-0.6653,13950.0
1539.9,12.33,0.2098,-0.8762,13980.0
1539.95,12.28,0.1682,-0.932,14000.0
1540.0,12.23,0.1266,-0.9877,14010.0
1540.05,12.06,0.1039,-0.9326,14000.0
1540.1,11.89,0.08121,-0.8775,13960.0
1540.15,11.75,-0.02787,-0.7513,13920.0
1540.2,11.6,-0.1369,-0.6251,13880.0
1540.25,11.69,-0.2359,-0.5952,13870.0
1540.3,11.78,-0.3348,-0.5653,13870.0
1540.35,11.94,-0.3021,-0.4402,13890.0
1540.4,12.1,-0.2695,-0.3151,13920.0
1540.45,12.28,-0.2104,-0.5364,13950.0
1540.5,12.47,-0.1513,-0.7577,13970.0
1540.55,12.53,-0.2034,-0.6401,13960.0
1540.6,12.59,-0.2556,-0.5224,13940.0
1540.65,12.81,-0.1718,-0.5575,13910.0
1540.7,13.02,-0.08798,-0.5926,13880.0
1540.75,12.98,-0.005374,-0.3134,13870.0
1540.8,12.94,0.07723,-0.03414,13860.0
1540.85,12.8,0.1011,-0.05256,13850.0
1540.9,12.66,0.125,-0.07097,13850.0
1540.95,12.57,0.1141,-0.3919,13870.0
1541.0,12.48,0.1031,-0.7128,13880.0
1541.05,12.62,0.1166,-0.8033,13880.0
1541.1,12.76,0.1302,-0.8938,13860.0
1541.15,12.88,0.00199,-0.9228,13840.0
1541.2,12.99,-0.1262,-0.9518,13820.0
1541.25,12.9,-0.2303,-1.064,13800.0
1541.3,12.81,-0.3344,-1.176,13780.0
1541.35,12.65,-0.3957,-1.244,13780.0
1541.4,12.49,-0.457,-1.311,13790.0
1541.45,12.47,-0.5987,-1.304,13810.0
1541.5,12.45,-0.7404,-1.297,13820.0
1541.55,12.66,-0.6025,-1.179,13820.0
1541.6,12.86,-0.4646,-1.061,13800.0
1541.65,12.98,-0.3754,-1.051,13780.0
1541.7,13.11,-0.2862,-1.042,13760.0
1541.75,12.92,-0.1982,-1.206,13730.0
1541.8,12.73,-0.1103,-1.371,13710.0
1541.85,12.58,-0.3463,-1.284,13700.0
1541.9,12.44,-0.5824,-1.197,13710.0
1541.95,12.5,-0.6134,-1.18,13730.0
1542.0,12.56,-0.6445,-1.163,13740.0
1542.05,12.61,-0.6917,-1.308,13750.0
1542.1,12.66,-0.7388,-1.453,13770.0
1542.15,12.53,-0.7787,-1.342,13780.0
1542.2,12.4,-0.8185,-1.232,13770.0
1542.25,12.34,-0.9872,-1.356,13760.0
1542.3,12.28,-1.156,-1.48,13740.0
1542.35,12.26,-1.166,-1.43,13720.0
1542.4,12.23,-1.175,-1.38,13700.0
1542.45,12.19,-1.202,-1.242,13690.0
1542.5,12.15,-1.229,-1.104,13690.0
1542.55,12.0,-1.085,-1.009,13710.0
1542.6,11.84,-0.9419,-0.914,13740.0
1542.65,11.74,-1.057,-0.8698,13770.0
1542.7,11.63,-1.172,-0.8255,13800.0
1542.75,11.73,-1.141,-0.6494,13810.0
1542.8,11.84,-1.109,-0.4734,13810.0
1542.85,11.93,-0.9136,-0.3045,13800.0
1542.9,12.03,-0.7177,-0.1356,13790.0
1542.95,12.01,-0.7625,-0.2531,13760.0
1543.0,12.0,-0.8073,-0.3707,13750.0
1543.05,12.2,-0.8274,-0.4213,13750.0
1543.1,12.4,-0.8475,-0.4719,13760.0
1543.15,12.47,-1.015,-0.3822,13780.0
1543.2,12.54,-1.182,-0.2924,13800.0
1543.25,12.4,-1.017,-0.3315,13810.0
1543.3,12.26,-0.8523,-0.3707,13830.0
1543.35,12.26,-0.7898,-0.2286,13840.0
1543.4,12.26,-0.7273,-0.08658,13850.0
1543.45,12.15,-0.5758,-0.0367,13850.0
1543.5,12.04,-0.4244,0.01317,13840.0
1543.55,12.08,-0.2884,-0.08548,13830.0
1543.6,12.12,-0.1525,-0.1841,13820.0
1543.65,12.24,-0.1771,-0.1274,13820.0
1543.7,12.36,-0.2018,-0.07072,13810.0
1543.75,12.21,-0.3414,-0.1293,13810.0
1543.8,12.07,-0.4809,-0.1878,13820.0
1543.85,12.08,-0.4789,-0.1963,13830.0
1543.9,12.09,-0.4769,-0.2049,13820.0
1543.95,12.07,-0.3726,-0.3661,13820.0
1544.0,12.04,-0.2683,-0.5273,13810.0
1544.05,11.95,-0.204,-0.355,13820.0
1544.1,11.87,-0.1397,-0.1827,13810.0
1544.15,11.8,-0.1332,-0.3101,13800.0
1544.2,11.74,-0.1266,-0.4375,13790.0
1544.25,11.76,0.03424,-0.4464,13780.0
1544.3,11.79,0.1951,-0.4553,13780.0
1544.35,11.89,0.2271,-0.612,13770.0
1544.4,11.99,0.2592,-0.7687,13780.0
1544.45,12.12,0.1718,-0.8684,13790.0
1544.5,12.24,0.08439,-0.9682,13810.0
1544.55,12.36,-0.03782,-0.9854,13810.0
1544.6,12.47,-0.16,-1.003,13790.0
1544.65,12.64,-0.08001,-0.6583,13760.0
1544.7,12.81,0.0,-0.3141,13730.0
1544.75,12.87,-0.1387,-0.2177,13710.0
1544.8,12.93,-0.2775,-0.1212,13700.0
1544.85,12.99,-0.3262,-0.05646,13700.0
1544.9,13.05,-0.375,0.008292,13730.0
1544.95,13.14,-0.4045,0.1041,13760.0
1545.0,13.24,-0.4339,0.2,13780.0
1545.05,13.08,-0.2703,0.1883,13790.0
1545.1,12.92,-0.1067,0.1766,13790.0
1545.15,12.87,-0.171,0.1718,13780.0
1545.2,12.83,-0.2353,0.1671,13770.0
1545.25,12.9,-0.1861,0.2563,13750.0
1545.3,12.97,-0.1369,0.3456,13730.0
1545.35,13.14,-0.2552,0.3763,13730.0
1545.4,13.3,-0.3734,0.407,13730.0
1545.45,13.36,-0.03025,0.4443,13740.0
1545.5,13.42,0.3129,0.4817,13760.0
1545.55,13.44,0.2285,0.5376,13790.0
1545.6,13.46,0.1441,0.5936,13830.0
1545.65,13.5,0.3489,0.4758,13860.0
1545.7,13.54,0.5537,0.358,13880.0
1545.75,13.6,0.3342,0.3707,13890.0
1545.8,13.66,0.1146,0.3834,13890.0
1545.85,13.34,-0.03404,0.3396,13870.0
1545.9,13.02,-0.1827,0.2958,13850.0
1545.95,12.89,-0.08001,0.2928,13830.0
1546.0,12.77,0.02269,0.2897,13830.0
1546.05,12.76,0.08101,0.2434,13840.0
1546.1,12.76,0.1393,0.1971,13870.0
1546.15,12.86,0.1883,-0.01719,13900.0
1546.2,12.97,0.2373,-0.2314,13950.0
1546.25,12.92,0.09036,-0.2074,13980.0
1546.3,12.86,-0.05653,-0.1834,14000.0
1546.35,12.79,0.1381,-0.2344,14000.0
1546.4,12.73,0.3328,-0.2853,13980.0
1546.45,12.8,0.2625,-0.1662,13960.0
1546.5,12.87,0.1923,-0.04707,13940.0
1546.55,12.96,-0.09255,0.00378,13930.0
1546.6,13.05,-0.3774,0.05463,13930.0
1546.65,12.78,-0.5671,-0.02634,13940.0
1546.7,12.51,-0.7568,-0.1073,13950.0
1546.75,12.44,-0.6423,0.05402,13970.0
1546.8,12.38,-0.5279,0.2153,13970.0
1546.85,12.4,-0.6083,0.2777,13970.0
1546.9,12.41,-0.6887,0.34,13960.0
1546.95,12.49,-0.6377,0.344,13960.0
1547.0,12.57,-0.5868,0.348,13960.0
1547.05,12.61,-0.7327,0.4771,13960.0
1547.1,12.66,-0.8786,0.6063,13960.0
1547.15,12.87,-0.9781,0.6087,13960.0
1547.2,13.09,-1.078,0.6112,13950.0
1547.25,13.08,-1.133,0.6882,13950.0
1547.3,13.08,-1.187,0.7653,13940.0
1547.35,13.02,-1.237,0.8812,13930.0
1547.4,12.95,-1.286,0.9972,13920.0
1547.45,12.95,-1.19,1.079,13910.0
1547.5,12.95,-1.094,1.16,13900.0
1547.55,13.07,-1.266,1.113,13890.0
1547.6,13.19,-1.437,1.065,13900.0
1547.65,13.26,-1.291,0.9155,13910.0
1547.7,13.33,-1.144,0.7663,13930.0
1547.75,13.4,-1.272,0.6833,13960.0
1547.8,13.46,-1.4,0.6004,13980.0
1547.85,13.29,-1.381,0.5813,13980.0
1547.9,13.11,-1.362,0.5621,13970.0
1547.95,13.12,-1.322,0.4918,13960.0
1548.0,13.13,-1.282,0.4214,13960.0
1548.05,13.03,-1.132,0.3183,13950.0
1548.1,12.93,-0.9829,0.2151,13950.0
1548.15,13.01,-1.214,0.3756,13950.0
1548.2,13.1,-1.445,0.536,13960.0
1548.25,13.05,-1.573,0.516,13980.0
1548.3,13.0,-1.701,0.496,13990.0
1548.35,12.89,-1.704,0.4506,14010.0
1548.4,12.79,-1.707,0.4051,14040.0
1548.45,12.91,-1.66,0.1584,14070.0
1548.5,13.03,-1.613,-0.08828,14090.0
1548.55,12.95,-1.629,-0.09377,14100.0
1548.6,12.87,-1.645,-0.09926,14100.0
1548.65,12.81,-1.462,-0.1955,14090.0
1548.7,12.75,-1.279,-0.2917,14080.0
1548.75,12.59,-1.42,-0.3584,14070.0
1548.8,12.42,-1.562,-0.4251,14060.0
1548.85,12.33,-1.534,-0.2658,14070.0
1548.9,12.24,-1.506,-0.1066,14080.0
1548.95,12.2,-1.558,-0.03585,14110.0
1549.0,12.16,-1.611,0.03487,14140.0
1549.05,12.11,-1.585,0.05829,14160.0
1549.1,12.07,-1.559,0.0817,14160.0
1549.15,11.92,-1.483,-0.001829,14150.0
1549.2,11.77,-1.407,-0.08536,14140.0
1549.25,11.71,-1.588,0.03756,14120.0
1549.3,11.64,-1.769,0.1605,14110.0
1549.35,11.56,-1.881,-0.02536,14110.0
1549.4,11.47,-1.994,-0.2112,14130.0
1549.45,11.26,-2.039,-0.5064,14140.0
1549.5,11.04,-2.085,-0.8016,14150.0
1549.55,10.91,-2.062,-0.7449,14140.0
1549.6,10.78,-2.038,-0.6882,14120.0
1549.65,10.85,-1.873,-0.5954,14090.0
1549.7,10.91,-1.708,-0.5026,14050.0
1549.75,10.97,-1.507,-0.5477,14030.0
1549.8,11.02,-1.306,-0.5929,14020.0
1549.85,10.98,-1.349,-0.6154,14030.0
1549.9,10.94,-1.392,-0.638,14050.0
1549.95,11.0,-1.28,-0.7699,14070.0
1550.0,11.06,-1.168,-0.9019,14080.0
1550.05,10.95,-1.187,-0.7596,14080.0
1550.1,10.85,-1.207,-0.6172,14060.0
1550.15,10.91,-1.296,-0.6657,14040.0
1550.2,10.97,-1.384,-0.7141,14010.0
1550.25,10.93,-1.229,-0.5891,13980.0
1550.3,10.9,-1.074,-0.4641,13950.0
1550.35,10.81,-1.047,-0.3517,13940.0
1550.4,10.73,-1.02,-0.2392,13940.0
1550.45,10.42,-1.06,-0.2229,13930.0
1550.5,10.11,-1.101,-0.2066,13940.0
1550.55,10.15,-1.213,-0.2973,13940.0
1550.6,10.19,-1.325,-0.388,13950.0
1550.65,10.41,-1.245,-0.135,13960.0
1550.7,10.62,-1.164,0.118,13970.0
1550.75,10.44,-1.18,-0.04817,13970.0
1550.8,10.27,-1.195,-0.2144,13970.0
1550.85,10.15,-1.346,-0.1608,13960.0
1550.9,10.03,-1.497,-0.1073,13950.0
1550.95,10.19,-1.379,-0.1429,13930.0
1551.0,10.34,-1.262,-0.1785,13910.0
1551.05,10.32,-1.424,-0.1985,13900.0
1551.1,10.3,-1.586,-0.2185,13900.0
1551.15,10.11,-1.714,-0.2638,13910.0
1551.2,9.912,-1.842,-0.309,13920.0
1551.25,9.732,-1.748,-0.2114,13940.0
1551.3,9.551,-1.654,-0.1139,13950.0
1551.35,9.655,-1.525,-0.2707,13960.0
1551.4,9.76,-1.396,-0.4275,13960.0
1551.45,9.765,-1.5,-0.539,13950.0
1551.5,9.77,-1.603,-0.6504,13950.0
1551.55,9.759,-1.523,-0.6447,13940.0
1551.6,9.748,-1.442,-0.639,13940.0
1551.65,9.669,-1.473,-0.5862,13940.0
1551.7,9.591,-1.503,-0.5334,13940.0
1551.75,9.403,-1.662,-0.5056,13940.0
1551.8,9.215,-1.822,-0.4778,13940.0
1551.85,9.273,-1.822,-0.3897,13930.0
1551.9,9.332,-1.822,-0.3017,13920.0
1551.95,9.466,-1.948,-0.2769,13910.0
1552.0,9.6,-2.074,-0.2522,13920.0
1552.05,9.626,-2.0,-0.2218,13930.0
1552.1,9.652,-1.926,-0.1914,13940.0
1552.15,9.493,-1.96,-0.3515,13940.0
1552.2,9.334,-1.994,-0.5117,13930.0
1552.25,9.389,-1.897,-0.3843,13930.0
1552.3,9.444,-1.8,-0.257,13900.0
1552.35,9.469,-1.84,-0.1871,13870.0
1552.4,9.493,-1.881,-0.1171,13830.0
1552.45,9.352,-1.91,-0.235,13800.0
1552.5,9.211,-1.939,-0.3529,13790.0
1552.55,9.178,-1.86,-0.4254,13790.0
1552.6,9.146,-1.781,-0.498,13800.0
1552.65,9.038,-1.68,-0.3673,13810.0
1552.7,8.931,-1.579,-0.2366,13830.0
1552.75,9.176,-1.763,-0.2497,13840.0
1552.8,9.422,-1.947,-0.2629,13840.0
1552.85,9.627,-1.915,-0.3291,13820.0
1552.9,9.831,-1.884,-0.3953,13790.0
1552.95,9.731,-1.892,-0.2969,13770.0
1553.0,9.63,-1.901,-0.1985,13730.0
1553.05,9.706,-1.952,-0.07475,13670.0
1553.1,9.781,-2.003,0.04902,13630.0
1553.15,9.756,-1.945,0.1074,13610.0
1553.2,9.731,-1.887,0.1658,13620.0
1553.25,9.666,-1.878,0.09316,13640.0
1553.3,9.601,-1.87,0.02049,13670.0
1553.35,9.522,-1.744,0.09279,13690.0
1553.4,9.443,-1.618,0.1651,13720.0
1553.45,9.309,-1.586,0.06499,13720.0
1553.5,9.175,-1.553,-0.03512,13700.0
1553.55,9.235,-1.699,0.04353,13640.0
1553.6,9.295,-1.845,0.1222,13590.0
1553.65,9.383,-1.891,0.09279,13540.0
1553.7,9.471,-1.936,0.06341,13520.0
1553.75,9.384,-1.904,0.1485,13510.0
1553.8,9.297,-1.873,0.2336,13520.0
1553.85,9.412,-1.797,0.3155,13550.0
1553.9,9.526,-1.721,0.3973,13590.0
1553.95,9.532,-1.73,0.444,13620.0
1554.0,9.537,-1.739,0.4907,13620.0
1554.05,9.729,-1.68,0.4239,13610.0
1554.1,9.921,-1.621,0.357,13590.0
1554.15,10.01,-1.576,0.3598,13570.0
1554.2,10.1,-1.531,0.3626,13550.0
1554.25,9.954,-1.723,0.227,13530.0
1554.3,9.804,-1.915,0.09145,13520.0
1554.35,9.664,-1.959,0.1844,13530.0
1554.4,9.524,-2.004,0.2773,13540.0
1554.45,9.355,-1.842,0.3062,13550.0
1554.5,9.186,-1.68,0.3351,13550.0
1554.55,8.984,-1.825,0.2367,13550.0
1554.6,8.783,-1.97,0.1383,13550.0
1554.65,8.861,-1.816,0.1065,13530.0
1554.7,8.939,-1.662,0.07463,13530.0
1554.75,9.043,-1.535,0.1117,13530.0
1554.8,9.148,-1.408,0.1488,13540.0
1554.85,9.298,-1.113,0.1406,13560.0
1554.9,9.448,-0.8189,0.1324,13570.0
1554.95,9.523,-0.7227,-0.1956,13570.0
1555.0,9.598,-0.6266,-0.5236,13550.0
1555.05,9.663,-0.7743,-0.5794,13540.0
1555.1,9.727,-0.922,-0.6353,13520.0
1555.15,9.934,-0.782,-0.6205,13510.0
1555.2,10.14,-0.6421,-0.6058,13500.0
1555.25,10.05,-0.5285,-0.5908,13500.0
1555.3,9.967,-0.4148,-0.5758,13490.0
1555.35,9.902,-0.4564,-0.4852,13490.0
1555.4,9.838,-0.498,-0.3946,13490.0
1555.45,9.87,-0.5591,-0.4465,13490.0
1555.5,9.903,-0.6202,-0.4985,13490.0
1555.55,9.871,-0.6379,-0.6043,13500.0
1555.6,9.839,-0.6556,-0.7102,13510.0
1555.65,10.09,-0.8672,-0.6213,13510.0
1555.7,10.34,-1.079,-0.5324,13500.0
1555.75,10.41,-1.337,-0.502,13480.0
1555.8,10.48,-1.595,-0.4717,13440.0
1555.85,10.5,-1.397,-0.5325,13410.0
1555.9,10.52,-1.2,-0.5933,13380.0
1555.95,10.65,-1.264,-0.6829,13360.0
1556.0,10.78,-1.328,-0.7724,13350.0
1556.05,10.64,-1.273,-0.9215,13360.0
1556.1,10.5,-1.219,-1.071,13370.0
1556.15,10.55,-1.308,-0.935,13380.0
1556.2,10.59,-1.397,-0.7994,13390.0
1556.25,10.48,-1.582,-0.6785,13380.0
1556.3,10.36,-1.767,-0.5575,13370.0
1556.35,10.31,-1.944,-0.6063,13360.0
1556.4,10.26,-2.121,-0.655,13340.0
1556.45,10.27,-1.952,-0.5067,13320.0
1556.5,10.29,-1.784,-0.3583,13300.0
1556.55,10.49,-1.721,-0.3553,13290.0
1556.6,10.7,-1.658,-0.3524,13290.0
1556.65,10.55,-1.592,-0.3367,13290.0
1556.7,10.41,-1.526,-0.3209,13280.0
1556.75,10.44,-1.574,-0.4258,13270.0
1556.8,10.48,-1.622,-0.5307,13260.0
1556.85,10.54,-1.616,-0.4391,13260.0
1556.9,10.6,-1.61,-0.3475,13260.0
1556.95,10.42,-1.74,-0.3696,13280.0
1557.0,10.24,-1.87,-0.3917,13290.0
1557.05,10.33,-1.685,-0.2929,13310.0
1557.1,10.42,-1.5,-0.1941,13320.0
1557.15,10.55,-1.502,-0.2609,13310.0
1557.2,10.67,-1.503,-0.3278,13290.0
1557.25,10.79,-1.6,-0.3322,13260.0
1557.3,10.91,-1.697,-0.3365,13240.0
1557.35,10.97,-1.819,-0.4368,13230.0
1557.4,11.03,-1.941,-0.537,13230.0
1557.45,11.08,-1.777,-0.4993,13230.0
1557.5,11.13,-1.612,-0.4617,13250.0
1557.55,11.25,-1.564,-0.3676,13260.0
1557.6,11.38,-1.516,-0.2736,13270.0
1557.65,11.49,-1.591,-0.3175,13280.0
1557.7,11.61,-1.666,-0.3614,13290.0
1557.75,11.69,-1.75,-0.3587,13280.0
1557.8,11.77,-1.834,-0.3561,13280.0
1557.85,11.86,-1.557,-0.2084,13270.0
1557.9,11.94,-1.281,-0.06073,13270.0
1557.95,11.68,-1.359,-0.1677,13260.0
1558.0,11.42,-1.437,-0.2746,13250.0
1558.05,11.49,-1.302,-0.325,13250.0
1558.1,11.55,-1.166,-0.3753,13240.0
1558.15,11.38,-1.199,-0.3932,13240.0
1558.2,11.2,-1.232,-0.4112,13230.0
1558.25,11.16,-1.207,-0.4267,13220.0
1558.3,11.11,-1.182,-0.4421,13230.0
1558.35,11.17,-1.281,-0.2684,13240.0
1558.4,11.24,-1.38,-0.09462,13250.0
1558.45,11.21,-1.367,0.03439,13260.0
1558.5,11.19,-1.354,0.1634,13260.0
1558.55,11.24,-1.497,0.04341,13270.0
1558.6,11.29,-1.641,-0.07658,13270.0
1558.65,11.22,-1.64,-0.03853,13250.0
1558.7,11.16,-1.639,-0.0004878,13220.0
1558.75,11.24,-1.761,0.1332,13190.0
1558.8,11.32,-1.883,0.2668,13180.0
1558.85,11.34,-1.889,0.2691,13170.0
1558.9,11.36,-1.896,0.2714,13170.0
1558.95,11.43,-1.729,0.1922,13170.0
1559.0,11.5,-1.563,0.1129,13190.0
1559.05,11.3,-1.358,0.01317,13200.0
1559.1,11.11,-1.153,-0.08658,13210.0
1559.15,11.05,-0.992,0.08194,13200.0
1559.2,11.0,-0.8308,0.2505,13180.0
1559.25,11.14,-0.7508,0.1308,13180.0
1559.3,11.28,-0.6708,0.01122,13190.0
1559.35,11.36,-0.5955,-0.06524,13190.0
1559.4,11.44,-0.5203,-0.1417,13190.0
1559.45,11.36,-0.5971,-0.2506,13180.0
1559.5,11.29,-0.674,-0.3595,13170.0
1559.55,11.29,-0.7928,-0.4481,13160.0
1559.6,11.28,-0.9116,-0.5368,13150.0
1559.65,11.48,-1.115,-0.5787,13130.0
1559.7,11.68,-1.319,-0.6207,13120.0
1559.75,11.8,-1.278,-0.5659,13140.0
1559.8,11.92,-1.238,-0.5112,13160.0
1559.85,12.07,-1.259,-0.5557,13170.0
1559.9,12.22,-1.281,-0.6002,13190.0
1559.95,12.41,-1.14,-0.5343,13210.0
1560.0,12.61,-0.9992,-0.4685,13220.0
1560.05,12.59,-1.112,-0.5449,13220.0
1560.1,12.57,-1.225,-0.6214,13190.0
1560.15,12.56,-1.203,-0.5969,13160.0
1560.2,12.55,-1.182,-0.5724,13140.0
1560.25,12.67,-1.056,-0.648,13120.0
1560.3,12.79,-0.9311,-0.7236,13120.0
1560.35,12.97,-0.8181,-0.8353,13120.0
1560.4,13.16,-0.705,-0.947,13140.0
1560.45,13.24,-0.7369,-0.9556,13180.0
1560.5,13.32,-0.7687,-0.9643,13230.0
1560.55,13.42,-0.8451,-1.091,13260.0
1560.6,13.53,-0.9216,-1.218,13270.0
1560.65,13.48,-0.9116,-1.097,13270.0
1560.7,13.43,-0.9017,-0.9765,13240.0
1560.75,13.5,-0.9156,-0.855,13200.0
1560.8,13.57,-0.9295,-0.7336,13150.0
1560.85,13.51,-0.822,-0.7115,13120.0
1560.9,13.45,-0.7146,-0.6894,13120.0
1560.95,13.44,-0.8298,-0.8044,13150.0
1561.0,13.43,-0.945,-0.9194,13190.0
1561.05,13.27,-0.4924,-0.6865,13230.0
1561.1,13.1,-0.03981,-0.4536,13270.0
1561.15,13.16,-0.03662,-0.4059,13280.0
1561.2,13.23,-0.03344,-0.3583,13280.0
1561.25,13.1,-0.2787,-0.3975,13270.0
1561.3,12.96,-0.5239,-0.4368,13240.0
1561.35,12.81,-0.3772,-0.3657,13220.0
1561.4,12.67,-0.2305,-0.2946,13200.0
1561.45,12.65,-0.2607,-0.4173,13190.0
1561.5,12.64,-0.291,-0.5399,13190.0
1561.55,12.61,-0.421,-0.5726,13200.0
1561.6,12.58,-0.5509,-0.6053,13210.0
1561.65,12.64,-0.4968,-0.2851,13240.0
1561.7,12.71,-0.4427,0.03512,13270.0
1561.75,12.81,-0.2743,-0.03646,13290.0
1561.8,12.92,-0.1059,-0.108,13290.0
1561.85,12.75,0.02588,-0.1122,13280.0
1561.9,12.58,0.1576,-0.1163,13260.0
1561.95,12.58,-0.01513,-0.0539,13230.0
1562.0,12.57,-0.1879,0.008536,13210.0
1562.05,12.62,-0.1545,0.1427,13200.0
1562.1,12.68,-0.121,0.2768,13220.0
1562.15,12.73,-0.2154,0.2406,13250.0
1562.2,12.78,-0.3097,0.2044,13280.0
1562.25,12.73,-0.4379,0.2162,13310.0
1562.3,12.69,-0.5661,0.228,13320.0
1562.35,12.72,-0.4287,0.2762,13330.0
1562.4,12.74,-0.2914,0.3244,13310.0
1562.45,12.63,-0.1011,0.4131,13280.0
1562.5,12.52,0.08917,0.5019,13250.0
1562.55,12.34,0.0613,0.2527,13240.0
1562.6,12.17,0.03344,0.003414,13250.0
1562.65,12.17,0.03822,-0.02195,13280.0
1562.7,12.17,0.04299,-0.04731,13310.0
1562.75,12.19,0.09216,-0.2324,13350.0
1562.8,12.22,0.1413,-0.4175,13370.0
1562.85,12.06,0.03722,-0.3976,13380.0
1562.9,11.91,-0.06688,-0.3778,13370.0
1562.95,11.99,-0.01712,-0.2496,13350.0
1563.0,12.07,0.03264,-0.1215,13330.0
1563.05,12.12,0.1986,-0.09865,13320.0
1563.1,12.17,0.3646,-0.07585,13310.0
1563.15,12.05,0.3392,-0.2101,13310.0
1563.2,11.94,0.3137,-0.3444,13320.0
1563.25,11.83,0.1369,-0.3941,13340.0
1563.3,11.72,-0.03981,-0.4439,13370.0
1563.35,11.64,-0.203,-0.5241,13410.0
1563.4,11.56,-0.3662,-0.6043,13440.0
1563.45,11.63,-0.3808,-0.5434,13450.0
1563.5,11.71,-0.3953,-0.4824,13450.0
1563.55,11.8,-0.5171,-0.4946,13420.0
1563.6,11.89,-0.6389,-0.5068,13380.0
1563.65,11.83,-0.6523,-0.4524,13350.0
1563.7,11.78,-0.6656,-0.398,13330.0
1563.75,11.85,-0.6025,-0.2992,13320.0
1563.8,11.92,-0.5394,-0.2005,13340.0
1563.85,11.88,-0.3927,-0.1912,13380.0
1563.9,11.84,-0.246,-0.1819,13420.0
1563.95,12.1,-0.1767,-0.1789,13450.0
1564.0,12.36,-0.1075,-0.1758,13450.0
1564.05,12.48,0.01353,-0.09182,13450.0
1564.1,12.59,0.1346,-0.007804,13430.0
1564.15,12.53,0.2054,0.01171,13400.0
1564.2,12.46,0.2763,0.03122,13360.0
1564.25,12.46,0.2217,-0.1572,13350.0
1564.3,12.45,0.1672,-0.3456,13350.0
1564.35,12.37,0.2289,-0.347,13380.0
1564.4,12.28,0.2906,-0.3485,13410.0
1564.45,12.48,0.338,-0.274,13440.0
1564.5,12.68,0.3853,-0.1995,13460.0
1564.55,12.62,0.4594,-0.1663,13470.0
1564.6,12.57,0.5334,-0.1332,13460.0
1564.65,12.55,0.3905,-0.3764,13440.0
1564.7,12.52,0.2476,-0.6197,13410.0
1564.75,12.34,0.1873,-0.7893,13400.0
1564.8,12.16,0.127,-0.9589,13400.0
1564.85,12.3,0.1115,-1.158,13410.0
1564.9,12.44,0.09594,-1.357,13430.0
1564.95,12.77,0.1045,-1.358,13470.0
1565.0,13.1,0.1131,-1.359,13530.0
1565.05,13.18,0.2303,-1.322,13560.0
1565.1,13.27,0.3475,-1.284,13580.0
1565.15,13.51,0.5306,-1.223,13570.0
1565.2,13.74,0.7138,-1.161,13540.0
1565.25,13.76,0.6318,-1.044,13520.0
1565.3,13.78,0.5498,-0.9265,13490.0
1565.35,13.82,0.6176,-1.036,13470.0
1565.4,13.86,0.6855,-1.145,13470.0
1565.45,13.8,0.6214,-1.222,13490.0
1565.5,13.75,0.5573,-1.298,13530.0
1565.55,13.81,0.6238,-1.194,13570.0
1565.6,13.88,0.6903,-1.09,13610.0
1565.65,13.92,0.5175,-0.9975,13620.0
1565.7,13.97,0.3447,-0.9048,13620.0
1565.75,14.07,0.297,-0.7428,13600.0
1565.8,14.18,0.2492,-0.5809,13580.0
1565.85,14.2,0.2703,-0.4191,13560.0
1565.9,14.21,0.2914,-0.2573,13540.0
1565.95,14.28,0.536,-0.4737,13540.0
1566.0,14.35,0.7806,-0.6902,13550.0
1566.05,14.31,0.4851,-0.7682,13560.0
1566.1,14.28,0.1895,-0.8462,13570.0
1566.15,14.27,0.1777,-0.7089,13580.0
1566.2,14.26,0.166,-0.5716,13590.0
1566.25,14.5,0.1441,-0.3375,13600.0
1566.3,14.73,0.1222,-0.1034,13600.0
1566.35,14.78,0.2693,-0.1262,13610.0
1566.4,14.82,0.4164,-0.149,13610.0
1566.45,14.92,0.4745,-0.1892,13600.0
1566.5,15.02,0.5326,-0.2295,13600.0
1566.55,14.89,0.4459,-0.3395,13590.0
1566.6,14.75,0.3591,-0.4495,13590.0
1566.65,14.88,0.2291,-0.3959,13600.0
1566.7,15.0,0.09912,-0.3424,13620.0
1566.75,15.11,0.2538,-0.5216,13640.0
1566.8,15.22,0.4084,-0.7009,13650.0
1566.85,15.0,0.3316,-0.6693,13640.0
1566.9,14.77,0.2548,-0.6377,13630.0
1566.95,14.73,0.3075,-0.7408,13610.0
1567.0,14.69,0.3603,-0.8438,13590.0
1567.05,14.9,0.2056,-0.6675,13580.0
1567.1,15.11,0.05095,-0.4912,13590.0
1567.15,15.1,0.08758,-0.6241,13620.0
1567.2,15.08,0.1242,-0.757,13640.0
1567.25,14.92,-0.04857,-0.5035,13660.0
1567.3,14.75,-0.2213,-0.25,13660.0
1567.35,14.87,-0.0832,-0.07585,13660.0
1567.4,14.99,0.05494,0.09828,13660.0
1567.45,15.15,0.08439,-0.02683,13650.0
1567.5,15.32,0.1139,-0.1519,13640.0
1567.55,15.33,-0.1817,-0.2806,13650.0
1567.6,15.33,-0.4773,-0.4092,13660.0
1567.65,15.2,-0.7653,-0.4535,13670.0
1567.7,15.07,-1.053,-0.4977,13680.0
1567.75,14.93,-1.062,-0.3667,13670.0
1567.8,14.79,-1.071,-0.2356,13670.0
1567.85,14.82,-1.02,-0.2083,13680.0
1567.9,14.86,-0.9693,-0.181,13690.0
1567.95,14.7,-0.9267,-0.1051,13710.0
1568.0,14.55,-0.8841,-0.02927,13740.0
1568.05,14.68,-0.8501,-0.2457,13770.0
1568.1,14.81,-0.8161,-0.4621,13790.0
1568.15,14.88,-0.6025,-0.5548,13810.0
1568.2,14.95,-0.3889,-0.6475,13800.0
1568.25,15.08,-0.4429,-0.6702,13790.0
1568.3,15.21,-0.4968,-0.6929,13770.0
1568.35,15.11,-0.6146,-0.6101,13750.0
1568.4,15.02,-0.7325,-0.5273,13740.0
1568.45,14.94,-0.837,-0.4553,13750.0
1568.5,14.87,-0.9415,-0.3834,13770.0
1568.55,14.84,-1.056,-0.4481,13790.0
1568.6,14.82,-1.171,-0.5129,13810.0
1568.65,14.94,-1.105,-0.4702,13830.0
1568.7,15.06,-1.04,-0.4275,13840.0
1568.75,15.15,-1.171,-0.3415,13840.0
1568.8,15.24,-1.302,-0.2556,13840.0
1568.85,15.44,-0.9062,-0.3743,13830.0
1568.9,15.63,-0.5107,-0.4931,13820.0
1568.95,15.73,-0.6401,-0.4136,13810.0
1569.0,15.83,-0.7695,-0.3341,13800.0
1569.05,15.75,-0.8238,-0.4413,13800.0
1569.1,15.66,-0.8782,-0.5485,13800.0
1569.15,15.43,-0.6539,-0.5692,13820.0
1569.2,15.2,-0.4295,-0.5899,13850.0
1569.25,15.2,-0.419,-0.415,13890.0
1569.3,15.2,-0.4084,-0.24,13910.0
1569.35,15.17,-0.5129,-0.2451,13910.0
1569.4,15.13,-0.6174,-0.2502,13900.0
1569.45,15.19,-0.8316,-0.4573,13890.0
1569.5,15.24,-1.046,-0.6643,13880.0
1569.55,15.43,-0.9142,-0.7298,13890.0
1569.6,15.61,-0.7826,-0.7953,13900.0
1569.65,15.58,-1.039,-0.5302,13930.0
1569.7,15.55,-1.296,-0.2651,13960.0
1569.75,15.65,-1.009,-0.1647,13980.0
1569.8,15.74,-0.7229,-0.06438,13990.0
1569.85,15.66,-0.8875,-0.05316,13970.0
1569.9,15.58,-1.052,-0.04195,13950.0
1569.95,15.35,-0.9271,-0.2191,13920.0
1570.0,15.12,-0.8021,-0.3963,13900.0
1570.05,15.24,-0.8015,-0.3642,13900.0
1570.1,15.36,-0.8009,-0.3322,13920.0
1570.15,15.37,-0.669,-0.4039,13960.0
1570.2,15.39,-0.537,-0.4756,14020.0
1570.25,15.31,-0.4015,-0.4659,14060.0
1570.3,15.22,-0.2659,-0.4563,14080.0
1570.35,15.09,-0.4353,-0.3911,14070.0
1570.4,14.97,-0.6047,-0.3258,14040.0
1570.45,14.84,-0.6574,-0.212,13980.0
1570.5,14.71,-0.7102,-0.09828,13930.0
1570.55,14.7,-0.655,-0.208,13890.0
1570.6,14.69,-0.5999,-0.3178,13890.0
1570.65,14.88,-0.62,-0.338,13920.0
1570.7,15.06,-0.6401,-0.3583,13980.0
1570.75,15.12,-0.7197,-0.4563,14050.0
1570.8,15.18,-0.7994,-0.5543,14110.0
1570.85,15.31,-0.8306,-0.7065,14150.0
1570.9,15.45,-0.8619,-0.8587,14160.0
1570.95,15.38,-0.743,-0.8676,14130.0
1571.0,15.31,-0.6242,-0.8765,14070.0
1571.05,15.34,-0.4514,-0.8742,14010.0
1571.1,15.36,-0.2787,-0.8719,13950.0
1571.15,15.15,-0.1688,-1.025,13930.0
1571.2,14.94,-0.05892,-1.177,13930.0
1571.25,14.99,-0.1594,-1.073,13950.0
1571.3,15.04,-0.2599,-0.9687,13980.0
1571.35,14.91,-0.421,-0.8052,14040.0
1571.4,14.78,-0.582,-0.6416,14090.0
1571.45,14.64,-0.4158,-0.5167,14130.0
1571.5,14.5,-0.2496,-0.3917,14130.0
1571.55,14.3,-0.2574,-0.433,14120.0
1571.6,14.11,-0.2651,-0.4743,14110.0
1571.65,14.11,-0.1148,-0.1561,14070.0
1571.7,14.1,0.03543,0.1622,14010.0
1571.75,14.08,0.2806,0.2453,13960.0
1571.8,14.05,0.5259,0.3285,13930.0
1571.85,13.92,0.5589,0.5081,13940.0
1571.9,13.79,0.5919,0.6877,13960.0
1571.95,13.68,0.5983,0.5145,14000.0
1572.0,13.57,0.6047,0.3412,14040.0
1572.05,13.76,0.4988,0.3618,14080.0
1572.1,13.95,0.3929,0.3824,14100.0
1572.15,13.83,0.5273,0.292,14110.0
1572.2,13.71,0.6616,0.2017,14090.0
1572.25,13.67,0.579,0.146,14080.0
1572.3,13.63,0.4964,0.09023,14080.0
1572.35,13.56,0.5109,-0.1635,14080.0
1572.4,13.49,0.5255,-0.4173,14070.0
1572.45,13.56,0.6101,-0.4612,14050.0
1572.5,13.64,0.6947,-0.5051,14040.0
1572.55,13.78,0.6455,-0.4095,14030.0
1572.6,13.93,0.5963,-0.3139,14020.0
1572.65,14.31,0.536,-0.1139,14010.0
1572.7,14.69,0.4757,0.08609,14030.0
1572.75,14.65,0.3312,-0.05865,14060.0
1572.8,14.61,0.1867,-0.2034,14100.0
1572.85,14.59,0.3893,-0.1222,14120.0
1572.9,14.57,0.5919,-0.04097,14130.0
1572.95,14.23,0.5842,-0.1768,14130.0
1573.0,13.9,0.5764,-0.3126,14120.0
1573.05,13.62,0.6708,-0.6444,14110.0
1573.1,13.35,0.7651,-0.9762,14080.0
1573.15,13.38,0.8736,-1.003,14060.0
1573.2,13.41,0.9821,-1.03,14050.0
1573.25,13.23,0.7259,-0.9447,14050.0
1573.3,13.04,0.4697,-0.8594,14050.0
1573.35,12.91,0.4668,-0.6768,14060.0
1573.4,12.78,0.4638,-0.4941,14070.0
1573.45,12.85,0.4064,-0.1539,14080.0
1573.5,12.92,0.3491,0.1863,14100.0
1573.55,12.94,0.3491,0.16,14120.0
1573.6,12.97,0.3491,0.1336,14140.0
1573.65,12.73,0.2615,0.1104,14150.0
1573.7,12.48,0.174,0.08706,14150.0
1573.75,12.55,0.4749,0.003414,14140.0
1573.8,12.61,0.7759,-0.08024,14130.0
1573.85,12.45,0.6958,-0.205,14100.0
1573.9,12.28,0.6158,-0.3297,14070.0
1573.95,11.96,0.7402,-0.3245,14040.0
1574.0,11.64,0.8646,-0.3192,14020.0
1574.05,11.7,0.9715,-0.1186,14010.0
1574.1,11.76,1.078,0.08194,14030.0
1574.15,11.78,1.066,-0.03926,14060.0
1574.2,11.81,1.053,-0.1605,14100.0
1574.25,11.8,1.217,-0.1279,14140.0
1574.3,11.79,1.381,-0.09536,14160.0
1574.35,11.86,1.148,-0.3052,14160.0
1574.4,11.93,0.9144,-0.5151,14130.0
1574.45,11.95,0.6664,-0.7261,14090.0
1574.5,11.98,0.4184,-0.9372,14050.0
1574.55,12.07,0.6646,-0.9029,14010.0
1574.6,12.15,0.9108,-0.8687,13980.0
1574.65,12.12,0.7767,-0.7136,13980.0
1574.7,12.09,0.6425,-0.5585,13980.0
1574.75,11.96,0.5615,-0.5953,14000.0
1574.8,11.83,0.4805,-0.6321,14020.0
1574.85,11.87,0.5661,-0.84,14030.0
1574.9,11.91,0.6517,-1.048,14050.0
1574.95,11.9,0.6383,-1.073,14060.0
1575.0,11.88,0.625,-1.098,14070.0
1575.05,12.02,0.6817,-1.087,14090.0
1575.1,12.16,0.7384,-1.075,14100.0
1575.15,11.97,0.6351,-0.8591,14090.0
1575.2,11.78,0.5318,-0.6429,14070.0
1575.25,11.79,0.6596,-0.5786,14050.0
1575.3,11.8,0.7874,-0.5143,14020.0
1575.35,11.81,0.9777,-0.5616,13990.0
1575.4,11.83,1.168,-0.609,13980.0
1575.45,11.78,0.9307,-0.6379,13990.0
1575.5,11.73,0.6935,-0.6668,14010.0
1575.55,11.86,0.6746,-0.5331,14040.0
1575.6,12.0,0.6556,-0.3995,14070.0
1575.65,11.95,0.6371,-0.4387,14100.0
1575.7,11.89,0.6186,-0.478,14120.0
1575.75,12.04,0.6662,-0.5364,14130.0
1575.8,12.19,0.7138,-0.5948,14130.0
1575.85,12.02,0.659,-0.5742,14120.0
1575.9,11.86,0.6043,-0.5536,14100.0
1575.95,11.72,0.6228,-0.6398,14080.0
1576.0,11.58,0.6413,-0.726,14040.0
1576.05,11.5,0.6572,-0.7964,14010.0
1576.1,11.43,0.6732,-0.8667,13990.0
1576.15,11.68,0.7844,-1.086,13990.0
1576.2,11.94,0.8957,-1.306,14010.0
1576.25,11.77,1.007,-1.405,14050.0
1576.3,11.6,1.119,-1.503,14090.0
1576.35,11.55,1.009,-1.492,14130.0
1576.4,11.49,0.8985,-1.481,14160.0
1576.45,11.6,0.7456,-1.56,14160.0
1576.5,11.7,0.5927,-1.64,14140.0
1576.55,11.55,0.6067,-1.588,14090.0
1576.6,11.4,0.6206,-1.536,14040.0
1576.65,11.53,0.494,-1.44,14000.0
1576.7,11.66,0.3674,-1.343,13970.0
1576.75,11.68,0.2355,-1.277,13950.0
1576.8,11.7,0.1035,-1.211,13950.0
1576.85,11.62,0.1123,-1.285,13970.0
1576.9,11.54,0.121,-1.358,14010.0
1576.95,11.76,0.06091,-1.275,14040.0
1577.0,11.98,0.0007961,-1.193,14070.0
1577.05,11.88,0.07623,-1.107,14080.0
1577.1,11.78,0.1517,-1.022,14070.0
1577.15,11.78,0.07225,-0.9861,14040.0
1577.2,11.77,-0.007165,-0.9506,14000.0
1577.25,11.85,0.1411,-0.969,13970.0
1577.3,11.93,0.2894,-0.9875,13950.0
1577.35,11.87,0.4064,-0.8906,13940.0
1577.4,11.8,0.5235,-0.7938,13930.0
1577.45,11.71,0.4299,-0.7728,13930.0
1577.5,11.61,0.3364,-0.7519,13930.0
1577.55,11.61,0.2828,-0.7802,13940.0
1577.6,11.61,0.2293,-0.8084,13940.0
1577.65,11.6,0.2468,-0.6992,13940.0
1577.7,11.6,0.2643,-0.5899,13930.0
1577.75,11.7,0.2329,-0.6421,13930.0
1577.8,11.79,0.2014,-0.6943,13940.0
1577.85,11.76,0.1409,-0.6925,13950.0
1577.9,11.73,0.08041,-0.6907,13950.0
1577.95,11.76,-0.1885,-0.6594,13940.0
1578.0,11.79,-0.4574,-0.6282,13950.0
1578.05,11.67,-0.5724,-0.7203,13940.0
1578.1,11.54,-0.6875,-0.8123,13930.0
1578.15,11.58,-0.7386,-0.6927,13900.0
1578.2,11.61,-0.7898,-0.5731,13880.0
1578.25,11.73,-0.9514,-0.6109,13870.0
1578.3,11.85,-1.113,-0.6487,13870.0
1578.35,11.69,-1.091,-0.5912,13860.0
1578.4,11.54,-1.068,-0.5336,13870.0
1578.45,11.42,-0.8557,-0.4022,13880.0
1578.5,11.29,-0.6433,-0.2707,13900.0
1578.55,11.37,-0.4056,-0.3052,13920.0
1578.6,11.44,-0.168,-0.3397,13930.0
1578.65,11.52,0.03145,-0.1924,13950.0
1578.7,11.6,0.2309,-0.04512,13950.0
1578.75,11.4,0.1473,-0.03853,13950.0
1578.8,11.2,0.06369,-0.03195,13930.0
1578.85,11.16,0.09813,-0.1073,13890.0
1578.9,11.12,0.1326,-0.1827,13860.0
1578.95,11.21,0.07842,-0.3436,13830.0
1579.0,11.29,0.02428,-0.5046,13820.0
1579.05,11.35,0.167,-0.5309,13830.0
1579.1,11.4,0.3097,-0.5573,13860.0
1579.15,11.32,0.4035,-0.4597,13910.0
1579.2,11.24,0.4972,-0.3622,13950.0
1579.25,11.32,0.2398,-0.2102,13990.0
1579.3,11.39,-0.01752,-0.05829,14000.0
1579.35,11.55,0.215,-0.01122,14000.0
1579.4,11.7,0.4474,0.03585,13980.0
1579.45,11.69,0.3796,-0.1657,13950.0
1579.5,11.68,0.3117,-0.3673,13900.0
1579.55,11.73,0.08419,-0.2408,13860.0
1579.6,11.77,-0.1433,-0.1144,13830.0
1579.65,11.88,-0.3081,0.01573,13820.0
1579.7,11.99,-0.4729,0.1458,13830.0
1579.75,11.97,-0.5032,0.234,13860.0
1579.8,11.96,-0.5334,0.3222,13900.0
1579.85,12.06,-0.2601,0.2505,13950.0
1579.9,12.15,0.01314,0.1788,14000.0
1579.95,12.0,-0.05434,0.2174,14010.0
1580.0,11.85,-0.1218,0.2561,14000.0
1580.05,11.9,-0.1256,0.4515,13960.0
1580.1,11.96,-0.1294,0.647,13910.0
1580.15,11.96,-0.1294,0.7426,13850.0
1580.2,11.97,-0.1294,0.8382,13810.0
1580.25,11.74,-0.1039,0.6909,13790.0
1580.3,11.51,-0.07842,0.5436,13800.0
1580.35,11.48,-0.02607,0.4814,13830.0
1580.4,11.45,0.02627,0.4192,13850.0
1580.45,11.5,-0.0826,0.7281,13880.0
1580.5,11.55,-0.1915,1.037,13890.0
1580.55,11.59,-0.1614,1.017,13900.0
1580.6,11.62,-0.1314,0.9965,13890.0
1580.65,11.74,0.02329,0.8958,13870.0
1580.7,11.86,0.1779,0.795,13850.0
1580.75,11.75,0.1393,0.793,13830.0
1580.8,11.65,0.1007,0.7909,13810.0
1580.85,11.54,0.1355,0.6674,13800.0
1580.9,11.44,0.1704,0.5438,13800.0
1580.95,11.31,0.2271,0.4931,13800.0
1581.0,11.18,0.2838,0.4424,13820.0
1581.05,11.27,0.2287,0.4671,13830.0
1581.1,11.35,0.1736,0.4919,13850.0
1581.15,11.4,0.3019,0.4112,13860.0
1581.2,11.46,0.4303,0.3305,13860.0
1581.25,11.51,0.4327,0.293,13850.0
1581.3,11.56,0.4351,0.2556,13840.0
1581.35,11.5,0.4795,0.1044,13840.0
1581.4,11.43,0.5239,-0.04682,13850.0
1581.45,11.52,0.4855,-0.2079,13880.0
1581.5,11.61,0.447,-0.369,13910.0
1581.55,11.57,0.3816,-0.3597,13950.0
1581.6,11.52,0.3161,-0.3504,13960.0
1581.65,11.34,0.2822,-0.4952,13940.0
1581.7,11.15,0.2484,-0.6399,13900.0
1581.75,11.17,0.2962,-0.4977,13850.0
1581.8,11.18,0.3439,-0.3556,13810.0
1581.85,11.28,0.4588,-0.1891,13810.0
1581.9,11.38,0.5736,-0.02268,13830.0
1581.95,11.53,0.5281,0.05548,13890.0
1582.0,11.67,0.4825,0.1336,13960.0
1582.05,11.7,0.5392,0.01902,14030.0
1582.1,11.72,0.5959,-0.0956,14080.0
1582.15,11.87,0.5426,-0.1244,14080.0
1582.2,12.02,0.4892,-0.1532,14050.0
1582.25,12.03,0.5231,-0.3342,14010.0
1582.3,12.03,0.5569,-0.5153,13970.0
1582.35,11.91,0.4598,-0.6052,13930.0
1582.4,11.78,0.3627,-0.695,13890.0
1582.45,11.91,0.4311,-0.8236,13880.0
1582.5,12.04,0.4996,-0.9521,13910.0
1582.55,12.02,0.4216,-0.7581,13960.0
1582.6,12.0,0.3435,-0.5641,14020.0
1582.65,11.97,0.332,-0.3395,14070.0
1582.7,11.93,0.3205,-0.1149,14120.0
1582.75,11.97,0.2986,-0.01866,14150.0
1582.8,12.02,0.2767,0.07755,14150.0
1582.85,11.85,0.3201,0.1408,14110.0
1582.9,11.68,0.3635,0.2041,14060.0
1582.95,11.84,0.2178,0.0428,14010.0
1583.0,12.0,0.07205,-0.1185,13980.0
1583.05,12.02,0.2355,-0.1464,13970.0
1583.1,12.04,0.3989,-0.1744,13960.0
1583.15,12.0,0.2767,-0.04695,13980.0
1583.2,11.95,0.1545,0.08048,14030.0
1583.25,11.88,0.164,0.145,14090.0
1583.3,11.82,0.1736,0.2095,14130.0
1583.35,12.04,0.08897,0.1633,14140.0
1583.4,12.27,0.004379,0.1171,14130.0
1583.45,12.27,-0.06966,0.09255,14120.0
1583.5,12.27,-0.1437,0.06804,14090.0
1583.55,12.25,0.05494,0.1347,14050.0
1583.6,12.23,0.2536,0.2014,14020.0
1583.65,12.44,0.2287,0.05999,14020.0
1583.7,12.65,0.2038,-0.08145,14040.0
1583.75,12.64,0.1572,-0.01293,14060.0
1583.8,12.62,0.1107,0.0556,14080.0
1583.85,12.57,-0.08161,0.0389,14100.0
1583.9,12.52,-0.2739,0.02219,14130.0
1583.95,12.67,-0.06767,0.1692,14150.0
1584.0,12.82,0.1385,0.3163,14150.0
1584.05,12.84,0.1662,0.3246,14150.0
1584.1,12.86,0.1939,0.3329,14150.0
1584.15,13.12,0.281,0.3414,14160.0
1584.2,13.37,0.3682,0.35,14180.0
1584.25,13.23,0.4574,0.1928,14190.0
1584.3,13.08,0.5466,0.03561,14200.0
1584.35,13.16,0.7572,-0.1301,14220.0
1584.4,13.25,0.9677,-0.2958,14230.0
1584.45,13.45,0.8851,-0.3825,14240.0
1584.5,13.65,0.8025,-0.4692,14240.0
1584.55,13.64,0.7691,-0.5301,14230.0
1584.6,13.64,0.7357,-0.5909,14240.0
1584.65,13.78,0.5645,-0.5514,14260.0
1584.7,13.92,0.3933,-0.5119,14280.0
1584.75,13.66,0.3563,-0.5493,14320.0
1584.8,13.4,0.3193,-0.5868,14350.0
1584.85,13.61,0.453,-0.6822,14390.0
1584.9,13.82,0.5868,-0.7777,14410.0
1584.95,13.77,0.7281,-0.8909,14410.0
1585.0,13.72,0.8694,-1.004,14410.0
1585.05,13.69,0.963,-1.111,14390.0
1585.1,13.65,1.057,-1.218,14380.0
1585.15,13.75,1.003,-1.211,14380.0
1585.2,13.85,0.949,-1.205,14380.0
1585.25,14.0,0.9707,-1.293,14390.0
1585.3,14.15,0.9924,-1.382,14410.0
1585.35,14.01,0.8827,-1.221,14440.0
1585.4,13.87,0.7731,-1.06,14490.0
1585.45,13.9,0.5677,-0.9166,14540.0
1585.5,13.92,0.3623,-0.7731,14580.0
1585.55,13.73,0.4345,-0.8526,14590.0
1585.6,13.53,0.5068,-0.9321,14590.0
1585.65,13.27,0.6367,-0.875,14570.0
1585.7,13.0,0.7667,-0.818,14550.0
1585.75,12.89,1.033,-1.052,14520.0
1585.8,12.78,1.299,-1.286,14500.0
1585.85,12.95,1.166,-1.106,14500.0
1585.9,13.11,1.034,-0.927,14520.0
1585.95,13.07,0.9775,-0.9916,14560.0
1586.0,13.02,0.9212,-1.056,14590.0
1586.05,13.17,1.016,-0.7941,14620.0
1586.1,13.32,1.11,-0.5319,14660.0
1586.15,13.19,1.102,-0.7011,14690.0
1586.2,13.07,1.093,-0.8704,14700.0
1586.25,13.04,0.9357,-0.9406,14690.0
1586.3,13.01,0.7783,-1.011,14680.0
1586.35,13.11,0.7335,-1.05,14670.0
1586.4,13.21,0.6887,-1.088,14660.0
1586.45,13.22,0.8525,-0.9792,14650.0
1586.5,13.22,1.016,-0.8699,14650.0
1586.55,13.2,1.091,-0.7949,14660.0
1586.6,13.18,1.165,-0.7199,14700.0
1586.65,13.3,1.151,-0.8266,14740.0
1586.7,13.41,1.137,-0.9333,14770.0
1586.75,13.38,1.205,-1.032,14790.0
1586.8,13.34,1.273,-1.131,14800.0
1586.85,13.38,1.402,-0.8571,14810.0
1586.9,13.43,1.531,-0.5829,14810.0
1586.95,13.55,1.501,-0.5526,14800.0
1587.0,13.67,1.471,-0.5224,14790.0
1587.05,13.68,1.466,-0.603,14800.0
1587.1,13.68,1.461,-0.6836,14820.0
1587.15,13.86,1.63,-0.3554,14840.0
1587.2,14.04,1.799,-0.02731,14850.0
1587.25,14.02,1.77,0.04097,14860.0
1587.3,14.0,1.741,0.1093,14880.0
1587.35,13.94,1.709,0.1062,14890.0
1587.4,13.88,1.677,0.1032,14890.0
1587.45,14.04,1.726,-0.07463,14890.0
1587.5,14.21,1.775,-0.2524,14910.0
1587.55,14.24,1.89,-0.2501,14930.0
1587.6,14.27,2.005,-0.2478,14950.0
1587.65,14.18,1.886,-0.2891,14970.0
1587.7,14.1,1.767,-0.3305,14990.0
1587.75,14.29,1.833,-0.3498,15020.0
1587.8,14.48,1.898,-0.3692,15040.0
1587.85,14.48,1.824,-0.4525,15040.0
1587.9,14.48,1.749,-0.5358,15030.0
1587.95,14.59,1.769,-0.6711,15010.0
1588.0,14.71,1.789,-0.8065,15000.0
1588.05,14.71,1.874,-0.7189,15000.0
1588.1,14.72,1.959,-0.6314,15000.0
1588.15,14.58,1.741,-0.5953,15040.0
1588.2,14.44,1.522,-0.5592,15110.0
1588.25,14.34,1.481,-0.5207,15180.0
1588.3,14.23,1.44,-0.4821,15220.0
1588.35,14.18,1.465,-0.572,15240.0
1588.4,14.12,1.491,-0.6619,15220.0
1588.45,14.11,1.456,-0.5118,15200.0
1588.5,14.1,1.421,-0.3617,15170.0
1588.55,14.13,1.275,-0.38,15140.0
1588.6,14.15,1.13,-0.3982,15120.0
1588.65,14.09,1.042,-0.2798,15140.0
1588.7,14.03,0.9534,-0.1614,15180.0
1588.75,14.1,0.8628,-0.1535,15220.0
1588.8,14.18,0.7723,-0.1456,15260.0
1588.85,14.34,0.8199,-0.1155,15290.0
1588.9,14.5,0.8674,-0.08536,15320.0
1588.95,14.62,1.005,-0.05268,15340.0
1589.0,14.75,1.142,-0.02,15330.0
1589.05,14.64,1.101,-0.1714,15300.0
1589.1,14.54,1.059,-0.3229,15280.0
1589.15,14.68,1.03,-0.2072,15280.0
1589.2,14.83,1.001,-0.09145,15280.0
1589.25,14.9,0.9452,-0.2064,15290.0
1589.3,14.97,0.8897,-0.3214,15290.0
1589.35,14.68,0.6935,-0.5598,15320.0
1589.4,14.39,0.4972,-0.7982,15350.0
1589.45,14.35,0.3947,-0.5784,15360.0
1589.5,14.31,0.2922,-0.3585,15360.0
1589.55,14.08,0.3798,-0.3876,15350.0
1589.6,13.84,0.4673,-0.4168,15360.0
1589.65,13.88,0.423,-0.2363,15360.0
1589.7,13.91,0.3786,-0.05585,15370.0
1589.75,14.01,0.5279,-0.01232,15370.0
1589.8,14.1,0.6771,0.03122,15390.0
1589.85,14.25,0.5519,-0.04024,15420.0
1589.9,14.4,0.4267,-0.1117,15430.0
1589.95,14.43,0.2464,-0.2801,15410.0
1590.0,14.46,0.06608,-0.4485,15390.0
1590.05,14.42,0.009753,-0.4988,15380.0
1590.1,14.39,-0.04658,-0.5492,15380.0
1590.15,14.49,-0.1756,-0.5949,15390.0
1590.2,14.58,-0.3045,-0.6407,15400.0
1590.25,14.52,-0.156,-0.588,15430.0
1590.3,14.45,-0.007564,-0.5353,15480.0
1590.35,14.3,0.09574,-0.3623,15520.0
1590.4,14.15,0.199,-0.1892,15550.0
1590.45,14.13,0.1455,-0.1608,15550.0
1590.5,14.1,0.09196,-0.1324,15550.0
1590.55,14.09,0.083,-0.1408,15530.0
1590.6,14.08,0.07404,-0.1493,15500.0
1590.65,14.3,0.1911,-0.04902,15470.0
1590.7,14.52,0.3081,0.05121,15450.0
1590.75,14.69,0.4928,-0.0756,15470.0
1590.8,14.85,0.6775,-0.2024,15510.0
1590.85,14.62,0.6654,-0.2263,15550.0
1590.9,14.39,0.6533,-0.2502,15580.0
1590.95,14.47,0.6789,-0.3087,15610.0
1591.0,14.55,0.7046,-0.3673,15650.0
1591.05,14.6,0.6441,-0.3633,15680.0
1591.1,14.66,0.5836,-0.3592,15670.0
1591.15,14.75,0.7474,-0.303,15630.0
1591.2,14.84,0.9112,-0.2468,15600.0
1591.25,14.89,0.5818,-0.1111,15570.0
1591.3,14.95,0.2524,0.02463,15560.0
1591.35,14.92,0.2442,0.1106,15560.0
1591.4,14.9,0.2361,0.1966,15570.0
1591.45,14.86,0.1604,0.1519,15610.0
1591.5,14.81,0.08479,0.1073,15660.0
1591.55,14.77,0.09634,0.141,15690.0
1591.6,14.73,0.1079,0.1746,15690.0
1591.65,14.58,0.1344,-0.01732,15670.0
1591.7,14.43,0.1608,-0.2092,15650.0
1591.75,14.42,0.1572,-0.1745,15630.0
1591.8,14.41,0.1537,-0.1397,15610.0
1591.85,14.4,0.284,-0.164,15590.0
1591.9,14.39,0.4144,-0.1883,15590.0
1591.95,14.37,0.5826,-0.2723,15600.0
1592.0,14.35,0.7508,-0.3563,15620.0
1592.05,14.5,0.8732,-0.3845,15620.0
1592.1,14.66,0.9956,-0.4126,15620.0
1592.15,14.6,0.8796,-0.3285,15630.0
1592.2,14.54,0.7635,-0.2444,15640.0
1592.25,14.53,0.7466,-0.2018,15630.0
1592.3,14.51,0.7297,-0.1593,15620.0
1592.35,14.47,0.8384,-0.3305,15610.0
1592.4,14.43,0.947,-0.5017,15610.0
1592.45,14.35,0.6642,-0.4518,15620.0
1592.5,14.28,0.3814,-0.4019,15620.0
1592.55,14.26,0.2914,-0.2772,15620.0
1592.6,14.24,0.2014,-0.1524,15630.0
1592.65,14.1,0.6087,-0.1485,15640.0
1592.7,13.97,1.016,-0.1446,15640.0
1592.75,14.01,0.995,-0.05621,15620.0
1592.8,14.05,0.9741,0.03219,15620.0
1592.85,14.19,0.8883,-0.05963,15630.0
1592.9,14.33,0.8025,-0.1514,15670.0
1592.95,14.32,0.9604,-0.3974,15690.0
1593.0,14.3,1.118,-0.6433,15700.0
1593.05,14.37,1.227,-0.7296,15710.0
1593.1,14.45,1.336,-0.8158,15700.0
1593.15,14.36,1.203,-0.945,15680.0
1593.2,14.27,1.07,-1.074,15660.0
1593.25,14.26,1.005,-0.8878,15640.0
1593.3,14.25,0.9403,-0.7014,15650.0
1593.35,14.18,0.9154,-0.8111,15670.0
1593.4,14.12,0.8905,-0.9209,15690.0
1593.45,14.15,0.7986,-0.9034,15700.0
1593.5,14.19,0.7066,-0.886,15720.0
1593.55,14.25,0.7496,-0.8665,15740.0
1593.6,14.31,0.7926,-0.847,15760.0
1593.65,14.4,0.9036,-0.9359,15760.0
1593.7,14.49,1.015,-1.025,15750.0
1593.75,14.53,0.9962,-0.9985,15740.0
1593.8,14.56,0.9777,-0.9723,15730.0
1593.85,14.51,0.9182,-0.8861,15710.0
1593.9,14.45,0.8587,-0.7999,15680.0
1593.95,14.59,0.7048,-0.7467,15670.0
1594.0,14.72,0.5509,-0.6936,15680.0
1594.05,14.56,0.5412,-0.681,15710.0
1594.1,14.4,0.5314,-0.6685,15740.0
1594.15,14.39,0.4359,-0.6535,15760.0
1594.2,14.39,0.3404,-0.6385,15770.0
1594.25,14.48,0.2964,-0.5859,15770.0
1594.3,14.57,0.2524,-0.5334,15750.0
1594.35,14.23,0.3426,-0.5604,15710.0
1594.4,13.89,0.4327,-0.5875,15680.0
1594.45,14.0,0.5285,-0.4786,15670.0
1594.5,14.1,0.6242,-0.3697,15680.0
1594.55,14.07,0.7193,-0.2635,15690.0
1594.6,14.05,0.8145,-0.1573,15700.0
1594.65,13.89,0.6644,-0.373,15690.0
1594.7,13.73,0.5143,-0.5887,15680.0
1594.75,13.9,0.4646,-0.5119,15670.0
1594.8,14.07,0.4148,-0.4351,15640.0
1594.85,13.83,0.3941,-0.367,15620.0
1594.9,13.58,0.3734,-0.299,15620.0
1594.95,13.56,0.5476,-0.3807,15640.0
1595.0,13.55,0.7217,-0.4624,15660.0
1595.05,13.67,0.8011,-0.3628,15680.0
1595.1,13.8,0.8806,-0.2631,15700.0
1595.15,13.7,1.028,-0.2096,15710.0
1595.2,13.59,1.175,-0.1561,15700.0
1595.25,13.64,1.006,-0.345,15680.0
1595.3,13.69,0.8376,-0.5338,15640.0
1595.35,13.79,0.6769,-0.6537,15600.0
1595.4,13.89,0.5163,-0.7736,15590.0
1595.45,13.86,0.7068,-0.7847,15580.0
1595.5,13.84,0.8973,-0.7958,15580.0
1595.55,13.77,0.825,-0.7958,15590.0
1595.6,13.71,0.7528,-0.7958,15610.0
1595.65,13.54,0.9146,-0.5142,15650.0
1595.7,13.37,1.076,-0.2327,15680.0
1595.75,13.29,0.9665,-0.1696,15690.0
1595.8,13.2,0.8567,-0.1066,15690.0
1595.85,13.14,0.665,-0.2562,15680.0
1595.9,13.07,0.4733,-0.4058,15660.0
1595.95,12.89,0.538,-0.4179,15630.0
1596.0,12.72,0.6027,-0.43,15590.0
1596.05,12.84,0.5551,-0.3664,15550.0
1596.1,12.96,0.5076,-0.3029,15540.0
1596.15,13.14,0.4882,-0.209,15560.0
1596.2,13.31,0.4689,-0.1151,15590.0
1596.25,13.31,0.2801,-0.2539,15620.0
1596.3,13.3,0.09116,-0.3926,15660.0
1596.35,13.18,-0.115,-0.4248,15690.0
1596.4,13.05,-0.3213,-0.457,15700.0
1596.45,12.98,-0.3412,-0.5025,15680.0
1596.5,12.9,-0.3611,-0.548,15640.0
1596.55,12.93,-0.2729,-0.5491,15600.0
1596.6,12.96,-0.1847,-0.5502,15580.0
1596.65,12.97,-0.2389,-0.4513,15570.0
1596.7,12.97,-0.293,-0.3524,15560.0
1596.75,12.98,-0.2757,-0.6446,15570.0
1596.8,12.99,-0.2584,-0.9367,15590.0
1596.85,13.04,-0.2996,-0.8236,15630.0
1596.9,13.1,-0.3408,-0.7104,15650.0
1596.95,12.95,-0.3609,-0.7211,15650.0
1597.0,12.8,-0.381,-0.7319,15650.0
1597.05,12.83,-0.2596,-0.8731,15650.0
1597.1,12.86,-0.1381,-1.014,15640.0
1597.15,12.92,0.0009952,-0.8825,15630.0
1597.2,12.98,0.1401,-0.7506,15600.0
1597.25,13.07,0.2078,-0.6958,15590.0
1597.3,13.16,0.2755,-0.6409,15580.0
1597.35,12.96,0.1101,-0.7749,15570.0
1597.4,12.76,-0.05533,-0.9089,15570.0
1597.45,12.69,-0.02607,-0.9948,15580.0
1597.5,12.61,0.003185,-1.081,15600.0
1597.55,12.75,0.3294,-0.9692,15620.0
1597.6,12.88,0.6556,-0.8577,15620.0
1597.65,12.96,0.405,-0.7408,15610.0
1597.7,13.04,0.1545,-0.6238,15600.0
1597.75,13.13,0.2454,-0.6486,15590.0
1597.8,13.21,0.3364,-0.6733,15590.0
1597.85,13.28,0.4803,-0.8333,15600.0
1597.9,13.35,0.6242,-0.9933,15610.0
1597.95,13.51,0.5621,-1.014,15610.0
1598.0,13.68,0.5,-1.035,15600.0
1598.05,13.48,0.7,-1.245,15580.0
1598.1,13.27,0.9001,-1.455,15560.0
1598.15,13.23,0.8206,-1.203,15540.0
1598.2,13.2,0.7412,-0.9504,15540.0
1598.25,13.17,0.7353,-0.9048,15560.0
1598.3,13.15,0.7293,-0.8592,15580.0
1598.35,13.19,0.667,-0.5926,15600.0
1598.4,13.23,0.6047,-0.3261,15630.0
1598.45,13.41,0.5199,-0.2913,15640.0
1598.5,13.6,0.4351,-0.2566,15650.0
1598.55,13.56,0.4449,-0.2389,15640.0
1598.6,13.52,0.4546,-0.2212,15620.0
1598.65,13.53,0.3625,-0.2779,15600.0
1598.7,13.53,0.2703,-0.3346,15580.0
1598.75,13.57,0.3374,-0.3353,15560.0
1598.8,13.61,0.4045,-0.3361,15550.0
1598.85,13.46,0.4017,-0.2691,15540.0
1598.9,13.32,0.3989,-0.2022,15550.0
1598.95,13.42,0.4136,-0.1264,15580.0
1599.0,13.53,0.4283,-0.05073,15620.0
1599.05,13.62,0.545,0.05731,15650.0
1599.1,13.71,0.6616,0.1653,15670.0
1599.15,13.77,0.4725,0.3152,15670.0
1599.2,13.83,0.2834,0.4651,15650.0
1599.25,13.71,0.1168,0.494,15620.0
1599.3,13.58,-0.04976,0.5229,15580.0
1599.35,13.47,-0.05454,0.3144,15560.0
1599.4,13.35,-0.05931,0.1058,15550.0
1599.45,13.25,-0.03662,0.1557,15560.0
1599.5,13.15,-0.01393,0.2056,15580.0
1599.55,13.24,-0.05533,-0.04804,15610.0
1599.6,13.33,-0.09673,-0.3017,15640.0
1599.65,13.23,-0.2309,-0.4803,15660.0
1599.7,13.12,-0.365,-0.659,15660.0
1599.75,13.3,-0.1578,-0.5685,15650.0
1599.8,13.48,0.04936,-0.478,15630.0
1599.85,13.53,0.1449,-0.3676,15600.0
1599.9,13.58,0.2404,-0.2573,15570.0
1599.95,13.52,0.3853,-0.2305,15550.0
1600.0,13.47,0.5302,-0.2036,15560.0
1600.05,13.4,0.5149,-0.211,15570.0
1600.1,13.32,0.4996,-0.2183,15580.0
1600.15,13.4,0.5444,-0.2545,15590.0
1600.2,13.48,0.5892,-0.2907,15590.0
1600.25,13.52,0.4478,-0.2156,15590.0
1600.3,13.56,0.3065,-0.1405,15600.0
1600.35,13.49,0.1449,-0.1667,15590.0
1600.4,13.43,-0.01672,-0.1929,15580.0
1600.45,13.34,-0.04498,-0.1902,15570.0
1600.5,13.24,-0.07325,-0.1875,15550.0
1600.55,13.28,0.1246,-0.1734,15540.0
1600.6,13.31,0.3224,-0.1593,15520.0
1600.65,13.47,0.405,-0.07706,15520.0
1600.7,13.63,0.4877,0.005121,15530.0
1600.75,13.63,0.367,0.1658,15530.0
1600.8,13.62,0.2464,0.3265,15530.0
1600.85,13.58,0.2769,0.393,15530.0
1600.9,13.54,0.3073,0.4595,15530.0
1600.95,13.55,0.4801,0.4008,15530.0
1601.0,13.57,0.6529,0.3422,15530.0
1601.05,13.54,0.5502,0.02927,15530.0
1601.1,13.51,0.4474,-0.2836,15530.0
1601.15,13.36,0.3392,-0.3307,15540.0
1601.2,13.22,0.2309,-0.3778,15540.0
1601.25,13.26,0.1236,-0.3374,15540.0
1601.3,13.3,0.01632,-0.297,15540.0
1601.35,13.21,0.3189,-0.1561,15540.0
1601.4,13.11,0.6214,-0.01512,15540.0
1601.45,13.11,0.6986,0.003292,15530.0
1601.5,13.11,0.7759,0.0217,15510.0
1601.55,12.92,0.675,-0.09657,15490.0
1601.6,12.74,0.574,-0.2149,15490.0
1601.65,12.94,0.6576,-0.1228,15500.0
1601.7,13.15,0.7412,-0.03073,15490.0
1601.75,13.29,0.7719,0.08267,15500.0
1601.8,13.43,0.8025,0.1961,15510.0
1601.85,13.49,0.6829,0.02683,15540.0
1601.9,13.56,0.5633,-0.1424,15550.0
1601.95,13.5,0.662,-0.2411,15550.0
1602.0,13.45,0.7607,-0.3397,15550.0
1602.05,13.35,0.8561,-0.264,15530.0
1602.1,13.25,0.9514,-0.1883,15510.0
1602.15,13.28,1.121,-0.07487,15480.0
1602.2,13.3,1.29,0.03853,15460.0
1602.25,13.15,1.428,0.1688,15460.0
1602.3,12.99,1.565,0.299,15480.0
1602.35,13.15,1.323,0.2468,15500.0
1602.4,13.31,1.081,0.1946,15510.0
1602.45,13.4,1.087,0.3033,15520.0
1602.5,13.5,1.092,0.4119,15520.0
1602.55,13.58,0.9693,0.4056,15520.0
1602.6,13.65,0.8463,0.3992,15510.0
1602.65,13.61,0.9172,0.4465,15490.0
1602.7,13.57,0.988,0.4938,15480.0
1602.75,13.51,0.9029,0.42,15490.0
1602.8,13.44,0.8177,0.3461,15490.0
1602.85,13.49,0.8527,0.18,15490.0
1602.9,13.53,0.8877,0.0139,15500.0
1602.95,13.46,1.094,-0.1436,15490.0
1603.0,13.39,1.301,-0.3012,15490.0
1603.05,13.54,1.493,-0.2255,15480.0
1603.1,13.69,1.685,-0.1497,15460.0
1603.15,13.62,1.51,0.06804,15440.0
1603.2,13.56,1.334,0.2858,15420.0
1603.25,13.59,1.23,0.3156,15420.0
1603.3,13.62,1.127,0.3453,15430.0
1603.35,13.56,1.289,0.31,15430.0
1603.4,13.5,1.452,0.2746,15440.0
1603.45,13.45,1.361,0.4011,15450.0
1603.5,13.4,1.27,0.5275,15460.0
1603.55,13.22,1.186,0.4413,15460.0
1603.6,13.03,1.103,0.3551,15430.0
1603.65,13.02,0.836,0.2397,15400.0
1603.7,13.02,0.5693,0.1244,15380.0
1603.75,13.32,0.4988,0.2381,15370.0
1603.8,13.62,0.4283,0.3519,15370.0
1603.85,13.69,0.491,0.2757,15360.0
1603.9,13.76,0.5537,0.1995,15360.0
1603.95,13.77,0.5454,0.1257,15370.0
1604.0,13.78,0.537,0.05195,15380.0
1604.05,13.63,0.5293,0.1286,15400.0
1604.1,13.47,0.5215,0.2053,15410.0
1604.15,13.36,0.5814,0.2108,15410.0
1604.2,13.24,0.6413,0.2163,15410.0
1604.25,13.33,0.7295,0.3634,15400.0
1604.3,13.43,0.8177,0.5104,15360.0
1604.35,13.72,0.8396,0.6582,15310.0
1604.4,14.01,0.8615,0.806,15270.0
1604.45,14.07,0.7769,0.7706,15250.0
1604.5,14.14,0.6923,0.7353,15270.0
1604.55,14.12,0.5868,0.7474,15300.0
1604.6,14.1,0.4813,0.7594,15340.0
1604.65,14.21,0.3075,0.8438,15370.0
1604.7,14.32,0.1338,0.9282,15380.0
1604.75,14.1,0.2267,0.6809,15370.0
1604.8,13.88,0.3197,0.4336,15330.0
1604.85,13.79,0.2745,0.3743,15280.0
1604.9,13.69,0.2293,0.3151,15230.0
1604.95,13.73,0.2896,0.2516,15200.0
1605.0,13.77,0.3499,0.188,15200.0
1605.05,13.87,0.5239,0.1896,15210.0
1605.1,13.96,0.6978,0.1912,15230.0
1605.15,14.05,0.9036,0.4307,15250.0
1605.2,14.14,1.109,0.6702,15280.0
1605.25,13.85,0.9709,0.6137,15280.0
1605.3,13.56,0.8324,0.5573,15270.0
1605.35,13.41,0.8139,0.6393,15250.0
1605.4,13.25,0.7954,0.7214,15230.0
1605.45,13.17,0.8495,0.6251,15200.0
1605.5,13.09,0.9036,0.5287,15180.0
1605.55,13.2,0.906,0.5124,15170.0
1605.6,13.31,0.9084,0.496,15180.0
1605.65,13.43,1.028,0.4587,15200.0
1605.7,13.55,1.148,0.4214,15210.0
1605.75,13.61,1.212,0.424,15220.0
1605.8,13.67,1.277,0.4265,15210.0
1605.85,13.61,1.411,0.3596,15200.0
1605.9,13.55,1.545,0.2927,15180.0
1605.95,13.47,1.519,0.2961,15150.0
1606.0,13.38,1.493,0.2995,15120.0
1606.05,13.39,1.269,0.1984,15120.0
1606.1,13.4,1.045,0.09731,15140.0
1606.15,13.37,0.9015,0.1929,15170.0
1606.2,13.34,0.7583,0.2885,15200.0
1606.25,13.24,0.7659,0.4257,15210.0
1606.3,13.14,0.7735,0.5629,15220.0
1606.35,13.13,0.6001,0.6124,15210.0
1606.4,13.12,0.4267,0.6619,15180.0
1606.45,12.97,0.4082,0.588,15150.0
1606.5,12.82,0.3897,0.5141,15120.0
1606.55,12.83,0.3885,0.4002,15100.0
1606.6,12.85,0.3873,0.2863,15100.0
1606.65,12.92,0.2914,0.3141,15100.0
1606.7,12.99,0.1955,0.3419,15110.0
1606.75,12.98,0.25,0.3435,15140.0
1606.8,12.97,0.3045,0.3451,15170.0
1606.85,13.06,0.5002,0.5874,15200.0
1606.9,13.15,0.6958,0.8297,15210.0
1606.95,13.24,0.7976,0.8221,15190.0
1607.0,13.32,0.8993,0.8145,15150.0
1607.05,13.15,1.089,0.5925,15100.0
1607.1,12.98,1.279,0.3704,15050.0
1607.15,12.94,1.286,0.2894,15020.0
1607.2,12.89,1.294,0.2083,15010.0
1607.25,12.85,1.168,0.1891,15040.0
1607.3,12.8,1.041,0.17,15080.0
1607.35,12.78,0.8412,0.2123,15120.0
1607.4,12.76,0.6409,0.2546,15140.0
1607.45,12.69,0.633,0.2864,15130.0
1607.5,12.63,0.625,0.3183,15100.0
1607.55,12.62,0.5539,0.3055,15050.0
1607.6,12.61,0.4829,0.2927,15000.0
1607.65,12.45,0.3814,0.412,14960.0
1607.7,12.3,0.2799,0.5314,14940.0
1607.75,12.16,0.2621,0.5871,14950.0
1607.8,12.02,0.2444,0.6429,14980.0
1607.85,12.04,0.2755,0.4964,15010.0
1607.9,12.07,0.3065,0.35,15030.0
1607.95,12.19,0.3025,0.2595,15030.0
1608.0,12.31,0.2986,0.169,15020.0
1608.05,12.38,0.2962,0.349,14990.0
1608.1,12.45,0.2938,0.529,14970.0
1608.15,12.63,0.07205,0.4843,14940.0
1608.2,12.82,-0.1497,0.4397,14930.0
1608.25,12.85,-0.2072,0.2556,14930.0
1608.3,12.89,-0.2647,0.07146,14930.0
1608.35,12.94,-0.1248,0.04146,14940.0
1608.4,12.99,0.01513,0.01146,14940.0
1608.45,12.74,0.04359,0.1972,14950.0
1608.5,12.5,0.07205,0.3829,14950.0
1608.55,12.5,-0.02707,0.4321,14950.0
1608.6,12.51,-0.1262,0.4814,14950.0
1608.65,12.53,-0.2287,0.4407,14930.0
1608.7,12.55,-0.3312,0.4,14920.0
1608.75,12.45,-0.2239,0.5385,14910.0
1608.8,12.34,-0.1166,0.677,14900.0
1608.85,12.47,-0.2223,0.6965,14900.0
1608.9,12.59,-0.328,0.716,14900.0
1608.95,12.55,-0.2765,0.6379,14920.0
1609.0,12.51,-0.2249,0.5597,14940.0
1609.05,12.48,-0.247,0.5438,14950.0
1609.1,12.45,-0.2691,0.528,14960.0
1609.15,12.53,-0.2548,0.7208,14950.0
1609.2,12.62,-0.2404,0.9136,14940.0
1609.25,12.66,-0.01811,0.9179,14920.0
1609.3,12.7,0.2042,0.9223,14910.0
1609.35,12.43,0.05155,0.8284,14900.0
1609.4,12.16,-0.1011,0.7346,14900.0
1609.45,12.19,-0.1272,0.7939,14910.0
1609.5,12.22,-0.1533,0.8533,14910.0
1609.55,12.13,-0.3338,0.8611,14910.0
1609.6,12.03,-0.5143,0.8689,14910.0
1609.65,12.11,-0.4616,0.8026,14910.0
1609.7,12.18,-0.4088,0.7363,14910.0
1609.75,12.06,-0.2568,0.6896,14910.0
1609.8,11.93,-0.1047,0.6429,14900.0
1609.85,11.95,-0.09255,0.6561,14900.0
1609.9,11.97,-0.08041,0.6694,14900.0
1609.95,12.01,-0.2229,0.6619,14890.0
1610.0,12.05,-0.3654,0.6543,14870.0
1610.05,12.04,-0.3625,0.66,14850.0
1610.1,12.04,-0.3595,0.6658,14830.0
1610.15,12.15,-0.3067,0.4634,14830.0
1610.2,12.27,-0.254,0.2609,14830.0
1610.25,12.22,-0.2323,0.2367,14830.0
1610.3,12.17,-0.2106,0.2124,14830.0
1610.35,12.27,-0.1986,0.2456,14840.0
1610.4,12.37,-0.1867,0.2787,14850.0
1610.45,12.54,-0.2183,0.2005,14860.0
1610.5,12.71,-0.25,0.1222,14860.0
1610.55,12.83,-0.2818,0.1769,14850.0
1610.6,12.96,-0.3137,0.2317,14840.0
1610.65,12.98,-0.2689,0.151,14830.0
1610.7,12.99,-0.2241,0.07024,14820.0
1610.75,12.9,-0.326,0.07877,14810.0
1610.8,12.8,-0.4279,0.08731,14820.0
1610.85,12.81,-0.547,0.1599,14830.0
1610.9,12.83,-0.666,0.2324,14840.0
1610.95,12.93,-0.7104,0.2964,14830.0
1611.0,13.03,-0.7548,0.3604,14820.0
1611.05,13.17,-0.7984,0.3163,14810.0
1611.1,13.3,-0.8419,0.2722,14820.0
1611.15,13.31,-0.741,0.3519,14830.0
1611.2,13.32,-0.6401,0.4317,14850.0
1611.25,13.34,-0.4785,0.3779,14880.0
1611.3,13.36,-0.3169,0.3241,14900.0
1611.35,13.34,-0.2596,0.1722,14910.0
1611.4,13.32,-0.2022,0.02024,14890.0
1611.45,13.24,-0.1511,-0.05231,14860.0
1611.5,13.15,-0.09992,-0.1249,14830.0
1611.55,13.18,-0.2787,-0.07072,14820.0
1611.6,13.21,-0.4574,-0.01658,14820.0
1611.65,13.18,-0.55,-0.1653,14840.0
1611.7,13.15,-0.6425,-0.3141,14860.0
1611.75,13.22,-0.5314,-0.23,14900.0
1611.8,13.29,-0.4204,-0.1458,14930.0
1611.85,13.07,-0.3672,-0.1449,14950.0
1611.9,12.85,-0.3141,-0.1439,14950.0
1611.95,12.88,-0.5432,-0.2233,14940.0
1612.0,12.91,-0.7723,-0.3026,14930.0
1612.05,12.93,-0.7617,-0.249,14920.0
1612.1,12.95,-0.7512,-0.1953,14900.0
1612.15,12.99,-0.8417,-0.0656,14880.0
1612.2,13.02,-0.9323,0.06414,14870.0
1612.25,13.0,-1.173,0.3448,14880.0
1612.3,12.99,-1.414,0.6255,14890.0
1612.35,13.05,-1.511,0.4918,14910.0
1612.4,13.11,-1.607,0.358,14930.0
1612.45,13.09,-1.679,0.4658,14970.0
1612.5,13.08,-1.751,0.5736,15000.0
1612.55,13.31,-1.633,0.3822,15010.0
1612.6,13.55,-1.516,0.1907,15010.0
1612.65,13.68,-1.359,0.1428,14980.0
1612.7,13.81,-1.203,0.09487,14950.0
1612.75,13.76,-1.261,0.03548,14920.0
1612.8,13.72,-1.318,-0.0239,14900.0
1612.85,13.8,-1.12,-0.1792,14890.0
1612.9,13.88,-0.9224,-0.3346,14910.0
1612.95,13.99,-0.9845,-0.3564,14950.0
1613.0,14.09,-1.047,-0.3783,15000.0
1613.05,14.13,-1.285,-0.3903,15030.0
1613.1,14.16,-1.523,-0.4024,15050.0
1613.15,14.16,-1.547,-0.461,15060.0
1613.2,14.16,-1.57,-0.5197,15030.0
1613.25,14.22,-1.68,-0.4664,15000.0
1613.3,14.29,-1.791,-0.4131,14980.0
1613.35,14.22,-1.641,-0.3515,14980.0
1613.4,14.16,-1.492,-0.29,14990.0
1613.45,14.26,-1.633,-0.07475,15020.0
1613.5,14.36,-1.774,0.1405,15040.0
1613.55,14.48,-1.507,0.2898,15060.0
1613.6,14.61,-1.241,0.4392,15060.0
1613.65,14.71,-1.102,0.34,15050.0
1613.7,14.81,-0.9642,0.2407,15020.0
1613.75,14.77,-0.948,0.249,15000.0
1613.8,14.72,-0.9319,0.2573,15010.0
1613.85,14.72,-0.8754,0.1536,15030.0
1613.9,14.72,-0.8189,0.04999,15060.0
1613.95,14.73,-0.5509,0.1871,15090.0
1614.0,14.75,-0.283,0.3241,15110.0
1614.05,14.69,-0.2301,0.1535,15120.0
1614.1,14.63,-0.1771,-0.01707,15110.0
1614.15,14.73,-0.158,0.09084,15080.0
1614.2,14.82,-0.1389,0.1988,15040.0
1614.25,14.93,-0.1419,0.2805,15000.0
1614.3,15.04,-0.1449,0.3622,14980.0
1614.35,14.99,-0.1927,0.3267,14980.0
1614.4,14.93,-0.2404,0.2912,15010.0
1614.45,14.93,-0.2474,0.4846,15050.0
1614.5,14.93,-0.2544,0.678,15100.0
1614.55,14.79,-0.3439,0.5651,15150.0
1614.6,14.65,-0.4335,0.4521,15190.0
1614.65,14.72,-0.4224,0.3915,15200.0
1614.7,14.8,-0.4112,0.3309,15170.0
1614.75,14.92,-0.4586,0.2944,15130.0
1614.8,15.04,-0.506,0.2578,15080.0
1614.85,14.9,-0.3933,0.2828,15040.0
1614.9,14.76,-0.2806,0.3078,15010.0
1614.95,14.72,-0.01294,0.2038,15010.0
1615.0,14.68,0.2548,0.09975,15040.0
1615.05,14.7,0.4703,0.02244,15100.0
1615.1,14.71,0.6859,-0.05487,15170.0
1615.15,14.77,0.5155,0.03268,15220.0
1615.2,14.83,0.3451,0.1202,15250.0
1615.25,14.74,0.3527,0.2264,15270.0
1615.3,14.66,0.3603,0.3326,15280.0
1615.35,14.76,0.2729,0.3964,15250.0
1615.4,14.86,0.1855,0.4602,15210.0
1615.45,14.88,0.2108,0.4014,15170.0
1615.5,14.9,0.2361,0.3426,15140.0
1615.55,14.93,0.3284,0.282,15140.0
1615.6,14.96,0.4208,0.2214,15150.0
1615.65,15.0,0.5149,0.07755,15190.0
1615.7,15.04,0.6091,-0.06633,15240.0
1615.75,15.16,0.6142,-0.06841,15290.0
1615.8,15.27,0.6194,-0.07048,15330.0
1615.85,15.39,0.5368,0.02256,15340.0
1615.9,15.5,0.4542,0.1156,15340.0
1615.95,15.49,0.4914,0.1135,15330.0
1616.0,15.47,0.5287,0.1115,15310.0
1616.05,15.61,0.4285,0.2356,15290.0
1616.1,15.75,0.3284,0.3597,15280.0
1616.15,15.95,0.4114,0.322,15280.0
1616.2,16.15,0.4944,0.2844,15310.0
1616.25,15.99,0.5969,0.2939,15330.0
1616.3,15.84,0.6994,0.3034,15340.0
1616.35,15.69,0.615,0.3737,15340.0
1616.4,15.54,0.5306,0.4441,15340.0
1616.45,15.66,0.3834,0.5038,15340.0
1616.5,15.77,0.2361,0.5636,15340.0
1616.55,15.79,0.2176,0.4239,15330.0
1616.6,15.8,0.199,0.2841,15340.0
1616.65,15.87,0.3955,0.315,15360.0
1616.7,15.95,0.5919,0.3458,15390.0
1616.75,16.05,0.5474,0.4439,15410.0
1616.8,16.14,0.5028,0.5419,15400.0
1616.85,16.14,0.5287,0.5748,15390.0
1616.9,16.13,0.5545,0.6077,15380.0
1616.95,16.34,0.5916,0.7341,15380.0
1617.0,16.54,0.6286,0.8604,15360.0
1617.05,16.5,0.3724,0.6369,15360.0
1617.1,16.46,0.1162,0.4134,15370.0
1617.15,16.45,-0.02468,0.2458,15410.0
1617.2,16.43,-0.1656,0.07828,15440.0
1617.25,16.5,-0.2418,0.3073,15450.0
1617.3,16.57,-0.3181,0.5363,15470.0
1617.35,16.53,-0.2926,0.6314,15490.0
1617.4,16.5,-0.2671,0.7265,15490.0
1617.45,16.5,-0.3021,0.6365,15490.0
1617.5,16.5,-0.3372,0.5465,15480.0
1617.55,16.5,-0.2392,0.4414,15490.0
1617.6,16.5,-0.1413,0.3363,15490.0
1617.65,16.57,-0.1489,0.3239,15490.0
1617.7,16.64,-0.1564,0.3114,15480.0
1617.75,16.6,-0.1184,0.3979,15480.0
1617.8,16.56,-0.08041,0.4843,15500.0
1617.85,16.44,-0.1463,0.5077,15530.0
1617.9,16.32,-0.2122,0.5312,15560.0
1617.95,16.27,-0.2221,0.4824,15590.0
1618.0,16.23,-0.2321,0.4336,15630.0
1618.05,16.42,-0.2402,0.4096,15660.0
1618.1,16.61,-0.2484,0.3856,15660.0
1618.15,16.51,-0.2707,0.3996,15660.0
1618.2,16.41,-0.293,0.4136,15640.0
1618.25,16.24,-0.3985,0.5059,15630.0
1618.3,16.07,-0.504,0.5982,15610.0
1618.35,16.09,-0.5812,0.528,15590.0
1618.4,16.12,-0.6584,0.4578,15580.0
1618.45,16.32,-0.3358,0.2618,15590.0
1618.5,16.52,-0.01314,0.06585,15620.0
1618.55,16.54,-0.04956,0.08694,15650.0
1618.6,16.57,-0.08599,0.108,15680.0
1618.65,16.74,-0.1021,0.1043,15700.0
1618.7,16.92,-0.1182,0.1005,15730.0
1618.75,16.75,-0.2854,0.07292,15730.0
1618.8,16.58,-0.4526,0.04536,15720.0
1618.85,16.47,-0.674,0.0667,15690.0
1618.9,16.36,-0.8953,0.08804,15670.0
1618.95,16.33,-0.7526,-0.05816,15660.0
1619.0,16.3,-0.6099,-0.2044,15650.0
1619.05,16.46,-0.712,-0.2664,15650.0
1619.1,16.62,-0.8141,-0.3285,15660.0
1619.15,16.66,-0.7002,-0.444,15690.0
1619.2,16.7,-0.5864,-0.5595,15710.0
1619.25,16.66,-0.662,-0.5475,15720.0
1619.3,16.61,-0.7376,-0.5356,15730.0
1619.35,16.72,-0.5768,-0.548,15730.0
1619.4,16.83,-0.416,-0.5604,15740.0
1619.45,16.75,-0.4664,-0.6447,15760.0
1619.5,16.67,-0.5167,-0.7289,15760.0
1619.55,16.63,-0.4353,-0.6203,15770.0
1619.6,16.58,-0.3539,-0.5117,15790.0
1619.65,16.68,-0.02906,-0.4156,15800.0
1619.7,16.77,0.2958,-0.3195,15800.0
1619.75,17.03,0.3004,-0.3924,15780.0
1619.8,17.29,0.3049,-0.4653,15760.0
1619.85,17.42,0.3845,-0.449,15770.0
1619.9,17.55,0.4642,-0.4326,15800.0
1619.95,17.51,0.3043,-0.3728,15830.0
1620.0,17.46,0.1445,-0.3129,15860.0
1620.05,17.48,0.2128,-0.4113,15900.0
1620.1,17.5,0.281,-0.5097,15930.0
1620.15,17.61,0.1381,-0.5275,15940.0
1620.2,17.72,-0.004777,-0.5453,15930.0
1620.25,17.46,0.004578,-0.4412,15900.0
1620.3,17.2,0.01393,-0.337,15880.0
1620.35,17.33,-0.0416,-0.2931,15880.0
1620.4,17.46,-0.09713,-0.2492,15890.0
1620.45,17.5,-0.2381,-0.1579,15890.0
1620.5,17.54,-0.379,-0.06658,15920.0
1620.55,17.48,-0.4158,0.1004,15960.0
1620.6,17.42,-0.4526,0.2673,16000.0
1620.65,17.52,-0.2554,0.362,16010.0
1620.7,17.63,-0.05812,0.4568,16000.0
1620.75,17.61,-0.05235,0.302,15980.0
1620.8,17.59,-0.04658,0.1473,15970.0
1620.85,17.57,0.06409,0.3545,15960.0
1620.9,17.56,0.1748,0.5616,15950.0
1620.95,17.43,0.03583,0.4836,15950.0
1621.0,17.29,-0.1031,0.4056,15960.0
1621.05,17.37,-0.07165,0.3979,15980.0
1621.1,17.44,-0.04021,0.3902,15980.0
1621.15,17.58,0.1125,0.4658,15960.0
1621.2,17.71,0.2651,0.5414,15950.0
1621.25,17.54,0.2737,0.6301,15950.0
1621.3,17.37,0.2822,0.7187,15950.0
1621.35,17.24,0.2908,0.7463,15940.0
1621.4,17.1,0.2994,0.7738,15930.0
1621.45,16.9,0.1566,0.5485,15920.0
1621.5,16.69,0.01393,0.3231,15930.0
1621.55,16.72,0.084,0.4648,15950.0
1621.6,16.75,0.1541,0.6065,15960.0
1621.65,16.83,-0.03125,0.4584,15980.0
1621.7,16.91,-0.2166,0.3102,16000.0
1621.75,16.95,-0.05354,0.3614,16010.0
1621.8,16.99,0.1095,0.4126,16000.0
1621.85,16.97,0.06966,0.5535,15970.0
1621.9,16.94,0.02986,0.6943,15940.0
1621.95,17.0,-0.1501,0.6507,15910.0
1622.0,17.05,-0.33,0.607,15900.0
1622.05,17.14,-0.4568,0.6357,15910.0
1622.1,17.23,-0.5836,0.6643,15950.0
1622.15,17.34,-0.7412,0.613,16010.0
1622.2,17.45,-0.8989,0.5616,16080.0
1622.25,17.33,-1.016,0.3468,16140.0
1622.3,17.21,-1.133,0.1319,16160.0
1622.35,17.11,-0.8175,0.2168,16140.0
1622.4,17.02,-0.502,0.3017,16080.0
1622.45,16.94,-0.4076,0.1836,16020.0
1622.5,16.86,-0.3133,0.0656,15980.0
1622.55,16.6,-0.588,-0.05304,15950.0
1622.6,16.34,-0.8626,-0.1717,15960.0
1622.65,16.37,-0.8354,-0.1458,16010.0
1622.7,16.41,-0.8081,-0.12,16070.0
1622.75,16.65,-0.5941,-0.1962,16130.0
1622.8,16.89,-0.3802,-0.2724,16180.0
1622.85,16.63,-0.2822,-0.09084,16200.0
1622.9,16.38,-0.1843,0.09072,16200.0
1622.95,16.31,-0.3975,-0.1405,16170.0
1623.0,16.25,-0.6107,-0.3717,16120.0
1623.05,16.15,-0.5971,-0.2946,16060.0
1623.1,16.06,-0.5836,-0.2175,16020.0
1623.15,16.13,-0.463,-0.3166,15990.0
1623.2,16.2,-0.3424,-0.4156,15990.0
1623.25,16.29,-0.2723,-0.4025,16020.0
1623.3,16.38,-0.2022,-0.3895,16070.0
1623.35,16.15,-0.2012,-0.2038,16130.0
1623.4,15.92,-0.2002,-0.01805,16170.0
1623.45,15.98,-0.1953,-0.05597,16180.0
1623.5,16.04,-0.1903,-0.09389,16170.0
1623.55,15.91,-0.3165,-0.0467,16120.0
1623.6,15.77,-0.4427,0.0004878,16050.0
1623.65,15.52,-0.3969,0.1482,15980.0
1623.7,15.26,-0.3511,0.2958,15930.0
1623.75,15.29,-0.3408,0.2407,15920.0
1623.8,15.33,-0.3304,0.1856,15950.0
1623.85,15.39,-0.3117,0.4113,15990.0
1623.9,15.46,-0.293,0.637,16040.0
1623.95,15.59,-0.2623,0.7348,16080.0
1624.0,15.73,-0.2317,0.8326,16090.0
1624.05,15.7,-0.3764,0.7754,16080.0
1624.1,15.68,-0.5211,0.7182,16060.0
1624.15,15.64,-0.4039,0.7464,16020.0
1624.2,15.61,-0.2866,0.7745,15970.0
1624.25,15.53,-0.301,0.6466,15930.0
1624.3,15.45,-0.3153,0.5187,15920.0
1624.35,15.5,-0.252,0.3803,15940.0
1624.4,15.55,-0.1887,0.2419,15980.0
1624.45,15.58,-0.05513,0.1457,16020.0
1624.5,15.61,0.07842,0.04951,16060.0
1624.55,15.44,0.1047,0.1054,16090.0
1624.6,15.28,0.131,0.1612,16090.0
1624.65,15.05,0.1919,0.2691,16070.0
1624.7,14.83,0.2528,0.377,16040.0
1624.75,14.71,0.2339,0.349,16010.0
1624.8,14.59,0.215,0.3209,15990.0
1624.85,14.82,0.168,0.193,15980.0
1624.9,15.06,0.121,0.06511,15980.0
1624.95,15.16,0.2311,0.00878,16000.0
1625.0,15.27,0.3412,-0.04756,16040.0
1625.05,15.11,0.3692,-0.01146,16080.0
1625.1,14.95,0.3973,0.02463,16120.0
1625.15,14.96,0.3561,0.0967,16130.0
1625.2,14.96,0.3149,0.1688,16120.0
1625.25,14.99,0.2799,0.2473,16090.0
1625.3,15.01,0.2448,0.3258,16060.0
1625.35,15.12,0.1091,0.2158,16020.0
1625.4,15.22,-0.02667,0.1058,15980.0
1625.45,15.14,-0.2687,0.1207,15960.0
1625.5,15.06,-0.5107,0.1356,15980.0
1625.55,15.05,-0.3547,0.1547,16010.0
1625.6,15.03,-0.1986,0.1739,16050.0
1625.65,15.01,0.05334,0.2761,16080.0
1625.7,14.99,0.3053,0.3783,16090.0
1625.75,15.09,0.3581,0.3745,16080.0
1625.8,15.19,0.4108,0.3707,16050.0
1625.85,15.32,0.4068,0.3365,16000.0
1625.9,15.46,0.4029,0.3024,15960.0
1625.95,15.44,0.6477,0.472,15930.0
1626.0,15.42,0.8925,0.6416,15910.0
1626.05,15.34,0.8746,0.4484,15910.0
1626.1,15.26,0.8567,0.2551,15920.0
1626.15,15.4,0.7996,0.08243,15940.0
1626.2,15.54,0.7424,-0.09023,15960.0
1626.25,15.65,0.9351,0.1688,15970.0
1626.3,15.77,1.128,0.4278,15970.0
1626.35,15.69,1.186,0.6615,15950.0
1626.4,15.62,1.245,0.8953,15920.0
1626.45,15.57,1.297,0.8378,15890.0
1626.5,15.53,1.349,0.7804,15870.0
1626.55,15.51,1.278,0.7097,15860.0
1626.6,15.5,1.208,0.639,15860.0
1626.65,15.54,1.044,0.5559,15870.0
1626.7,15.59,0.881,0.4729,15900.0
1626.75,15.68,0.7343,0.3452,15920.0
1626.8,15.78,0.5876,0.2175,15930.0
1626.85,15.91,0.8197,0.1364,15930.0
1626.9,16.04,1.052,0.05536,15920.0
1626.95,15.94,1.058,-0.126,15900.0
1627.0,15.85,1.064,-0.3073,15880.0
1627.05,15.74,1.064,-0.2435,15870.0
1627.1,15.64,1.064,-0.1797,15870.0
1627.15,15.67,1.03,-0.114,15870.0
1627.2,15.69,0.9968,-0.04829,15890.0
1627.25,15.58,1.056,0.0001219,15900.0
1627.3,15.47,1.114,0.04853,15910.0
1627.35,15.51,1.101,-0.002927,15920.0
1627.4,15.54,1.088,-0.05438,15920.0
1627.45,15.63,1.008,0.1566,15910.0
1627.5,15.72,0.9287,0.3675,15900.0
1627.55,15.76,0.9761,0.1369,15890.0
1627.6,15.81,1.023,-0.09365,15870.0
1627.65,15.63,1.009,-0.17,15870.0
1627.7,15.46,0.9948,-0.2463,15870.0
1627.75,15.45,0.8853,-0.02341,15880.0
1627.8,15.44,0.7759,0.1995,15890.0
1627.85,15.43,0.6626,0.1362,15900.0
1627.9,15.41,0.5494,0.07292,15910.0
1627.95,15.38,0.4194,0.05329,15910.0
1628.0,15.35,0.2894,0.03365,15900.0
1628.05,15.41,0.2104,-0.1282,15870.0
1628.1,15.47,0.1314,-0.29,15860.0
1628.15,15.49,0.1137,-0.2066,15850.0
1628.2,15.52,0.09594,-0.1232,15850.0
1628.25,15.47,0.1053,-0.1102,15860.0
1628.3,15.43,0.1146,-0.09731,15880.0
1628.35,15.63,0.2759,0.09816,15900.0
1628.4,15.83,0.4371,0.2936,15910.0
1628.45,15.95,0.4881,0.2228,15900.0
1628.5,16.08,0.539,0.1519,15870.0
1628.55,15.96,0.5442,-0.04902,15830.0
1628.6,15.85,0.5494,-0.25,15800.0
1628.65,15.62,0.6031,-0.2811,15770.0
1628.7,15.39,0.6568,-0.3122,15770.0
1628.75,15.31,0.6552,-0.4597,15790.0
1628.8,15.23,0.6537,-0.6073,15820.0
1628.85,15.08,0.749,-0.6327,15840.0
1628.9,14.92,0.8443,-0.6582,15860.0
1628.95,14.71,0.9464,-0.4957,15860.0
1629.0,14.49,1.049,-0.3331,15840.0
1629.05,14.44,1.018,-0.2623,15800.0
1629.1,14.38,0.9872,-0.1914,15770.0
1629.15,14.47,0.9474,-0.1173,15750.0
1629.2,14.56,0.9076,-0.04317,15730.0
1629.25,14.52,0.9287,-0.02963,15710.0
1629.3,14.48,0.9498,-0.0161,15710.0
1629.35,14.46,0.9799,0.2053,15740.0
1629.4,14.45,1.01,0.4268,15770.0
1629.45,14.43,0.9669,0.3859,15790.0
1629.5,14.42,0.924,0.3451,15800.0
1629.55,14.49,0.9661,0.4469,15810.0
1629.6,14.56,1.008,0.5487,15800.0
1629.65,14.62,1.193,0.4613,15780.0
1629.7,14.69,1.378,0.3739,15750.0
1629.75,14.65,1.517,0.3135,15710.0
1629.8,14.6,1.656,0.2531,15690.0
1629.85,14.41,1.547,0.1897,15670.0
1629.9,14.22,1.437,0.1263,15660.0
1629.95,14.12,1.261,0.338,15660.0
1630.0,14.02,1.084,0.5497,15690.0
1630.05,14.1,1.051,0.3839,15730.0
1630.1,14.19,1.018,0.218,15760.0
1630.15,14.3,0.871,0.1445,15770.0
1630.2,14.41,0.7241,0.07097,15780.0
1630.25,14.39,0.5764,0.09718,15770.0
1630.3,14.37,0.4287,0.1234,15750.0
1630.35,14.44,0.5872,0.0478,15710.0
1630.4,14.52,0.7456,-0.0278,15670.0
1630.45,14.28,0.7804,-0.08158,15640.0
1630.5,14.03,0.8153,-0.1354,15630.0
1630.55,14.1,0.9064,-0.03878,15630.0
1630.6,14.17,0.9976,0.0578,15640.0
1630.65,14.26,1.052,0.006341,15660.0
1630.7,14.35,1.107,-0.04512,15680.0
1630.75,14.24,0.9019,-0.1017,15700.0
1630.8,14.12,0.697,-0.1583,15710.0
1630.85,14.31,0.8127,0.0111,15720.0
1630.9,14.51,0.9283,0.1805,15710.0
1630.95,14.63,0.754,0.03865,15710.0
1631.0,14.75,0.5796,-0.1032,15680.0
1631.05,14.83,0.3535,-0.15,15650.0
1631.1,14.9,0.1274,-0.1968,15620.0
1631.15,14.68,-0.02707,-0.2335,15610.0
1631.2,14.46,-0.1815,-0.2702,15600.0
1631.25,14.47,-0.1137,-0.1828,15600.0
1631.3,14.49,-0.04578,-0.09536,15600.0
1631.35,14.36,-0.2046,0.06609,15620.0
1631.4,14.23,-0.3635,0.2275,15640.0
1631.45,14.23,-0.3553,0.3126,15650.0
1631.5,14.23,-0.3471,0.3978,15640.0
1631.55,14.46,-0.1648,0.3384,15620.0
1631.6,14.69,0.01752,0.279,15610.0
1631.65,14.74,-0.08698,0.3375,15600.0
1631.7,14.79,-0.1915,0.3961,15570.0
1631.75,14.8,-0.1461,0.2201,15540.0
1631.8,14.82,-0.1007,0.04414,15530.0
1631.85,14.82,-0.01692,0.09121,15520.0
1631.9,14.82,0.06688,0.1383,15540.0
1631.95,14.87,0.1429,0.03475,15550.0
1632.0,14.92,0.2189,-0.06877,15550.0
1632.05,15.05,0.04757,-0.0639,15560.0
1632.1,15.17,-0.1238,-0.05902,15560.0
1632.15,15.28,-0.1346,0.06158,15550.0
1632.2,15.39,-0.1453,0.1822,15520.0
1632.25,15.26,-0.1129,0.3111,15480.0
1632.3,15.13,-0.08041,0.44,15450.0
1632.35,15.21,-0.09096,0.4201,15430.0
1632.4,15.28,-0.1015,0.4002,15410.0
1632.45,15.28,-0.06349,0.3965,15400.0
1632.5,15.29,-0.02548,0.3929,15410.0
1632.55,15.45,0.09773,0.4479,15440.0
1632.6,15.62,0.2209,0.5029,15470.0
1632.65,15.63,-0.008559,0.4984,15480.0
1632.7,15.65,-0.2381,0.4938,15460.0
1632.75,15.59,-0.2048,0.5454,15430.0
1632.8,15.54,-0.1716,0.597,15400.0
1632.85,15.54,-0.1443,0.6186,15370.0
1632.9,15.54,-0.117,0.6402,15320.0
1632.95,15.54,-0.1945,0.4642,15300.0
1633.0,15.54,-0.2719,0.2883,15300.0
1633.05,15.53,-0.2846,0.2089,15320.0
1633.1,15.52,-0.2974,0.1295,15350.0
1633.15,15.61,-0.4313,0.3281,15360.0
1633.2,15.71,-0.5653,0.5268,15370.0
1633.25,15.63,-0.3961,0.3748,15370.0
1633.3,15.55,-0.2269,0.2229,15360.0
1633.35,15.16,-0.03662,0.09036,15340.0
1633.4,14.78,0.1537,-0.04219,15320.0
1633.45,14.77,0.241,-0.1633,15310.0
1633.5,14.76,0.3284,-0.2844,15310.0
1633.55,14.8,0.2914,-0.2029,15310.0
1633.6,14.84,0.2544,-0.1215,15300.0
1633.65,14.94,0.2773,-0.165,15270.0
1633.7,15.04,0.3002,-0.2085,15260.0
1633.75,15.2,0.1849,-0.3161,15260.0
1633.8,15.36,0.06966,-0.4236,15280.0
1633.85,15.51,-0.03364,-0.2402,15300.0
1633.9,15.66,-0.1369,-0.05682,15310.0
1633.95,15.56,-0.1027,0.09401,15310.0
1634.0,15.47,-0.06847,0.2449,15310.0
1634.05,15.43,0.007166,0.4026,15280.0
1634.1,15.39,0.0828,0.5604,15240.0
1634.15,15.41,0.0201,0.4648,15200.0
1634.2,15.42,-0.04259,0.3692,15180.0
1634.25,15.42,0.0207,0.4934,15170.0
1634.3,15.42,0.084,0.6175,15170.0
1634.35,15.31,0.07723,0.654,15180.0
1634.4,15.2,0.07046,0.6904,15190.0
1634.45,15.39,0.2582,0.5302,15210.0
1634.5,15.57,0.4459,0.37,15220.0
1634.55,15.65,0.5215,0.4788,15210.0
1634.6,15.73,0.5971,0.5877,15180.0
1634.65,15.48,0.3905,0.5834,15150.0
1634.7,15.22,0.1839,0.579,15110.0
1634.75,15.16,0.1059,0.5986,15070.0
1634.8,15.11,0.02787,0.6182,15040.0
1634.85,15.17,0.1407,0.5392,15030.0
1634.9,15.24,0.2536,0.4602,15030.0
1634.95,15.35,0.298,0.4369,15040.0
1635.0,15.46,0.3424,0.4136,15060.0
1635.05,15.54,0.4439,0.2986,15070.0
1635.1,15.62,0.5454,0.1836,15060.0
1635.15,15.54,0.3784,0.09511,15040.0
1635.2,15.46,0.2114,0.006585,15020.0
1635.25,15.24,0.1111,-0.07231,14990.0
1635.3,15.03,0.01075,-0.1512,14950.0
1635.35,15.12,0.3352,0.006585,14920.0
1635.4,15.21,0.6596,0.1644,14920.0
1635.45,15.16,0.5659,0.1985,14920.0
1635.5,15.11,0.4721,0.2327,14930.0
1635.55,15.05,0.5042,0.3917,14940.0
1635.6,14.98,0.5362,0.5507,14960.0
1635.65,15.07,0.5298,0.6302,14980.0
1635.7,15.17,0.5235,0.7097,14980.0
1635.75,14.98,0.411,0.3978,14950.0
1635.8,14.79,0.2986,0.08584,14910.0
1635.85,14.59,0.2321,0.1316,14870.0
1635.9,14.39,0.1656,0.1773,14840.0
1635.95,14.49,0.414,0.2083,14820.0
1636.0,14.58,0.6624,0.2392,14820.0
1636.05,14.48,0.6871,0.1144,14850.0
1636.1,14.39,0.7118,-0.01049,14890.0
1636.15,14.47,0.4996,0.1282,14920.0
1636.2,14.56,0.2874,0.2668,14920.0
1636.25,14.63,0.3145,0.2974,14890.0
1636.3,14.71,0.3416,0.328,14840.0
1636.35,14.83,0.2824,0.3206,14800.0
1636.4,14.95,0.2233,0.3131,14760.0
1636.45,14.96,0.3635,0.201,14740.0
1636.5,14.97,0.5036,0.08877,14720.0
1636.55,14.74,0.3109,0.08621,14730.0
1636.6,14.51,0.1182,0.08365,14760.0
1636.65,14.68,0.06748,0.3548,14790.0
1636.7,14.86,0.01672,0.626,14800.0
1636.75,14.92,-0.09713,0.524,14790.0
1636.8,14.98,-0.211,0.4219,14770.0
1636.85,14.8,-0.2584,0.3453,14740.0
1636.9,14.62,-0.3057,0.2688,14700.0
1636.95,14.63,-0.2944,0.3194,14650.0
1637.0,14.64,-0.283,0.37,14630.0
1637.05,14.84,-0.09892,0.3213,14630.0
1637.1,15.03,0.08519,0.2727,14640.0
1637.15,15.27,0.2369,0.2185,14650.0
1637.2,15.51,0.3885,0.1644,14650.0
1637.25,15.57,0.3061,0.1697,14640.0
1637.3,15.62,0.2237,0.1751,14630.0
1637.35,15.46,0.135,0.1864,14610.0
1637.4,15.3,0.04618,0.1978,14570.0
1637.45,15.23,0.1545,0.3917,14550.0
1637.5,15.17,0.2627,0.5855,14540.0
1637.55,15.16,0.2193,0.6153,14560.0
1637.6,15.15,0.176,0.6451,14570.0
1637.65,15.05,0.2536,0.3489,14560.0
1637.7,14.95,0.3312,0.05268,14540.0
1637.75,14.98,0.2223,0.01134,14510.0
1637.8,15.02,0.1135,-0.03,14490.0
1637.85,15.02,-0.01353,-0.05597,14470.0
1637.9,15.02,-0.1405,-0.08194,14450.0
1637.95,14.95,-0.2808,0.1101,14440.0
1638.0,14.89,-0.4212,0.3022,14440.0
1638.05,14.86,-0.5378,0.4924,14430.0
1638.1,14.84,-0.6544,0.6826,14420.0
1638.15,14.64,-0.5004,0.6976,14400.0
1638.2,14.45,-0.3463,0.7126,14390.0
1638.25,14.51,-0.454,0.6989,14410.0
1638.3,14.56,-0.5617,0.6853,14420.0
1638.35,14.54,-0.5428,0.4339,14430.0
1638.4,14.52,-0.5239,0.1824,14410.0
1638.45,14.63,-0.3131,0.1332,14390.0
1638.5,14.73,-0.1023,0.08389,14350.0
1638.55,14.64,-0.2146,0.1917,14310.0
1638.6,14.55,-0.3268,0.2995,14270.0
1638.65,14.57,-0.3155,0.2138,14260.0
1638.7,14.59,-0.3041,0.128,14260.0
1638.75,14.62,-0.3756,0.2719,14290.0
1638.8,14.66,-0.447,0.4158,14320.0
1638.85,14.45,-0.5179,0.2513,14320.0
1638.9,14.25,-0.5888,0.08682,14310.0
1638.95,14.08,-0.7538,-0.08024,14290.0
1639.0,13.92,-0.9188,-0.2473,14250.0
1639.05,13.66,-0.7016,-0.5096,14210.0
1639.1,13.4,-0.4845,-0.7719,14180.0
1639.15,13.39,-0.4886,-0.6832,14160.0
1639.2,13.39,-0.4928,-0.5946,14170.0
1639.25,13.34,-0.2844,-0.5905,14180.0
1639.3,13.28,-0.07603,-0.5865,14170.0
1639.35,13.35,-0.07743,-0.5848,14160.0
1639.4,13.41,-0.07882,-0.5831,14160.0
1639.45,13.47,-0.1435,-0.415,14150.0
1639.5,13.52,-0.2082,-0.2468,14140.0
1639.55,13.51,-0.1557,-0.2657,14120.0
1639.6,13.5,-0.1031,-0.2846,14090.0
1639.65,13.47,-0.1626,-0.1824,14070.0
1639.7,13.43,-0.2221,-0.08024,14050.0
1639.75,13.25,-0.2826,-0.1384,14020.0
1639.8,13.06,-0.3431,-0.1966,13990.0
1639.85,13.2,-0.3951,-0.1662,13980.0
1639.9,13.33,-0.447,-0.1358,13980.0
1639.95,13.72,-0.4648,-0.1174,13980.0
1640.0,14.1,-0.4825,-0.09901,13970.0
1640.05,14.23,-0.3398,-0.1622,13960.0
1640.1,14.36,-0.1971,-0.2253,13950.0
1640.15,14.45,-0.1443,-0.119,13940.0
1640.2,14.54,-0.09156,-0.01268,13910.0
1640.25,14.38,-0.1564,0.03365,13880.0
1640.3,14.22,-0.2213,0.07999,13870.0
1640.35,14.33,-0.1933,0.1562,13870.0
1640.4,14.44,-0.1652,0.2324,13860.0
1640.45,14.44,-0.4062,0.3809,13840.0
1640.5,14.44,-0.6473,0.5295,13830.0
1640.55,14.42,-0.6001,0.3885,13820.0
1640.6,14.4,-0.5529,0.2475,13810.0
1640.65,14.38,-0.494,0.045,13800.0
1640.7,14.37,-0.4351,-0.1575,13780.0
1640.75,14.34,-0.4956,-0.1703,13770.0
1640.8,14.3,-0.5561,-0.1832,13770.0
1640.85,14.25,-0.3676,0.2111,13760.0
1640.9,14.2,-0.1791,0.6053,13750.0
1640.95,14.28,-0.1009,0.4913,13740.0
1641.0,14.36,-0.02269,0.3773,13740.0
1641.05,14.29,-0.1477,0.3569,13760.0
1641.1,14.23,-0.2727,0.3365,13770.0
1641.15,14.19,-0.1911,0.2677,13770.0
1641.2,14.16,-0.1095,0.1988,13750.0
1641.25,14.15,-0.2028,0.1451,13740.0
1641.3,14.14,-0.2962,0.09145,13710.0
1641.35,14.13,-0.1047,-0.1212,13660.0
1641.4,14.11,0.08678,-0.3339,13610.0
1641.45,14.15,-0.1009,-0.04975,13590.0
1641.5,14.2,-0.2886,0.2344,13600.0
1641.55,14.21,-0.3469,0.2658,13620.0
1641.6,14.22,-0.4052,0.2973,13640.0
1641.65,14.24,-0.5782,0.273,13670.0
1641.7,14.26,-0.7512,0.2488,13700.0
1641.75,14.18,-0.7307,0.06329,13710.0
1641.8,14.11,-0.7102,-0.1222,13680.0
1641.85,14.13,-0.6268,0.03353,13640.0
1641.9,14.15,-0.5434,0.1892,13590.0
1641.95,14.13,-0.4693,0.2835,13560.0
1642.0,14.11,-0.3953,0.3778,13530.0
1642.05,13.95,-0.3374,0.2481,13510.0
1642.1,13.8,-0.2795,0.1185,13500.0
1642.15,13.79,-0.3656,0.3401,13510.0
1642.2,13.78,-0.4518,0.5616,13530.0
1642.25,13.78,-0.5105,0.7133,13540.0
1642.3,13.77,-0.5693,0.865,13540.0
1642.35,13.71,-0.6351,0.8687,13530.0
1642.4,13.66,-0.701,0.8723,13530.0
1642.45,13.71,-0.7124,0.8395,13530.0
1642.5,13.75,-0.7237,0.8067,13520.0
1642.55,13.68,-0.6192,0.6252,13490.0
1642.6,13.6,-0.5147,0.4436,13450.0
1642.65,13.6,-0.3684,0.4379,13430.0
1642.7,13.6,-0.2221,0.4321,13410.0
1642.75,13.69,-0.1602,0.3786,13380.0
1642.8,13.79,-0.09833,0.3251,13350.0
1642.85,13.79,-0.1326,0.264,13340.0
1642.9,13.78,-0.1668,0.2029,13350.0
1642.95,13.78,-0.2454,0.1145,13360.0
1643.0,13.78,-0.324,0.02609,13360.0
1643.05,13.68,-0.3266,-0.02695,13350.0
1643.1,13.58,-0.3292,-0.07999,13350.0
1643.15,13.64,-0.3527,-0.1277,13330.0
1643.2,13.69,-0.3762,-0.1753,13300.0
1643.25,13.64,-0.3053,-0.181,13270.0
1643.3,13.59,-0.2345,-0.1866,13240.0
1643.35,13.52,-0.4709,-0.1028,13230.0
1643.4,13.45,-0.7074,-0.01902,13230.0
1643.45,13.51,-0.6951,-0.02573,13220.0
1643.5,13.57,-0.6827,-0.03244,13220.0
1643.55,13.62,-0.8127,0.07902,13210.0
1643.6,13.67,-0.9427,0.1905,13210.0
1643.65,13.62,-1.028,0.1449,13200.0
1643.7,13.58,-1.113,0.09926,13200.0
1643.75,13.56,-1.006,0.3753,13190.0
1643.8,13.55,-0.8981,0.6514,13200.0
1643.85,13.41,-0.7418,0.5854,13220.0
1643.9,13.28,-0.5856,0.5195,13230.0
1643.95,13.31,-0.5352,0.5264,13230.0
1644.0,13.34,-0.4849,0.5334,13220.0
1644.05,13.33,-0.6136,0.429,13220.0
1644.1,13.32,-0.7424,0.3246,13210.0
1644.15,13.13,-0.6968,0.116,13190.0
1644.2,12.93,-0.6513,-0.09267,13180.0
1644.25,12.93,-0.409,-0.2228,13180.0
1644.3,12.93,-0.1668,-0.3529,13200.0
1644.35,12.84,-0.1714,-0.538,13220.0
1644.4,12.74,-0.176,-0.7231,13230.0
1644.45,12.79,-0.2148,-0.7154,13230.0
1644.5,12.84,-0.2536,-0.7077,13240.0
1644.55,12.95,-0.2056,-0.7226,13240.0
1644.6,13.07,-0.1576,-0.7375,13240.0
1644.65,13.01,-0.06748,-0.5913,13240.0
1644.7,12.95,0.02269,-0.4451,13240.0
1644.75,12.86,0.07464,-0.4747,13250.0
1644.8,12.78,0.1266,-0.5043,13250.0
1644.85,12.64,-0.0633,-0.4089,13250.0
1644.9,12.5,-0.2532,-0.3134,13240.0
1644.95,12.37,-0.09673,-0.2895,13230.0
1645.0,12.24,0.05971,-0.2656,13230.0
1645.05,12.05,0.04339,-0.3324,13240.0
1645.1,11.86,0.02707,-0.3992,13250.0
1645.15,11.87,0.007365,-0.7002,13250.0
1645.2,11.88,-0.01234,-1.001,13260.0
1645.25,11.89,0.07126,-0.9776,13270.0
1645.3,11.9,0.1549,-0.954,13270.0
1645.35,12.04,0.2309,-0.9105,13250.0
1645.4,12.17,0.3069,-0.867,13230.0
1645.45,12.25,0.4924,-0.7698,13230.0
1645.5,12.34,0.6779,-0.6726,13220.0
1645.55,12.34,0.6256,-0.7567,13220.0
1645.6,12.33,0.5732,-0.8409,13210.0
1645.65,12.37,0.4888,-0.7327,13200.0
1645.7,12.41,0.4045,-0.6246,13200.0
1645.75,12.6,0.4104,-0.4274,13210.0
1645.8,12.79,0.4164,-0.2302,13210.0
1645.85,12.84,0.3698,-0.1911,13200.0
1645.9,12.88,0.3232,-0.1519,13210.0
1645.95,12.82,0.2854,-0.1393,13210.0
1646.0,12.76,0.2476,-0.1266,13210.0
1646.05,12.7,0.1843,-0.1374,13200.0
1646.1,12.65,0.121,-0.1483,13170.0
1646.15,12.58,0.2864,-0.08402,13150.0
1646.2,12.51,0.4518,-0.01975,13140.0
1646.25,12.54,0.3392,0.02914,13140.0
1646.3,12.58,0.2265,0.07804,13130.0
1646.35,12.53,-0.0003981,0.3086,13140.0
1646.4,12.48,-0.2273,0.5392,13160.0
1646.45,12.51,-0.2241,0.4741,13190.0
1646.5,12.53,-0.2209,0.409,13210.0
1646.55,12.69,-0.1324,0.5576,13220.0
1646.6,12.85,-0.04379,0.7063,13220.0
1646.65,12.74,-0.03961,0.6942,13220.0
1646.7,12.62,-0.03543,0.6821,13220.0
1646.75,12.75,-0.05533,0.6524,13220.0
1646.8,12.87,-0.07524,0.6226,13220.0
1646.85,12.89,-0.1435,0.5625,13220.0
1646.9,12.91,-0.2118,0.5024,13230.0
1646.95,12.84,-0.3071,0.2618,13240.0
1647.0,12.76,-0.4025,0.02122,13250.0
1647.05,12.58,-0.3497,0.05109,13260.0
1647.1,12.39,-0.297,0.08097,13270.0
1647.15,12.43,-0.1781,0.1574,13290.0
1647.2,12.46,-0.05931,0.2339,13320.0
1647.25,12.35,-0.02548,0.4196,13330.0
1647.3,12.24,0.00836,0.6053,13350.0
1647.35,12.36,-0.1835,0.4843,13360.0
1647.4,12.48,-0.3754,0.3634,13370.0
1647.45,12.35,-0.2189,0.439,13380.0
1647.5,12.22,-0.0625,0.5146,13380.0
1647.55,12.15,-0.09236,0.5768,13370.0
1647.6,12.08,-0.1222,0.639,13360.0
1647.65,12.05,-0.1405,0.5086,13360.0
1647.7,12.02,-0.1588,0.3783,13370.0
1647.75,12.1,0.02946,0.2423,13380.0
1647.8,12.18,0.2178,0.1063,13400.0
1647.85,12.16,0.05314,0.07426,13410.0
1647.9,12.15,-0.1115,0.04219,13430.0
1647.95,12.15,-0.1881,0.2314,13450.0
1648.0,12.14,-0.2647,0.4207,13450.0
1648.05,12.19,-0.008559,0.3236,13440.0
1648.1,12.25,0.2476,0.2266,13430.0
1648.15,12.28,0.2508,0.08426,13430.0
1648.2,12.3,0.254,-0.05804,13430.0
1648.25,12.27,0.05812,0.1129,13440.0
1648.3,12.24,-0.1377,0.2839,13450.0
1648.35,12.2,-0.02767,0.4352,13470.0
1648.4,12.17,0.0824,0.5865,13490.0
1648.45,12.26,0.1489,0.8019,13490.0
1648.5,12.34,0.2154,1.017,13480.0
1648.55,12.34,0.2711,0.8926,13480.0
1648.6,12.33,0.3268,0.768,13480.0
1648.65,12.32,0.3085,0.8008,13480.0
1648.7,12.3,0.2902,0.8336,13480.0
1648.75,12.47,0.2185,0.7719,13480.0
1648.8,12.63,0.1469,0.7102,13490.0
1648.85,12.53,0.1216,0.6355,13510.0
1648.9,12.42,0.09634,0.5609,13530.0
1648.95,12.71,-0.1752,0.5062,13540.0
1649.0,13.01,-0.4466,0.4514,13540.0
1649.05,13.07,-0.3207,0.4573,13550.0
1649.1,13.14,-0.1947,0.4631,13560.0
1649.15,13.01,-0.2653,0.5466,13560.0
1649.2,12.88,-0.336,0.6302,13550.0
1649.25,13.01,-0.5412,0.4762,13550.0
1649.3,13.13,-0.7464,0.3222,13550.0
1649.35,13.18,-0.6929,0.3195,13560.0
1649.4,13.22,-0.6393,0.3168,13560.0
1649.45,13.33,-0.3836,0.3297,13570.0
1649.5,13.45,-0.1278,0.3426,13600.0
1649.55,13.34,-0.2775,0.3839,13640.0
1649.6,13.23,-0.4271,0.4251,13670.0
1649.65,13.24,-0.3143,0.3715,13690.0
1649.7,13.26,-0.2014,0.318,13710.0
1649.75,13.27,-0.1511,0.3902,13720.0
1649.8,13.28,-0.1007,0.4624,13720.0
1649.85,13.18,-0.4604,0.5017,13700.0
1649.9,13.07,-0.8201,0.5409,13690.0
1649.95,13.09,-0.5107,0.3262,13690.0
1650.0,13.11,-0.2014,0.1115,13720.0
1650.05,13.02,-0.208,0.1433,13740.0
1650.1,12.93,-0.2146,0.1751,13770.0
1650.15,12.96,-0.3181,0.03109,13790.0
1650.2,12.99,-0.4216,-0.1129,13820.0
1650.25,13.07,-0.5217,-0.2097,13850.0
1650.3,13.16,-0.6218,-0.3066,13870.0
1650.35,13.23,-0.5394,-0.2806,13880.0
1650.4,13.31,-0.457,-0.2546,13870.0
1650.45,13.36,-0.4616,-0.08597,13870.0
1650.5,13.4,-0.4662,0.08267,13860.0
1650.55,13.4,-0.4363,0.3039,13850.0
1650.6,13.4,-0.4064,0.5251,13840.0
1650.65,13.33,-0.3167,0.5688,13860.0
1650.7,13.27,-0.2269,0.6126,13900.0
1650.75,13.39,-0.2026,0.5051,13930.0
1650.8,13.52,-0.1783,0.3975,13950.0
1650.85,13.59,-0.2068,0.4098,13950.0
1650.9,13.65,-0.2353,0.4221,13950.0
1650.95,13.59,-0.1863,0.434,13950.0
1651.0,13.53,-0.1373,0.4458,13930.0
1651.05,13.59,-0.2446,0.3437,13930.0
1651.1,13.66,-0.3519,0.2417,13940.0
1651.15,13.75,-0.1871,0.1524,13980.0
1651.2,13.85,-0.02229,0.06316,14010.0
1651.25,14.0,-0.06349,0.03878,14030.0
1651.3,14.16,-0.1047,0.01439,14030.0
1651.35,14.24,-0.01652,0.1197,14030.0
1651.4,14.33,0.07165,0.2251,14030.0
1651.45,14.26,-0.05752,0.1073,14010.0
1651.5,14.19,-0.1867,-0.01049,14010.0
1651.55,14.28,-0.3511,-0.01536,14020.0
1651.6,14.38,-0.5155,-0.02024,14050.0
1651.65,14.34,-0.2998,0.06633,14080.0
1651.7,14.3,-0.084,0.1529,14100.0
1651.75,14.33,-0.07245,0.2385,14120.0
1651.8,14.35,-0.06091,0.3241,14150.0
1651.85,14.51,-0.09793,0.3275,14170.0
1651.9,14.67,-0.135,0.3309,14170.0
1651.95,14.75,-0.324,0.3904,14160.0
1652.0,14.83,-0.5131,0.45,14160.0
1652.05,14.76,-0.632,0.8299,14160.0
1652.1,14.69,-0.7508,1.21,14170.0
1652.15,14.62,-0.6927,1.039,14180.0
1652.2,14.55,-0.6345,0.8687,14200.0
1652.25,14.72,-0.5611,0.6483,14240.0
1652.3,14.88,-0.4877,0.428,14280.0
1652.35,14.88,-0.4283,0.4159,14310.0
1652.4,14.88,-0.369,0.4039,14330.0
1652.45,14.86,-0.5285,0.3476,14350.0
1652.5,14.83,-0.6879,0.2914,14370.0
1652.55,14.99,-0.6109,0.3133,14370.0
1652.6,15.16,-0.5338,0.3351,14360.0
1652.65,15.22,-0.573,0.3424,14350.0
1652.7,15.28,-0.6123,0.3497,14350.0
1652.75,15.17,-0.6461,0.4852,14380.0
1652.8,15.07,-0.6799,0.6207,14410.0
1652.85,15.1,-0.5894,0.439,14440.0
1652.9,15.12,-0.4988,0.2573,14470.0
1652.95,15.15,-0.2711,0.4156,14500.0
1653.0,15.17,-0.04339,0.5738,14520.0
1653.05,15.09,-0.01712,0.6162,14530.0
1653.1,15.02,0.009156,0.6585,14530.0
1653.15,15.01,0.06887,0.5663,14540.0
1653.2,15.01,0.1286,0.4741,14550.0
1653.25,14.96,0.2209,0.6287,14570.0
1653.3,14.91,0.3133,0.7833,14580.0
1653.35,14.94,0.3081,0.6898,14590.0
1653.4,14.97,0.3029,0.5963,14600.0
1653.45,15.01,0.5006,0.5251,14620.0
1653.5,15.04,0.6982,0.4539,14630.0
1653.55,15.2,0.5255,0.4117,14650.0
1653.6,15.35,0.3527,0.3695,14670.0
1653.65,15.38,0.2229,0.4954,14680.0
1653.7,15.42,0.09315,0.6214,14690.0
1653.75,15.2,0.1256,0.5366,14690.0
1653.8,14.99,0.158,0.4519,14700.0
1653.85,15.11,0.2988,0.2408,14710.0
1653.9,15.22,0.4395,0.02975,14730.0
1653.95,15.21,0.7191,0.2968,14760.0
1654.0,15.21,0.9988,0.5638,14790.0
1654.05,15.22,0.9823,0.5295,14820.0
1654.1,15.23,0.9658,0.4951,14830.0
1654.15,15.5,0.9194,0.3053,14830.0
1654.2,15.78,0.873,0.1156,14810.0
1654.25,15.75,0.8762,0.06194,14800.0
1654.3,15.72,0.8794,0.008292,14810.0
1654.35,15.83,0.8991,-0.007072,14840.0
1654.4,15.93,0.9188,-0.02244,14880.0
1654.45,16.1,0.9713,-0.06938,14930.0
1654.5,16.28,1.024,-0.1163,14980.0
1654.55,16.42,0.958,-0.05999,15020.0
1654.6,16.56,0.8921,-0.003658,15050.0
1654.65,16.56,0.7685,-0.1312,15060.0
1654.7,16.55,0.6449,-0.2588,15050.0
1654.75,16.48,0.8238,-0.01805,15040.0
1654.8,16.41,1.003,0.2227,15030.0
1654.85,16.38,1.168,0.2812,15040.0
1654.9,16.35,1.333,0.3397,15060.0
1654.95,16.34,1.465,0.1063,15090.0
1655.0,16.33,1.596,-0.1271,15130.0
1655.05,16.22,1.72,-0.1589,15180.0
1655.1,16.1,1.844,-0.1907,15220.0
1655.15,16.03,1.812,0.03695,15240.0
1655.2,15.96,1.781,0.2646,15260.0
1655.25,16.06,1.576,0.2138,15270.0
1655.3,16.16,1.37,0.1629,15290.0
1655.35,16.26,1.532,0.1653,15300.0
1655.4,16.36,1.694,0.1678,15290.0
1655.45,16.35,1.447,0.1025,15290.0
1655.5,16.34,1.199,0.03731,15280.0
1655.55,16.27,0.992,-0.07365,15290.0
1655.6,16.2,0.785,-0.1846,15320.0
1655.65,16.23,0.6146,-0.0578,15350.0
1655.7,16.27,0.4443,0.06902,15400.0
1655.75,16.29,0.2347,0.334,15450.0
1655.8,16.32,0.02508,0.599,15480.0
1655.85,16.44,0.04439,0.539,15500.0
1655.9,16.56,0.06369,0.479,15500.0
1655.95,16.61,0.05912,0.3729,15480.0
1656.0,16.65,0.05454,0.2668,15460.0
1656.05,16.5,0.1684,0.2698,15450.0
1656.1,16.35,0.2822,0.2729,15450.0
1656.15,16.23,0.297,0.2691,15460.0
1656.2,16.1,0.3117,0.2653,15510.0
1656.25,16.11,0.3593,0.3693,15570.0
1656.3,16.12,0.4068,0.4734,15620.0
1656.35,16.04,0.4697,0.3429,15630.0
1656.4,15.96,0.5326,0.2124,15630.0
1656.45,16.04,0.3296,0.2668,15630.0
1656.5,16.13,0.1266,0.3212,15620.0
1656.55,16.14,-0.05235,0.2177,15610.0
1656.6,16.16,-0.2313,0.1141,15620.0
1656.65,16.22,-0.08818,0.2122,15650.0
1656.7,16.28,0.05494,0.3102,15700.0
1656.75,16.14,0.1935,0.2277,15720.0
1656.8,16.0,0.332,0.1451,15740.0
1656.85,15.92,0.2932,0.1321,15750.0
1656.9,15.84,0.2544,0.119,15770.0
1656.95,15.69,0.02229,0.2096,15790.0
1657.0,15.54,-0.2098,0.3002,15800.0
1657.05,15.63,-0.2655,0.292,15820.0
1657.1,15.73,-0.3213,0.2839,15860.0
1657.15,15.72,-0.3796,0.1717,15900.0
1657.2,15.71,-0.4379,0.05951,15930.0
1657.25,15.79,-0.4964,0.1175,15940.0
1657.3,15.86,-0.5549,0.1756,15950.0
1657.35,15.82,-0.497,0.0728,15970.0
1657.4,15.77,-0.4391,-0.03,15980.0
1657.45,15.77,-0.4755,0.1029,15990.0
1657.5,15.77,-0.5119,0.2358,16000.0
1657.55,15.71,-0.5482,0.4582,16020.0
1657.6,15.66,-0.5844,0.6807,16060.0
1657.65,15.47,-0.7016,0.753,16100.0
1657.7,15.28,-0.8189,0.8253,16130.0
1657.75,15.35,-0.9052,0.6964,16150.0
1657.8,15.43,-0.9916,0.5675,16160.0
1657.85,15.41,-0.8571,0.4786,16160.0
1657.9,15.38,-0.7225,0.3897,16150.0
1657.95,15.51,-0.5985,0.5492,16130.0
1658.0,15.64,-0.4745,0.7087,16130.0
1658.05,15.74,-0.4914,0.6638,16150.0
1658.1,15.84,-0.5084,0.619,16180.0
1658.15,15.8,-0.5151,0.4723,16200.0
1658.2,15.75,-0.5219,0.3256,16210.0
1658.25,15.59,-0.503,0.282,16220.0
1658.3,15.43,-0.4841,0.2385,16240.0
1658.35,15.61,-0.5229,0.1711,16250.0
1658.4,15.79,-0.5617,0.1036,16250.0
1658.45,15.91,-0.633,0.1658,16250.0
1658.5,16.04,-0.7042,0.228,16260.0
1658.55,16.04,-0.7112,0.365,16260.0
1658.6,16.05,-0.7181,0.5019,16260.0
1658.65,15.81,-0.9138,0.3857,16250.0
1658.7,15.57,-1.109,0.2695,16260.0
1658.75,15.46,-1.136,0.2496,16280.0
1658.8,15.36,-1.162,0.2297,16300.0
1658.85,15.36,-1.179,0.3859,16320.0
1658.9,15.36,-1.195,0.5421,16330.0
1658.95,15.38,-1.164,0.4645,16340.0
1659.0,15.41,-1.133,0.3868,16350.0
1659.05,15.43,-0.8792,0.4729,16340.0
1659.1,15.46,-0.6254,0.559,16330.0
1659.15,15.38,-0.6947,0.5054,16330.0
1659.2,15.31,-0.7639,0.4519,16340.0
1659.25,15.44,-0.8388,0.2517,16360.0
1659.3,15.57,-0.9136,0.05146,16390.0
1659.35,15.51,-0.8009,-0.05451,16410.0
1659.4,15.45,-0.6883,-0.1605,16430.0
1659.45,15.33,-0.7323,-0.03646,16450.0
1659.5,15.22,-0.7763,0.08755,16480.0
1659.55,15.24,-1.031,-0.02488,16480.0
1659.6,15.27,-1.285,-0.1373,16480.0
1659.65,15.18,-1.26,0.003536,16480.0
1659.7,15.08,-1.235,0.1444,16480.0
1659.75,15.04,-1.344,0.02146,16490.0
1659.8,14.99,-1.453,-0.1015,16490.0
1659.85,15.18,-1.293,-0.2399,16490.0
1659.9,15.37,-1.133,-0.3783,16510.0
1659.95,15.31,-0.9172,-0.3658,16530.0
1660.0,15.25,-0.701,-0.3534,16560.0
1660.05,15.17,-0.8362,-0.2918,16580.0
1660.1,15.09,-0.9713,-0.2302,16590.0
1660.15,15.02,-0.8505,-0.289,16610.0
1660.2,14.94,-0.7297,-0.3478,16610.0
1660.25,15.05,-0.6154,-0.198,16620.0
1660.3,15.17,-0.5012,-0.04829,16620.0
1660.35,15.06,-0.5997,-0.08901,16620.0
1660.4,14.96,-0.6982,-0.1297,16620.0
1660.45,14.99,-0.8837,-0.1934,16610.0
1660.5,15.01,-1.069,-0.257,16610.0
1660.55,14.89,-1.04,-0.1997,16620.0
1660.6,14.78,-1.01,-0.1424,16640.0
1660.65,14.85,-0.8057,-0.1953,16660.0
1660.7,14.91,-0.6015,-0.2483,16680.0
1660.75,14.96,-0.6288,-0.2592,16690.0
1660.8,15.01,-0.656,-0.2702,16690.0
1660.85,14.94,-0.8451,-0.2413,16690.0
1660.9,14.87,-1.034,-0.2124,16680.0
1660.95,15.03,-1.245,-0.3166,16670.0
1661.0,15.2,-1.457,-0.4207,16670.0
1661.05,15.28,-1.52,-0.3852,16680.0
1661.1,15.36,-1.583,-0.3497,16700.0
1661.15,15.25,-1.436,-0.3937,16720.0
1661.2,15.15,-1.29,-0.4378,16740.0
1661.25,15.15,-1.397,-0.2941,16740.0
1661.3,15.14,-1.505,-0.1505,16720.0
1661.35,15.04,-1.572,-0.06902,16700.0
1661.4,14.94,-1.64,0.01244,16690.0
1661.45,14.87,-1.452,-0.03012,16690.0
1661.5,14.79,-1.265,-0.07267,16690.0
1661.55,14.66,-1.187,-0.2014,16710.0
1661.6,14.52,-1.11,-0.3302,16720.0
1661.65,14.56,-0.9677,-0.3698,16740.0
1661.7,14.59,-0.8256,-0.4095,16760.0
1661.75,14.63,-0.741,-0.4501,16770.0
1661.8,14.66,-0.6564,-0.4907,16790.0
1661.85,14.5,-0.573,-0.4235,16790.0
1661.9,14.34,-0.4896,-0.3563,16770.0
1661.95,14.45,-0.5072,-0.369,16740.0
1662.0,14.57,-0.5247,-0.3817,16720.0
1662.05,14.43,-0.4787,-0.3075,16710.0
1662.1,14.29,-0.4327,-0.2334,16710.0
1662.15,14.24,-0.4345,-0.26,16730.0
1662.2,14.19,-0.4363,-0.2866,16760.0
1662.25,14.26,-0.3965,-0.5177,16800.0
1662.3,14.33,-0.3567,-0.7489,16830.0
1662.35,14.29,-0.2217,-0.5965,16830.0
1662.4,14.24,-0.08678,-0.4441,16830.0
1662.45,14.45,-0.02607,-0.3483,16810.0
1662.5,14.66,0.03463,-0.2524,16790.0
1662.55,14.52,-0.1451,-0.222,16780.0
1662.6,14.38,-0.3248,-0.1917,16780.0
1662.65,14.34,-0.02329,-0.2708,16790.0
1662.7,14.3,0.2783,-0.35,16810.0
1662.75,14.38,0.2355,-0.3425,16830.0
1662.8,14.46,0.1927,-0.3351,16850.0
1662.85,14.57,0.1344,-0.5431,16860.0
1662.9,14.67,0.07603,-0.7511,16870.0
1662.95,14.94,-0.0215,-0.676,16860.0
1663.0,15.21,-0.119,-0.6009,16850.0
1663.05,15.21,0.09872,-0.6096,16840.0
1663.1,15.22,0.3165,-0.6182,16840.0
1663.15,15.19,0.4325,-0.5031,16850.0
1663.2,15.17,0.5486,-0.388,16870.0
1663.25,14.94,0.4311,-0.4303,16890.0
1663.3,14.71,0.3137,-0.4726,16910.0
1663.35,14.8,0.2142,-0.3214,16910.0
1663.4,14.88,0.1146,-0.1702,16920.0
1663.45,14.8,0.209,-0.2222,16910.0
1663.5,14.72,0.3033,-0.2741,16900.0
1663.55,14.78,0.5352,-0.3589,16890.0
1663.6,14.83,0.7671,-0.4436,16880.0
1663.65,15.09,0.7997,-0.582,16870.0
1663.7,15.34,0.8324,-0.7204,16850.0
1663.75,15.45,0.757,-0.84,16850.0
1663.8,15.55,0.6815,-0.9597,16870.0
1663.85,15.5,0.5545,-0.7504,16890.0
1663.9,15.44,0.4275,-0.5412,16920.0
1663.95,15.3,0.2596,-0.354,16940.0
1664.0,15.17,0.09156,-0.1668,16940.0
1664.05,15.13,0.173,-0.1834,16930.0
1664.1,15.1,0.2544,-0.2,16920.0
1664.15,15.27,0.3129,-0.314,16910.0
1664.2,15.45,0.3714,-0.428,16890.0
1664.25,15.54,0.1907,-0.3637,16860.0
1664.3,15.63,0.009952,-0.2995,16850.0
1664.35,15.59,0.05175,-0.3417,16860.0
1664.4,15.56,0.09355,-0.3839,16880.0
1664.45,15.87,0.2146,-0.1722,16900.0
1664.5,16.18,0.3356,0.03951,16910.0
1664.55,16.22,0.3193,0.03878,16930.0
1664.6,16.26,0.3029,0.03804,16950.0
1664.65,16.11,0.2112,-0.2531,16950.0
1664.7,15.97,0.1194,-0.5443,16950.0
1664.75,16.16,0.2164,-0.5307,16940.0
1664.8,16.35,0.3133,-0.517,16940.0
1664.85,16.32,0.3461,-0.4487,16950.0
1664.9,16.29,0.379,-0.3804,16960.0
1664.95,16.36,0.4799,-0.2024,16960.0
1665.0,16.44,0.5808,-0.02439,16960.0
1665.05,16.64,0.4078,0.2084,16960.0
1665.1,16.83,0.2349,0.4412,16960.0
1665.15,16.82,-0.005374,0.4904,16980.0
1665.2,16.81,-0.2456,0.5397,17000.0
1665.25,16.74,-0.2868,0.3034,17020.0
1665.3,16.67,-0.328,0.06707,17040.0
1665.35,16.88,-0.326,-0.01012,17070.0
1665.4,17.08,-0.324,-0.08731,17080.0
1665.45,17.12,-0.3726,0.02573,17080.0
1665.5,17.16,-0.4212,0.1388,17080.0
1665.55,17.0,-0.4329,0.2003,17080.0
1665.6,16.85,-0.4447,0.2619,17070.0
1665.65,17.04,-0.3505,0.444,17080.0
1665.7,17.23,-0.2564,0.626,17080.0
1665.75,17.34,-0.1943,0.6765,17080.0
1665.8,17.44,-0.1322,0.727,17080.0
1665.85,17.31,-0.1789,0.6376,17070.0
1665.9,17.18,-0.2257,0.5482,17070.0
1665.95,17.25,-0.3437,0.498,17060.0
1666.0,17.32,-0.4618,0.4478,17070.0
1666.05,17.37,-0.4329,0.4209,17100.0
1666.1,17.42,-0.4041,0.3941,17130.0
1666.15,17.46,-0.4391,0.3325,17150.0
1666.2,17.51,-0.4741,0.2709,17150.0
1666.25,17.38,-0.5273,0.2019,17140.0
1666.3,17.25,-0.5804,0.1329,17110.0
1666.35,17.22,-0.5279,0.03914,17080.0
1666.4,17.18,-0.4753,-0.05463,17060.0
1666.45,17.29,-0.3611,-0.1372,17060.0
1666.5,17.39,-0.2468,-0.2197,17070.0
1666.55,17.26,-0.2568,-0.2096,17080.0
1666.6,17.14,-0.2667,-0.1995,17090.0
1666.65,17.11,-0.4664,-0.1724,17110.0
1666.7,17.09,-0.666,-0.1453,17110.0
1666.75,17.19,-0.6132,-0.06719,17110.0
1666.8,17.3,-0.5605,0.01097,17110.0
1666.85,17.14,-0.4761,-0.04243,17120.0
1666.9,16.99,-0.3917,-0.09584,17130.0
1666.95,17.06,-0.2806,-0.2852,17140.0
1667.0,17.14,-0.1696,-0.4746,17140.0
1667.05,17.11,-0.2914,-0.1516,17140.0
1667.1,17.08,-0.4132,0.1714,17150.0
1667.15,16.96,-0.2442,0.2208,17140.0
1667.2,16.84,-0.07524,0.2702,17160.0
1667.25,16.78,-0.1495,0.2162,17180.0
1667.3,16.73,-0.2237,0.1622,17210.0
1667.35,16.73,-0.247,0.1605,17240.0
1667.4,16.73,-0.2703,0.1588,17270.0
1667.45,16.68,-0.3069,0.1458,17290.0
1667.5,16.63,-0.3435,0.1329,17300.0
1667.55,16.72,-0.4136,-0.0128,17300.0
1667.6,16.81,-0.4837,-0.1585,17300.0
1667.65,16.78,-0.4508,-0.1855,17310.0
1667.7,16.75,-0.418,-0.2124,17320.0
1667.75,16.74,-0.4556,-0.277,17330.0
1667.8,16.73,-0.4932,-0.3417,17350.0
1667.85,16.86,-0.6343,-0.3723,17380.0
1667.9,16.98,-0.7755,-0.4029,17410.0
1667.95,16.99,-0.866,-0.6105,17440.0
1668.0,16.99,-0.9566,-0.8182,17450.0
1668.05,16.97,-0.7426,-0.6854,17450.0
1668.1,16.94,-0.5287,-0.5526,17450.0
1668.15,16.91,-0.623,-0.5152,17430.0
1668.2,16.87,-0.7173,-0.4778,17410.0
1668.25,16.74,-0.6216,-0.4478,17370.0
1668.3,16.61,-0.5259,-0.4178,17350.0
1668.35,16.57,-0.5074,-0.5177,17370.0
1668.4,16.54,-0.4888,-0.6177,17410.0
1668.45,16.54,-0.4094,-0.731,17430.0
1668.5,16.54,-0.33,-0.8443,17460.0
1668.55,16.51,-0.1274,-1.047,17480.0
1668.6,16.48,0.07524,-1.25,17510.0
1668.65,16.55,0.07066,-1.387,17510.0
1668.7,16.61,0.06608,-1.525,17490.0
1668.75,16.61,0.212,-1.393,17470.0
1668.8,16.61,0.3579,-1.261,17460.0
1668.85,16.74,0.3087,-1.108,17450.0
1668.9,16.87,0.2596,-0.9553,17440.0
1668.95,17.16,0.0631,-0.6789,17420.0
1669.0,17.46,-0.1334,-0.4026,17420.0
1669.05,17.6,-0.1931,-0.3423,17450.0
1669.1,17.74,-0.2528,-0.2819,17480.0
1669.15,17.65,0.02448,-0.3024,17510.0
1669.2,17.57,0.3017,-0.3229,17540.0
1669.25,17.48,0.2478,-0.3439,17570.0
1669.3,17.4,0.1939,-0.3648,17610.0
1669.35,17.52,0.05135,-0.3544,17650.0
1669.4,17.64,-0.09116,-0.3439,17670.0
1669.45,17.65,-0.03682,-0.4006,17670.0
1669.5,17.66,0.01752,-0.4573,17650.0
1669.55,17.64,-0.1011,-0.4268,17630.0
1669.6,17.61,-0.2197,-0.3963,17600.0
1669.65,17.69,-0.117,-0.3339,17580.0
1669.7,17.76,-0.01433,-0.2714,17590.0
1669.75,17.74,-0.03503,-0.357,17630.0
1669.8,17.73,-0.05573,-0.4426,17690.0
1669.85,17.76,-0.01015,-0.4219,17760.0
1669.9,17.8,0.03543,-0.4012,17820.0
1669.95,17.93,-0.002588,-0.3991,17860.0
1670.0,18.06,-0.0406,-0.397,17880.0
1670.05,18.05,0.00199,-0.09097,17860.0
1670.1,18.04,0.04459,0.2151,17830.0
1670.15,18.21,0.127,0.01195,17800.0
1670.2,18.37,0.2094,-0.1912,17780.0
1670.25,18.59,0.02528,-0.07609,17770.0
1670.3,18.8,-0.1588,0.03902,17780.0
1670.35,18.8,0.09295,0.1104,17800.0
1670.4,18.8,0.3447,0.1817,17830.0
1670.45,18.8,0.2164,0.01902,17840.0
1670.5,18.81,0.08798,-0.1436,17850.0
1670.55,18.8,0.2902,-0.2334,17860.0
1670.6,18.79,0.4924,-0.3231,17850.0
1670.65,18.85,0.5559,-0.2956,17840.0
1670.7,18.91,0.6194,-0.268,17830.0
1670.75,18.98,0.534,-0.1169,17830.0
1670.8,19.04,0.4486,0.03414,17840.0
1670.85,19.19,0.5462,0.1222,17850.0
1670.9,19.33,0.6437,0.2102,17870.0
1670.95,19.4,0.5589,0.2475,17870.0
1671.0,19.47,0.4741,0.2848,17870.0
1671.05,19.55,0.5143,0.2884,17850.0
1671.1,19.62,0.5545,0.2919,17820.0
1671.15,19.38,0.4751,0.2456,17800.0
1671.2,19.14,0.3957,0.1992,17800.0
1671.25,19.07,0.4666,0.06987,17800.0
1671.3,19.0,0.5374,-0.05951,17810.0
1671.35,18.92,0.6642,0.06719,17840.0
1671.4,18.83,0.791,0.1939,17870.0
1671.45,18.8,0.7211,0.179,17910.0
1671.5,18.76,0.6513,0.1641,17940.0
1671.55,18.68,0.6708,0.09694,17970.0
1671.6,18.6,0.6903,0.02975,17990.0
1671.65,18.62,0.711,-0.1501,18000.0
1671.7,18.64,0.7317,-0.33,17990.0
1671.75,18.68,0.3601,-0.2161,17950.0
1671.8,18.72,-0.01154,-0.1022,17900.0
1671.85,18.98,0.1668,-0.07597,17870.0
1671.9,19.25,0.3451,-0.04975,17860.0
1671.95,19.22,0.3517,-0.01573,17870.0
1672.0,19.19,0.3583,0.01829,17920.0
1672.05,18.98,0.5213,0.18,17990.0
1672.1,18.78,0.6843,0.3417,18080.0
1672.15,18.71,0.7044,0.2008,18150.0
1672.2,18.64,0.7245,0.05999,18180.0
1672.25,18.87,0.5018,0.01158,18170.0
1672.3,19.1,0.2791,-0.03683,18120.0
1672.35,19.15,0.2357,-0.1112,18070.0
1672.4,19.19,0.1923,-0.1856,18010.0
1672.45,19.14,0.2633,-0.1628,17960.0
1672.5,19.09,0.3344,-0.14,17950.0
1672.55,19.11,0.3907,-0.2107,17980.0
1672.6,19.13,0.447,-0.2814,18040.0
1672.65,19.36,0.3786,-0.3802,18100.0
1672.7,19.59,0.3101,-0.479,18140.0
1672.75,19.46,0.335,-0.4619,18160.0
1672.8,19.33,0.3599,-0.4448,18150.0
1672.85,19.22,0.09673,-0.4061,18110.0
1672.9,19.11,-0.1664,-0.3673,18070.0
1672.95,19.06,-0.1152,-0.368,18040.0
1673.0,19.01,-0.06409,-0.3687,18030.0
1673.05,18.91,-0.07922,-0.2741,18040.0
1673.1,18.81,-0.09435,-0.1795,18060.0
1673.15,18.72,-0.2725,-0.001829,18080.0
1673.2,18.62,-0.4506,0.1758,18080.0
1673.25,18.5,-0.5183,0.1283,18060.0
1673.3,18.37,-0.586,0.08072,18060.0
1673.35,18.24,-0.4472,0.2102,18050.0
1673.4,18.1,-0.3085,0.3397,18030.0
1673.45,18.0,-0.4379,0.2264,18010.0
1673.5,17.9,-0.5673,0.1132,18000.0
1673.55,17.9,-0.6264,0.1736,18000.0
1673.6,17.9,-0.6855,0.2341,18030.0
1673.65,17.93,-0.5931,0.2481,18060.0
1673.7,17.96,-0.5008,0.2622,18090.0
1673.75,17.99,-0.413,0.1806,18120.0
1673.8,18.03,-0.3252,0.09901,18150.0
1673.85,18.21,-0.3949,0.03097,18150.0
1673.9,18.39,-0.4646,-0.03707,18110.0
1673.95,18.46,-0.5115,-0.0867,18050.0
1674.0,18.53,-0.5585,-0.1363,18010.0
1674.05,18.47,-0.6913,-0.0934,17990.0
1674.1,18.4,-0.824,-0.05048,17990.0
1674.15,18.45,-0.7906,-0.04219,18000.0
1674.2,18.51,-0.7572,-0.0339,18040.0
1674.25,18.45,-0.4656,-0.005853,18120.0
1674.3,18.4,-0.174,0.02219,18200.0
1674.35,18.44,-0.1714,0.1825,18230.0
1674.4,18.47,-0.1688,0.3429,18230.0
1674.45,18.41,-0.2072,0.3086,18210.0
1674.5,18.36,-0.2456,0.2744,18190.0
1674.55,18.37,-0.07325,0.1927,18150.0
1674.6,18.38,0.09912,0.111,18090.0
1674.65,18.38,0.07146,0.1013,18040.0
1674.7,18.39,0.04379,0.0917,18030.0
1674.75,18.4,0.01194,0.06646,18070.0
1674.8,18.42,-0.0199,0.04121,18110.0
1674.85,18.52,0.02209,0.103,18150.0
1674.9,18.62,0.06409,0.1649,18180.0
1674.95,18.53,-0.02389,0.2116,18220.0
1675.0,18.45,-0.1119,0.2583,18240.0
1675.05,18.36,0.002588,0.00878,18220.0
1675.1,18.27,0.117,-0.2407,18180.0
1675.15,18.48,0.1359,-0.2362,18130.0
1675.2,18.69,0.1549,-0.2317,18120.0
1675.25,18.64,0.09952,-0.1177,18110.0
1675.3,18.6,0.04419,-0.003658,18090.0
1675.35,18.64,0.08698,0.01073,18090.0
1675.4,18.69,0.1298,0.02512,18110.0
1675.45,18.62,0.1314,0.1911,18130.0
1675.5,18.55,0.133,0.357,18140.0
1675.55,18.61,0.1752,0.2992,18130.0
1675.6,18.68,0.2174,0.2414,18110.0
1675.65,18.7,0.05533,0.2803,18100.0
1675.7,18.72,-0.1067,0.3192,18100.0
1675.75,18.67,-0.3099,0.1154,18100.0
1675.8,18.62,-0.5131,-0.08853,18110.0
1675.85,18.51,-0.3364,-0.01305,18120.0
1675.9,18.39,-0.1596,0.06243,18130.0
1675.95,18.46,-0.248,0.04134,18140.0
1676.0,18.53,-0.3364,0.02024,18130.0
1676.05,18.68,-0.3947,-0.05987,18110.0
1676.1,18.83,-0.453,-0.14,18100.0
1676.15,18.78,-0.5066,-0.1054,18080.0
1676.2,18.73,-0.5601,-0.07072,18070.0
1676.25,18.74,-0.5366,0.1467,18070.0
1676.3,18.75,-0.5131,0.3641,18060.0
1676.35,18.85,-0.6107,0.3863,18070.0
1676.4,18.95,-0.7082,0.4085,18090.0
1676.45,18.85,-0.618,0.2566,18130.0
1676.5,18.74,-0.5279,0.1046,18160.0
1676.55,18.64,-0.6383,0.1257,18180.0
1676.6,18.54,-0.7488,0.1468,18190.0
1676.65,18.68,-0.7512,0.2508,18180.0
1676.7,18.82,-0.7536,0.3548,18160.0
1676.75,18.83,-0.6491,0.4078,18110.0
1676.8,18.84,-0.5446,0.4607,18060.0
1676.85,18.71,-0.6509,0.4313,18040.0
1676.9,18.58,-0.7572,0.4019,18050.0
1676.95,18.71,-0.6105,0.3408,18080.0
1677.0,18.84,-0.4638,0.2797,18120.0
1677.05,18.96,-0.3881,0.1113,18180.0
1677.1,19.08,-0.3125,-0.05707,18220.0
1677.15,19.01,-0.2299,-0.222,18250.0
1677.2,18.94,-0.1473,-0.387,18250.0
1677.25,18.89,-0.1501,-0.3683,18220.0
1677.3,18.85,-0.1529,-0.3495,18170.0
1677.35,18.77,0.0838,-0.2841,18120.0
1677.4,18.69,0.3205,-0.2188,18100.0
1677.45,18.62,0.3861,-0.1424,18100.0
1677.5,18.55,0.4518,-0.06609,18110.0
1677.55,18.43,0.6055,-0.006219,18130.0
1677.6,18.31,0.7591,0.05365,18170.0
1677.65,18.38,0.7305,-0.0389,18210.0
1677.7,18.45,0.7018,-0.1314,18230.0
1677.75,18.56,0.6604,-0.03878,18220.0
1677.8,18.67,0.619,0.0539,18210.0
1677.85,18.58,0.584,0.08694,18210.0
1677.9,18.49,0.549,0.12,18200.0
1677.95,18.42,0.5213,0.1862,18170.0
1678.0,18.35,0.4936,0.2524,18150.0
1678.05,18.3,0.2424,0.1969,18150.0
1678.1,18.24,-0.008758,0.1414,18170.0
1678.15,18.16,0.03901,0.1335,18190.0
1678.2,18.08,0.08678,0.1256,18200.0
1678.25,18.05,-0.01831,0.1877,18210.0
1678.3,18.02,-0.1234,0.2497,18210.0
1678.35,18.11,-0.005573,0.165,18200.0
1678.4,18.2,0.1123,0.08024,18180.0
1678.45,18.2,0.1204,0.06938,18150.0
1678.5,18.19,0.1286,0.05853,18140.0
1678.55,18.16,0.07166,-0.06133,18150.0
1678.6,18.13,0.01473,-0.1812,18190.0
1678.65,17.99,0.1557,-0.289,18220.0
1678.7,17.86,0.2966,-0.3968,18240.0
1678.75,17.97,0.254,-0.2367,18260.0
1678.8,18.08,0.2114,-0.07658,18260.0
1678.85,18.11,0.3322,-0.1435,18230.0
1678.9,18.14,0.453,-0.2105,18190.0
1678.95,18.3,0.5091,-0.1962,18160.0
1679.0,18.45,0.5653,-0.1819,18140.0
1679.05,18.51,0.5659,-0.04707,18140.0
1679.1,18.56,0.5665,0.0878,18170.0
1679.15,18.46,0.4325,-0.01524,18220.0
1679.2,18.36,0.2986,-0.1183,18280.0
1679.25,18.18,0.168,-0.2424,18320.0
1679.3,18.01,0.03742,-0.3665,18350.0
1679.35,18.06,0.03941,-0.4074,18340.0
1679.4,18.11,0.0414,-0.4482,18310.0
1679.45,18.21,0.1459,-0.3875,18250.0
1679.5,18.31,0.2504,-0.3268,18190.0
1679.55,18.33,0.1154,-0.4986,18160.0
1679.6,18.35,-0.01951,-0.6704,18160.0
1679.65,18.43,-0.005772,-0.8059,18180.0
1679.7,18.51,0.007962,-0.9414,18230.0
1679.75,18.57,0.04558,-0.8255,18290.0
1679.8,18.62,0.0832,-0.7097,18340.0
1679.85,18.57,0.126,-0.5746,18370.0
1679.9,18.51,0.1688,-0.4395,18370.0
1679.95,18.58,0.04518,-0.4329,18330.0
1680.0,18.66,-0.07842,-0.4263,18280.0
1680.05,18.77,-0.1923,-0.4356,18230.0
1680.1,18.89,-0.3061,-0.4448,18180.0
1680.15,18.72,-0.2996,-0.3192,18150.0
1680.2,18.56,-0.293,-0.1936,18160.0
1680.25,18.58,-0.04817,-0.1905,18200.0
1680.3,18.6,0.1967,-0.1873,18250.0
1680.35,18.63,0.2727,-0.2211,18300.0
1680.4,18.66,0.3487,-0.2548,18320.0
1680.45,18.6,0.298,-0.2518,18320.0
1680.5,18.55,0.2472,-0.2488,18300.0
1680.55,18.56,0.2428,-0.3026,18260.0
1680.6,18.57,0.2385,-0.3565,18210.0
1680.65,18.56,0.2946,-0.1549,18170.0
1680.7,18.56,0.3507,0.04682,18160.0
1680.75,18.44,0.452,0.2117,18190.0
1680.8,18.32,0.5533,0.3765,18220.0
1680.85,18.35,0.6353,0.2929,18250.0
1680.9,18.37,0.7173,0.2092,18260.0
1680.95,18.5,0.6843,-0.01427,18270.0
1681.0,18.64,0.6513,-0.2378,18260.0
1681.05,18.9,0.4624,-0.2238,18230.0
1681.1,19.15,0.2735,-0.2097,18200.0
1681.15,19.13,0.2733,-0.3713,18190.0
1681.2,19.11,0.2731,-0.5329,18200.0
1681.25,19.04,0.2112,-0.452,18220.0
1681.3,18.96,0.1493,-0.3712,18250.0
1681.35,18.75,0.2022,-0.3044,18270.0
1681.4,18.53,0.2552,-0.2375,18280.0
1681.45,18.5,0.2199,-0.1304,18300.0
1681.5,18.47,0.1847,-0.02317,18290.0
1681.55,18.44,0.3758,-0.1738,18250.0
1681.6,18.42,0.5669,-0.3244,18210.0
1681.65,18.53,0.656,-0.1396,18180.0
1681.7,18.65,0.7452,0.04512,18180.0
1681.75,18.68,0.7659,0.1411,18190.0
1681.8,18.71,0.7866,0.237,18220.0
1681.85,18.64,0.6174,0.2341,18260.0
1681.9,18.57,0.4482,0.2312,18290.0
1681.95,18.55,0.5103,0.2141,18300.0
1682.0,18.53,0.5724,0.1971,18300.0
1682.05,18.71,0.6027,0.2383,18270.0
1682.1,18.9,0.633,0.2795,18240.0
1682.15,19.01,0.8694,0.2953,18210.0
1682.2,19.11,1.106,0.3112,18160.0
1682.25,19.08,0.9417,0.1636,18130.0
1682.3,19.04,0.7775,0.0161,18130.0
1682.35,18.94,0.702,-0.1107,18170.0
1682.4,18.84,0.6266,-0.2375,18210.0
1682.45,18.71,0.6714,-0.3641,18230.0
1682.5,18.57,0.7162,-0.4907,18240.0
1682.55,18.53,0.5607,-0.4375,18240.0
1682.6,18.49,0.4052,-0.3843,18210.0
1682.65,18.57,0.4582,-0.5741,18150.0
1682.7,18.64,0.5111,-0.7638,18090.0
1682.75,18.35,0.4488,-0.6871,18030.0
1682.8,18.06,0.3865,-0.6104,18010.0
1682.85,18.12,0.3718,-0.6989,18040.0
1682.9,18.18,0.3571,-0.7875,18090.0
1682.95,18.23,0.4652,-0.7337,18150.0
1683.0,18.28,0.5732,-0.6799,18200.0
1683.05,18.24,0.5864,-0.5669,18210.0
1683.1,18.21,0.5995,-0.4539,18190.0
1683.15,18.21,0.6539,-0.5527,18130.0
1683.2,18.21,0.7082,-0.6516,18060.0
1683.25,18.23,0.6791,-0.7036,18000.0
1683.3,18.26,0.6501,-0.7555,17970.0
1683.35,18.32,0.3455,-0.6186,17970.0
1683.4,18.38,0.041,-0.4817,18010.0
1683.45,18.16,0.1021,-0.5787,18050.0
1683.5,17.95,0.1632,-0.6758,18090.0
1683.55,17.88,0.1618,-0.6108,18110.0
1683.6,17.81,0.1604,-0.5458,18120.0
1683.65,17.83,0.3324,-0.3295,18110.0
1683.7,17.86,0.5044,-0.1132,18070.0
1683.75,17.77,0.4385,-0.1593,18020.0
1683.8,17.69,0.3726,-0.2053,17960.0
1683.85,17.69,0.4594,-0.2288,17940.0
1683.9,17.69,0.5462,-0.2522,17950.0
1683.95,17.69,0.6146,-0.1897,17980.0
1684.0,17.7,0.6831,-0.1273,18010.0
1684.05,17.64,0.8206,-0.03158,18030.0
1684.1,17.59,0.9582,0.06414,18050.0
1684.15,17.69,1.003,-0.1594,18050.0
1684.2,17.79,1.047,-0.3829,18020.0
1684.25,17.91,1.198,-0.5181,17980.0
1684.3,18.03,1.348,-0.6533,17930.0
1684.35,17.7,1.455,-0.651,17900.0
1684.4,17.37,1.562,-0.6487,17880.0
1684.45,17.33,1.647,-0.6816,17850.0
1684.5,17.29,1.732,-0.7146,17860.0
1684.55,17.35,1.765,-0.5115,17890.0
1684.6,17.42,1.798,-0.3085,17920.0
1684.65,17.41,1.811,-0.2035,17950.0
1684.7,17.41,1.825,-0.09853,17940.0
1684.75,17.45,1.961,-0.0856,17900.0
1684.8,17.48,2.096,-0.07267,17850.0
1684.85,17.54,2.016,0.006463,17790.0
1684.9,17.59,1.937,0.0856,17730.0
1684.95,17.8,1.936,-0.07328,17680.0
1685.0,18.01,1.936,-0.2322,17650.0
1685.05,17.8,2.0,0.06255,17660.0
1685.1,17.59,2.064,0.3573,17700.0
1685.15,17.48,2.024,0.2992,17760.0
1685.2,17.38,1.984,0.2412,17810.0
1685.25,17.22,2.052,0.3017,17830.0
1685.3,17.06,2.121,0.3622,17810.0
1685.35,17.14,2.069,0.5855,17770.0
1685.4,17.23,2.016,0.8089,17720.0
1685.45,17.17,1.927,0.5719,17650.0
1685.5,17.11,1.838,0.3348,17570.0
1685.55,16.98,1.756,0.1541,17530.0
1685.6,16.85,1.675,-0.02658,17520.0
1685.65,16.8,1.694,0.2,17560.0
1685.7,16.75,1.714,0.4265,17610.0
1685.75,16.83,1.743,0.2662,17680.0
1685.8,16.91,1.771,0.1058,17730.0
1685.85,17.0,1.582,0.07902,17740.0
1685.9,17.1,1.393,0.05219,17700.0
1685.95,16.99,1.225,0.1301,17620.0
1686.0,16.88,1.057,0.208,17550.0
1686.05,16.9,0.9582,0.1016,17500.0
1686.1,16.92,0.8599,-0.004878,17470.0
1686.15,16.88,0.7595,0.04938,17470.0
1686.2,16.85,0.6592,0.1036,17500.0
1686.25,16.7,0.7341,-0.09243,17540.0
1686.3,16.56,0.8089,-0.2885,17570.0
1686.35,16.7,0.8475,-0.3333,17580.0
1686.4,16.84,0.8861,-0.378,17570.0
1686.45,16.99,1.003,-0.4118,17530.0
1686.5,17.15,1.12,-0.4456,17490.0
1686.55,17.01,1.153,-0.4498,17440.0
1686.6,16.88,1.187,-0.4541,17400.0
1686.65,16.91,0.9566,-0.2825,17370.0
1686.7,16.94,0.7265,-0.111,17360.0
1686.75,16.95,0.783,-0.1871,17370.0
1686.8,16.96,0.8396,-0.2631,17380.0
1686.85,16.86,0.8415,-0.2814,17390.0
1686.9,16.76,0.8435,-0.2997,17400.0
1686.95,16.87,0.8017,-0.2341,17410.0
1687.0,16.97,0.7599,-0.1685,17410.0
1687.05,17.03,0.839,-0.1179,17380.0
1687.1,17.08,0.918,-0.06731,17330.0
1687.15,17.16,0.8662,0.0189,17280.0
1687.2,17.24,0.8145,0.1051,17240.0
1687.25,17.23,0.6146,0.09475,17220.0
1687.3,17.22,0.4148,0.08438,17210.0
1687.35,17.19,0.2371,0.03195,17230.0
1687.4,17.16,0.05931,-0.02049,17280.0
1687.45,17.24,0.3075,-0.08706,17320.0
1687.5,17.33,0.5557,-0.1536,17340.0
1687.55,17.26,0.4984,-0.3258,17330.0
1687.6,17.19,0.4411,-0.498,17300.0
1687.65,16.95,0.5283,-0.3815,17260.0
1687.7,16.71,0.6154,-0.2651,17210.0
1687.75,16.61,0.6359,-0.1434,17180.0
1687.8,16.51,0.6564,-0.0217,17160.0
1687.85,16.61,0.8437,0.116,17180.0
1687.9,16.71,1.031,0.2536,17230.0
1687.95,16.85,1.07,0.383,17280.0
1688.0,16.99,1.109,0.5124,17300.0
1688.05,16.84,0.9435,0.2825,17290.0
1688.1,16.69,0.7775,0.05268,17260.0
1688.15,16.69,0.7311,-0.03353,17220.0
1688.2,16.69,0.6847,-0.1197,17190.0
1688.25,16.68,0.6604,0.1299,17160.0
1688.3,16.66,0.6361,0.3795,17150.0
1688.35,16.69,0.7062,0.3702,17170.0
1688.4,16.73,0.7763,0.3609,17200.0
1688.45,16.74,0.8875,0.2666,17240.0
1688.5,16.76,0.9988,0.1722,17260.0
1688.55,16.69,1.028,0.09255,17260.0
1688.6,16.63,1.058,0.01293,17240.0
1688.65,16.62,1.161,0.0239,17200.0
1688.7,16.62,1.265,0.03487,17150.0
1688.75,16.68,1.235,0.1972,17090.0
1688.8,16.74,1.206,0.3595,17060.0
1688.85,16.7,0.9805,0.1385,17060.0
1688.9,16.66,0.7548,-0.08243,17070.0
1688.95,16.58,0.747,0.0339,17090.0
1689.0,16.51,0.7392,0.1502,17110.0
1689.05,16.58,0.664,0.2273,17120.0
1689.1,16.65,0.5888,0.3044,17120.0
1689.15,16.8,0.2582,0.07804,17110.0
1689.2,16.95,-0.07245,-0.1483,17070.0
1689.25,16.95,-0.05195,-0.1861,17030.0
1689.3,16.95,-0.03145,-0.2239,17000.0
1689.35,16.82,0.1065,-0.09304,16970.0
1689.4,16.68,0.2444,0.0378,16960.0
1689.45,16.64,0.09733,-0.1721,16950.0
1689.5,16.59,-0.04976,-0.3819,16960.0
1689.55,16.32,0.008559,-0.4832,16980.0
1689.6,16.05,0.06688,-0.5846,16980.0
1689.65,16.4,0.03185,-0.5726,16980.0
1689.7,16.76,-0.003185,-0.5607,16960.0
1689.75,16.77,0.09196,-0.5496,16940.0
1689.8,16.79,0.1871,-0.5385,16920.0
1689.85,16.67,0.08579,-0.2801,16910.0
1689.9,16.56,-0.01553,-0.0217,16910.0
1689.95,16.46,-0.01692,0.08243,16930.0
1690.0,16.37,-0.01831,0.1866,16960.0
1690.05,16.43,0.1791,0.08999,16980.0
1690.1,16.5,0.3766,-0.006585,16980.0
1690.15,16.56,0.3433,-0.1429,16960.0
1690.2,16.63,0.3101,-0.2792,16940.0
1690.25,16.63,0.1903,-0.3191,16930.0
1690.3,16.63,0.07046,-0.359,16910.0
1690.35,16.74,-0.03205,-0.1657,16890.0
1690.4,16.85,-0.1346,0.02756,16890.0
1690.45,16.99,-0.01871,0.2217,16910.0
1690.5,17.12,0.09713,0.4158,16930.0
1690.55,17.16,0.2036,0.2327,16940.0
1690.6,17.2,0.3101,0.04951,16940.0
1690.65,17.28,0.2064,-0.06365,16950.0
1690.7,17.36,0.1027,-0.1768,16980.0
1690.75,17.35,-0.006369,-0.3603,16990.0
1690.8,17.34,-0.1154,-0.5438,16990.0
1690.85,17.34,0.01353,-0.4209,16970.0
1690.9,17.33,0.1425,-0.298,16950.0
1690.95,17.18,0.1045,-0.4269,16930.0
1691.0,17.02,0.06648,-0.5558,16890.0
1691.05,17.03,0.2488,-0.4956,16850.0
1691.1,17.05,0.4311,-0.4353,16820.0
1691.15,17.2,0.4757,-0.4769,16830.0
1691.2,17.34,0.5203,-0.5185,16870.0
1691.25,17.43,0.5685,-0.5937,16900.0
1691.3,17.51,0.6166,-0.669,16910.0
1691.35,17.26,0.6978,-0.7175,16920.0
1691.4,17.01,0.779,-0.766,16930.0
1691.45,17.09,0.8195,-0.7261,16930.0
1691.5,17.16,0.8599,-0.6863,16900.0
1691.55,17.2,0.9998,-0.5641,16860.0
1691.6,17.23,1.14,-0.4419,16840.0
1691.65,17.2,1.118,-0.399,16830.0
1691.7,17.17,1.097,-0.3561,16820.0
1691.75,17.13,1.097,-0.3781,16790.0
1691.8,17.09,1.096,-0.4002,16770.0
1691.85,17.0,1.02,-0.2099,16770.0
1691.9,16.91,0.9439,-0.01951,16790.0
1691.95,17.06,0.9882,-0.03426,16800.0
1692.0,17.21,1.033,-0.04902,16820.0
1692.05,16.98,0.8698,-0.008292,16850.0
1692.1,16.75,0.707,0.03244,16880.0
1692.15,16.85,0.6473,-0.00817,16890.0
1692.2,16.95,0.5876,-0.04878,16880.0
1692.25,16.91,0.5139,0.3242,16860.0
1692.3,16.86,0.4403,0.6972,16840.0
1692.35,16.73,0.4019,0.5459,16830.0
1692.4,16.59,0.3635,0.3946,16810.0
1692.45,16.57,0.3103,0.3024,16790.0
1692.5,16.54,0.2572,0.2102,16790.0
1692.55,16.54,0.2341,0.2356,16810.0
1692.6,16.54,0.211,0.2609,16850.0
1692.65,16.5,0.04717,0.4274,16890.0
1692.7,16.45,-0.1166,0.5938,16930.0
1692.75,16.42,-0.002986,0.499,16970.0
1692.8,16.39,0.1107,0.4041,16980.0
1692.85,16.39,0.09017,0.4074,16960.0
1692.9,16.39,0.06966,0.4107,16910.0
1692.95,16.28,0.2402,0.3824,16860.0
1693.0,16.16,0.4108,0.3541,16830.0
1693.05,16.27,0.2711,0.3207,16850.0
1693.1,16.37,0.1314,0.2873,16890.0
1693.15,16.56,0.1728,0.2329,16940.0
1693.2,16.75,0.2142,0.1785,16980.0
1693.25,16.64,0.2444,0.07133,17010.0
1693.3,16.52,0.2747,-0.03585,17010.0
1693.35,16.56,0.4779,-0.003536,16970.0
1693.4,16.59,0.6811,0.02878,16910.0
1693.45,16.7,0.6391,0.1385,16850.0
1693.5,16.81,0.5971,0.2483,16820.0
1693.55,16.89,0.5318,0.2674,16820.0
1693.6,16.97,0.4666,0.2866,16850.0
1693.65,16.85,0.2418,0.4513,16890.0
1693.7,16.73,0.01712,0.616,16940.0
1693.75,16.64,0.13,0.4782,16990.0
1693.8,16.55,0.2428,0.3405,17010.0
1693.85,16.43,0.2793,0.2923,17000.0
1693.9,16.31,0.3157,0.2441,16970.0
1693.95,16.14,0.2046,0.1295,16930.0
1694.0,15.96,0.09355,0.01488,16870.0
1694.05,15.81,-0.03085,0.08682,16820.0
1694.1,15.67,-0.1553,0.1588,16790.0
1694.15,15.8,-0.2164,-0.009267,16810.0
1694.2,15.93,-0.2775,-0.1773,16870.0
1694.25,15.88,-0.3865,-0.1379,16940.0
1694.3,15.84,-0.4956,-0.09853,17020.0
1694.35,15.97,-0.3437,-0.06853,17060.0
1694.4,16.11,-0.1919,-0.03853,17070.0
1694.45,16.12,-0.1634,0.1597,17040.0
1694.5,16.12,-0.135,0.358,16980.0
1694.55,15.96,-0.2661,0.2302,16910.0
1694.6,15.8,-0.3973,0.1024,16850.0
1694.65,15.8,-0.1801,0.04365,16840.0
1694.7,15.81,0.03702,-0.01512,16880.0
1694.75,15.74,0.06648,-0.08597,16950.0
1694.8,15.67,0.09594,-0.1568,17020.0
1694.85,15.75,0.2898,-0.2803,17100.0
1694.9,15.83,0.4837,-0.4039,17150.0
1694.95,15.62,0.4608,-0.5947,17160.0
1695.0,15.4,0.4379,-0.7855,17120.0
1695.05,15.24,0.3348,-0.5693,17060.0
1695.1,15.07,0.2317,-0.3531,17020.0
1695.15,15.07,0.1883,-0.3989,16990.0
1695.2,15.07,0.1449,-0.4446,16980.0
1695.25,15.26,0.1005,-0.3161,16990.0
1695.3,15.44,0.05613,-0.1875,17030.0
1695.35,15.55,0.0828,-0.2188,17110.0
1695.4,15.66,0.1095,-0.25,17190.0
1695.45,15.68,0.07564,-0.2161,17240.0
1695.5,15.71,0.0418,-0.1822,17260.0
1695.55,15.65,0.1943,-0.2445,17250.0
1695.6,15.59,0.3467,-0.3068,17230.0
1695.65,15.61,0.2592,-0.33,17180.0
1695.7,15.64,0.1716,-0.3531,17100.0
1695.75,15.71,0.1626,-0.4604,17040.0
1695.8,15.77,0.1537,-0.5677,17030.0
1695.85,15.83,0.06728,-0.5223,17070.0
1695.9,15.88,-0.01911,-0.4768,17120.0
1695.95,15.95,0.1117,-0.4751,17180.0
1696.0,16.03,0.2424,-0.4734,17230.0
1696.05,15.89,-0.05872,-0.439,17280.0
1696.1,15.76,-0.3599,-0.4046,17300.0
1696.15,15.61,-0.3326,-0.1936,17270.0
1696.2,15.47,-0.3053,0.01732,17210.0
1696.25,15.48,-0.4234,-0.1285,17150.0
1696.3,15.48,-0.5414,-0.2744,17110.0
1696.35,15.57,-0.6748,-0.06012,17110.0
1696.4,15.65,-0.8081,0.1541,17110.0
1696.45,15.74,-0.3957,0.1453,17130.0
1696.5,15.82,0.01672,0.1366,17170.0
1696.55,15.92,-0.1137,0.07645,17220.0
1696.6,16.02,-0.244,0.01634,17250.0
1696.65,16.11,-0.1071,0.09194,17230.0
1696.7,16.2,0.02986,0.1675,17190.0
1696.75,16.21,-0.09773,0.2136,17180.0
1696.8,16.22,-0.2253,0.2597,17170.0
1696.85,16.32,-0.2814,0.393,17170.0
1696.9,16.41,-0.3376,0.5263,17150.0
1696.95,16.42,-0.2866,0.4679,17170.0
1697.0,16.42,-0.2357,0.4095,17210.0
1697.05,16.51,-0.1756,0.3742,17250.0
1697.1,16.59,-0.1154,0.339,17260.0
1697.15,16.53,-0.0824,0.1521,17240.0
1697.2,16.47,-0.04936,-0.03487,17230.0
1697.25,16.3,-0.2926,-0.07853,17210.0
1697.3,16.14,-0.5358,-0.1222,17190.0
1697.35,16.03,-0.7966,-0.3591,17160.0
1697.4,15.91,-1.057,-0.596,17160.0
1697.45,16.07,-0.9896,-0.3989,17190.0
1697.5,16.23,-0.922,-0.2017,17250.0
1697.55,16.19,-0.7283,-0.2071,17300.0
1697.6,16.15,-0.5346,-0.2124,17340.0
1697.65,15.95,-0.6254,-0.141,17370.0
1697.7,15.74,-0.7162,-0.0695,17390.0
1697.75,15.55,-0.7777,-0.08097,17390.0
1697.8,15.36,-0.8392,-0.09243,17360.0
1697.85,15.54,-0.9936,-0.1006,17310.0
1697.9,15.73,-1.148,-0.1088,17280.0
1697.95,15.64,-1.19,-0.1139,17280.0
1698.0,15.56,-1.232,-0.119,17280.0
1698.05,15.45,-1.05,-0.288,17280.0
1698.1,15.35,-0.8666,-0.457,17290.0
1698.15,15.48,-0.788,-0.3948,17350.0
1698.2,15.62,-0.7094,-0.3326,17420.0
1698.25,15.68,-0.921,-0.3184,17450.0
1698.3,15.74,-1.133,-0.3041,17450.0
1698.35,15.74,-1.312,-0.1613,17440.0
1698.4,15.73,-1.492,-0.01853,17440.0
1698.45,15.64,-1.402,-0.07609,17420.0
1698.5,15.55,-1.311,-0.1336,17370.0
1698.55,15.68,-1.365,-0.2127,17320.0
1698.6,15.82,-1.419,-0.2917,17300.0
1698.65,15.92,-1.233,-0.4115,17320.0
1698.7,16.02,-1.047,-0.5314,17350.0
1698.75,15.99,-0.9261,-0.3657,17360.0
1698.8,15.96,-0.8053,-0.2,17380.0
1698.85,15.99,-0.8143,-0.08292,17410.0
1698.9,16.02,-0.8232,0.03414,17420.0
1698.95,16.04,-0.6312,0.1167,17400.0
1699.0,16.06,-0.4391,0.1992,17370.0
1699.05,16.12,-0.7197,0.1212,17350.0
1699.1,16.19,-1.0,0.04317,17360.0
1699.15,16.14,-0.8923,0.06243,17380.0
1699.2,16.09,-0.7842,0.0817,17390.0
1699.25,16.04,-0.826,0.06902,17380.0
1699.3,15.98,-0.8678,0.05634,17380.0
1699.35,15.95,-0.7323,0.04158,17390.0
1699.4,15.91,-0.5967,0.02683,17380.0
1699.45,15.97,-0.84,0.1263,17340.0
1699.5,16.04,-1.083,0.2258,17310.0
1699.55,16.27,-1.076,0.2739,17320.0
1699.6,16.51,-1.068,0.3219,17360.0
1699.65,16.53,-1.114,0.3607,17390.0
1699.7,16.56,-1.159,0.3995,17400.0
1699.75,16.58,-1.114,0.5091,17410.0
1699.8,16.61,-1.07,0.6187,17420.0
1699.85,16.56,-1.062,0.5253,17420.0
1699.9,16.52,-1.055,0.4319,17400.0
1699.95,16.65,-1.128,0.0967,17350.0
1700.0,16.78,-1.2,-0.2385,17330.0
1700.05,16.68,-1.216,-0.3783,17340.0
1700.1,16.58,-1.232,-0.518,17350.0
1700.15,16.68,-1.279,-0.5014,17360.0
1700.2,16.78,-1.326,-0.4848,17370.0
1700.25,16.64,-1.086,-0.4943,17380.0
1700.3,16.51,-0.8459,-0.5038,17390.0
1700.35,16.48,-1.031,-0.5153,17380.0
1700.4,16.45,-1.217,-0.5268,17340.0
1700.45,16.74,-1.232,-0.4278,17300.0
1700.5,17.02,-1.248,-0.3287,17300.0
1700.55,17.03,-1.286,-0.3146,17320.0
1700.6,17.04,-1.325,-0.3005,17340.0
1700.65,17.24,-1.218,-0.3486,17350.0
1700.7,17.44,-1.111,-0.3968,17360.0
1700.75,17.54,-1.274,-0.5676,17360.0
1700.8,17.64,-1.438,-0.7385,17350.0
1700.85,17.73,-1.487,-0.5951,17320.0
1700.9,17.82,-1.537,-0.4517,17300.0
1700.95,18.11,-1.607,-0.5584,17280.0
1701.0,18.4,-1.676,-0.665,17280.0
1701.05,18.44,-1.764,-0.6477,17290.0
1701.1,18.47,-1.851,-0.6304,17290.0
1701.15,18.58,-1.91,-0.7393,17300.0
1701.2,18.68,-1.968,-0.8482,17320.0
1701.25,18.66,-1.935,-0.8837,17340.0
1701.3,18.64,-1.902,-0.9192,17360.0
1701.35,18.67,-1.678,-0.7452,17350.0
1701.4,18.71,-1.454,-0.5712,17340.0
1701.45,18.68,-1.266,-0.5713,17320.0
1701.5,18.64,-1.078,-0.5714,17310.0
1701.55,18.57,-1.218,-0.3762,17300.0
1701.6,18.5,-1.357,-0.181,17290.0
1701.65,18.7,-1.292,-0.1792,17280.0
1701.7,18.89,-1.227,-0.1775,17300.0
1701.75,18.98,-1.444,-0.1344,17320.0
1701.8,19.07,-1.662,-0.09121,17340.0
1701.85,19.0,-1.577,0.1184,17360.0
1701.9,18.94,-1.492,0.328,17360.0
1701.95,19.07,-1.615,0.2644,17360.0
1702.0,19.21,-1.738,0.2007,17330.0
1702.05,19.25,-1.617,0.1366,17290.0
1702.1,19.3,-1.496,0.07243,17260.0
1702.15,19.29,-1.642,0.09414,17250.0
1702.2,19.28,-1.788,0.1158,17270.0
1702.25,19.3,-1.839,0.04634,17300.0
1702.3,19.32,-1.89,-0.02317,17340.0
1702.35,19.17,-1.611,-0.08572,17360.0
1702.4,19.02,-1.332,-0.1483,17380.0
1702.45,18.89,-1.295,0.01658,17360.0
1702.5,18.77,-1.258,0.1814,17310.0
1702.55,18.53,-1.271,0.2078,17250.0
1702.6,18.28,-1.285,0.2341,17220.0
1702.65,18.37,-1.502,0.1208,17200.0
1702.7,18.46,-1.72,0.00756,17200.0
1702.75,18.4,-1.468,0.06694,17210.0
1702.8,18.34,-1.216,0.1263,17230.0
1702.85,18.26,-1.375,0.1188,17270.0
1702.9,18.18,-1.534,0.1112,17310.0
1702.95,18.1,-1.66,0.3723,17340.0
1703.0,18.02,-1.787,0.6333,17340.0
1703.05,18.03,-1.717,0.5887,17310.0
1703.1,18.05,-1.648,0.5441,17270.0
1703.15,17.81,-1.543,0.6848,17220.0
1703.2,17.57,-1.438,0.8255,17180.0
1703.25,17.58,-1.504,0.8609,17160.0
1703.3,17.6,-1.569,0.8962,17170.0
1703.35,17.77,-1.531,0.7774,17190.0
1703.4,17.95,-1.493,0.6585,17220.0
1703.45,17.97,-1.483,0.7824,17240.0
1703.5,18.0,-1.474,0.9062,17250.0
1703.55,18.02,-1.661,1.063,17260.0
1703.6,18.03,-1.848,1.219,17260.0
1703.65,17.96,-1.762,0.8587,17250.0
1703.7,17.89,-1.676,0.498,17240.0
1703.75,17.73,-1.664,0.4273,17230.0
1703.8,17.57,-1.652,0.3565,17230.0
1703.85,17.47,-1.544,0.3172,17220.0
1703.9,17.38,-1.436,0.2778,17200.0
1703.95,17.31,-1.256,0.1401,17200.0
1704.0,17.24,-1.076,0.002439,17190.0
1704.05,17.16,-0.9926,0.07987,17180.0
1704.1,17.08,-0.9088,0.1573,17150.0
1704.15,17.17,-1.09,-0.02024,17150.0
1704.2,17.26,-1.27,-0.1978,17170.0
1704.25,16.94,-1.316,-0.1842,17180.0
1704.3,16.62,-1.363,-0.1707,17180.0
1704.35,16.49,-1.217,-0.3418,17180.0
1704.4,16.35,-1.072,-0.5129,17180.0
1704.45,16.54,-1.083,-0.3887,17200.0
1704.5,16.72,-1.095,-0.2646,17200.0
1704.55,16.87,-1.211,-0.1946,17190.0
1704.6,17.02,-1.327,-0.1246,17190.0
1704.65,17.07,-1.34,-0.1602,17180.0
1704.7,17.12,-1.353,-0.1958,17150.0
1704.75,17.19,-1.404,-0.1204,17100.0
1704.8,17.26,-1.455,-0.04487,17060.0
1704.85,17.2,-1.377,-0.1906,17030.0
1704.9,17.13,-1.299,-0.3363,17040.0
1704.95,17.05,-0.9918,-0.1683,17060.0
1705.0,16.96,-0.6843,-0.0002439,17090.0
1705.05,16.77,-0.7388,-0.009145,17130.0
1705.1,16.59,-0.7934,-0.01805,17180.0
1705.15,16.64,-0.8025,-0.08658,17200.0
1705.2,16.69,-0.8117,-0.1551,17200.0
1705.25,16.62,-0.6463,-0.2102,17160.0
1705.3,16.56,-0.4809,-0.2653,17100.0
1705.35,16.51,-0.5824,-0.176,17040.0
1705.4,16.45,-0.6839,-0.08658,16990.0
1705.45,16.59,-0.7193,-7.451e-09,16960.0
1705.5,16.73,-0.7548,0.08658,16960.0
1705.55,16.85,-0.6592,0.001707,16990.0
1705.6,16.96,-0.5637,-0.08316,17040.0
1705.65,16.98,-0.7603,0.07389,17080.0
1705.7,17.0,-0.957,0.231,17110.0
1705.75,16.82,-0.8147,0.3475,17120.0
1705.8,16.65,-0.6724,0.4641,17110.0
1705.85,16.55,-0.671,0.3412,17090.0
1705.9,16.45,-0.6696,0.2183,17070.0
1705.95,16.52,-0.6228,0.1482,17040.0
1706.0,16.59,-0.576,0.07804,17010.0
1706.05,16.53,-0.6511,0.1128,17000.0
1706.1,16.46,-0.7261,0.1475,17000.0
1706.15,16.36,-0.5772,0.1582,16990.0
1706.2,16.26,-0.4283,0.1688,16980.0
1706.25,16.2,-0.1978,0.2017,16980.0
1706.3,16.15,0.03264,0.2346,17000.0
1706.35,16.33,-0.1602,0.08036,17010.0
1706.4,16.51,-0.3531,-0.07389,17000.0
1706.45,16.33,-0.2737,-0.1423,16990.0
1706.5,16.15,-0.1943,-0.2107,16990.0
1706.55,16.11,-0.1851,-0.4134,16980.0
1706.6,16.06,-0.176,-0.616,16960.0
1706.65,15.98,-0.1917,-0.6459,16930.0
1706.7,15.89,-0.2074,-0.6758,16920.0
1706.75,15.91,-0.214,-0.5958,16930.0
1706.8,15.93,-0.2205,-0.5158,16930.0
1706.85,16.0,-0.3224,-0.4676,16920.0
1706.9,16.08,-0.4244,-0.4195,16920.0
1706.95,15.95,-0.6345,-0.3991,16920.0
1707.0,15.83,-0.8447,-0.3787,16920.0
1707.05,15.82,-1.016,-0.2406,16890.0
1707.1,15.81,-1.187,-0.1024,16850.0
1707.15,15.92,-1.311,-0.07499,16820.0
1707.2,16.03,-1.435,-0.04756,16820.0
1707.25,16.0,-1.361,-0.2205,16830.0
1707.3,15.97,-1.287,-0.3934,16860.0
1707.35,15.91,-1.377,-0.1907,16880.0
1707.4,15.85,-1.467,0.01195,16910.0
1707.45,15.68,-1.603,-0.1052,16930.0
1707.5,15.51,-1.739,-0.2224,16920.0
1707.55,15.65,-1.585,-0.0239,16860.0
1707.6,15.8,-1.431,0.1746,16790.0
1707.65,15.79,-1.427,0.3561,16730.0
1707.7,15.78,-1.422,0.5375,16710.0
1707.75,15.89,-1.461,0.4634,16720.0
1707.8,16.0,-1.5,0.3892,16750.0
1707.85,16.04,-1.43,0.4068,16790.0
1707.9,16.08,-1.36,0.4243,16830.0
1707.95,16.02,-1.124,0.1995,16860.0
1708.0,15.95,-0.8873,-0.02536,16860.0
1708.05,16.16,-1.055,0.06304,16830.0
1708.1,16.36,-1.223,0.1514,16790.0
1708.15,16.24,-1.295,0.1095,16770.0
1708.2,16.12,-1.367,0.06755,16750.0
1708.25,16.19,-1.153,0.09901,16740.0
1708.3,16.26,-0.9395,0.1305,16730.0
1708.35,16.18,-0.8477,0.1379,16740.0
1708.4,16.1,-0.756,0.1453,16770.0
1708.45,16.04,-0.747,0.2511,16780.0
1708.5,15.98,-0.738,0.3568,16770.0
1708.55,16.07,-0.7024,0.329,16760.0
1708.6,16.16,-0.6668,0.3012,16750.0
1708.65,16.29,-0.701,0.1858,16750.0
1708.7,16.42,-0.7353,0.07048,16730.0
1708.75,16.54,-0.8161,-0.119,16700.0
1708.8,16.66,-0.8969,-0.3085,16680.0
1708.85,16.8,-0.7363,-0.2729,16680.0
1708.9,16.94,-0.5756,-0.2373,16690.0
1708.95,16.98,-0.6095,-0.4908,16680.0
1709.0,17.03,-0.6433,-0.7443,16680.0
1709.05,17.0,-0.833,-0.909,16680.0
1709.1,16.98,-1.023,-1.074,16690.0
1709.15,16.96,-1.077,-0.9275,16690.0
1709.2,16.94,-1.132,-0.7811,16670.0
1709.25,16.94,-1.008,-0.7365,16640.0
1709.3,16.94,-0.8829,-0.6919,16630.0
1709.35,17.09,-0.8023,-0.544,16620.0
1709.4,17.24,-0.7217,-0.3961,16590.0
1709.45,17.04,-0.6308,-0.2541,16570.0
1709.5,16.84,-0.5398,-0.1122,16570.0
1709.55,16.95,-0.5796,-0.1186,16590.0
1709.6,17.06,-0.6194,-0.1251,16600.0
1709.65,17.09,-0.7574,0.01463,16600.0
1709.7,17.13,-0.8953,0.1544,16600.0
1709.75,17.14,-0.6968,0.2502,16590.0
1709.8,17.16,-0.4984,0.3461,16570.0
1709.85,17.35,-0.3794,0.5751,16550.0
1709.9,17.54,-0.2603,0.8041,16520.0
1709.95,17.65,-0.3826,0.6353,16520.0
1710.0,17.77,-0.5048,0.4665,16530.0
1710.05,17.82,-0.6461,0.3864,16530.0
1710.1,17.87,-0.7874,0.3063,16530.0
1710.15,17.65,-0.4554,0.2068,16520.0
1710.2,17.43,-0.1234,0.1073,16510.0
1710.25,17.54,-0.1073,-0.007804,16490.0
1710.3,17.64,-0.09116,-0.1229,16460.0
1710.35,17.55,-0.1097,0.03012,16450.0
1710.4,17.45,-0.1282,0.1832,16470.0
1710.45,17.52,-0.05533,0.1236,16490.0
1710.5,17.59,0.01752,0.06414,16510.0
1710.55,17.54,0.1037,0.2288,16530.0
1710.6,17.48,0.1899,0.3934,16530.0
1710.65,17.44,0.0406,0.31,16510.0
1710.7,17.4,-0.1087,0.2266,16480.0
1710.75,17.43,-0.2283,0.333,16440.0
1710.8,17.47,-0.3479,0.4395,16400.0
1710.85,17.56,-0.005971,0.5248,16370.0
1710.9,17.65,0.336,0.6102,16360.0
1710.95,17.66,0.4685,0.8117,16370.0
1711.0,17.67,0.6011,1.013,16400.0
1711.05,17.65,0.8421,0.8726,16420.0
1711.1,17.62,1.083,0.7319,16430.0
1711.15,17.61,0.9922,0.4862,16440.0
1711.2,17.6,0.9013,0.2405,16420.0
1711.25,17.81,0.8656,0.2123,16390.0
1711.3,18.03,0.83,0.1841,16350.0
1711.35,17.9,0.6196,0.3014,16320.0
1711.4,17.77,0.4092,0.4187,16300.0
1711.45,17.7,0.1982,0.393,16300.0
1711.5,17.63,-0.01274,0.3673,16310.0
1711.55,17.5,-0.1357,0.2003,16320.0
1711.6,17.37,-0.2588,0.03341,16340.0
1711.65,17.34,-0.07265,-0.1705,16360.0
1711.7,17.31,0.1135,-0.3743,16360.0
1711.75,17.22,0.297,-0.4458,16350.0
1711.8,17.12,0.4805,-0.5173,16310.0
1711.85,17.28,0.3085,-0.3806,16260.0
1711.9,17.45,0.1365,-0.2439,16230.0
1711.95,17.43,0.161,0.09121,16220.0
1712.0,17.4,0.1855,0.4263,16230.0
1712.05,17.57,0.02588,0.4331,16260.0
1712.1,17.74,-0.1338,0.44,16280.0
1712.15,17.68,-0.04916,0.3287,16290.0
1712.2,17.63,0.03543,0.2175,16270.0
1712.25,17.66,0.05135,0.2024,16250.0
1712.3,17.68,0.06728,0.1873,16230.0
1712.35,17.45,0.03443,0.2525,16220.0
1712.4,17.22,0.001592,0.3178,16220.0
1712.45,17.22,-0.09255,0.1483,16220.0
1712.5,17.21,-0.1867,-0.02122,16220.0
1712.55,17.39,-0.09952,0.06755,16200.0
1712.6,17.57,-0.01234,0.1563,16190.0
1712.65,17.71,0.1389,0.01878,16170.0
1712.7,17.84,0.2902,-0.1188,16150.0
1712.75,17.94,0.3863,-0.1232,16150.0
1712.8,18.03,0.4825,-0.1275,16170.0
1712.85,17.87,0.4488,-0.02292,16190.0
1712.9,17.71,0.4152,0.0817,16220.0
1712.95,17.71,0.5171,0.2742,16250.0
1713.0,17.7,0.619,0.4668,16260.0
1713.05,17.78,0.6385,0.6073,16260.0
1713.1,17.87,0.658,0.7477,16230.0
1713.15,17.53,0.5641,0.5848,16200.0
1713.2,17.18,0.4701,0.4219,16160.0
1713.25,17.14,0.6887,0.2808,16130.0
1713.3,17.1,0.9072,0.1397,16110.0
1713.35,17.15,1.058,0.2372,16100.0
1713.4,17.21,1.209,0.3346,16110.0
1713.45,17.14,1.189,0.38,16130.0
1713.5,17.07,1.17,0.4253,16150.0
1713.55,17.17,1.011,0.4948,16170.0
1713.6,17.26,0.8523,0.5643,16170.0
1713.65,17.46,0.7992,0.6442,16160.0
1713.7,17.65,0.746,0.7241,16140.0
1713.75,17.72,0.8001,0.8964,16110.0
1713.8,17.79,0.8543,1.069,16080.0
1713.85,17.75,0.8125,0.8389,16060.0
1713.9,17.71,0.7707,0.6092,16050.0
1713.95,17.68,0.8408,0.4262,16040.0
1714.0,17.65,0.9108,0.2431,16040.0
1714.05,17.67,0.8069,0.4265,16040.0
1714.1,17.69,0.703,0.6099,16020.0
1714.15,17.75,0.8796,0.5643,16010.0
1714.2,17.81,1.056,0.5187,16010.0
1714.25,17.6,0.9484,0.5218,16020.0
1714.3,17.4,0.8408,0.5248,16020.0
1714.35,17.32,0.8212,0.4429,16020.0
1714.4,17.25,0.8017,0.3609,16040.0
1714.45,17.11,0.7072,0.5109,16050.0
1714.5,16.98,0.6127,0.6609,16050.0
1714.55,16.82,0.5671,0.5307,16010.0
1714.6,16.66,0.5215,0.4004,15970.0
1714.65,16.66,0.5139,0.4262,15950.0
1714.7,16.66,0.5064,0.4519,15940.0
1714.75,16.81,0.4564,0.2084,15940.0
1714.8,16.95,0.4064,-0.03512,15940.0
1714.85,16.86,0.3818,-0.1017,15950.0
1714.9,16.77,0.3571,-0.1683,15970.0
1714.95,16.78,0.3521,-0.05682,15990.0
1715.0,16.79,0.3471,0.05463,15980.0
1715.05,16.79,0.1555,0.1979,15960.0
1715.1,16.78,-0.03623,0.3412,15940.0
1715.15,16.78,-0.07046,0.2906,15930.0
1715.2,16.78,-0.1047,0.24,15930.0
1715.25,16.74,-0.03742,0.2746,15910.0
1715.3,16.7,0.02986,0.3092,15900.0
1715.35,16.57,0.1051,0.3106,15900.0
1715.4,16.45,0.1803,0.3119,15900.0
1715.45,16.3,0.09693,0.3375,15900.0
1715.5,16.16,0.01353,0.3631,15900.0
1715.55,16.14,0.05872,0.3484,15890.0
1715.6,16.13,0.1039,0.3336,15890.0
1715.65,16.09,0.2152,0.2823,15890.0
1715.7,16.05,0.3264,0.231,15880.0
1715.75,15.94,0.342,0.06146,15850.0
1715.8,15.83,0.3575,-0.108,15830.0
1715.85,15.75,0.5006,0.07597,15820.0
1715.9,15.68,0.6437,0.26,15820.0
1715.95,15.62,0.5074,0.1667,15810.0
1716.0,15.56,0.371,0.07341,15800.0
1716.05,15.47,0.4902,-0.05499,15800.0
1716.1,15.38,0.6095,-0.1834,15800.0
1716.15,15.44,0.5973,-0.2139,15800.0
1716.2,15.51,0.5852,-0.2444,15780.0
1716.25,15.51,0.4596,-0.2675,15770.0
1716.3,15.52,0.334,-0.2907,15770.0
1716.35,15.6,0.05195,-0.2185,15760.0
1716.4,15.67,-0.2301,-0.1463,15760.0
1716.45,15.7,-0.07365,-0.08938,15740.0
1716.5,15.72,0.0828,-0.03244,15710.0
1716.55,15.65,0.08579,-0.002926,15690.0
1716.6,15.59,0.08877,0.02658,15680.0
1716.65,15.84,-0.001592,-0.1132,15690.0
1716.7,16.09,-0.09196,-0.2529,15700.0
1716.75,16.34,0.09355,-0.2996,15720.0
1716.8,16.59,0.2791,-0.3463,15740.0
1716.85,16.53,0.1507,-0.138,15760.0
1716.9,16.47,0.02229,0.07024,15760.0
1716.95,16.43,-0.03145,-0.09682,15730.0
1717.0,16.39,-0.08519,-0.2639,15680.0
1717.05,16.5,-0.01234,-0.1141,15640.0
1717.1,16.6,0.06051,0.03561,15600.0
1717.15,16.64,-0.159,0.1619,15570.0
1717.2,16.67,-0.3786,0.2883,15580.0
1717.25,16.76,-0.4307,0.3318,15620.0
1717.3,16.84,-0.4829,0.3753,15680.0
1717.35,16.88,-0.3915,0.4048,15730.0
1717.4,16.93,-0.3002,0.4343,15740.0
1717.45,16.76,-0.3818,0.3891,15730.0
1717.5,16.59,-0.4634,0.3439,15690.0
1717.55,16.57,-0.3559,0.3985,15640.0
1717.6,16.55,-0.2484,0.4531,15570.0
1717.65,16.63,-0.4765,0.5753,15510.0
1717.7,16.71,-0.7046,0.6975,15490.0
1717.75,16.7,-0.789,0.7071,15520.0
1717.8,16.7,-0.8734,0.7168,15560.0
1717.85,16.75,-0.7261,0.7525,15620.0
1717.9,16.81,-0.5788,0.7882,15670.0
1717.95,16.79,-0.5577,0.8426,15710.0
1718.0,16.77,-0.5366,0.897,15710.0
1718.05,16.76,-0.5456,0.8922,15680.0
1718.1,16.75,-0.5545,0.8875,15630.0
1718.15,16.52,-0.5629,1.012,15570.0
1718.2,16.29,-0.5712,1.136,15520.0
1718.25,16.53,-0.5412,1.016,15500.0
1718.3,16.76,-0.5111,0.8953,15500.0
1718.35,16.75,-0.5366,0.8634,15540.0
1718.4,16.75,-0.5621,0.8316,15590.0
1718.45,16.62,-0.5406,0.8709,15650.0
1718.5,16.48,-0.5191,0.9101,15690.0
1718.55,16.5,-0.5362,0.9148,15690.0
1718.6,16.52,-0.5533,0.9194,15670.0
1718.65,16.64,-0.4654,0.9662,15630.0
1718.7,16.77,-0.3774,1.013,15590.0
1718.75,16.78,-0.4367,1.028,15560.0
1718.8,16.79,-0.496,1.044,15550.0
1718.85,16.88,-0.6258,1.076,15560.0
1718.9,16.96,-0.7556,1.109,15580.0
1718.95,17.02,-0.8736,0.9566,15610.0
1719.0,17.08,-0.9916,0.8045,15620.0
1719.05,17.1,-0.9787,0.7809,15620.0
1719.1,17.11,-0.9658,0.7572,15620.0
1719.15,17.01,-0.9108,0.6321,15610.0
1719.2,16.91,-0.8559,0.507,15590.0
1719.25,16.96,-0.9389,0.5397,15580.0
1719.3,17.0,-1.022,0.5724,15580.0
1719.35,16.89,-1.131,0.6994,15600.0
1719.4,16.77,-1.239,0.8265,15610.0
1719.45,16.65,-1.195,0.7585,15610.0
1719.5,16.53,-1.151,0.6904,15590.0
1719.55,16.5,-1.075,0.803,15560.0
1719.6,16.47,-0.9984,0.9155,15520.0
1719.65,16.39,-0.9104,0.9949,15500.0
1719.7,16.3,-0.8224,1.074,15480.0
1719.75,16.31,-0.666,1.013,15490.0
1719.8,16.31,-0.5095,0.9509,15530.0
1719.85,16.46,-0.4234,1.014,15570.0
1719.9,16.61,-0.3372,1.077,15600.0
1719.95,16.72,-0.4363,0.9027,15600.0
1720.0,16.84,-0.5354,0.7282,15580.0
1720.05,16.81,-0.6473,0.7298,15550.0
1720.1,16.79,-0.7591,0.7314,15520.0
1720.15,16.84,-0.7169,0.8299,15480.0
1720.2,16.89,-0.6748,0.9284,15450.0
1720.25,16.9,-0.6335,0.7931,15440.0
1720.3,16.92,-0.5923,0.6577,15450.0
1720.35,16.86,-0.6011,0.5466,15470.0
1720.4,16.79,-0.6099,0.4356,15490.0
1720.45,16.72,-0.5987,0.3789,15500.0
1720.5,16.65,-0.5876,0.3222,15510.0
1720.55,16.7,-0.5906,0.2172,15520.0
1720.6,16.75,-0.5935,0.1122,15530.0
1720.65,16.66,-0.713,-0.116,15540.0
1720.7,16.56,-0.8324,-0.3441,15540.0
1720.75,16.72,-0.7884,-0.2735,15540.0
1720.8,16.87,-0.7444,-0.2029,15520.0
1720.85,16.89,-0.8636,-0.05146,15490.0
1720.9,16.91,-0.9829,0.09999,15460.0
1720.95,16.88,-0.922,0.0945,15440.0
1721.0,16.86,-0.8611,0.08901,15430.0
1721.05,16.8,-0.8075,-0.1196,15440.0
1721.1,16.75,-0.754,-0.3283,15470.0
1721.15,16.83,-0.6268,-0.1062,15510.0
1721.2,16.9,-0.4996,0.1158,15560.0
1721.25,16.93,-0.5028,0.2722,15600.0
1721.3,16.96,-0.506,0.4285,15600.0
1721.35,17.02,-0.4914,0.3891,15580.0
1721.4,17.07,-0.4769,0.3497,15540.0
1721.45,16.93,-0.6059,0.5888,15500.0
1721.5,16.79,-0.7349,0.828,15470.0
1721.55,16.83,-0.5647,0.7285,15460.0
1721.6,16.87,-0.3945,0.629,15460.0
1721.65,17.04,-0.329,0.5013,15480.0
1721.7,17.22,-0.2635,0.3736,15500.0
1721.75,17.16,-0.08678,0.309,15500.0
1721.8,17.11,0.08997,0.2444,15500.0
1721.85,17.27,0.0203,0.2234,15510.0
1721.9,17.43,-0.04936,0.2024,15530.0
1721.95,17.45,-0.009355,0.242,15540.0
1722.0,17.47,0.03065,0.2817,15540.0
1722.05,17.49,0.3505,0.0489,15530.0
1722.1,17.5,0.6704,-0.1839,15520.0
1722.15,17.54,0.4922,-0.1533,15520.0
1722.2,17.57,0.3141,-0.1227,15510.0
1722.25,17.67,0.1576,-0.03341,15490.0
1722.3,17.76,0.001194,0.05585,15480.0
1722.35,17.73,-0.04001,0.09938,15470.0
1722.4,17.7,-0.08121,0.1429,15470.0
1722.45,17.57,-0.1678,-0.02878,15460.0
1722.5,17.45,-0.2544,-0.2005,15470.0
1722.55,17.32,-0.3205,-0.226,15480.0
1722.6,17.2,-0.3865,-0.2514,15510.0
1722.65,17.21,-0.2846,-0.3931,15540.0
1722.7,17.22,-0.1827,-0.5348,15560.0
1722.75,17.13,-0.3332,-0.4641,15560.0
1722.8,17.03,-0.4837,-0.3934,15560.0
1722.85,16.91,-0.6186,-0.2891,15530.0
1722.9,16.79,-0.7536,-0.1849,15500.0
1722.95,16.84,-0.6624,-0.2325,15460.0
1723.0,16.89,-0.5712,-0.2802,15430.0
1723.05,16.85,-0.5095,-0.4124,15440.0
1723.1,16.8,-0.4478,-0.5446,15470.0
1723.15,16.94,-0.542,-0.4336,15510.0
1723.2,17.08,-0.6361,-0.3226,15550.0
1723.25,17.18,-0.8374,-0.2096,15590.0
1723.3,17.28,-1.039,-0.09657,15600.0
1723.35,17.17,-1.088,-0.01049,15590.0
1723.4,17.06,-1.138,0.0756,15560.0
1723.45,16.97,-1.125,0.05719,15530.0
1723.5,16.88,-1.111,0.03878,15510.0
1723.55,16.89,-1.113,0.0806,15500.0
1723.6,16.9,-1.115,0.1224,15510.0
1723.65,16.99,-0.9249,0.2623,15530.0
1723.7,17.08,-0.7353,0.4022,15550.0
1723.75,16.99,-0.912,0.6358,15570.0
1723.8,16.9,-1.089,0.8694,15580.0
1723.85,16.64,-1.212,0.9604,15570.0
1723.9,16.37,-1.335,1.051,15560.0
1723.95,16.47,-1.401,0.8648,15550.0
1724.0,16.58,-1.468,0.6782,15540.0
1724.05,16.7,-1.364,0.7248,15540.0
1724.1,16.82,-1.26,0.7714,15540.0
1724.15,16.8,-1.204,0.5723,15540.0
1724.2,16.78,-1.148,0.3731,15530.0
1724.25,16.72,-1.275,0.3463,15520.0
1724.3,16.67,-1.401,0.3195,15500.0
1724.35,16.55,-1.232,0.3133,15480.0
1724.4,16.44,-1.063,0.307,15450.0
1724.45,16.38,-1.064,0.2833,15440.0
1724.5,16.31,-1.065,0.2595,15450.0
1724.55,16.3,-1.147,0.2631,15470.0
1724.6,16.29,-1.229,0.2668,15480.0
1724.65,16.12,-1.351,0.03048,15490.0
1724.7,15.94,-1.472,-0.2058,15490.0
1724.75,15.92,-1.356,-0.07877,15490.0
1724.8,15.9,-1.24,0.04829,15480.0
1724.85,15.84,-1.081,0.1394,15450.0
1724.9,15.78,-0.9232,0.2305,15430.0
1724.95,15.78,-0.9411,0.1766,15410.0
1725.0,15.77,-0.959,0.1227,15390.0
1725.05,15.89,-1.053,0.3123,15390.0
1725.1,16.0,-1.147,0.5019,15400.0
1725.15,16.04,-1.057,0.4054,15420.0
1725.2,16.08,-0.9669,0.309,15450.0
1725.25,15.97,-0.8965,0.04951,15450.0
1725.3,15.87,-0.826,-0.21,15440.0
1725.35,15.86,-0.5619,-0.07877,15420.0
1725.4,15.85,-0.2978,0.05243,15400.0
1725.45,15.78,-0.326,0.1267,15390.0
1725.5,15.72,-0.3543,0.201,15390.0
1725.55,15.57,-0.2448,0.2152,15400.0
1725.6,15.43,-0.1353,0.2295,15430.0
1725.65,15.41,-0.03324,0.3748,15460.0
1725.7,15.38,0.06887,0.5202,15480.0
1725.75,15.27,-0.09454,0.4332,15480.0
1725.8,15.17,-0.258,0.3463,15470.0
1725.85,14.98,-0.2295,0.3248,15450.0
1725.9,14.8,-0.201,0.3034,15420.0
1725.95,14.78,-0.06628,0.5404,15400.0
1726.0,14.75,0.06847,0.7775,15400.0
1726.05,14.83,0.09196,0.7841,15400.0
1726.1,14.9,0.1154,0.7906,15430.0
1726.15,14.87,0.1568,0.7233,15460.0
1726.2,14.84,0.1982,0.656,15500.0
1726.25,14.79,0.2538,0.7152,15530.0
1726.3,14.73,0.3093,0.7743,15550.0
1726.35,14.78,0.3145,0.6585,15560.0
1726.4,14.83,0.3197,0.5426,15540.0
1726.45,14.95,0.2876,0.7598,15500.0
1726.5,15.07,0.2556,0.977,15460.0
1726.55,15.19,0.1443,1.065,15410.0
1726.6,15.31,0.03304,1.153,15380.0
1726.65,15.48,-0.02787,1.246,15370.0
1726.7,15.65,-0.08877,1.339,15380.0
1726.75,15.51,-0.1041,1.335,15420.0
1726.8,15.36,-0.1194,1.331,15460.0
1726.85,15.37,-0.2506,1.308,15500.0
1726.9,15.38,-0.3818,1.285,15520.0
1726.95,15.47,-0.339,1.403,15510.0
1727.0,15.57,-0.2962,1.52,15460.0
1727.05,15.6,-0.2623,1.561,15410.0
1727.1,15.64,-0.2285,1.601,15350.0
1727.15,15.64,-0.1604,1.515,15310.0
1727.2,15.65,-0.09236,1.43,15270.0
1727.25,15.56,0.1001,1.128,15270.0
1727.3,15.47,0.2926,0.8267,15300.0
1727.35,15.53,0.2126,0.9935,15350.0
1727.4,15.6,0.1326,1.16,15390.0
1727.45,15.37,0.09017,1.173,15410.0
1727.5,15.14,0.04777,1.185,15410.0
1727.55,15.05,0.2944,1.143,15400.0
1727.6,14.96,0.541,1.1,15350.0
1727.65,14.98,0.2172,1.058,15300.0
1727.7,15.01,-0.1067,1.015,15250.0
1727.75,15.0,-0.1238,0.9968,15240.0
1727.8,15.0,-0.1409,0.9787,15250.0
1727.85,14.84,-0.1775,0.8972,15270.0
1727.9,14.68,-0.2142,0.8158,15290.0
1727.95,14.62,0.1395,0.7633,15310.0
1728.0,14.55,0.4932,0.7109,15310.0
1728.05,14.57,0.4451,0.7582,15300.0
1728.1,14.6,0.3969,0.8055,15280.0
1728.15,14.71,0.3455,0.7691,15260.0
1728.2,14.83,0.2942,0.7326,15250.0
1728.25,14.61,0.1117,0.593,15250.0
1728.3,14.4,-0.07086,0.4534,15260.0
1728.35,14.23,-0.2394,0.3704,15270.0
1728.4,14.07,-0.408,0.2875,15280.0
1728.45,14.11,-0.3798,0.4806,15270.0
1728.5,14.15,-0.3515,0.6736,15240.0
1728.55,14.16,-0.2984,0.7247,15210.0
1728.6,14.16,-0.2452,0.7758,15170.0
1728.65,14.23,-0.2781,0.9366,15140.0
1728.7,14.31,-0.3109,1.097,15140.0
1728.75,14.27,-0.3718,1.113,15150.0
1728.8,14.24,-0.4327,1.129,15180.0
1728.85,14.32,-0.4596,1.093,15220.0
1728.9,14.4,-0.4865,1.057,15250.0
1728.95,14.58,-0.423,0.8188,15280.0
1729.0,14.76,-0.3595,0.5804,15280.0
1729.05,14.59,-0.5744,0.4779,15260.0
1729.1,14.42,-0.7894,0.3753,15220.0
1729.15,14.38,-0.914,0.6302,15160.0
1729.2,14.33,-1.039,0.885,15100.0
1729.25,14.29,-1.048,0.7897,15060.0
1729.3,14.26,-1.057,0.6943,15040.0
1729.35,14.36,-0.9888,0.5615,15050.0
1729.4,14.47,-0.9208,0.4287,15070.0
1729.45,14.52,-0.8993,0.4792,15100.0
1729.5,14.57,-0.8778,0.5297,15140.0
1729.55,14.34,-0.9355,0.6023,15160.0
1729.6,14.11,-0.9932,0.6748,15170.0
1729.65,14.11,-0.7185,0.6352,15160.0
1729.7,14.11,-0.4439,0.5955,15130.0
1729.75,14.09,-0.3222,0.4543,15080.0
1729.8,14.07,-0.2006,0.3131,15020.0
1729.85,14.21,-0.3744,0.1952,14970.0
1729.9,14.35,-0.5482,0.07731,14940.0
1729.95,14.22,-0.3185,0.01732,14930.0
1730.0,14.1,-0.08877,-0.04268,14950.0
1730.05,14.09,-0.1338,-0.1582,14970.0
1730.1,14.08,-0.1787,-0.2736,14990.0
1730.15,14.1,0.02846,-0.2469,15000.0
1730.2,14.12,0.2357,-0.2202,15000.0
1730.25,14.09,-0.003981,-0.3722,14990.0
1730.3,14.06,-0.2436,-0.5241,14970.0
1730.35,13.9,-0.2402,-0.4052,14950.0
1730.4,13.73,-0.2369,-0.2863,14930.0
1730.45,13.77,-0.2787,-0.4575,14910.0
1730.5,13.81,-0.3205,-0.6287,14900.0
1730.55,13.73,-0.2235,-0.3948,14890.0
1730.6,13.64,-0.1266,-0.161,14900.0
1730.65,13.63,-0.0836,-0.3506,14910.0
1730.7,13.63,-0.0406,-0.5402,14910.0
1730.75,13.69,-0.04379,-0.6307,14910.0
1730.8,13.76,-0.04697,-0.7211,14910.0
1730.85,13.71,0.007962,-0.5646,14910.0
1730.9,13.67,0.0629,-0.408,14910.0
1730.95,13.57,-0.03384,-0.3523,14900.0
1731.0,13.48,-0.1306,-0.2966,14890.0
1731.05,13.48,-0.3463,-0.2427,14880.0
1731.1,13.48,-0.5621,-0.1888,14860.0
1731.15,13.52,-0.5454,-0.2922,14860.0
1731.2,13.57,-0.5287,-0.3956,14860.0
1731.25,13.6,-0.5326,-0.3912,14860.0
1731.3,13.64,-0.5366,-0.3868,14860.0
1731.35,13.56,-0.3171,-0.464,14870.0
1731.4,13.47,-0.09753,-0.5412,14870.0
1731.45,13.44,-0.09972,-0.5081,14860.0
1731.5,13.41,-0.1019,-0.4751,14830.0
1731.55,13.5,-0.2388,-0.2972,14800.0
1731.6,13.6,-0.3758,-0.1193,14780.0
1731.65,13.57,-0.2683,-0.2328,14780.0
1731.7,13.55,-0.1608,-0.3463,14790.0
1731.75,13.52,-0.05076,-0.3279,14810.0
1731.8,13.49,0.05931,-0.3095,14840.0
1731.85,13.39,0.06847,-0.2638,14860.0
1731.9,13.3,0.07763,-0.218,14860.0
1731.95,13.17,-0.07504,-0.1808,14840.0
1732.0,13.03,-0.2277,-0.1436,14790.0
1732.05,12.91,-0.3167,-0.1782,14740.0
1732.1,12.78,-0.4056,-0.2127,14710.0
1732.15,12.78,-0.6111,-0.4048,14700.0
1732.2,12.78,-0.8165,-0.597,14700.0
1732.25,12.68,-0.8137,-0.7932,14730.0
1732.3,12.58,-0.8109,-0.9894,14770.0
1732.35,12.56,-0.8794,-0.8125,14800.0
1732.4,12.54,-0.9478,-0.6355,14810.0
1732.45,12.68,-0.9385,-0.4436,14810.0
1732.5,12.82,-0.9291,-0.2517,14780.0
1732.55,12.65,-0.9906,0.05609,14750.0
1732.6,12.48,-1.052,0.3639,14710.0
1732.65,12.42,-1.035,0.4129,14670.0
1732.7,12.36,-1.018,0.4619,14640.0
1732.75,12.33,-1.004,0.5426,14620.0
1732.8,12.31,-0.9896,0.6233,14630.0
1732.85,12.44,-0.9813,0.4935,14640.0
1732.9,12.56,-0.9729,0.3636,14660.0
1732.95,12.57,-1.061,0.239,14680.0
1733.0,12.58,-1.15,0.1144,14710.0
1733.05,12.53,-0.9355,0.07889,14730.0
1733.1,12.49,-0.7209,0.04341,14730.0
1733.15,12.61,-0.754,0.3034,14710.0
1733.2,12.73,-0.787,0.5634,14690.0
1733.25,12.77,-0.7169,0.7372,14670.0
1733.3,12.81,-0.6469,0.9111,14650.0
1733.35,12.8,-0.5394,0.936,14620.0
1733.4,12.8,-0.4319,0.9609,14580.0
1733.45,12.95,-0.583,0.6937,14570.0
1733.5,13.1,-0.7341,0.4265,14580.0
1733.55,13.01,-0.6099,0.3609,14610.0
1733.6,12.91,-0.4857,0.2953,14640.0
1733.65,12.88,-0.2597,0.3859,14660.0
1733.7,12.85,-0.03384,0.4765,14670.0
1733.75,12.92,-0.2508,0.6025,14650.0
1733.8,13.0,-0.4677,0.7285,14610.0
1733.85,13.04,-0.4395,0.6803,14560.0
1733.9,13.08,-0.4112,0.6321,14520.0
1733.95,13.24,-0.323,0.5675,14500.0
1734.0,13.4,-0.2349,0.5029,14500.0
1734.05,13.45,-0.3947,0.3847,14510.0
1734.1,13.51,-0.5545,0.2666,14520.0
1734.15,13.42,-0.5054,0.1184,14530.0
1734.2,13.34,-0.4562,-0.02975,14530.0
1734.25,13.42,-0.6232,0.1035,14520.0
1734.3,13.5,-0.7902,0.2368,14510.0
1734.35,13.65,-0.5422,0.26,14480.0
1734.4,13.79,-0.2942,0.2831,14460.0
1734.45,13.87,-0.2166,0.04073,14450.0
1734.5,13.95,-0.1389,-0.2017,14450.0
1734.55,13.99,-0.1909,-0.2792,14450.0
1734.6,14.04,-0.2428,-0.3568,14450.0
1734.65,13.98,-0.3527,-0.1271,14450.0
1734.7,13.91,-0.4626,0.1027,14460.0
1734.75,14.03,-0.2006,0.0706,14470.0
1734.8,14.14,0.0613,0.03853,14470.0
1734.85,14.09,0.2512,0.08706,14470.0
1734.9,14.03,0.4411,0.1356,14460.0
1734.95,14.06,0.5095,0.1358,14450.0
1735.0,14.09,0.578,0.1361,14440.0
1735.05,14.04,0.4361,0.1174,14420.0
1735.1,13.98,0.2942,0.09877,14410.0
1735.15,13.89,0.2904,0.02548,14410.0
1735.2,13.81,0.2866,-0.0478,14420.0
1735.25,13.72,0.3151,-0.14,14440.0
1735.3,13.64,0.3435,-0.2322,14450.0
1735.35,13.53,0.3593,-0.2413,14460.0
1735.4,13.43,0.375,-0.2505,14460.0
1735.45,13.44,0.3312,-0.06341,14450.0
1735.5,13.44,0.2874,0.1236,14430.0
1735.55,13.47,0.2737,0.02463,14400.0
1735.6,13.5,0.2599,-0.07438,14360.0
1735.65,13.51,0.2189,-0.3375,14340.0
1735.7,13.53,0.1779,-0.6007,14340.0
1735.75,13.49,0.07982,-0.5894,14370.0
1735.8,13.45,-0.01831,-0.5782,14430.0
1735.85,13.55,-0.0625,-0.5538,14490.0
1735.9,13.65,-0.1067,-0.5295,14530.0
1735.95,13.79,-0.1019,-0.3612,14550.0
1736.0,13.93,-0.09713,-0.1929,14520.0
1736.05,14.13,-0.1686,-0.2114,14460.0
1736.1,14.33,-0.24,-0.23,14390.0
1736.15,14.35,-0.4025,-0.2635,14330.0
1736.2,14.37,-0.5649,-0.297,14310.0
1736.25,14.32,-0.5575,-0.1951,14320.0
1736.3,14.27,-0.5502,-0.09316,14360.0
1736.35,14.22,-0.4592,-0.1905,14410.0
1736.4,14.17,-0.3682,-0.2878,14460.0
1736.45,14.06,-0.1849,-0.09853,14490.0
1736.5,13.94,-0.001592,0.09072,14490.0
1736.55,14.14,0.04021,0.1921,14460.0
1736.6,14.34,0.08201,0.2934,14420.0
1736.65,14.4,-0.09952,0.1338,14370.0
1736.7,14.47,-0.281,-0.02585,14320.0
1736.75,14.42,-0.4202,-0.09804,14290.0
1736.8,14.38,-0.5593,-0.1702,14260.0
1736.85,14.35,-0.4021,-0.005243,14260.0
1736.9,14.33,-0.2448,0.1597,14290.0
1736.95,14.42,0.00836,-0.1405,14310.0
1737.0,14.51,0.2615,-0.4407,14330.0
1737.05,14.68,0.3107,-0.4371,14340.0
1737.1,14.84,0.3599,-0.4336,14340.0
1737.15,14.81,0.3089,-0.3922,14330.0
1737.2,14.78,0.258,-0.3507,14300.0
1737.25,14.67,0.2719,-0.4875,14270.0
1737.3,14.55,0.2858,-0.6243,14250.0
1737.35,14.51,0.2597,-0.6071,14250.0
1737.4,14.47,0.2337,-0.5899,14260.0
1737.45,14.5,0.2657,-0.4103,14260.0
1737.5,14.54,0.2978,-0.2307,14260.0
1737.55,14.45,0.3447,-0.1221,14270.0
1737.6,14.35,0.3917,-0.01341,14280.0
1737.65,14.26,0.1503,-0.2342,14300.0
1737.7,14.17,-0.09116,-0.4551,14290.0
1737.75,14.15,-0.2554,-0.3997,14280.0
1737.8,14.13,-0.4196,-0.3444,14260.0
1737.85,14.13,-0.6554,-0.2744,14240.0
1737.9,14.13,-0.8913,-0.2044,14230.0
1737.95,14.18,-0.7942,0.04097,14230.0
1738.0,14.23,-0.697,0.2863,14260.0
1738.05,14.35,-0.7289,0.3023,14300.0
1738.1,14.48,-0.7607,0.3183,14340.0
1738.15,14.65,-0.7341,0.2652,14350.0
1738.2,14.83,-0.7074,0.2122,14330.0
1738.25,14.96,-0.6746,0.01902,14290.0
1738.3,15.09,-0.6417,-0.1741,14240.0
1738.35,15.17,-0.5438,-0.1249,14210.0
1738.4,15.25,-0.4459,-0.0756,14210.0
1738.45,15.28,-0.3497,-0.09036,14230.0
1738.5,15.3,-0.2536,-0.1051,14290.0
1738.55,15.37,-0.2044,-0.1868,14370.0
1738.6,15.43,-0.1553,-0.2685,14430.0
1738.65,15.48,-0.3155,-0.229,14440.0
1738.7,15.54,-0.4757,-0.1895,14410.0
1738.75,15.53,-0.3696,-0.1144,14360.0
1738.8,15.52,-0.2635,-0.03926,14310.0
1738.85,15.46,-0.0215,-0.1113,14270.0
1738.9,15.4,0.2205,-0.1834,14230.0
1738.95,15.6,0.1232,-0.02,14230.0
1739.0,15.8,0.02588,0.1434,14260.0
1739.05,15.55,-0.1483,0.0695,14310.0
1739.1,15.3,-0.3224,-0.00439,14350.0
1739.15,15.31,-0.4421,-0.004999,14370.0
1739.2,15.33,-0.5617,-0.005609,14390.0
1739.25,15.42,-0.5271,0.03902,14410.0
1739.3,15.51,-0.4924,0.08365,14390.0
1739.35,15.47,-0.3398,0.06451,14350.0
1739.4,15.44,-0.1871,0.04536,14310.0
1739.45,15.48,-0.1123,0.06487,14270.0
1739.5,15.53,-0.03742,0.08438,14250.0
1739.55,15.48,-0.03205,0.2407,14230.0
1739.6,15.43,-0.02667,0.397,14230.0
1739.65,15.37,-0.05215,0.568,14240.0
1739.7,15.3,-0.07763,0.7389,14270.0
1739.75,15.32,-0.3117,0.6499,14300.0
1739.8,15.34,-0.5458,0.5609,14310.0
1739.85,15.31,-0.5281,0.4207,14290.0
1739.9,15.28,-0.5103,0.2805,14280.0
1739.95,15.37,-0.4369,0.2529,14280.0
1740.0,15.47,-0.3635,0.2253,14260.0
1740.05,15.44,-0.09833,0.141,14250.0
1740.1,15.42,0.1668,0.05658,14250.0
1740.15,15.37,0.2801,0.2034,14260.0
1740.2,15.32,0.3933,0.3502,14280.0
1740.25,15.26,0.4248,0.387,14280.0
1740.3,15.2,0.4562,0.4239,14280.0
1740.35,15.11,0.3521,0.3419,14270.0
1740.4,15.02,0.248,0.26,14260.0
1740.45,15.08,0.2508,0.3039,14230.0
1740.5,15.13,0.2536,0.3478,14210.0
1740.55,15.13,0.1156,0.4142,14200.0
1740.6,15.12,-0.02229,0.4807,14210.0
1740.65,15.14,-0.02926,0.5399,14250.0
1740.7,15.17,-0.03623,0.5992,14290.0
1740.75,15.25,0.007763,0.6777,14340.0
1740.8,15.33,0.05175,0.7563,14370.0
1740.85,15.19,0.09614,0.6987,14370.0
1740.9,15.05,0.1405,0.6411,14340.0
1740.95,15.12,0.1318,0.5219,14290.0
1741.0,15.18,0.123,0.4026,14230.0
1741.05,15.27,0.1909,0.4767,14170.0
1741.1,15.36,0.2588,0.5507,14150.0
1741.15,15.43,0.2253,0.8004,14170.0
1741.2,15.5,0.1919,1.05,14210.0
1741.25,15.63,0.09514,0.9318,14280.0
1741.3,15.75,-0.001592,0.8136,14360.0
1741.35,15.96,0.05334,0.8198,14420.0
1741.4,16.17,0.1083,0.826,14440.0
1741.45,16.18,0.2878,0.9809,14410.0
1741.5,16.2,0.4673,1.136,14370.0
1741.55,16.08,0.53,1.309,14310.0
1741.6,15.96,0.5927,1.482,14260.0
1741.65,15.86,0.4461,1.461,14220.0
1741.7,15.76,0.2994,1.44,14200.0
1741.75,15.53,0.3181,1.514,14200.0
1741.8,15.3,0.3368,1.588,14240.0
1741.85,15.35,0.1618,1.54,14290.0
1741.9,15.41,-0.01314,1.492,14340.0
1741.95,15.29,0.04518,1.545,14380.0
1742.0,15.18,0.1035,1.599,14420.0
1742.05,15.23,0.1043,1.287,14420.0
1742.1,15.28,0.1051,0.9757,14390.0
1742.15,15.33,0.2737,0.786,14330.0
1742.2,15.38,0.4423,0.5963,14280.0
1742.25,15.32,0.212,0.6958,14240.0
1742.3,15.26,-0.01831,0.7953,14200.0
1742.35,15.3,-0.1933,0.8037,14190.0
1742.4,15.34,-0.3682,0.8121,14200.0
1742.45,15.2,-0.4683,0.7585,14230.0
1742.5,15.05,-0.5685,0.7048,14280.0
1742.55,15.08,-0.4701,0.6644,14320.0
1742.6,15.11,-0.3718,0.6241,14340.0
1742.65,14.95,-0.4506,0.6035,14340.0
1742.7,14.78,-0.5295,0.5829,14320.0
1742.75,14.91,-0.6127,0.5106,14290.0
1742.8,15.03,-0.6958,0.4382,14250.0
1742.85,14.99,-0.6801,0.6004,14220.0
1742.9,14.95,-0.6644,0.7626,14220.0
1742.95,14.92,-0.5884,0.8339,14240.0
1743.0,14.89,-0.5123,0.9053,14250.0
1743.05,14.67,-0.6821,0.9811,14270.0
1743.1,14.44,-0.8519,1.057,14280.0
1743.15,14.45,-0.7812,0.8564,14300.0
1743.2,14.46,-0.7106,0.6558,14320.0
1743.25,14.46,-0.7219,0.6581,14310.0
1743.3,14.46,-0.7333,0.6604,14310.0
1743.35,14.34,-0.7295,0.7128,14300.0
1743.4,14.22,-0.7257,0.7653,14300.0
1743.45,14.24,-0.6294,0.7041,14310.0
1743.5,14.26,-0.533,0.6429,14310.0
1743.55,14.18,-0.5181,0.5765,14320.0
1743.6,14.11,-0.5032,0.5102,14340.0
1743.65,14.24,-0.3195,0.5123,14350.0
1743.7,14.38,-0.1357,0.5143,14340.0
1743.75,14.31,-0.2601,0.5824,14320.0
1743.8,14.25,-0.3845,0.6504,14310.0
1743.85,14.33,-0.4536,0.6192,14300.0
1743.9,14.4,-0.5227,0.588,14310.0
1743.95,14.46,-0.5607,0.7966,14310.0
1744.0,14.51,-0.5987,1.005,14330.0
1744.05,14.5,-0.8059,0.9892,14360.0
1744.1,14.49,-1.013,0.9731,14390.0
1744.15,14.62,-0.7446,0.791,14400.0
1744.2,14.76,-0.4761,0.609,14390.0
1744.25,14.72,-0.3877,0.2158,14380.0
1744.3,14.69,-0.2994,-0.1773,14370.0
1744.35,14.82,-0.5265,-0.1418,14360.0
1744.4,14.95,-0.7536,-0.1063,14350.0
1744.45,15.03,-0.7942,-0.05987,14340.0
1744.5,15.12,-0.8348,-0.01341,14350.0
1744.55,14.93,-0.9351,-0.07231,14360.0
1744.6,14.73,-1.035,-0.1312,14380.0
1744.65,14.84,-1.053,-0.1156,14390.0
1744.7,14.95,-1.07,-0.09999,14410.0
1744.75,14.88,-1.194,-0.4067,14430.0
1744.8,14.82,-1.317,-0.7133,14440.0
1744.85,14.74,-1.376,-0.8801,14450.0
1744.9,14.66,-1.434,-1.047,14450.0
1744.95,14.8,-1.437,-0.7948,14460.0
1745.0,14.94,-1.441,-0.5426,14460.0
1745.05,14.95,-1.321,-0.3545,14450.0
1745.1,14.97,-1.201,-0.1663,14430.0
1745.15,14.84,-1.156,-0.2033,14410.0
1745.2,14.71,-1.111,-0.2402,14400.0
1745.25,14.79,-1.163,-0.2655,14400.0
1745.3,14.86,-1.215,-0.2907,14410.0
1745.35,14.95,-1.32,-0.1986,14430.0
1745.4,15.03,-1.424,-0.1066,14460.0
1745.45,15.06,-1.278,-0.04451,14510.0
1745.5,15.09,-1.132,0.01756,14550.0
1745.55,15.16,-1.015,0.08084,14570.0
1745.6,15.22,-0.8973,0.1441,14580.0
1745.65,15.44,-0.989,0.02463,14570.0
1745.7,15.66,-1.081,-0.09487,14550.0
1745.75,15.75,-1.016,0.07755,14510.0
1745.8,15.84,-0.9506,0.25,14480.0
1745.85,15.85,-0.8899,0.1952,14470.0
1745.9,15.86,-0.8292,0.1405,14490.0
1745.95,15.85,-0.7464,0.2803,14520.0
1746.0,15.85,-0.6636,0.4202,14560.0
1746.05,15.9,-0.6503,0.462,14600.0
1746.1,15.95,-0.6369,0.5038,14640.0
1746.15,16.01,-0.8814,0.4687,14670.0
1746.2,16.08,-1.126,0.4336,14690.0
1746.25,15.99,-1.027,0.3969,14680.0
1746.3,15.9,-0.9283,0.3602,14670.0
1746.35,15.84,-1.09,0.3512,14640.0
1746.4,15.78,-1.252,0.3422,14620.0
1746.45,15.62,-1.344,0.1975,14610.0
1746.5,15.46,-1.436,0.05292,14620.0
1746.55,15.53,-1.439,-0.04256,14640.0
1746.6,15.6,-1.443,-0.138,14670.0
1746.65,15.77,-1.319,-0.1879,14700.0
1746.7,15.93,-1.195,-0.2378,14740.0
1746.75,15.76,-1.293,-0.01488,14750.0
1746.8,15.6,-1.391,0.208,14740.0
1746.85,15.58,-1.524,0.01975,14720.0
1746.9,15.56,-1.656,-0.1685,14700.0
1746.95,15.45,-1.562,-0.1555,14690.0
1747.0,15.34,-1.468,-0.1424,14680.0
1747.05,15.53,-1.434,-0.00439,14690.0
1747.1,15.72,-1.401,0.1336,14730.0
1747.15,15.68,-1.321,0.01256,14770.0
1747.2,15.63,-1.242,-0.1085,14790.0
1747.25,15.54,-1.548,-0.09548,14780.0
1747.3,15.44,-1.853,-0.08243,14750.0
1747.35,15.47,-1.85,-0.2135,14720.0
1747.4,15.5,-1.847,-0.3446,14690.0
1747.45,15.51,-1.712,-0.5077,14680.0
1747.5,15.51,-1.577,-0.6709,14680.0
1747.55,15.5,-1.622,-0.702,14710.0
1747.6,15.49,-1.666,-0.7331,14770.0
1747.65,15.52,-1.809,-0.5896,14820.0
1747.7,15.55,-1.951,-0.446,14840.0
1747.75,15.62,-2.02,-0.404,14840.0
1747.8,15.68,-2.088,-0.3619,14810.0
1747.85,15.6,-2.306,-0.278,14780.0
1747.9,15.52,-2.525,-0.1941,14740.0
1747.95,15.53,-2.391,-0.2705,14690.0
1748.0,15.55,-2.258,-0.3468,14670.0
1748.05,15.53,-2.045,-0.2614,14690.0
1748.1,15.51,-1.832,-0.1761,14740.0
1748.15,15.5,-1.775,-0.1973,14790.0
1748.2,15.48,-1.718,-0.2185,14830.0
1748.25,15.48,-1.669,-0.08511,14870.0
1748.3,15.48,-1.62,0.04829,14900.0
1748.35,15.48,-1.678,0.01719,14920.0
1748.4,15.49,-1.737,-0.0139,14910.0
1748.45,15.52,-1.641,0.1043,14880.0
1748.5,15.56,-1.545,0.2224,14850.0
1748.55,15.42,-1.406,0.2394,14820.0
1748.6,15.28,-1.268,0.2563,14790.0
1748.65,15.39,-1.184,0.1814,14780.0
1748.7,15.5,-1.1,0.1066,14800.0
1748.75,15.43,-1.204,-0.01963,14860.0
1748.8,15.37,-1.307,-0.1458,14940.0
1748.85,15.27,-1.26,-0.006585,15000.0
1748.9,15.18,-1.213,0.1327,15020.0
1748.95,14.96,-1.142,0.149,15020.0
1749.0,14.75,-1.072,0.1653,14990.0
1749.05,14.62,-0.994,0.2734,14960.0
1749.1,14.49,-0.9164,0.3814,14920.0
1749.15,14.55,-0.8183,0.3628,14900.0
1749.2,14.61,-0.7201,0.3441,14910.0
1749.25,14.68,-0.5257,0.3074,14940.0
1749.3,14.75,-0.3312,0.2707,14990.0
1749.35,14.79,-0.2379,0.1083,15020.0
1749.4,14.83,-0.1445,-0.05414,15020.0
1749.45,15.02,-0.03264,-0.1818,15020.0
1749.5,15.2,0.07922,-0.3095,15000.0
1749.55,15.11,0.09375,-0.3202,14990.0
1749.6,15.03,0.1083,-0.3309,14970.0
1749.65,15.0,0.3903,-0.1423,14970.0
1749.7,14.98,0.6724,0.04634,14990.0
1749.75,14.96,0.6156,0.07389,15030.0
1749.8,14.94,0.5589,0.1015,15050.0
1749.85,14.98,0.5197,0.06304,15050.0
1749.9,15.03,0.4805,0.02463,15050.0
1749.95,15.02,0.4476,0.05987,15050.0
1750.0,15.02,0.4148,0.09511,15030.0
1750.05,14.91,0.3728,0.02573,15000.0
1750.1,14.81,0.3308,-0.04365,14970.0
1750.15,14.84,0.3714,0.002926,14960.0
1750.2,14.88,0.412,0.04951,14970.0
1750.25,14.86,0.4204,0.02634,14970.0
1750.3,14.84,0.4287,0.00317,14990.0
1750.35,14.85,0.5064,-0.1813,15020.0
1750.4,14.86,0.584,-0.3658,15060.0
1750.45,14.93,0.4512,-0.3857,15100.0
1750.5,15.0,0.3185,-0.4056,15110.0
1750.55,15.0,0.4542,-0.1956,15090.0
1750.6,15.01,0.59,0.01439,15050.0
1750.65,15.13,0.5828,-0.1917,15000.0
1750.7,15.24,0.5756,-0.3978,14950.0
1750.75,15.23,0.4397,-0.3695,14920.0
1750.8,15.22,0.3037,-0.3412,14920.0
1750.85,15.26,0.2683,-0.3092,14960.0
1750.9,15.3,0.2329,-0.2773,15020.0
1750.95,15.4,-0.007564,-0.3262,15080.0
1751.0,15.5,-0.248,-0.3751,15120.0
1751.05,15.59,-0.2896,-0.4758,15150.0
1751.1,15.68,-0.3312,-0.5765,15150.0
1751.15,15.73,-0.5754,-0.626,15130.0
1751.2,15.78,-0.8197,-0.6755,15090.0
1751.25,15.82,-0.7918,-0.7624,15040.0
1751.3,15.87,-0.7639,-0.8492,15010.0
1751.35,15.6,-0.5627,-0.8631,15000.0
1751.4,15.34,-0.3615,-0.877,15020.0
1751.45,15.47,-0.4005,-0.752,15050.0
1751.5,15.61,-0.4395,-0.627,15090.0
1751.55,15.74,-0.4536,-0.7615,15140.0
1751.6,15.87,-0.4677,-0.896,15180.0
1751.65,16.05,-0.5093,-0.5552,15210.0
1751.7,16.23,-0.5509,-0.2144,15220.0
1751.75,16.28,-0.5941,-0.2779,15220.0
1751.8,16.33,-0.6373,-0.3414,15220.0
1751.85,16.22,-0.5322,-0.3129,15220.0
1751.9,16.12,-0.4271,-0.2844,15220.0
1751.95,15.97,-0.214,-0.1649,15200.0
1752.0,15.82,-0.0007962,-0.04536,15190.0
1752.05,15.85,0.01931,-0.0009755,15190.0
1752.1,15.89,0.03941,0.04341,15200.0
1752.15,15.87,0.2088,0.1252,15200.0
1752.2,15.84,0.3782,0.2071,15220.0
1752.25,15.9,0.3386,0.07377,15260.0
1752.3,15.96,0.299,-0.05951,15300.0
1752.35,16.12,0.1302,-0.1621,15340.0
1752.4,16.29,-0.03861,-0.2646,15360.0
1752.45,16.34,-0.01831,-0.1753,15370.0
1752.5,16.39,0.00199,-0.08609,15380.0
1752.55,16.45,0.1232,0.05487,15380.0
1752.6,16.51,0.2444,0.1958,15360.0
1752.65,16.66,0.1578,0.2189,15330.0
1752.7,16.82,0.07126,0.2419,15310.0
1752.75,16.65,-0.09355,0.3743,15290.0
1752.8,16.49,-0.2584,0.5068,15280.0
1752.85,16.66,-0.2203,0.528,15290.0
1752.9,16.83,-0.1823,0.5492,15310.0
1752.95,16.88,-0.2639,0.3235,15330.0
1753.0,16.93,-0.3455,0.09779,15370.0
1753.05,16.92,-0.3903,0.2094,15410.0
1753.1,16.91,-0.4351,0.3209,15450.0
1753.15,16.76,-0.2118,0.2124,15460.0
1753.2,16.61,0.01154,0.1039,15460.0
1753.25,16.69,-0.1497,-0.07414,15440.0
1753.3,16.77,-0.3109,-0.2522,15410.0
1753.35,16.8,-0.2319,-0.2229,15370.0
1753.4,16.82,-0.1529,-0.1936,15340.0
1753.45,16.77,-0.3079,-0.1827,15320.0
1753.5,16.73,-0.463,-0.1717,15320.0
1753.55,16.85,-0.5141,-0.4791,15330.0
1753.6,16.97,-0.5653,-0.7865,15360.0
1753.65,17.05,-0.616,-0.8011,15400.0
1753.7,17.13,-0.6668,-0.8158,15450.0
1753.75,17.32,-0.6363,-0.79,15490.0
1753.8,17.5,-0.6059,-0.7643,15520.0
1753.85,17.46,-0.4279,-0.8119,15510.0
1753.9,17.42,-0.25,-0.8594,15490.0
1753.95,17.47,-0.4654,-0.9849,15460.0
1754.0,17.51,-0.6807,-1.11,15420.0
1754.05,17.48,-0.4741,-1.322,15390.0
1754.1,17.45,-0.2675,-1.534,15380.0
1754.15,17.52,-0.1945,-1.447,15410.0
1754.2,17.59,-0.1214,-1.36,15450.0
1754.25,17.58,-0.07026,-1.077,15490.0
1754.3,17.57,-0.01911,-0.7938,15540.0
1754.35,17.81,-0.009753,-0.7214,15580.0
1754.4,18.04,-0.0003981,-0.649,15600.0
1754.45,17.99,0.08937,-0.5354,15600.0
1754.5,17.94,0.1791,-0.4219,15570.0
1754.55,17.96,0.2661,-0.3629,15560.0
1754.6,17.97,0.3531,-0.3039,15560.0
1754.65,18.02,0.41,-0.2589,15570.0
1754.7,18.08,0.467,-0.2139,15590.0
1754.75,17.91,0.2838,-0.2257,15600.0
1754.8,17.75,0.1007,-0.2375,15620.0
1754.85,17.83,-0.0424,-0.09036,15640.0
1754.9,17.91,-0.1855,0.05682,15660.0
1754.95,18.11,-0.2926,0.05207,15660.0
1755.0,18.31,-0.3997,0.04731,15670.0
1755.05,18.48,-0.2834,0.07743,15680.0
1755.1,18.64,-0.1672,0.1075,15690.0
1755.15,18.57,-0.1459,-0.08536,15700.0
1755.2,18.5,-0.1246,-0.2783,15700.0
1755.25,18.5,-0.2444,-0.1597,15720.0
1755.3,18.5,-0.3642,-0.04121,15730.0
1755.35,18.52,-0.2978,-0.1669,15730.0
1755.4,18.54,-0.2313,-0.2927,15710.0
1755.45,18.55,-0.2229,-0.2411,15670.0
1755.5,18.56,-0.2146,-0.1895,15640.0
1755.55,18.7,-0.09216,-0.05768,15630.0
1755.6,18.83,0.03025,0.07414,15640.0
1755.65,18.92,-0.2237,0.06414,15670.0
1755.7,19.02,-0.4777,0.05414,15720.0
1755.75,18.98,-0.3041,0.0517,15770.0
1755.8,18.94,-0.1306,0.04926,15810.0
1755.85,18.88,-0.1847,0.2701,15830.0
1755.9,18.82,-0.2388,0.4909,15810.0
1755.95,18.68,-0.07882,0.496,15780.0
1756.0,18.55,0.08121,0.5012,15740.0
1756.05,18.59,0.1644,0.4773,15700.0
1756.1,18.62,0.2476,0.4534,15680.0
1756.15,18.59,0.0209,0.4601,15670.0
1756.2,18.57,-0.2058,0.4668,15700.0
1756.25,18.43,-0.2402,0.3711,15760.0
1756.3,18.29,-0.2747,0.2753,15820.0
1756.35,18.29,-0.3418,0.04585,15880.0
1756.4,18.29,-0.4088,-0.1836,15910.0
1756.45,18.41,-0.3694,-0.2869,15920.0
1756.5,18.52,-0.33,-0.3902,15910.0
1756.55,18.58,-0.1322,-0.3685,15890.0
1756.6,18.64,0.06568,-0.3468,15870.0
1756.65,18.54,0.04001,-0.473,15860.0
1756.7,18.44,0.01433,-0.5992,15850.0
1756.75,18.46,0.03523,-0.5552,15850.0
1756.8,18.49,0.05613,-0.5112,15870.0
1756.85,18.42,0.02209,-0.5796,15910.0
1756.9,18.36,-0.01194,-0.648,15970.0
1756.95,18.42,0.01493,-0.8348,16020.0
1757.0,18.48,0.0418,-1.022,16050.0
1757.05,18.57,0.01871,-0.9399,16070.0
1757.1,18.66,-0.004379,-0.8582,16060.0
1757.15,18.71,0.165,-0.9256,16040.0
1757.2,18.76,0.3344,-0.9931,16010.0
1757.25,19.07,0.2402,-0.9198,16000.0
1757.3,19.37,0.1461,-0.8465,16010.0
1757.35,19.31,0.2319,-0.9717,16060.0
1757.4,19.25,0.3177,-1.097,16110.0
1757.45,19.09,0.5466,-1.03,16150.0
1757.5,18.93,0.7755,-0.9638,16160.0
1757.55,18.97,0.8666,-0.747,16160.0
1757.6,19.01,0.9578,-0.5302,16140.0
1757.65,19.02,0.8398,-0.5001,16100.0
1757.7,19.04,0.7217,-0.4699,16070.0
1757.75,19.29,0.8865,-0.6143,16050.0
1757.8,19.55,1.051,-0.7587,16060.0
1757.85,19.69,0.9504,-0.6898,16070.0
1757.9,19.83,0.8495,-0.6209,16100.0
1757.95,19.73,0.782,-0.4734,16140.0
1758.0,19.62,0.7146,-0.3258,16180.0
1758.05,19.71,0.6903,-0.6522,16220.0
1758.1,19.79,0.666,-0.9787,16230.0
1758.15,19.76,0.8111,-1.041,16210.0
1758.2,19.73,0.9562,-1.104,16160.0
1758.25,19.79,0.8971,-1.086,16110.0
1758.3,19.84,0.838,-1.068,16060.0
1758.35,19.82,1.081,-1.057,16030.0
1758.4,19.79,1.324,-1.046,16020.0
1758.45,19.84,1.053,-1.019,16050.0
1758.5,19.88,0.7822,-0.9914,16120.0
1758.55,19.87,0.6113,-0.934,16180.0
1758.6,19.85,0.4403,-0.8767,16240.0
1758.65,19.74,0.5316,-0.6889,16260.0
1758.7,19.62,0.623,-0.5012,16270.0
1758.75,19.66,0.465,-0.5113,16250.0
1758.8,19.7,0.3069,-0.5214,16210.0
1758.85,19.62,0.3041,-0.4401,16160.0
1758.9,19.55,0.3013,-0.3587,16130.0
1758.95,19.61,0.5219,-0.26,16120.0
1759.0,19.66,0.7424,-0.1612,16130.0
1759.05,19.86,0.5133,-0.08536,16170.0
1759.1,20.06,0.2842,-0.009511,16220.0
1759.15,19.96,0.07583,0.1327,16270.0
1759.2,19.87,-0.1326,0.2748,16320.0
1759.25,19.84,-0.03841,0.2108,16330.0
1759.3,19.82,0.05573,0.1468,16320.0
1759.35,19.85,0.1764,-0.06109,16300.0
1759.4,19.88,0.297,-0.269,16290.0
1759.45,19.9,0.3652,-0.1718,16290.0
1759.5,19.92,0.4335,-0.07463,16290.0
1759.55,19.88,0.3895,-0.08475,16300.0
1759.6,19.84,0.3455,-0.09487,16330.0
1759.65,19.86,0.3857,-0.1057,16350.0
1759.7,19.88,0.4259,-0.1166,16370.0
1759.75,19.87,0.497,-0.0995,16390.0
1759.8,19.85,0.5681,-0.08243,16390.0
1759.85,19.72,0.5396,0.02012,16390.0
1759.9,19.6,0.5111,0.1227,16400.0
1759.95,19.44,0.5271,0.05621,16400.0
1760.0,19.29,0.543,-0.01024,16400.0
1760.05,19.25,0.5754,0.05512,16400.0
1760.1,19.21,0.6079,0.1205,16390.0
1760.15,19.24,0.8015,0.1217,16370.0
1760.2,19.26,0.9952,0.1229,16350.0
1760.25,19.24,1.044,0.1416,16330.0
1760.3,19.22,1.094,0.1602,16340.0
1760.35,19.17,1.138,0.2524,16370.0
1760.4,19.12,1.182,0.3446,16390.0
1760.45,19.15,1.272,0.2467,16420.0
1760.5,19.17,1.362,0.1488,16430.0
1760.55,19.2,1.107,0.04817,16420.0
1760.6,19.23,0.8527,-0.05243,16390.0
1760.65,19.21,0.9116,-0.1906,16350.0
1760.7,19.18,0.9705,-0.3287,16310.0
1760.75,19.14,0.8748,-0.3522,16290.0
1760.8,19.09,0.779,-0.3756,16290.0
1760.85,19.21,0.6917,-0.3958,16310.0
1760.9,19.33,0.6043,-0.4161,16350.0
1760.95,19.41,0.5925,-0.5681,16380.0
1761.0,19.5,0.5808,-0.7202,16390.0
1761.05,19.6,0.655,-0.5977,16390.0
1761.1,19.7,0.7293,-0.4753,16370.0
1761.15,19.59,0.6174,-0.3779,16340.0
1761.2,19.48,0.5056,-0.2805,16320.0
1761.25,19.49,0.6268,-0.4697,16310.0
1761.3,19.51,0.748,-0.659,16330.0
1761.35,19.39,0.7048,-0.7205,16350.0
1761.4,19.28,0.6616,-0.7821,16390.0
1761.45,19.27,0.6909,-0.6077,16420.0
1761.5,19.25,0.7201,-0.4334,16420.0
1761.55,19.24,0.7699,-0.4359,16410.0
1761.6,19.22,0.8197,-0.4385,16380.0
1761.65,19.14,0.8903,-0.3814,16350.0
1761.7,19.05,0.961,-0.3244,16330.0
1761.75,18.97,1.099,-0.288,16310.0
1761.8,18.88,1.237,-0.2517,16320.0
1761.85,18.92,1.267,-0.3509,16330.0
1761.9,18.95,1.297,-0.4502,16370.0
1761.95,19.15,1.223,-0.2433,16420.0
1762.0,19.35,1.149,-0.03634,16460.0
1762.05,19.41,1.092,-0.0161,16480.0
1762.1,19.46,1.034,0.004146,16480.0
1762.15,19.44,1.006,0.008292,16460.0
1762.2,19.41,0.9769,0.01244,16410.0
1762.25,19.39,0.8802,0.1856,16360.0
1762.3,19.37,0.7834,0.3587,16310.0
1762.35,19.22,0.9407,0.425,16290.0
1762.4,19.07,1.098,0.4912,16300.0
1762.45,19.1,1.128,0.3289,16340.0
1762.5,19.12,1.158,0.1666,16380.0
1762.55,19.14,1.088,-0.02329,16420.0
1762.6,19.15,1.019,-0.2131,16450.0
1762.65,19.02,1.042,-0.02183,16460.0
1762.7,18.88,1.066,0.1695,16430.0
1762.75,18.77,0.8895,0.09182,16390.0
1762.8,18.66,0.7134,0.01414,16350.0
1762.85,18.7,0.2806,-0.1271,16320.0
1762.9,18.74,-0.1521,-0.2683,16310.0
1762.95,18.76,-0.1825,-0.3003,16310.0
1763.0,18.78,-0.213,-0.3324,16330.0
1763.05,18.83,-0.1166,-0.3387,16360.0
1763.1,18.87,-0.0203,-0.3451,16400.0
1763.15,18.87,0.08021,-0.2755,16420.0
1763.2,18.86,0.1807,-0.2058,16410.0
1763.25,18.77,0.4369,-0.1957,16370.0
1763.3,18.67,0.6931,-0.1856,16340.0
1763.35,18.57,0.4516,-0.2145,16320.0
1763.4,18.46,0.2102,-0.2434,16310.0
1763.45,18.42,0.1931,-0.3297,16310.0
1763.5,18.38,0.176,-0.4161,16330.0
1763.55,18.47,0.2265,-0.4706,16370.0
1763.6,18.56,0.2771,-0.5251,16390.0
1763.65,18.56,0.4791,-0.6103,16390.0
1763.7,18.56,0.6811,-0.6955,16380.0
1763.75,18.54,0.7235,-0.5691,16360.0
1763.8,18.53,0.7659,-0.4426,16370.0
1763.85,18.67,0.674,-0.5131,16370.0
1763.9,18.82,0.582,-0.5836,16370.0
1763.95,18.78,0.6146,-0.5447,16350.0
1764.0,18.75,0.6473,-0.5058,16340.0
1764.05,18.82,0.7822,-0.5473,16330.0
1764.1,18.9,0.9172,-0.5887,16320.0
1764.15,18.9,0.752,-0.4264,16310.0
1764.2,18.91,0.5868,-0.2641,16290.0
1764.25,18.85,0.6407,-0.1962,16310.0
1764.3,18.8,0.6947,-0.1283,16330.0
1764.35,18.73,0.6007,-0.1881,16350.0
1764.4,18.65,0.5068,-0.248,16360.0
1764.45,18.56,0.4855,-0.1144,16370.0
1764.5,18.46,0.4642,0.01927,16370.0
1764.55,18.46,0.3336,0.02329,16360.0
1764.6,18.46,0.203,0.02731,16320.0
1764.65,18.59,0.08877,-0.3164,16280.0
1764.7,18.71,-0.02548,-0.6602,16240.0
1764.75,18.67,-0.06708,-0.7931,16230.0
1764.8,18.62,-0.1087,-0.926,16230.0
1764.85,18.52,-0.3314,-0.999,16240.0
1764.9,18.42,-0.5541,-1.072,16270.0
1764.95,18.53,-0.4564,-0.9532,16310.0
1765.0,18.64,-0.3587,-0.8343,16340.0
1765.05,18.76,-0.3752,-0.6382,16340.0
1765.1,18.87,-0.3917,-0.4421,16310.0
1765.15,18.93,-0.4347,-0.2703,16270.0
1765.2,18.98,-0.4777,-0.09853,16240.0
1765.25,18.98,-0.4721,-0.05938,16220.0
1765.3,18.98,-0.4666,-0.02024,16190.0
1765.35,18.99,-0.5627,-0.05963,16180.0
1765.4,18.99,-0.6588,-0.09901,16200.0
1765.45,18.98,-0.6775,-0.07853,16240.0
1765.5,18.97,-0.6962,-0.05804,16280.0
1765.55,18.86,-0.6146,-0.03195,16290.0
1765.6,18.75,-0.533,-0.005853,16270.0
1765.65,18.76,-0.4182,-0.07938,16250.0
1765.7,18.76,-0.3033,-0.1529,16220.0
1765.75,18.58,-0.1596,-0.1567,16190.0
1765.8,18.4,-0.01592,-0.1605,16150.0
1765.85,18.51,-0.2434,-0.03036,16140.0
1765.9,18.62,-0.4709,0.09975,16170.0
1765.95,18.66,-0.6033,-0.0884,16200.0
1766.0,18.7,-0.7357,-0.2766,16220.0
1766.05,18.64,-0.7012,-0.1618,16210.0
1766.1,18.58,-0.6668,-0.04707,16200.0
1766.15,18.59,-0.3414,-0.141,16190.0
1766.2,18.6,-0.01592,-0.2349,16170.0
1766.25,18.57,0.01911,-0.322,16150.0
1766.3,18.54,0.05414,-0.4092,16140.0
1766.35,18.51,0.158,-0.285,16140.0
1766.4,18.48,0.2619,-0.1607,16160.0
1766.45,18.4,0.4285,-0.03365,16170.0
1766.5,18.32,0.5951,0.0934,16160.0
1766.55,18.62,0.5728,0.2652,16150.0
1766.6,18.93,0.5505,0.437,16150.0
1766.65,18.82,0.5587,0.6044,16140.0
1766.7,18.72,0.5669,0.7719,16150.0
1766.75,18.8,0.5983,0.6559,16150.0
1766.8,18.88,0.6298,0.5399,16160.0
1766.85,18.96,0.6541,0.5253,16170.0
1766.9,19.04,0.6783,0.5107,16180.0
1766.95,18.84,0.632,0.4156,16170.0
1767.0,18.63,0.5856,0.3205,16150.0
1767.05,18.68,0.5947,0.3628,16130.0
1767.1,18.74,0.6039,0.4051,16120.0
1767.15,18.61,0.6119,0.516,16120.0
1767.2,18.48,0.6198,0.627,16110.0
1767.25,18.37,0.4474,0.66,16120.0
1767.3,18.26,0.2751,0.6931,16140.0
1767.35,18.22,0.3812,0.6749,16170.0
1767.4,18.18,0.4873,0.6568,16180.0
1767.45,18.2,0.3995,0.6907,16170.0
1767.5,18.21,0.3117,0.7246,16150.0
1767.55,18.24,0.3794,0.6386,16130.0
1767.6,18.28,0.447,0.5526,16110.0
1767.65,18.15,0.5209,0.5057,16080.0
1767.7,18.02,0.5947,0.4587,16060.0
1767.75,18.11,0.4367,0.4721,16070.0
1767.8,18.19,0.2787,0.4856,16110.0
1767.85,18.02,0.04956,0.4289,16150.0
1767.9,17.86,-0.1795,0.3722,16170.0
1767.95,18.01,-0.289,0.3803,16190.0
1768.0,18.17,-0.3985,0.3885,16190.0
1768.05,18.1,-0.333,0.3361,16170.0
1768.1,18.03,-0.2675,0.2836,16140.0
1768.15,17.94,-0.1553,0.2848,16090.0
1768.2,17.84,-0.04299,0.2861,16050.0
1768.25,17.77,-0.1045,0.345,16030.0
1768.3,17.71,-0.166,0.4039,16040.0
1768.35,17.6,-0.0623,0.0767,16060.0
1768.4,17.5,0.0414,-0.2505,16090.0
1768.45,17.42,0.02568,-0.2447,16120.0
1768.5,17.35,0.009952,-0.239,16140.0
1768.55,17.2,-0.1314,-0.04487,16140.0
1768.6,17.05,-0.2727,0.1493,16130.0
1768.65,17.0,-0.2516,0.1341,16100.0
1768.7,16.96,-0.2305,0.119,16070.0
1768.75,16.92,-0.08121,0.2508,16050.0
1768.8,16.88,0.06807,0.3826,16050.0
1768.85,16.88,0.1415,0.4692,16040.0
1768.9,16.88,0.215,0.5558,16030.0
1768.95,16.81,0.1425,0.4754,16020.0
1769.0,16.74,0.07006,0.3951,16030.0
1769.05,16.62,0.2677,0.4943,16040.0
1769.1,16.5,0.4654,0.5936,16050.0
1769.15,16.49,0.3422,0.7642,16060.0
1769.2,16.47,0.2189,0.9348,16060.0
1769.25,16.54,0.3927,0.9583,16070.0
1769.3,16.6,0.5665,0.9818,16060.0
1769.35,16.71,0.3266,0.9721,16060.0
1769.4,16.82,0.08678,0.9623,16060.0
1769.45,16.77,0.1097,1.021,16040.0
1769.5,16.72,0.1326,1.08,16010.0
1769.55,16.86,-0.003981,0.8391,16000.0
1769.6,16.99,-0.1405,0.5985,16000.0
1769.65,16.97,-0.1467,0.6154,16000.0
1769.7,16.95,-0.1529,0.6324,16000.0
1769.75,17.01,-0.02388,0.6115,16000.0
1769.8,17.08,0.1051,0.5907,15990.0
1769.85,16.98,0.1111,0.3759,15990.0
1769.9,16.88,0.117,0.1612,15980.0
1769.95,16.86,0.1736,0.303,15980.0
1770.0,16.83,0.2301,0.4448,15980.0
1770.05,16.93,0.176,0.4142,16000.0
1770.1,17.02,0.1218,0.3836,16010.0
1770.15,17.17,0.2544,0.3713,16020.0
1770.2,17.32,0.3869,0.359,16020.0
1770.25,17.25,0.366,0.4724,16020.0
1770.3,17.19,0.3451,0.5858,16010.0
1770.35,17.09,0.2848,0.638,15980.0
1770.4,17.0,0.2245,0.6902,15940.0
1770.45,16.98,0.163,0.8655,15900.0
1770.5,16.96,0.1015,1.041,15880.0
1770.55,17.09,0.1553,1.2,15870.0
1770.6,17.22,0.209,1.359,15880.0
1770.65,17.28,0.1091,1.44,15890.0
1770.7,17.35,0.009156,1.521,15920.0
1770.75,17.31,-0.07922,1.138,15950.0
1770.8,17.27,-0.1676,0.7543,15970.0
1770.85,17.32,-0.2814,0.8092,15970.0
1770.9,17.37,-0.3953,0.8641,15940.0
1770.95,17.28,-0.3191,0.992,15910.0
1771.0,17.19,-0.2428,1.12,15870.0
1771.05,17.24,0.03145,1.071,15830.0
1771.1,17.29,0.3057,1.023,15790.0
1771.15,17.22,0.04439,1.13,15770.0
1771.2,17.14,-0.217,1.237,15790.0
1771.25,17.39,-0.3121,0.8133,15820.0
1771.3,17.64,-0.4072,0.3897,15850.0
1771.35,17.71,-0.2235,0.3434,15880.0
1771.4,17.79,-0.03981,0.297,15900.0
1771.45,17.95,-0.1176,0.289,15910.0
1771.5,18.1,-0.1955,0.2809,15900.0
1771.55,18.0,-0.1843,0.2203,15870.0
1771.6,17.89,-0.1732,0.1597,15840.0
1771.65,17.8,0.01553,-0.02987,15810.0
1771.7,17.7,0.2042,-0.2195,15790.0
1771.75,17.81,0.2231,-0.1611,15790.0
1771.8,17.92,0.242,-0.1027,15810.0
1771.85,18.06,0.1787,-0.109,15830.0
1771.9,18.19,0.1154,-0.1154,15860.0
1771.95,18.26,-0.1397,-0.237,15870.0
1772.0,18.33,-0.3949,-0.3587,15870.0
1772.05,18.41,-0.3688,-0.3434,15870.0
1772.1,18.49,-0.3427,-0.328,15850.0
1772.15,18.39,-0.201,-0.1466,15840.0
1772.2,18.3,-0.05931,0.03487,15830.0
1772.25,18.08,0.1385,0.09682,15820.0
1772.3,17.87,0.3364,0.1588,15830.0
1772.35,18.05,0.175,0.1157,15840.0
1772.4,18.23,0.01353,0.07267,15850.0
1772.45,18.34,0.07763,0.2435,15850.0
1772.5,18.45,0.1417,0.4143,15850.0
1772.55,18.34,0.004777,0.4078,15840.0
1772.6,18.24,-0.1322,0.4012,15840.0
1772.65,18.28,-0.1212,0.405,15840.0
1772.7,18.31,-0.1103,0.4087,15850.0
1772.75,18.18,-0.0408,0.4743,15860.0
1772.8,18.04,0.02866,0.5399,15860.0
1772.85,18.02,-0.04259,0.4603,15850.0
1772.9,18.0,-0.1139,0.3807,15830.0
1772.95,17.89,-0.2205,0.5846,15810.0
1773.0,17.77,-0.3272,0.7884,15780.0
1773.05,17.73,-0.1101,0.6566,15780.0
1773.1,17.69,0.1071,0.5248,15810.0
1773.15,17.67,0.1005,0.3729,15840.0
1773.2,17.64,0.09395,0.221,15870.0
1773.25,17.75,0.2687,0.2497,15870.0
1773.3,17.86,0.4435,0.2785,15860.0
1773.35,17.8,0.2946,0.239,15820.0
1773.4,17.74,0.1457,0.1995,15770.0
1773.45,17.53,0.2524,0.2499,15720.0
1773.5,17.33,0.3591,0.3002,15720.0
1773.55,17.44,0.4307,0.4225,15760.0
1773.6,17.55,0.5024,0.5448,15810.0
1773.65,17.64,0.6905,0.5412,15850.0
1773.7,17.74,0.8786,0.5375,15880.0
1773.75,17.75,0.9797,0.5627,15900.0
1773.8,17.76,1.081,0.588,15890.0
1773.85,17.82,0.9224,0.4721,15850.0
1773.9,17.87,0.7639,0.3563,15800.0
1773.95,17.86,0.5583,0.3236,15770.0
1774.0,17.86,0.3527,0.2909,15770.0
1774.05,17.74,0.424,0.4262,15810.0
1774.1,17.62,0.4952,0.5614,15840.0
1774.15,17.66,0.6871,0.5944,15880.0
1774.2,17.7,0.879,0.6275,15930.0
1774.25,17.57,0.7731,0.5973,15960.0
1774.3,17.44,0.6672,0.567,15960.0
1774.35,17.35,0.4486,0.602,15940.0
1774.4,17.25,0.2301,0.637,15920.0
1774.45,17.31,0.1363,0.675,15910.0
1774.5,17.37,0.04259,0.7131,15900.0
1774.55,17.44,0.04936,0.6808,15900.0
1774.6,17.52,0.05613,0.6485,15910.0
1774.65,17.52,0.1676,0.6932,15940.0
1774.7,17.52,0.2791,0.738,15990.0
1774.75,17.52,0.3477,0.6541,16010.0
1774.8,17.52,0.4164,0.5702,16010.0
1774.85,17.4,0.3621,0.4251,15990.0
1774.9,17.28,0.3077,0.28,15970.0
1774.95,17.2,0.2337,0.07365,15940.0
1775.0,17.13,0.1596,-0.1327,15930.0
1775.05,17.22,0.212,-0.03914,15930.0
1775.1,17.32,0.2643,0.05438,15950.0
1775.15,17.59,0.491,0.1757,15980.0
1775.2,17.85,0.7177,0.297,16030.0
1775.25,17.99,0.747,0.08499,16050.0
1775.3,18.13,0.7763,-0.1271,16050.0
1775.35,18.07,0.7237,-0.05256,16030.0
1775.4,18.01,0.6712,0.02195,16000.0
1775.45,18.28,0.6109,0.03085,15970.0
1775.5,18.55,0.5505,0.03975,15930.0
1775.55,18.46,0.4224,-0.1125,15900.0
1775.6,18.38,0.2942,-0.2648,15900.0
1775.65,18.21,0.415,-0.1783,15950.0
1775.7,18.04,0.5358,-0.0917,16010.0
1775.75,18.07,0.3931,-0.2153,16070.0
1775.8,18.11,0.2504,-0.339,16110.0
1775.85,18.2,0.1941,-0.2396,16110.0
1775.9,18.29,0.1377,-0.1402,16100.0
1775.95,18.35,0.04797,-0.1564,16070.0
1776.0,18.41,-0.0418,-0.1727,16030.0
1776.05,18.22,0.02448,-0.05134,16000.0
1776.1,18.03,0.09076,0.06999,15990.0
1776.15,18.08,0.1465,0.184,16000.0
1776.2,18.14,0.2022,0.298,16040.0
1776.25,18.4,0.2763,0.24,16080.0
1776.3,18.67,0.3503,0.1819,16130.0
1776.35,18.83,0.4433,-0.02024,16170.0
1776.4,18.98,0.5362,-0.2224,16210.0
1776.45,18.81,0.5362,-0.1717,16230.0
1776.5,18.63,0.5362,-0.121,16230.0
1776.55,18.65,0.2325,0.005853,16210.0
1776.6,18.66,-0.07126,0.1327,16190.0
1776.65,18.77,0.133,0.05524,16180.0
1776.7,18.87,0.3372,-0.02219,16170.0
1776.75,18.83,0.5068,-0.03122,16170.0
1776.8,18.8,0.6763,-0.04024,16190.0
1776.85,18.74,0.8911,0.07438,16240.0
1776.9,18.67,1.106,0.189,16300.0
1776.95,18.69,1.121,0.5077,16360.0
1777.0,18.71,1.136,0.8265,16390.0
1777.05,18.67,1.094,0.7147,16390.0
1777.1,18.63,1.053,0.6029,16360.0
1777.15,18.8,1.109,0.4536,16310.0
1777.2,18.97,1.166,0.3044,16270.0
1777.25,18.97,0.9795,0.3014,16250.0
1777.3,18.96,0.793,0.2985,16260.0
1777.35,18.91,0.8997,0.2703,16310.0
1777.4,18.87,1.006,0.2422,16370.0
1777.45,18.72,0.948,0.3051,16420.0
1777.5,18.57,0.8897,0.368,16460.0
1777.55,18.45,1.132,0.2573,16460.0
1777.6,18.34,1.374,0.1466,16450.0
1777.65,18.35,1.351,0.04658,16410.0
1777.7,18.36,1.327,-0.05341,16380.0
1777.75,18.56,1.383,-0.03402,16350.0
1777.8,18.76,1.438,-0.01463,16350.0
1777.85,18.87,1.309,-0.08097,16360.0
1777.9,18.98,1.181,-0.1473,16390.0
1777.95,18.98,1.021,0.09011,16440.0
1778.0,18.97,0.8611,0.3275,16470.0
1778.05,18.86,1.027,0.3,16500.0
1778.1,18.75,1.193,0.2724,16520.0
1778.15,18.6,0.9932,0.5197,16520.0
1778.2,18.46,0.7938,0.767,16500.0
1778.25,18.47,0.6558,0.7233,16470.0
1778.3,18.48,0.5179,0.6797,16440.0
1778.35,18.53,0.4847,0.7815,16430.0
1778.4,18.58,0.4514,0.8833,16430.0
1778.45,18.55,0.452,0.9359,16450.0
1778.5,18.51,0.4526,0.9884,16500.0
1778.55,18.54,0.4727,1.008,16560.0
1778.6,18.57,0.4928,1.028,16620.0
1778.65,18.61,0.5794,1.019,16660.0
1778.7,18.65,0.666,1.009,16660.0
1778.75,18.63,0.6081,0.9549,16620.0
1778.8,18.61,0.5502,0.9009,16570.0
1778.85,18.7,0.4626,1.126,16520.0
1778.9,18.79,0.375,1.352,16500.0
1778.95,18.77,0.3855,1.281,16510.0
1779.0,18.76,0.3961,1.21,16570.0
1779.05,18.74,0.4699,1.235,16660.0
1779.1,18.71,0.5438,1.26,16740.0
1779.15,18.65,0.4558,1.256,16790.0
1779.2,18.58,0.3678,1.251,16800.0
1779.25,18.57,0.2795,1.113,16780.0
1779.3,18.57,0.1911,0.9753,16750.0
1779.35,18.35,0.1057,0.9515,16700.0
1779.4,18.14,0.0203,0.9277,16650.0
1779.45,18.2,0.1497,0.8382,16620.0
1779.5,18.26,0.2791,0.7487,16630.0
1779.55,18.33,0.06548,0.7004,16660.0
1779.6,18.39,-0.1481,0.6521,16690.0
1779.65,18.57,-0.3826,0.827,16720.0
1779.7,18.75,-0.617,1.002,16760.0
1779.75,18.87,-0.8015,1.083,16790.0
1779.8,18.99,-0.9861,1.164,16800.0
1779.85,18.99,-0.96,0.884,16790.0
1779.9,18.99,-0.9339,0.6046,16760.0
1779.95,19.05,-0.8557,0.4926,16740.0
1780.0,19.11,-0.7775,0.3807,16720.0
1780.05,19.2,-0.8015,0.5415,16700.0
1780.1,19.29,-0.8256,0.7024,16690.0
1780.15,19.31,-0.8517,0.6126,16690.0
1780.2,19.34,-0.8778,0.5229,16700.0
1780.25,19.25,-0.7203,0.5808,16730.0
1780.3,19.17,-0.5629,0.6387,16750.0
1780.35,19.16,-0.4843,0.6225,16750.0
1780.4,19.15,-0.4056,0.6063,16760.0
1780.45,19.09,-0.1594,0.5374,16770.0
1780.5,19.03,0.08678,0.4685,16780.0
1780.55,18.94,-0.1244,0.4304,16780.0
1780.6,18.84,-0.3356,0.3924,16760.0
1780.65,18.8,-0.4875,0.3679,16750.0
1780.7,18.76,-0.6393,0.3434,16740.0
1780.75,18.76,-0.4164,0.4371,16750.0
1780.8,18.76,-0.1935,0.5309,16760.0
1780.85,18.87,-0.2838,0.4337,16780.0
1780.9,18.98,-0.3742,0.3365,16820.0
1780.95,19.01,-0.5004,0.3269,16840.0
1781.0,19.05,-0.6266,0.3173,16830.0
1781.05,18.99,-0.533,0.1877,16790.0
1781.1,18.94,-0.4395,0.05804,16770.0
1781.15,19.08,-0.5498,0.1314,16770.0
1781.2,19.22,-0.66,0.2049,16780.0
1781.25,19.32,-0.7088,0.2067,16810.0
1781.3,19.43,-0.7576,0.2085,16830.0
1781.35,19.32,-0.6598,0.3768,16870.0
1781.4,19.21,-0.5621,0.5451,16910.0
1781.45,18.96,-0.6584,0.4784,16910.0
1781.5,18.7,-0.7548,0.4117,16880.0
1781.55,18.58,-0.8682,0.4823,16850.0
1781.6,18.45,-0.9817,0.5529,16820.0
1781.65,18.38,-1.074,0.681,16800.0
1781.7,18.31,-1.167,0.8092,16790.0
1781.75,18.26,-1.191,0.5729,16810.0
1781.8,18.21,-1.215,0.3365,16850.0
1781.85,18.06,-1.198,0.3102,16910.0
1781.9,17.91,-1.18,0.2839,16950.0
1781.95,18.01,-1.275,0.1991,16950.0
1782.0,18.11,-1.369,0.1144,16920.0
1782.05,17.99,-1.293,-0.01305,16890.0
1782.1,17.86,-1.217,-0.1405,16850.0
1782.15,17.95,-0.9813,-0.08682,16820.0
1782.2,18.05,-0.746,-0.03317,16790.0
1782.25,18.07,-0.6063,-0.01744,16780.0
1782.3,18.1,-0.4666,-0.001707,16790.0
1782.35,18.14,-0.58,0.2362,16810.0
1782.4,18.19,-0.6935,0.4741,16840.0
1782.45,18.27,-0.744,0.3387,16870.0
1782.5,18.36,-0.7946,0.2034,16900.0
1782.55,18.4,-0.7241,0.2936,16900.0
1782.6,18.44,-0.6537,0.3839,16890.0
1782.65,18.36,-0.6927,0.3835,16860.0
1782.7,18.28,-0.7317,0.3831,16810.0
1782.75,18.3,-0.8218,0.3214,16760.0
1782.8,18.31,-0.912,0.2597,16740.0
1782.85,18.44,-0.8535,0.06658,16740.0
1782.9,18.57,-0.795,-0.1266,16770.0
1782.95,18.55,-0.8055,-0.1502,16810.0
1783.0,18.52,-0.8161,-0.1739,16850.0
1783.05,18.51,-0.7388,0.01805,16880.0
1783.1,18.49,-0.6616,0.21,16880.0
1783.15,18.47,-0.6228,0.196,16860.0
1783.2,18.45,-0.584,0.1819,16830.0
1783.25,18.23,-0.4936,0.1506,16800.0
1783.3,18.0,-0.4033,0.1193,16790.0
1783.35,18.05,-0.1817,0.2335,16790.0
1783.4,18.11,0.03981,0.3478,16790.0
1783.45,18.09,-0.2267,0.4092,16810.0
1783.5,18.08,-0.4932,0.4707,16820.0
1783.55,18.2,-0.5629,0.4141,16830.0
1783.6,18.32,-0.6326,0.3575,16830.0
1783.65,18.32,-0.5677,0.4334,16830.0
1783.7,18.31,-0.5028,0.5092,16840.0
1783.75,18.37,-0.3708,0.5057,16830.0
1783.8,18.43,-0.2388,0.5021,16820.0
1783.85,18.36,-0.1807,0.3903,16810.0
1783.9,18.29,-0.1226,0.2785,16800.0
1783.95,18.3,-0.1453,0.3347,16800.0
1784.0,18.3,-0.168,0.3909,16800.0
1784.05,18.49,0.03981,0.3067,16810.0
1784.1,18.69,0.2476,0.2224,16830.0
1784.15,18.64,0.06966,0.2434,16860.0
1784.2,18.6,-0.1083,0.2644,16870.0
1784.25,18.76,-0.07663,0.3222,16850.0
1784.3,18.92,-0.04498,0.38,16790.0
1784.35,19.1,-0.0412,0.3184,16730.0
1784.4,19.29,-0.03742,0.2568,16690.0
1784.45,19.22,-0.1969,0.4385,16680.0
1784.5,19.16,-0.3563,0.6202,16700.0
1784.55,19.08,-0.2484,0.698,16740.0
1784.6,19.01,-0.1405,0.7758,16800.0
1784.65,18.92,-0.003583,0.7547,16840.0
1784.7,18.84,0.1334,0.7336,16850.0
1784.75,18.75,0.02369,0.7108,16820.0
1784.8,18.65,-0.08599,0.688,16770.0
1784.85,18.52,-0.1841,0.8414,16710.0
1784.9,18.4,-0.2822,0.9948,16670.0
1784.95,18.32,-0.2647,0.9851,16630.0
1785.0,18.24,-0.2472,0.9755,16610.0
1785.05,18.42,-0.1925,1.003,16620.0
1785.1,18.61,-0.1377,1.03,16640.0
1785.15,18.61,-0.1365,1.168,16680.0
1785.2,18.62,-0.1353,1.305,16710.0
1785.25,18.6,-0.1023,1.18,16730.0
1785.3,18.58,-0.06927,1.055,16740.0
1785.35,18.55,0.01831,1.065,16730.0
1785.4,18.51,0.1059,1.074,16700.0
1785.45,18.44,0.1053,1.101,16650.0
1785.5,18.36,0.1047,1.128,16600.0
1785.55,18.16,-0.03085,1.137,16570.0
1785.6,17.97,-0.1664,1.146,16560.0
1785.65,17.85,-0.03961,1.036,16570.0
1785.7,17.73,0.08718,0.9258,16580.0
1785.75,17.88,0.0613,0.8871,16620.0
1785.8,18.03,0.03543,0.8484,16650.0
1785.85,18.2,-0.0422,0.8181,16660.0
1785.9,18.36,-0.1198,0.7877,16660.0
1785.95,18.14,-0.09713,0.9425,16640.0
1786.0,17.91,-0.07444,1.097,16620.0
1786.05,17.72,-0.3398,1.194,16590.0
1786.1,17.52,-0.6051,1.292,16560.0
1786.15,17.6,-0.5127,1.159,16540.0
1786.2,17.69,-0.4204,1.026,16540.0
1786.25,17.57,-0.3143,0.9861,16560.0
1786.3,17.45,-0.2082,0.9457,16590.0
1786.35,17.42,-0.245,0.6458,16600.0
1786.4,17.38,-0.2818,0.3458,16610.0
1786.45,17.39,-0.1439,0.2544,16610.0
1786.5,17.41,-0.005971,0.1629,16600.0
1786.55,17.41,0.06469,0.3619,16570.0
1786.6,17.42,0.1353,0.5609,16530.0
1786.65,17.27,0.2387,0.6327,16500.0
1786.7,17.12,0.342,0.7046,16490.0
1786.75,17.18,0.3083,0.8099,16490.0
1786.8,17.25,0.2747,0.9153,16500.0
1786.85,17.31,0.3507,0.788,16500.0
1786.9,17.36,0.4267,0.6607,16510.0
1786.95,17.28,0.286,0.773,16520.0
1787.0,17.2,0.1453,0.8853,16520.0
1787.05,17.19,0.251,0.8033,16510.0
1787.1,17.19,0.3567,0.7214,16480.0
1787.15,17.18,0.3762,0.7271,16450.0
1787.2,17.16,0.3957,0.7328,16420.0
1787.25,17.37,0.4033,0.7194,16400.0
1787.3,17.57,0.4108,0.706,16370.0
1787.35,17.63,0.4554,0.7411,16360.0
1787.4,17.7,0.5,0.7763,16370.0
1787.45,17.63,0.4564,0.7246,16400.0
1787.5,17.56,0.4128,0.6729,16420.0
1787.55,17.63,0.5498,0.669,16430.0
1787.6,17.7,0.6867,0.665,16430.0
1787.65,17.65,0.5931,0.7459,16430.0
1787.7,17.6,0.4996,0.8267,16410.0
1787.75,17.49,0.5032,0.7739,16380.0
1787.8,17.38,0.5068,0.7211,16350.0
1787.85,17.38,0.3577,0.619,16340.0
1787.9,17.38,0.2086,0.5168,16340.0
1787.95,17.29,0.008957,0.3387,16350.0
1788.0,17.2,-0.1907,0.1607,16360.0
1788.05,17.12,-0.172,0.1978,16380.0
1788.1,17.05,-0.1533,0.2349,16400.0
1788.15,16.98,-0.2016,0.2062,16410.0
1788.2,16.91,-0.25,0.1775,16400.0
1788.25,16.98,-0.3004,-0.1025,16380.0
1788.3,17.05,-0.3507,-0.3826,16360.0
1788.35,17.1,-0.3199,-0.2355,16340.0
1788.4,17.15,-0.289,-0.08828,16340.0
1788.45,17.09,-0.424,0.1991,16340.0
1788.5,17.04,-0.5589,0.4865,16340.0
1788.55,16.9,-0.6128,0.6876,16360.0
1788.6,16.76,-0.6668,0.8887,16370.0
1788.65,16.99,-0.5923,1.0,16360.0
1788.7,17.22,-0.5179,1.112,16340.0
1788.75,17.2,-0.5647,0.946,16330.0
1788.8,17.19,-0.6115,0.7804,16320.0
1788.85,17.26,-0.7601,0.7852,16320.0
1788.9,17.34,-0.9088,0.7899,16300.0
1788.95,17.33,-0.7802,0.7974,16290.0
1789.0,17.32,-0.6517,0.8048,16300.0
1789.05,17.27,-0.544,0.8171,16300.0
1789.1,17.22,-0.4363,0.8294,16300.0
1789.15,17.29,-0.2369,0.812,16270.0
1789.2,17.36,-0.03742,0.7945,16240.0
1789.25,17.26,0.01154,0.7721,16230.0
1789.3,17.16,0.06051,0.7497,16220.0
1789.35,17.02,0.1648,0.614,16200.0
1789.4,16.88,0.2691,0.4782,16200.0
1789.45,16.86,0.3244,0.4998,16210.0
1789.5,16.84,0.3798,0.5214,16230.0
1789.55,16.89,0.3222,0.478,16240.0
1789.6,16.93,0.2647,0.4346,16200.0
1789.65,17.06,0.2603,0.423,16150.0
1789.7,17.19,0.256,0.4114,16120.0
1789.75,17.17,0.3664,0.3087,16100.0
1789.8,17.15,0.4769,0.2061,16080.0
1789.85,17.13,0.6815,0.3407,16060.0
1789.9,17.11,0.8861,0.4753,16060.0
1789.95,17.16,0.8461,0.6668,16090.0
1790.0,17.2,0.8061,0.8582,16120.0
1790.05,17.01,0.6949,0.6908,16120.0
1790.1,16.82,0.5836,0.5234,16100.0
1790.15,16.85,0.6523,0.5216,16080.0
1790.2,16.88,0.7209,0.5199,16070.0
1790.25,16.89,0.7363,0.6487,16050.0
1790.3,16.91,0.7516,0.7775,16010.0
1790.35,16.84,0.6011,0.767,15970.0
1790.4,16.76,0.4506,0.7565,15970.0
1790.45,16.7,0.3915,0.6331,15990.0
1790.5,16.64,0.3324,0.5097,16010.0
1790.55,16.82,0.006966,0.5553,16010.0
1790.6,17.0,-0.3185,0.6009,16010.0
1790.65,16.96,-0.2068,0.6933,16020.0
1790.7,16.92,-0.09514,0.7858,16010.0
1790.75,16.88,-0.001592,0.5196,15970.0
1790.8,16.84,0.09196,0.2534,15920.0
1790.85,16.69,0.2574,0.1756,15880.0
1790.9,16.53,0.4228,0.09779,15870.0
1790.95,16.45,0.6017,0.3633,15880.0
1791.0,16.37,0.7806,0.6287,15900.0
1791.05,16.54,0.5549,0.5607,15910.0
1791.1,16.72,0.3292,0.4926,15930.0
1791.15,16.86,0.4618,0.517,15950.0
1791.2,17.0,0.5943,0.5414,15940.0
1791.25,16.94,0.6947,0.4146,15900.0
1791.3,16.88,0.795,0.2878,15830.0
1791.35,16.82,0.5273,0.2835,15780.0
1791.4,16.77,0.2596,0.2792,15760.0
1791.45,16.77,0.2299,0.3072,15760.0
1791.5,16.78,0.2002,0.3351,15770.0
1791.55,16.71,0.1582,0.3546,15780.0
1791.6,16.65,0.1162,0.3741,15810.0
1791.65,16.63,-0.09634,0.2218,15820.0
1791.7,16.61,-0.3089,0.0695,15800.0
1791.75,16.62,-0.4942,0.0967,15750.0
1791.8,16.62,-0.6795,0.1239,15700.0
1791.85,16.64,-0.5591,0.1051,15660.0
1791.9,16.65,-0.4387,0.08633,15640.0
1791.95,16.72,-0.4003,0.04646,15620.0
1792.0,16.78,-0.3619,0.006585,15620.0
1792.05,16.8,-0.1564,-0.1145,15630.0
1792.1,16.82,0.04896,-0.2356,15660.0
1792.15,16.67,0.1011,-0.06694,15670.0
1792.2,16.52,0.1533,0.1017,15650.0
1792.25,16.56,0.1704,-0.03061,15620.0
1792.3,16.6,0.1875,-0.1629,15600.0
1792.35,16.51,0.1123,-0.1988,15570.0
1792.4,16.43,0.03702,-0.2346,15540.0
1792.45,16.3,-0.05414,-0.2201,15510.0
1792.5,16.18,-0.1453,-0.2056,15510.0
1792.55,16.28,-0.07106,-0.1606,15530.0
1792.6,16.37,0.003185,-0.1156,15560.0
1792.65,16.44,0.03125,-0.2679,15570.0
1792.7,16.51,0.05931,-0.4202,15550.0
1792.75,16.5,0.1799,-0.3519,15530.0
1792.8,16.5,0.3006,-0.2836,15500.0
1792.85,16.39,0.3209,-0.4437,15470.0
1792.9,16.28,0.3412,-0.6038,15450.0
1792.95,16.2,0.1706,-0.7755,15450.0
1793.0,16.12,0.0,-0.9472,15460.0
1793.05,16.05,-0.1123,-0.8316,15480.0
1793.1,15.99,-0.2245,-0.716,15480.0
1793.15,15.99,-0.1276,-0.8676,15460.0
1793.2,16.0,-0.03065,-1.019,15430.0
1793.25,15.83,-0.214,-0.7988,15400.0
1793.3,15.67,-0.3973,-0.5785,15370.0
1793.35,15.58,-0.454,-0.4781,15360.0
1793.4,15.48,-0.5107,-0.3778,15360.0
1793.45,15.52,-0.3802,-0.3315,15380.0
1793.5,15.56,-0.2496,-0.2853,15390.0
1793.55,15.4,-0.2227,-0.1168,15390.0
1793.6,15.24,-0.1959,0.0517,15370.0
1793.65,15.11,-0.09753,-0.1478,15360.0
1793.7,14.99,0.0007962,-0.3473,15340.0
1793.75,15.04,-0.1702,-0.3996,15330.0
1793.8,15.1,-0.3412,-0.4519,15320.0
1793.85,15.19,-0.5748,-0.5481,15290.0
1793.9,15.29,-0.8085,-0.6443,15260.0
1793.95,15.16,-0.9791,-0.6822,15240.0
1794.0,15.03,-1.15,-0.7202,15230.0
1794.05,14.98,-1.051,-0.5897,15220.0
1794.1,14.94,-0.9522,-0.4592,15230.0
1794.15,15.11,-0.8732,-0.2101,15250.0
1794.2,15.29,-0.7942,0.03902,15270.0
1794.25,15.24,-0.7745,0.1616,15280.0
1794.3,15.19,-0.7548,0.2841,15260.0
1794.35,15.28,-0.6407,0.2003,15220.0
1794.4,15.36,-0.5267,0.1166,15170.0
1794.45,15.51,-0.5543,0.114,15130.0
1794.5,15.65,-0.582,0.1115,15100.0
1794.55,15.73,-0.5161,0.1777,15090.0
1794.6,15.81,-0.4502,0.2439,15120.0
1794.65,15.8,-0.2327,0.1967,15160.0
1794.7,15.8,-0.01513,0.1495,15200.0
1794.75,15.83,-0.08201,0.2948,15220.0
1794.8,15.86,-0.1489,0.4402,15220.0
1794.85,15.93,-0.04976,0.3835,15190.0
1794.9,16.01,0.04936,0.3268,15150.0
1794.95,15.84,0.2842,0.3126,15090.0
1795.0,15.67,0.5191,0.2985,15050.0
1795.05,15.54,0.4254,0.3978,15030.0
1795.1,15.42,0.3316,0.497,15040.0
1795.15,15.38,0.2727,0.5765,15070.0
1795.2,15.34,0.2138,0.656,15110.0
1795.25,15.41,0.1421,0.5121,15140.0
1795.3,15.48,0.07046,0.3683,15150.0
1795.35,15.2,-0.002787,0.4954,15130.0
1795.4,14.92,-0.07603,0.6226,15100.0
1795.45,14.86,-0.0621,0.8297,15050.0
1795.5,14.8,-0.04817,1.037,15020.0
1795.55,14.97,-0.2528,0.9715,15000.0
1795.6,15.14,-0.4574,0.9062,15000.0
1795.65,15.36,-0.4146,0.7585,15020.0
1795.7,15.57,-0.3718,0.6107,15030.0
1795.75,15.54,-0.3081,0.5894,15040.0
1795.8,15.51,-0.2444,0.5682,15030.0
1795.85,15.54,-0.06568,0.5135,15030.0
1795.9,15.57,0.1131,0.4587,15020.0
1795.95,15.56,0.3746,0.4297,15000.0
1796.0,15.55,0.6361,0.4007,14990.0
1796.05,15.48,0.6123,0.2894,14980.0
1796.1,15.42,0.5884,0.178,14960.0
1796.15,15.36,0.4478,0.1461,14950.0
1796.2,15.3,0.3073,0.1141,14950.0
1796.25,15.59,0.241,0.104,14960.0
1796.3,15.89,0.1748,0.09389,14970.0
1796.35,15.84,0.214,0.2173,14980.0
1796.4,15.79,0.2532,0.3407,14970.0
1796.45,15.87,0.5066,0.6079,14960.0
1796.5,15.96,0.7599,0.875,14950.0
1796.55,15.92,0.8117,0.8343,14930.0
1796.6,15.89,0.8634,0.7936,14910.0
1796.65,16.04,0.625,0.8997,14890.0
1796.7,16.19,0.3865,1.006,14880.0
1796.75,16.11,0.06986,1.142,14890.0
1796.8,16.02,-0.2468,1.278,14900.0
1796.85,16.12,-0.005573,1.183,14910.0
1796.9,16.21,0.2357,1.087,14920.0
1796.95,16.39,0.2,0.8458,14930.0
1797.0,16.57,0.1644,0.6043,14940.0
1797.05,16.64,0.1326,0.6955,14940.0
1797.1,16.72,0.1007,0.7867,14920.0
1797.15,16.63,0.1071,0.879,14910.0
1797.2,16.54,0.1135,0.9714,14910.0
1797.25,16.56,-0.1827,0.9611,14910.0
1797.3,16.58,-0.4789,0.9509,14920.0
1797.35,16.51,-0.454,0.9155,14910.0
1797.4,16.44,-0.4291,0.8801,14900.0
1797.45,16.45,-0.4767,0.9443,14910.0
1797.5,16.45,-0.5243,1.008,14920.0
1797.55,16.54,-0.5432,0.7849,14940.0
1797.6,16.62,-0.5621,0.5614,14960.0
1797.65,16.78,-0.6501,0.6321,14980.0
1797.7,16.94,-0.738,0.7028,15000.0
1797.75,16.95,-0.6045,0.68,15010.0
1797.8,16.96,-0.4709,0.6572,15000.0
1797.85,17.11,-0.3533,0.5353,14980.0
1797.9,17.27,-0.2357,0.4134,14960.0
1797.95,17.35,-0.09435,0.3398,14950.0
1798.0,17.42,0.04697,0.2663,14950.0
1798.05,17.46,0.1361,0.1861,14940.0
1798.1,17.5,0.2253,0.1058,14950.0
1798.15,17.53,0.3006,0.1438,14980.0
1798.2,17.55,0.3758,0.1817,15010.0
1798.25,17.46,0.3836,0.2028,15020.0
1798.3,17.37,0.3913,0.2239,15010.0
1798.35,17.32,0.4333,0.2874,15000.0
1798.4,17.27,0.4753,0.3509,14980.0
1798.45,17.21,0.5673,0.2844,14980.0
1798.5,17.15,0.6592,0.2178,14970.0
1798.55,17.07,0.4906,0.1794,14980.0
1798.6,16.99,0.322,0.141,15000.0
1798.65,17.02,0.4679,0.2019,15030.0
1798.7,17.05,0.6138,0.2629,15040.0
1798.75,16.8,0.6718,0.2334,15030.0
1798.8,16.55,0.7297,0.2039,15000.0
1798.85,16.52,0.5884,-0.04036,14980.0
1798.9,16.49,0.447,-0.2846,14950.0
1798.95,16.62,0.548,-0.1724,14930.0
1799.0,16.75,0.6489,-0.06024,14920.0
1799.05,16.85,0.8159,-0.04353,14930.0
1799.1,16.95,0.9829,-0.02683,14960.0
1799.15,17.22,0.7104,0.05694,15020.0
1799.2,17.48,0.4379,0.1407,15060.0
1799.25,17.51,0.4455,0.2208,15080.0
1799.3,17.53,0.453,0.3009,15070.0
1799.35,17.34,0.457,0.3679,15030.0
1799.4,17.14,0.461,0.4348,14980.0
1799.45,17.24,0.24,0.5219,14910.0
1799.5,17.34,0.01911,0.609,14860.0
1799.55,17.39,0.05573,0.3712,14850.0
1799.6,17.45,0.09236,0.1334,14880.0
1799.65,17.42,0.01672,0.1718,14940.0
1799.7,17.4,-0.05892,0.2102,14980.0
1799.75,17.49,-0.06469,0.1719,15020.0
1799.8,17.59,-0.07046,0.1336,15050.0
1799.85,17.66,-0.1125,0.1288,15050.0
1799.9,17.74,-0.1545,0.1239,15010.0
1799.95,17.56,-0.3585,0.1117,14970.0
1800.0,17.39,-0.5625,0.0995,14930.0
1800.05,17.11,-0.7299,0.2601,14910.0
1800.1,16.84,-0.8973,0.4207,14890.0
1800.15,17.17,-0.6867,0.3622,14890.0
1800.2,17.51,-0.4761,0.3036,14890.0
1800.25,17.58,-0.3861,0.3822,14910.0
1800.3,17.64,-0.2962,0.4607,14940.0
1800.35,17.76,-0.2836,0.4479,14960.0
1800.4,17.87,-0.2711,0.4351,14970.0
1800.45,17.8,-0.4122,0.397,14980.0
1800.5,17.74,-0.5533,0.359,14990.0
1800.55,17.89,-0.4381,0.243,14980.0
1800.6,18.03,-0.3228,0.1271,14940.0
1800.65,17.86,-0.3264,0.2809,14900.0
1800.7,17.68,-0.33,0.4348,14880.0
1800.75,17.49,-0.2225,0.4986,14880.0
1800.8,17.3,-0.115,0.5624,14900.0
1800.85,17.27,-0.09335,0.2933,14920.0
1800.9,17.24,-0.07166,0.02414,14940.0
1800.95,17.12,-0.002787,-0.002683,14970.0
1801.0,17.01,0.06608,-0.02951,14970.0
1801.05,16.96,0.02826,0.0917,14970.0
1801.1,16.91,-0.009554,0.2129,14950.0
1801.15,16.86,-0.05195,0.2887,14950.0
1801.2,16.81,-0.09435,0.3646,14960.0
1801.25,16.8,-0.1186,0.3114,14960.0
1801.3,16.79,-0.1429,0.2583,14970.0
1801.35,16.73,0.03981,0.2058,14990.0
1801.4,16.67,0.2225,0.1534,15010.0
1801.45,16.48,0.1606,0.101,15010.0
1801.5,16.3,0.09872,0.04853,15000.0
1801.55,16.16,0.06947,-0.08938,14980.0
1801.6,16.02,0.04021,-0.2273,14970.0
1801.65,15.98,0.01453,-0.2246,14960.0
1801.7,15.93,-0.01115,-0.2219,14960.0
1801.75,15.9,-0.1162,-0.2256,14970.0
1801.8,15.87,-0.2213,-0.2292,14990.0
1801.85,16.03,0.0408,-0.1032,15040.0
1801.9,16.2,0.3029,0.02292,15070.0
1801.95,16.22,0.1847,-0.001463,15080.0
1802.0,16.25,0.06648,-0.02585,15070.0
1802.05,16.28,0.07185,-0.1119,15040.0
1802.1,16.31,0.07723,-0.198,15010.0
1802.15,16.33,0.06748,-0.07475,14970.0
1802.2,16.36,0.05772,0.04853,14940.0
1802.25,16.29,-0.04279,0.1658,14940.0
1802.3,16.22,-0.1433,0.2831,14960.0
1802.35,15.93,-0.1477,0.4182,15000.0
1802.4,15.64,-0.1521,0.5534,15040.0
1802.45,15.74,-0.1883,0.5607,15080.0
1802.5,15.85,-0.2245,0.568,15100.0
1802.55,15.84,-0.4043,0.6182,15110.0
1802.6,15.83,-0.584,0.6685,15090.0
1802.65,15.85,-0.5086,0.8043,15050.0
1802.7,15.87,-0.4331,0.9401,15000.0
1802.75,15.96,-0.4409,0.8327,14960.0
1802.8,16.05,-0.4486,0.7253,14940.0
1802.85,16.25,-0.5613,0.67,14940.0
1802.9,16.46,-0.674,0.6148,14970.0
1802.95,16.49,-0.8885,0.6786,15010.0
1803.0,16.52,-1.103,0.7424,15060.0
1803.05,16.47,-1.054,0.886,15100.0
1803.1,16.41,-1.004,1.03,15110.0
1803.15,16.22,-1.036,1.027,15100.0
1803.2,16.03,-1.068,1.024,15070.0
1803.25,16.15,-0.9793,0.9279,15030.0
1803.3,16.26,-0.8909,0.8319,15000.0
1803.35,16.21,-0.8692,0.7398,14990.0
1803.4,16.15,-0.8475,0.6477,15000.0
1803.45,16.08,-0.9283,0.3126,15040.0
1803.5,16.0,-1.009,-0.02244,15100.0
1803.55,16.12,-0.9673,0.01097,15160.0
1803.6,16.24,-0.9255,0.04439,15200.0
1803.65,16.23,-0.9431,-0.08133,15210.0
1803.7,16.22,-0.9606,-0.2071,15200.0
1803.75,16.13,-0.8613,-0.2106,15170.0
1803.8,16.04,-0.7619,-0.2141,15130.0
1803.85,16.03,-0.8242,-0.07585,15100.0
1803.9,16.02,-0.8865,0.06243,15100.0
1803.95,16.03,-1.012,-0.005731,15130.0
1804.0,16.04,-1.138,-0.07389,15200.0
1804.05,15.98,-1.078,0.007316,15270.0
1804.1,15.91,-1.019,0.08853,15320.0
1804.15,15.89,-1.046,0.1166,15360.0
1804.2,15.86,-1.074,0.1446,15360.0
1804.25,15.79,-1.033,0.2756,15320.0
1804.3,15.72,-0.9924,0.4065,15260.0
1804.35,15.66,-0.878,0.3789,15210.0
1804.4,15.61,-0.7635,0.3512,15190.0
1804.45,15.55,-0.5426,0.5466,15200.0
1804.5,15.5,-0.3217,0.7421,15240.0
1804.55,15.6,-0.1545,0.743,15280.0
1804.6,15.7,0.01274,0.7438,15320.0
1804.65,15.85,-0.1379,0.5421,15350.0
1804.7,16.01,-0.2886,0.3405,15370.0
1804.75,15.94,-0.1767,0.4819,15360.0
1804.8,15.87,-0.06489,0.6233,15330.0
1804.85,15.99,0.1077,0.4301,15310.0
1804.9,16.1,0.2803,0.2368,15300.0
1804.95,16.02,0.3782,0.3985,15300.0
1805.0,15.94,0.4761,0.5602,15290.0
1805.05,15.87,0.5436,0.6831,15280.0
1805.1,15.8,0.6111,0.806,15290.0
1805.15,15.72,0.4407,0.5545,15310.0
1805.2,15.63,0.2703,0.3029,15320.0
1805.25,15.62,0.1041,0.3431,15320.0
1805.3,15.61,-0.0621,0.3834,15330.0
1805.35,15.66,-0.007763,0.2886,15330.0
1805.4,15.7,0.04658,0.1939,15340.0
1805.45,15.78,-0.08121,0.1518,15330.0
1805.5,15.85,-0.209,0.1097,15320.0
1805.55,15.91,-0.2305,0.2538,15300.0
1805.6,15.96,-0.252,0.3978,15300.0
1805.65,15.95,-0.3073,0.5813,15310.0
1805.7,15.93,-0.3627,0.7648,15310.0
1805.75,15.88,-0.4474,0.6961,15330.0
1805.8,15.84,-0.5322,0.6275,15350.0
1805.85,15.93,-0.4982,0.7706,15380.0
1805.9,16.02,-0.4642,0.9138,15380.0
1805.95,16.09,-0.5868,0.6977,15360.0
1806.0,16.16,-0.7094,0.4817,15340.0
1806.05,16.07,-0.7508,0.3301,15320.0
1806.1,15.99,-0.7922,0.1785,15320.0
1806.15,16.1,-0.8067,0.1832,15340.0
1806.2,16.2,-0.8212,0.1878,15360.0
1806.25,16.1,-0.8376,0.23,15410.0
1806.3,15.99,-0.8539,0.2722,15460.0
1806.35,15.93,-0.6296,0.2702,15490.0
1806.4,15.87,-0.4052,0.2683,15500.0
1806.45,16.03,-0.2476,0.1252,15480.0
1806.5,16.18,-0.08997,-0.0178,15450.0
1806.55,16.18,-0.212,-0.05755,15430.0
1806.6,16.18,-0.334,-0.09731,15410.0
1806.65,16.1,-0.2912,-0.02866,15410.0
1806.7,16.02,-0.2484,0.04,15420.0
1806.75,15.98,-0.166,0.1283,15450.0
1806.8,15.93,-0.0836,0.2166,15490.0
1806.85,15.97,-0.1164,0.1912,15530.0
1806.9,16.02,-0.1493,0.1658,15560.0
1806.95,16.15,-0.1493,0.1594,15560.0
1807.0,16.29,-0.1493,0.1529,15560.0
1807.05,16.49,0.24,0.2285,15550.0
1807.1,16.69,0.6294,0.3041,15520.0
1807.15,16.89,0.8686,0.2713,15490.0
1807.2,17.09,1.108,0.2385,15470.0
1807.25,17.0,1.103,0.1612,15460.0
1807.3,16.91,1.098,0.08389,15470.0
1807.35,16.82,0.8702,0.1506,15490.0
1807.4,16.73,0.6421,0.2173,15530.0
1807.45,16.58,0.6457,0.2003,15560.0
1807.5,16.43,0.6493,0.1834,15590.0
1807.55,16.48,0.7444,0.1495,15590.0
1807.6,16.53,0.8396,0.1156,15580.0
1807.65,16.48,0.8477,0.2112,15560.0
1807.7,16.43,0.8559,0.3068,15540.0
1807.75,16.29,0.8853,0.2856,15530.0
1807.8,16.16,0.9148,0.2644,15520.0
1807.85,16.13,1.189,0.2164,15530.0
1807.9,16.1,1.463,0.1685,15540.0
1807.95,16.07,1.428,0.3767,15550.0
1808.0,16.03,1.393,0.5848,15560.0
1808.05,16.24,1.382,0.6466,15570.0
1808.1,16.45,1.37,0.7085,15580.0
1808.15,16.49,1.476,0.7785,15590.0
1808.2,16.53,1.581,0.8484,15590.0
1808.25,16.41,1.443,0.9137,15600.0
1808.3,16.28,1.306,0.9789,15600.0
1808.35,16.3,1.519,0.7937,15610.0
1808.4,16.32,1.732,0.6085,15620.0
1808.45,16.39,1.439,0.6869,15610.0
1808.5,16.45,1.147,0.7653,15600.0
1808.55,16.37,1.137,0.8584,15590.0
1808.6,16.28,1.126,0.9516,15600.0
1808.65,16.26,1.182,1.01,15610.0
1808.7,16.24,1.237,1.068,15620.0
1808.75,16.41,1.147,1.012,15630.0
1808.8,16.59,1.057,0.9557,15650.0
1808.85,16.53,1.163,0.8465,15670.0
1808.9,16.47,1.269,0.7372,15680.0
1808.95,16.58,1.233,0.7486,15680.0
1809.0,16.7,1.197,0.7599,15680.0
1809.05,16.67,1.349,0.5382,15690.0
1809.1,16.65,1.5,0.3166,15710.0
1809.15,16.58,1.508,0.3998,15720.0
1809.2,16.52,1.515,0.4831,15730.0
1809.25,16.44,1.382,0.6611,15750.0
1809.3,16.36,1.248,0.8392,15760.0
1809.35,16.52,1.41,0.5862,15750.0
1809.4,16.69,1.571,0.3331,15720.0
1809.45,16.52,1.501,0.07109,15710.0
1809.5,16.36,1.431,-0.191,15700.0
1809.55,16.6,1.361,-0.2112,15700.0
1809.6,16.84,1.291,-0.2314,15710.0
1809.65,16.9,0.9695,-0.02073,15730.0
1809.7,16.96,0.6477,0.19,15770.0
1809.75,17.01,0.7333,0.3005,15810.0
1809.8,17.06,0.8189,0.4109,15830.0
1809.85,17.06,0.9295,0.5574,15840.0
1809.9,17.07,1.04,0.7038,15840.0
1809.95,17.2,1.005,0.7814,15810.0
1810.0,17.32,0.9693,0.8589,15760.0
1810.05,17.24,1.036,1.013,15710.0
1810.1,17.15,1.102,1.167,15690.0
1810.15,17.18,0.9419,0.9256,15700.0
1810.2,17.21,0.7814,0.6843,15730.0
1810.25,17.12,0.6911,0.6696,15760.0
1810.3,17.03,0.6007,0.6548,15800.0
1810.35,17.18,0.4435,0.6143,15820.0
1810.4,17.32,0.2862,0.5738,15830.0
1810.45,17.23,0.3252,0.3429,15820.0
1810.5,17.15,0.3642,0.1119,15780.0
1810.55,17.08,0.4783,0.2034,15750.0
1810.6,17.01,0.5923,0.2948,15730.0
1810.65,17.02,0.2603,0.3011,15720.0
1810.7,17.03,-0.07166,0.3073,15720.0
1810.75,16.99,-0.1513,0.1861,15730.0
1810.8,16.95,-0.2309,0.06487,15740.0
1810.85,17.0,-0.1736,0.1283,15760.0
1810.9,17.05,-0.1162,0.1917,15760.0
1810.95,17.0,-0.08738,0.12,15750.0
1811.0,16.94,-0.05852,0.04829,15750.0
1811.05,17.17,0.09912,0.2012,15750.0
1811.1,17.4,0.2568,0.3541,15750.0
1811.15,17.38,0.1417,0.2683,15740.0
1811.2,17.37,0.02667,0.1824,15720.0
1811.25,17.52,0.1292,0.1068,15710.0
1811.3,17.68,0.2317,0.03122,15710.0
1811.35,17.57,0.1481,0.1314,15730.0
1811.4,17.45,0.06449,0.2317,15750.0
1811.45,17.47,0.1517,0.3056,15770.0
1811.5,17.48,0.2388,0.3795,15790.0
1811.55,17.47,0.3812,0.4052,15790.0
1811.6,17.47,0.5235,0.4309,15770.0
1811.65,17.63,0.4859,0.552,15750.0
1811.7,17.8,0.4482,0.6731,15720.0
1811.75,17.8,0.4031,0.6679,15710.0
1811.8,17.8,0.3579,0.6626,15730.0
1811.85,17.82,0.2956,0.513,15760.0
1811.9,17.85,0.2333,0.3634,15800.0
1811.95,17.87,0.2639,0.1752,15820.0
1812.0,17.89,0.2946,-0.01293,15830.0
1812.05,18.04,0.3917,-0.05938,15820.0
1812.1,18.19,0.4888,-0.1058,15780.0
1812.15,18.23,0.4287,-0.2163,15750.0
1812.2,18.28,0.3686,-0.3268,15720.0
1812.25,18.08,0.447,-0.3804,15710.0
1812.3,17.88,0.5255,-0.4341,15720.0
1812.35,17.87,0.5109,-0.3114,15730.0
1812.4,17.87,0.4964,-0.1888,15750.0
1812.45,17.75,0.3949,-0.05963,15780.0
1812.5,17.63,0.2934,0.0695,15810.0
1812.55,17.59,0.4052,0.2146,15830.0
1812.6,17.54,0.5171,0.3597,15820.0
1812.65,17.58,0.5089,0.3005,15800.0
1812.7,17.61,0.5008,0.2412,15760.0
1812.75,17.48,0.5253,0.263,15710.0
1812.8,17.35,0.5498,0.2848,15670.0
1812.85,17.16,0.5878,0.405,15640.0
1812.9,16.97,0.6258,0.5251,15650.0
1812.95,16.98,0.5645,0.7154,15680.0
1813.0,17.0,0.5032,0.9058,15740.0
1813.05,17.15,0.6759,0.8237,15780.0
1813.1,17.31,0.8487,0.7416,15790.0
1813.15,17.33,0.8867,0.8382,15780.0
1813.2,17.34,0.9247,0.9348,15750.0
1813.25,17.25,0.9329,0.9876,15720.0
1813.3,17.15,0.9411,1.04,15690.0
1813.35,17.19,0.8354,0.9447,15650.0
1813.4,17.23,0.7297,0.8489,15630.0
1813.45,17.34,0.6634,0.7443,15630.0
1813.5,17.46,0.5971,0.6397,15630.0
1813.55,17.56,0.4335,0.6494,15640.0
1813.6,17.66,0.2699,0.6592,15660.0
1813.65,17.43,0.1242,0.723,15690.0
1813.7,17.2,-0.0215,0.7867,15720.0
1813.75,16.99,0.1961,0.8276,15720.0
1813.8,16.77,0.4136,0.8684,15700.0
1813.85,16.75,0.3408,0.7964,15680.0
1813.9,16.74,0.2679,0.7243,15660.0
1813.95,16.62,0.1487,0.5508,15640.0
1814.0,16.5,0.02946,0.3773,15610.0
1814.05,16.46,-0.006767,0.3587,15570.0
1814.1,16.42,-0.04299,0.3402,15560.0
1814.15,16.47,-0.1654,0.384,15580.0
1814.2,16.51,-0.2878,0.4278,15610.0
1814.25,16.52,-0.3728,0.3537,15630.0
1814.3,16.53,-0.4578,0.2797,15650.0
1814.35,16.47,-0.3481,0.169,15660.0
1814.4,16.41,-0.2385,0.05829,15660.0
1814.45,16.46,-0.2434,0.2073,15630.0
1814.5,16.51,-0.2484,0.3563,15590.0
1814.55,16.35,-0.2197,0.3369,15540.0
1814.6,16.2,-0.1911,0.3175,15530.0
1814.65,16.18,-0.1785,0.3635,15530.0
1814.7,16.16,-0.166,0.4095,15530.0
1814.75,16.2,-0.08818,0.3519,15520.0
1814.8,16.25,-0.01035,0.2944,15520.0
1814.85,16.24,0.1139,0.4226,15540.0
1814.9,16.23,0.2381,0.5509,15560.0
1814.95,16.22,0.3615,0.6214,15560.0
1815.0,16.22,0.4849,0.6919,15570.0
1815.05,16.17,0.5918,0.6524,15570.0
1815.1,16.12,0.6986,0.6129,15560.0
1815.15,16.1,0.4666,0.5538,15530.0
1815.2,16.08,0.2345,0.4948,15480.0
1815.25,16.08,0.07802,0.3711,15450.0
1815.3,16.08,-0.07842,0.2473,15440.0
1815.35,15.96,-0.1811,0.1646,15450.0
1815.4,15.84,-0.2838,0.08194,15460.0
1815.45,15.66,-0.0623,0.2806,15480.0
1815.5,15.48,0.1592,0.4792,15500.0
1815.55,15.51,0.1578,0.4442,15510.0
1815.6,15.53,0.1564,0.4092,15510.0
1815.65,15.75,0.03563,0.394,15500.0
1815.7,15.97,-0.08519,0.3787,15470.0
1815.75,15.93,-0.285,0.5598,15460.0
1815.8,15.88,-0.4849,0.7409,15440.0
1815.85,15.74,-0.4717,0.9478,15420.0
1815.9,15.6,-0.4586,1.155,15390.0
1815.95,15.55,-0.582,0.889,15360.0
1816.0,15.51,-0.7054,0.6233,15340.0
1816.05,15.48,-0.7968,0.6559,15340.0
1816.1,15.45,-0.8881,0.6885,15350.0
1816.15,15.37,-0.9367,0.8778,15380.0
1816.2,15.29,-0.9853,1.067,15410.0
1816.25,15.25,-0.9222,1.052,15440.0
1816.3,15.21,-0.8591,1.038,15450.0
1816.35,15.22,-0.8696,0.9725,15420.0
1816.4,15.23,-0.8802,0.9072,15380.0
1816.45,15.16,-0.9431,0.7619,15340.0
1816.5,15.1,-1.006,0.6165,15310.0
1816.55,15.26,-1.101,0.4159,15270.0
1816.6,15.42,-1.195,0.2153,15250.0
1816.65,15.43,-0.9817,0.2286,15250.0
1816.7,15.44,-0.7679,0.2419,15270.0
1816.75,15.28,-0.6652,0.3494,15300.0
1816.8,15.13,-0.5625,0.4568,15330.0
1816.85,15.18,-0.7205,0.4841,15350.0
1816.9,15.23,-0.8786,0.5114,15350.0
1816.95,15.37,-1.078,0.409,15330.0
1817.0,15.5,-1.277,0.3066,15310.0
1817.05,15.8,-1.172,0.3241,15290.0
1817.1,16.1,-1.067,0.3417,15270.0
1817.15,16.04,-1.018,0.3586,15260.0
1817.2,15.98,-0.9693,0.3756,15240.0
1817.25,15.98,-1.011,0.5809,15240.0
1817.3,15.98,-1.052,0.7863,15230.0
1817.35,15.99,-1.252,0.7121,15210.0
1817.4,16.0,-1.452,0.638,15210.0
1817.45,15.87,-1.469,0.5412,15220.0
1817.5,15.75,-1.487,0.4443,15250.0
1817.55,15.74,-1.389,0.4535,15280.0
1817.6,15.74,-1.291,0.4626,15310.0
1817.65,15.6,-1.26,0.484,15320.0
1817.7,15.46,-1.228,0.5053,15330.0
1817.75,15.58,-1.143,0.6907,15310.0
1817.8,15.69,-1.059,0.876,15270.0
1817.85,15.79,-0.9809,0.813,15230.0
1817.9,15.89,-0.9033,0.7499,15210.0
1817.95,15.99,-0.8009,0.6522,15200.0
1818.0,16.09,-0.6986,0.5546,15190.0
1818.05,16.33,-0.8163,0.4121,15190.0
1818.1,16.58,-0.9339,0.2697,15220.0
1818.15,16.59,-1.242,0.2469,15250.0
1818.2,16.6,-1.55,0.2241,15280.0
1818.25,16.53,-1.675,0.2307,15280.0
1818.3,16.47,-1.8,0.2373,15280.0
1818.35,16.62,-1.764,0.2995,15280.0
1818.4,16.78,-1.728,0.3617,15270.0
1818.45,16.75,-1.641,0.4023,15240.0
1818.5,16.71,-1.553,0.4429,15200.0
1818.55,16.71,-1.51,0.4685,15150.0
1818.6,16.7,-1.466,0.4941,15120.0
1818.65,16.63,-1.559,0.5709,15110.0
1818.7,16.55,-1.653,0.6477,15130.0
1818.75,16.55,-1.516,0.7692,15160.0
1818.8,16.54,-1.379,0.8906,15200.0
1818.85,16.61,-1.169,0.9695,15230.0
1818.9,16.68,-0.959,1.048,15250.0
1818.95,16.54,-1.249,0.9297,15240.0
1819.0,16.41,-1.539,0.8109,15210.0
1819.05,16.47,-1.57,0.5815,15170.0
1819.1,16.53,-1.602,0.3522,15120.0
1819.15,16.6,-1.745,0.3539,15090.0
1819.2,16.67,-1.889,0.3556,15080.0
1819.25,16.48,-1.57,0.4106,15080.0
1819.3,16.29,-1.252,0.4656,15100.0
1819.35,16.36,-1.304,0.3484,15120.0
1819.4,16.43,-1.356,0.2312,15130.0
1819.45,16.49,-1.194,0.2957,15130.0
1819.5,16.56,-1.031,0.3602,15110.0
1819.55,16.6,-1.068,0.2678,15110.0
1819.6,16.65,-1.104,0.1753,15110.0
1819.65,16.56,-1.257,0.201,15100.0
1819.7,16.47,-1.41,0.2266,15100.0
1819.75,16.61,-1.44,0.1814,15100.0
1819.8,16.75,-1.471,0.1363,15100.0
1819.85,16.65,-1.587,0.1671,15090.0
1819.9,16.55,-1.703,0.1978,15070.0
1819.95,16.42,-1.426,0.1447,15070.0
1820.0,16.28,-1.149,0.0917,15080.0
1820.05,16.04,-1.042,0.1925,15100.0
1820.1,15.81,-0.9343,0.2934,15120.0
1820.15,15.83,-1.1,0.4513,15120.0
1820.2,15.84,-1.265,0.6092,15120.0
1820.25,15.91,-1.189,0.6665,15130.0
1820.3,15.97,-1.114,0.7238,15130.0
1820.35,15.78,-1.183,0.7019,15140.0
1820.4,15.58,-1.252,0.6799,15150.0
1820.45,15.65,-1.194,0.4764,15160.0
1820.5,15.72,-1.136,0.2729,15150.0
1820.55,15.62,-0.9986,0.3296,15130.0
1820.6,15.52,-0.8615,0.3863,15090.0
1820.65,15.45,-0.6164,0.222,15060.0
1820.7,15.39,-0.3714,0.0578,15050.0
1820.75,15.44,-0.3897,0.03207,15060.0
1820.8,15.5,-0.408,0.006341,15070.0
1820.85,15.55,-0.532,-0.08511,15080.0
1820.9,15.6,-0.656,-0.1766,15090.0
1820.95,15.63,-0.6238,-0.1425,15100.0
1821.0,15.67,-0.5916,-0.1085,15090.0
1821.05,15.52,-0.4861,-0.1603,15070.0
1821.1,15.37,-0.3806,-0.2122,15040.0
1821.15,15.33,-0.2126,-0.02414,15010.0
1821.2,15.29,-0.04459,0.1639,14990.0
1821.25,15.48,-0.03006,0.159,14970.0
1821.3,15.67,-0.01553,0.1541,14960.0
1821.35,15.64,-0.00617,0.1399,14960.0
1821.4,15.61,0.003185,0.1256,14960.0
1821.45,15.74,0.1222,0.1822,14960.0
1821.5,15.88,0.2412,0.2388,14970.0
1821.55,15.8,0.03244,0.05097,14970.0
1821.6,15.72,-0.1764,-0.1368,14970.0
1821.65,15.71,-0.1742,-0.1151,14970.0
1821.7,15.71,-0.172,-0.0934,14980.0
1821.75,15.72,-0.4351,-0.1082,14970.0
1821.8,15.74,-0.6982,-0.1229,14960.0
1821.85,15.63,-0.6493,-0.2275,14940.0
1821.9,15.52,-0.6003,-0.3322,14920.0
1821.95,15.5,-0.5844,-0.294,14880.0
1822.0,15.49,-0.5685,-0.2558,14850.0
1822.05,15.49,-0.4958,-0.2366,14830.0
1822.1,15.49,-0.4232,-0.2173,14830.0
1822.15,15.32,-0.4779,-0.1886,14850.0
1822.2,15.15,-0.5326,-0.16,14890.0
1822.25,15.14,-0.4303,-0.0917,14930.0
1822.3,15.13,-0.328,-0.02341,14960.0
1822.35,15.08,-0.3672,-0.01439,14980.0
1822.4,15.03,-0.4064,-0.005365,14980.0
1822.45,15.16,-0.4757,-0.02134,14960.0
1822.5,15.28,-0.545,-0.03731,14910.0
1822.55,15.3,-0.3629,0.1653,14870.0
1822.6,15.32,-0.1807,0.368,14830.0
1822.65,15.6,-0.1533,0.2123,14820.0
1822.7,15.88,-0.1258,0.05658,14830.0
1822.75,15.75,-0.05792,0.1024,14860.0
1822.8,15.62,0.009952,0.1483,14900.0
1822.85,15.69,0.1439,0.09145,14960.0
1822.9,15.76,0.2779,0.03463,15000.0
1822.95,15.83,0.2512,-0.04378,15020.0
1823.0,15.91,0.2245,-0.1222,15020.0
1823.05,16.0,0.3147,-0.2478,14990.0
1823.1,16.09,0.4049,-0.3734,14950.0
1823.15,15.9,0.4144,-0.4092,14910.0
1823.2,15.72,0.424,-0.4451,14870.0
1823.25,15.73,0.4435,-0.3113,14850.0
1823.3,15.75,0.463,-0.1775,14850.0
1823.35,15.84,0.2936,-0.2796,14870.0
1823.4,15.92,0.1242,-0.3817,14900.0
1823.45,15.74,0.05653,-0.2011,14930.0
1823.5,15.57,-0.01115,-0.02049,14960.0
1823.55,15.71,0.003384,-0.03353,14970.0
1823.6,15.86,0.01791,-0.04658,14960.0
1823.65,15.76,-0.0832,0.1163,14920.0
1823.7,15.66,-0.1843,0.2792,14870.0
1823.75,15.69,-0.2528,0.2312,14830.0
1823.8,15.72,-0.3213,0.1832,14810.0
1823.85,15.74,-0.2295,0.35,14810.0
1823.9,15.76,-0.1377,0.5168,14820.0
1823.95,15.61,-0.07245,0.7491,14840.0
1824.0,15.45,-0.007165,0.9814,14870.0
1824.05,15.65,-0.1582,1.041,14870.0
1824.1,15.84,-0.3093,1.1,14860.0
1824.15,15.93,-0.4494,0.7858,14830.0
1824.2,16.02,-0.5896,0.4717,14810.0
1824.25,15.93,-0.5062,0.3828,14790.0
1824.3,15.84,-0.4228,0.2939,14780.0
1824.35,15.86,-0.3838,0.1733,14770.0
1824.4,15.89,-0.3447,0.05268,14770.0
1824.45,15.93,-0.2287,0.06426,14780.0
1824.5,15.98,-0.1127,0.07585,14790.0
1824.55,16.11,0.03483,0.2097,14780.0
1824.6,16.25,0.1823,0.3436,14760.0
1824.65,16.14,0.1131,0.3989,14740.0
1824.7,16.04,0.04379,0.4541,14720.0
1824.75,15.93,0.01493,0.4251,14710.0
1824.8,15.83,-0.01393,0.3961,14700.0
1824.85,15.67,0.03006,0.2969,14700.0
1824.9,15.51,0.07404,0.1978,14720.0
1824.95,15.42,0.1226,0.0945,14750.0
1825.0,15.34,0.1712,-0.00878,14760.0
1825.05,15.55,0.3971,-0.08926,14760.0
1825.1,15.77,0.623,-0.1697,14760.0
1825.15,15.92,0.7351,-0.2419,14740.0
1825.2,16.07,0.8471,-0.3141,14710.0
1825.25,16.03,0.9626,-0.08133,14670.0
1825.3,15.99,1.078,0.1514,14650.0
1825.35,15.89,1.043,0.2722,14650.0
1825.4,15.79,1.007,0.3929,14670.0
1825.45,15.69,0.7518,0.4526,14690.0
1825.5,15.59,0.4964,0.5124,14730.0
1825.55,15.42,0.5828,0.7231,14750.0
1825.6,15.25,0.6692,0.9338,14770.0
1825.65,15.13,0.5818,1.049,14770.0
1825.7,15.02,0.4944,1.164,14750.0
1825.75,15.21,0.6055,1.087,14730.0
1825.8,15.39,0.7165,1.01,14700.0
1825.85,15.61,0.7689,1.022,14690.0
1825.9,15.83,0.8212,1.033,14680.0
1825.95,15.69,0.6427,0.9678,14670.0
1826.0,15.55,0.4642,0.9026,14680.0
1826.05,15.55,0.3619,0.6535,14690.0
1826.1,15.55,0.2596,0.4043,14700.0
1826.15,15.62,0.03224,0.3611,14710.0
1826.2,15.69,-0.1951,0.3178,14710.0
1826.25,15.74,-0.05991,0.129,14710.0
1826.3,15.8,0.07524,-0.05975,14710.0
1826.35,15.66,0.1549,0.05036,14690.0
1826.4,15.52,0.2345,0.1605,14670.0
1826.45,15.51,0.2703,0.08316,14640.0
1826.5,15.51,0.3061,0.005853,14630.0
1826.55,15.67,0.3129,-0.08743,14630.0
1826.6,15.82,0.3197,-0.1807,14640.0
1826.65,15.79,0.3348,-0.08133,14650.0
1826.7,15.75,0.3499,0.01805,14640.0
1826.75,15.95,0.3209,0.06853,14640.0
1826.8,16.14,0.2918,0.119,14630.0
1826.85,16.07,0.3977,0.02256,14620.0
1826.9,16.0,0.5036,-0.07389,14620.0
1826.95,15.95,0.4898,0.1479,14610.0
1827.0,15.89,0.4761,0.3697,14620.0
1827.05,15.95,0.4094,0.3096,14620.0
1827.1,16.0,0.3427,0.2495,14620.0
1827.15,15.93,0.4078,0.3608,14610.0
1827.2,15.85,0.4729,0.4721,14600.0
1827.25,15.99,0.3684,0.3111,14590.0
1827.3,16.12,0.2639,0.15,14590.0
1827.35,16.06,0.4679,0.2464,14580.0
1827.4,16.01,0.672,0.3429,14580.0
1827.45,16.02,0.6035,0.4285,14580.0
1827.5,16.03,0.535,0.5141,14590.0
1827.55,15.94,0.6523,0.4995,14600.0
1827.6,15.84,0.7695,0.4848,14610.0
1827.65,15.85,0.46,0.4164,14610.0
1827.7,15.85,0.1505,0.348,14610.0
1827.75,15.93,0.1359,0.3051,14610.0
1827.8,16.01,0.1214,0.2622,14610.0
1827.85,15.9,0.1951,0.3066,14600.0
1827.9,15.78,0.2687,0.3509,14600.0
1827.95,15.86,0.2424,0.4209,14600.0
1828.0,15.94,0.2162,0.4909,14610.0
1828.05,15.78,0.06668,0.5694,14620.0
1828.1,15.62,-0.0828,0.648,14620.0
1828.15,15.85,-0.12,0.7236,14620.0
1828.2,16.09,-0.1572,0.7992,14620.0
1828.25,16.23,-0.08897,0.6266,14630.0
1828.3,16.37,-0.0207,0.4541,14630.0
1828.35,16.18,-0.07345,0.2875,14630.0
1828.4,15.99,-0.1262,0.121,14640.0
1828.45,15.95,-0.2502,0.04121,14650.0
1828.5,15.9,-0.3742,-0.03853,14670.0
1828.55,15.8,-0.3682,0.1072,14670.0
1828.6,15.69,-0.3623,0.2529,14670.0
1828.65,15.85,-0.3636,0.2545,14660.0
1828.7,16.0,-0.365,0.2561,14650.0
1828.75,16.03,-0.5444,0.3446,14650.0
1828.8,16.05,-0.7237,0.4331,14640.0
1828.85,15.93,-0.7281,0.2859,14640.0
1828.9,15.82,-0.7325,0.1388,14640.0
1828.95,15.96,-0.823,0.2002,14650.0
1829.0,16.11,-0.9136,0.2617,14650.0
1829.05,16.16,-0.7711,0.2934,14650.0
1829.1,16.2,-0.6286,0.3251,14650.0
1829.15,16.22,-0.4703,0.26,14640.0
1829.2,16.24,-0.3121,0.1949,14640.0
1829.25,16.28,-0.4439,0.3341,14630.0
1829.3,16.33,-0.5756,0.4734,14620.0
1829.35,16.35,-0.5113,0.3036,14610.0
1829.4,16.38,-0.447,0.1339,14590.0
1829.45,16.34,-0.216,0.06902,14580.0
1829.5,16.3,0.01513,0.004146,14570.0
1829.55,16.57,-0.01254,0.1594,14560.0
1829.6,16.84,-0.04021,0.3146,14570.0
1829.65,16.99,-0.08499,0.237,14570.0
1829.7,17.14,-0.1298,0.1595,14570.0
1829.75,17.12,-0.128,0.1929,14560.0
1829.8,17.1,-0.1262,0.2263,14550.0
1829.85,17.2,0.02408,0.3518,14540.0
1829.9,17.29,0.1744,0.4773,14540.0
1829.95,17.24,0.2663,0.3348,14550.0
1830.0,17.19,0.3583,0.1924,14540.0
1830.05,17.2,0.5828,0.3353,14530.0
1830.1,17.21,0.8073,0.4782,14520.0
1830.15,17.35,0.7506,0.5513,14500.0
1830.2,17.48,0.6939,0.6243,14490.0
1830.25,17.54,0.798,0.7052,14480.0
1830.3,17.59,0.9021,0.786,14490.0
1830.35,17.78,0.675,0.6688,14490.0
1830.4,17.97,0.4478,0.5516,14500.0
1830.45,18.05,0.663,0.6353,14500.0
1830.5,18.13,0.8782,0.7189,14490.0
1830.55,18.04,0.7703,0.7207,14480.0
1830.6,17.94,0.6624,0.7224,14470.0
1830.65,17.98,0.7916,0.5925,14460.0
1830.7,18.03,0.9208,0.4626,14450.0
1830.75,18.14,0.756,0.2546,14450.0
1830.8,18.26,0.5912,0.04658,14450.0
1830.85,18.0,0.4823,-0.08267,14440.0
1830.9,17.75,0.3734,-0.2119,14430.0
1830.95,17.77,0.5097,-0.2379,14410.0
1831.0,17.78,0.6461,-0.2639,14390.0
1831.05,17.71,0.748,-0.3448,14380.0
1831.1,17.64,0.8499,-0.4258,14390.0
1831.15,17.84,0.7948,-0.4212,14390.0
1831.2,18.04,0.7396,-0.4165,14400.0
1831.25,18.0,0.8336,-0.1472,14400.0
1831.3,17.96,0.9275,0.1222,14390.0
1831.35,17.91,0.7038,0.1719,14370.0
1831.4,17.87,0.4801,0.2217,14350.0
1831.45,17.91,0.4751,0.1778,14340.0
1831.5,17.94,0.4701,0.1339,14330.0
1831.55,17.86,0.4707,0.1399,14320.0
1831.6,17.77,0.4713,0.1458,14320.0
1831.65,17.74,0.3931,0.04024,14320.0
1831.7,17.7,0.3149,-0.06536,14310.0
1831.75,17.42,0.3437,0.03195,14290.0
1831.8,17.13,0.3726,0.1293,14270.0
1831.85,17.09,0.3557,0.1186,14260.0
1831.9,17.05,0.3388,0.108,14250.0
1831.95,17.09,0.1146,0.105,14240.0
1832.0,17.13,-0.1095,0.1019,14220.0
1832.05,17.08,0.1027,0.05719,14210.0
1832.1,17.02,0.3149,0.01244,14200.0
1832.15,16.96,0.384,-0.08682,14190.0
1832.2,16.89,0.453,-0.1861,14190.0
1832.25,16.95,0.5766,-0.1216,14180.0
1832.3,17.0,0.7002,-0.05707,14180.0
1832.35,16.86,0.4136,-0.1625,14180.0
1832.4,16.71,0.127,-0.268,14170.0
1832.45,16.66,0.1206,-0.05719,14160.0
1832.5,16.6,0.1142,0.1536,14160.0
1832.55,16.61,0.2906,0.01805,14160.0
1832.6,16.63,0.467,-0.1175,14170.0
1832.65,16.74,0.5111,-0.1688,14170.0
1832.7,16.85,0.5553,-0.22,14150.0
1832.75,16.76,0.5111,-0.1079,14130.0
1832.8,16.68,0.467,0.004146,14110.0
1832.85,16.81,0.6744,-0.1503,14090.0
1832.9,16.94,0.8818,-0.3048,14090.0
1832.95,16.69,0.7918,-0.2701,14100.0
1833.0,16.44,0.7018,-0.2353,14120.0
1833.05,16.46,0.7382,-0.1682,14150.0
1833.1,16.47,0.7747,-0.101,14150.0
1833.15,16.54,0.8394,0.01634,14130.0
1833.2,16.6,0.904,0.1336,14090.0
1833.25,16.39,0.9548,0.08828,14050.0
1833.3,16.19,1.006,0.04292,14020.0
1833.35,16.28,1.2,-0.002073,13990.0
1833.4,16.38,1.395,-0.04707,13980.0
1833.45,16.46,1.351,-0.1206,14000.0
1833.5,16.54,1.307,-0.1941,14040.0
1833.55,16.49,1.312,-0.1788,14070.0
1833.6,16.44,1.317,-0.1634,14080.0
1833.65,16.4,1.248,0.0111,14050.0
1833.7,16.35,1.179,0.1856,14000.0
1833.75,16.34,1.215,0.165,13950.0
1833.8,16.33,1.251,0.1444,13890.0
1833.85,16.19,1.296,0.3073,13860.0
1833.9,16.05,1.34,0.4702,13860.0
1833.95,16.02,1.398,0.5297,13890.0
1834.0,16.0,1.456,0.5892,13940.0
1834.05,16.0,1.467,0.672,13970.0
1834.1,16.0,1.478,0.7548,13970.0
1834.15,15.86,1.588,0.5068,13950.0
1834.2,15.73,1.698,0.2588,13910.0
1834.25,15.64,1.908,0.3156,13850.0
1834.3,15.56,2.118,0.3724,13800.0
1834.35,15.42,2.003,0.3692,13760.0
1834.4,15.27,1.889,0.3661,13750.0
1834.45,15.28,1.821,0.3595,13760.0
1834.5,15.29,1.753,0.3529,13770.0
1834.55,15.23,1.876,0.1156,13780.0
1834.6,15.17,2.0,-0.1217,13800.0
1834.65,15.25,1.921,-0.1616,13810.0
1834.7,15.34,1.843,-0.2014,13810.0
1834.75,15.26,1.764,0.09206,13790.0
1834.8,15.19,1.685,0.3856,13760.0
1834.85,15.22,1.603,0.2268,13740.0
1834.9,15.26,1.521,0.06804,13710.0
1834.95,15.16,1.59,-0.05682,13690.0
1835.0,15.07,1.659,-0.1817,13660.0
1835.05,14.99,1.592,-0.2531,13650.0
1835.1,14.91,1.524,-0.3246,13650.0
1835.15,14.91,1.619,-0.1745,13670.0
1835.2,14.91,1.715,-0.02439,13700.0
1835.25,14.8,1.662,-0.05512,13720.0
1835.3,14.7,1.609,-0.08584,13730.0
1835.35,14.68,1.52,-0.03024,13730.0
1835.4,14.66,1.432,0.02536,13720.0
1835.45,14.76,1.669,-0.03475,13690.0
1835.5,14.86,1.906,-0.09487,13650.0
1835.55,14.84,1.743,-0.08914,13630.0
1835.6,14.81,1.579,-0.08341,13620.0
1835.65,14.66,1.481,-0.1888,13630.0
1835.7,14.51,1.384,-0.2941,13630.0
1835.75,14.65,1.323,-0.3168,13630.0
1835.8,14.78,1.261,-0.3395,13630.0
1835.85,15.05,1.139,-0.2152,13630.0
1835.9,15.33,1.018,-0.09097,13620.0
1835.95,15.48,1.239,-0.1373,13600.0
1836.0,15.62,1.461,-0.1836,13590.0
1836.05,15.51,1.371,-0.1808,13580.0
1836.1,15.41,1.282,-0.178,13570.0
1836.15,15.36,1.199,-0.2652,13570.0
1836.2,15.31,1.116,-0.3524,13550.0
1836.25,15.31,1.12,-0.3489,13540.0
1836.3,15.31,1.125,-0.3453,13540.0
1836.35,15.34,1.079,-0.3852,13540.0
1836.4,15.38,1.034,-0.4251,13530.0
1836.45,15.32,1.004,-0.5399,13510.0
1836.5,15.26,0.9729,-0.6548,13490.0
1836.55,15.21,0.7743,-0.5453,13470.0
1836.6,15.17,0.5756,-0.4358,13430.0
1836.65,15.2,0.5892,-0.2199,13400.0
1836.7,15.24,0.6027,-0.003902,13390.0
1836.75,15.41,0.5768,0.007438,13390.0
1836.8,15.57,0.5509,0.01878,13420.0
1836.85,15.47,0.5215,0.01524,13440.0
1836.9,15.38,0.492,0.01171,13460.0
1836.95,15.27,0.5036,0.04609,13460.0
1837.0,15.16,0.5151,0.08048,13430.0
1837.05,15.04,0.6835,0.1374,13380.0
1837.1,14.93,0.8519,0.1944,13320.0
1837.15,14.9,0.9339,0.08889,13280.0
1837.2,14.88,1.016,-0.01658,13250.0
1837.25,14.6,1.012,-0.07719,13250.0
1837.3,14.33,1.008,-0.1378,13260.0
1837.35,14.37,1.253,-0.01439,13280.0
1837.4,14.42,1.498,0.109,13290.0
1837.45,14.44,1.69,-0.002073,13300.0
1837.5,14.46,1.883,-0.1132,13310.0
1837.55,14.36,2.016,-0.05085,13300.0
1837.6,14.25,2.15,0.01146,13290.0
1837.65,14.18,1.973,0.06329,13280.0
1837.7,14.11,1.796,0.1151,13280.0
1837.75,14.08,1.7,0.07024,13270.0
1837.8,14.04,1.604,0.02536,13260.0
1837.85,14.01,1.443,0.0478,13240.0
1837.9,13.97,1.282,0.07024,13220.0
1837.95,14.2,1.129,0.01719,13210.0
1838.0,14.42,0.9757,-0.03585,13200.0
1838.05,14.47,1.073,-0.04963,13200.0
1838.1,14.53,1.17,-0.06341,13210.0
1838.15,14.46,1.299,-0.1247,13220.0
1838.2,14.4,1.427,-0.1861,13240.0
1838.25,14.23,1.561,-0.1513,13250.0
1838.3,14.06,1.695,-0.1166,13250.0
1838.35,14.05,1.703,-0.1132,13250.0
1838.4,14.04,1.711,-0.1097,13240.0
1838.45,14.12,1.435,-0.299,13230.0
1838.5,14.2,1.158,-0.4882,13210.0
1838.55,14.13,1.15,-0.6865,13190.0
1838.6,14.06,1.142,-0.8848,13180.0
1838.65,14.1,1.181,-0.757,13160.0
1838.7,14.15,1.219,-0.6292,13150.0
1838.75,14.23,1.21,-0.5591,13140.0
1838.8,14.32,1.201,-0.489,13140.0
1838.85,14.17,1.131,-0.4558,13140.0
1838.9,14.02,1.061,-0.4226,13160.0
1838.95,13.94,1.073,-0.3446,13170.0
1839.0,13.86,1.085,-0.2666,13180.0
1839.05,13.85,0.949,-0.2647,13180.0
1839.1,13.85,0.8133,-0.2629,13180.0
1839.15,13.69,0.667,-0.2739,13160.0
1839.2,13.54,0.5207,-0.2848,13130.0
1839.25,13.63,0.5764,-0.2418,13090.0
1839.3,13.73,0.6322,-0.1988,13060.0
1839.35,13.74,0.7092,-0.1663,13050.0
1839.4,13.76,0.7862,-0.1339,13050.0
1839.45,13.73,0.8853,-0.08316,13060.0
1839.5,13.71,0.9845,-0.03244,13070.0
1839.55,13.66,1.068,0.007194,13090.0
1839.6,13.62,1.152,0.04682,13100.0
1839.65,13.63,0.9996,0.06755,13100.0
1839.7,13.64,0.8471,0.08828,13080.0
1839.75,13.63,0.8764,-0.02134,13060.0
1839.8,13.61,0.9056,-0.131,13040.0
1839.85,13.58,1.049,-0.2158,13020.0
1839.9,13.56,1.192,-0.3007,12990.0
1839.95,13.48,1.164,-0.2149,12980.0
1840.0,13.4,1.136,-0.129,12980.0
1840.05,13.47,1.18,-0.1791,12990.0
1840.1,13.54,1.224,-0.2292,13000.0
1840.15,13.56,1.144,-0.353,13000.0
1840.2,13.58,1.064,-0.4768,13000.0
1840.25,13.52,1.113,-0.4879,12990.0
1840.3,13.45,1.162,-0.499,12980.0
1840.35,13.56,1.204,-0.4995,12960.0
1840.4,13.67,1.247,-0.4999,12930.0
1840.45,13.69,0.9916,-0.4574,12920.0
1840.5,13.71,0.7361,-0.4148,12920.0
1840.55,13.53,0.6107,-0.2824,12930.0
1840.6,13.35,0.4853,-0.15,12950.0
1840.65,13.59,0.4389,-0.09218,12970.0
1840.7,13.83,0.3925,-0.03439,12980.0
1840.75,13.87,0.3079,-0.1117,12990.0
1840.8,13.9,0.2233,-0.189,12980.0
1840.85,14.04,0.254,-0.2277,12960.0
1840.9,14.17,0.2846,-0.2663,12920.0
1840.95,13.96,0.1746,-0.1874,12880.0
1841.0,13.74,0.06449,-0.1085,12870.0
1841.05,13.55,-0.004379,-0.01671,12860.0
1841.1,13.37,-0.07325,0.07511,12870.0
1841.15,13.31,0.08419,0.0378,12890.0
1841.2,13.25,0.2416,0.0004878,12930.0
1841.25,13.51,0.3282,0.0517,12960.0
1841.3,13.78,0.4148,0.1029,12970.0
1841.35,13.88,0.5211,0.1752,12960.0
1841.4,13.98,0.6274,0.2475,12930.0
1841.45,13.99,0.6877,0.2245,12900.0
1841.5,14.0,0.748,0.2014,12860.0
1841.55,14.02,0.6383,0.1499,12810.0
1841.6,14.04,0.5287,0.09828,12780.0
1841.65,14.04,0.334,0.1134,12780.0
1841.7,14.03,0.1393,0.1285,12800.0
1841.75,14.12,0.4407,0.1745,12830.0
1841.8,14.2,0.742,0.2205,12860.0
1841.85,14.26,0.6823,0.09072,12880.0
1841.9,14.32,0.6226,-0.03902,12880.0
1841.95,14.37,0.6992,-0.1614,12870.0
1842.0,14.42,0.7759,-0.2839,12830.0
1842.05,14.37,0.8165,-0.2546,12770.0
1842.1,14.32,0.8571,-0.2253,12710.0
1842.15,14.37,0.7649,-0.06353,12680.0
1842.2,14.41,0.6728,0.09828,12680.0
1842.25,14.35,0.7452,0.1729,12700.0
1842.3,14.28,0.8177,0.2475,12730.0
1842.35,14.22,0.7816,0.4568,12760.0
1842.4,14.16,0.7456,0.666,12800.0
1842.45,14.01,0.621,0.542,12820.0
1842.5,13.87,0.4964,0.418,12800.0
1842.55,13.98,0.6988,0.1874,12760.0
1842.6,14.1,0.9013,-0.04317,12710.0
1842.65,13.98,1.184,-0.1811,12680.0
1842.7,13.87,1.467,-0.319,12650.0
1842.75,14.06,1.482,-0.08487,12630.0
1842.8,14.26,1.497,0.1493,12620.0
1842.85,14.13,1.426,0.248,12630.0
1842.9,14.0,1.355,0.3468,12660.0
1842.95,14.06,1.437,0.01878,12690.0
1843.0,14.12,1.519,-0.3092,12690.0
1843.05,14.08,1.462,-0.1811,12700.0
1843.1,14.03,1.404,-0.05292,12700.0
1843.15,14.17,1.267,-0.04073,12700.0
1843.2,14.31,1.131,-0.02853,12680.0
1843.25,14.22,1.243,0.03841,12650.0
1843.3,14.13,1.355,0.1054,12630.0
1843.35,14.24,1.365,0.2049,12620.0
1843.4,14.35,1.375,0.3044,12610.0
1843.45,14.29,1.353,0.3496,12610.0
1843.5,14.24,1.331,0.3948,12610.0
1843.55,14.33,1.363,0.3269,12630.0
1843.6,14.41,1.395,0.259,12650.0
1843.65,14.49,1.182,0.2236,12670.0
1843.7,14.56,0.9681,0.1883,12660.0
1843.75,14.43,0.9062,-0.04268,12640.0
1843.8,14.29,0.8443,-0.2736,12640.0
1843.85,14.17,0.7546,-0.3552,12640.0
1843.9,14.05,0.6648,-0.4368,12640.0
1843.95,14.07,0.8406,-0.4004,12640.0
1844.0,14.09,1.016,-0.3641,12640.0
1844.05,14.15,0.9966,-0.2845,12630.0
1844.1,14.21,0.9769,-0.2049,12620.0
1844.15,14.12,0.8973,-0.2374,12600.0
1844.2,14.03,0.8177,-0.27,12570.0
1844.25,14.01,0.8412,-0.1286,12560.0
1844.3,13.99,0.8646,0.01268,12560.0
1844.35,14.24,0.9228,0.04097,12570.0
1844.4,14.49,0.9809,0.06926,12580.0
1844.45,14.61,0.8447,-0.06329,12590.0
1844.5,14.72,0.7086,-0.1958,12610.0
1844.55,14.66,0.8716,-0.08975,12610.0
1844.6,14.59,1.035,0.01634,12600.0
1844.65,14.57,0.987,-0.02744,12570.0
1844.7,14.54,0.9395,-0.07121,12540.0
1844.75,14.68,1.175,-0.03292,12500.0
1844.8,14.81,1.41,0.005365,12480.0
1844.85,14.99,1.341,-0.01524,12470.0
1844.9,15.16,1.273,-0.03585,12470.0
1844.95,15.01,1.368,0.001097,12490.0
1845.0,14.85,1.463,0.03804,12510.0
1845.05,14.69,1.309,0.1774,12530.0
1845.1,14.53,1.154,0.3168,12530.0
1845.15,14.6,1.371,0.1835,12520.0
1845.2,14.68,1.588,0.05024,12500.0
1845.25,14.66,1.459,0.03109,12460.0
1845.3,14.65,1.33,0.01195,12440.0
1845.35,14.59,1.137,-0.1341,12420.0
1845.4,14.53,0.9447,-0.2802,12420.0
1845.45,14.64,0.7396,-0.1625,12430.0
1845.5,14.74,0.5346,-0.04487,12450.0
1845.55,14.79,0.5575,-0.06889,12460.0
1845.6,14.85,0.5804,-0.09292,12470.0
1845.65,14.75,0.7353,-0.09523,12480.0
1845.7,14.64,0.8901,-0.09755,12480.0
1845.75,14.57,0.7454,-0.1388,12470.0
1845.8,14.49,0.6007,-0.18,12450.0
1845.85,14.47,0.708,-0.09804,12420.0
1845.9,14.44,0.8153,-0.0161,12400.0
1845.95,14.8,0.6775,0.09401,12380.0
1846.0,15.16,0.5398,0.2041,12380.0
1846.05,15.26,0.4486,0.1419,12390.0
1846.1,15.36,0.3575,0.07975,12410.0
1846.15,15.42,0.2442,0.2008,12430.0
1846.2,15.49,0.131,0.3219,12460.0
1846.25,15.62,0.07444,0.2644,12490.0
1846.3,15.74,0.01791,0.2068,12500.0
1846.35,15.76,-0.1129,0.1082,12490.0
1846.4,15.78,-0.2436,0.009511,12460.0
1846.45,16.0,-0.1471,-0.06841,12430.0
1846.5,16.21,-0.05056,-0.1463,12400.0
1846.55,16.16,0.07623,-0.2264,12390.0
1846.6,16.1,0.203,-0.3066,12400.0
1846.65,16.09,0.2325,-0.1914,12430.0
1846.7,16.08,0.2619,-0.07633,12470.0
1846.75,16.2,0.2808,-0.06036,12500.0
1846.8,16.33,0.2998,-0.04439,12520.0
1846.85,16.62,0.2412,0.1104,12530.0
1846.9,16.9,0.1827,0.2651,12530.0
1846.95,16.9,0.2347,0.2719,12510.0
1847.0,16.89,0.2866,0.2787,12480.0
1847.05,16.9,0.2588,0.1343,12460.0
1847.1,16.91,0.2309,-0.01024,12440.0
1847.15,16.89,0.1694,0.161,12440.0
1847.2,16.87,0.1079,0.3322,12460.0
1847.25,16.9,0.2948,0.4849,12480.0
1847.3,16.93,0.4817,0.6377,12510.0
1847.35,17.06,0.4494,0.6635,12530.0
1847.4,17.18,0.4172,0.6892,12540.0
1847.45,17.01,0.5882,0.6529,12540.0
1847.5,16.83,0.7591,0.6165,12540.0
1847.55,16.99,0.9058,0.5106,12520.0
1847.6,17.14,1.053,0.4046,12490.0
1847.65,17.14,0.9263,0.3185,12460.0
1847.7,17.14,0.8001,0.2324,12450.0
1847.75,17.11,0.9665,0.1405,12450.0
1847.8,17.08,1.133,0.04853,12480.0
1847.85,17.31,0.9086,0.1024,12510.0
1847.9,17.55,0.6843,0.1563,12550.0
1847.95,17.5,0.461,0.36,12580.0
1848.0,17.45,0.2377,0.5636,12600.0
1848.05,17.42,0.2345,0.4609,12590.0
1848.1,17.39,0.2313,0.3583,12570.0
1848.15,17.35,0.3547,0.3429,12540.0
1848.2,17.31,0.4781,0.3275,12510.0
1848.25,17.52,0.4805,0.2872,12490.0
1848.3,17.74,0.4829,0.2468,12490.0
1848.35,17.85,0.6292,0.2579,12510.0
1848.4,17.95,0.7755,0.269,12540.0
1848.45,17.92,0.7868,0.34,12590.0
1848.5,17.89,0.7982,0.4109,12620.0
1848.55,17.98,0.587,0.3724,12650.0
1848.6,18.07,0.3758,0.3339,12640.0
1848.65,18.03,0.3686,0.1913,12620.0
1848.7,17.99,0.3615,0.04878,12580.0
1848.75,18.02,0.2727,0.1108,12550.0
1848.8,18.04,0.1839,0.1729,12530.0
1848.85,18.06,0.1459,-0.002317,12540.0
1848.9,18.09,0.1079,-0.1775,12570.0
1848.95,18.23,0.1411,-0.1283,12600.0
1849.0,18.36,0.1744,-0.07902,12640.0
1849.05,18.23,0.1909,0.06475,12660.0
1849.1,18.1,0.2074,0.2085,12660.0
1849.15,18.08,0.1485,0.2135,12650.0
1849.2,18.05,0.08957,0.2185,12630.0
1849.25,17.98,0.2152,0.1899,12610.0
1849.3,17.91,0.3408,0.1612,12600.0
1849.35,17.89,0.3429,0.1777,12590.0
1849.4,17.87,0.3451,0.1941,12610.0
1849.45,17.8,0.3541,0.3056,12640.0
1849.5,17.73,0.3631,0.417,12670.0
1849.55,17.91,0.5097,0.2185,12700.0
1849.6,18.1,0.6564,0.02,12720.0
1849.65,18.07,0.7775,-0.04951,12730.0
1849.7,18.05,0.8985,-0.119,12720.0
1849.75,18.03,0.9819,-0.04085,12710.0
1849.8,18.02,1.065,0.03731,12700.0
1849.85,18.17,0.904,-0.1697,12700.0
1849.9,18.31,0.7428,-0.3768,12700.0
1849.95,18.2,0.7536,-0.2312,12710.0
1850.0,18.08,0.7643,-0.0856,12740.0
1850.05,17.93,0.8179,0.0934,12780.0
1850.1,17.78,0.8714,0.2724,12800.0
1850.15,17.87,0.8101,0.3163,12820.0
1850.2,17.97,0.7488,0.3602,12820.0
1850.25,17.81,0.6288,0.05499,12820.0
1850.3,17.65,0.5088,-0.2502,12800.0
1850.35,17.41,0.6371,-0.2922,12790.0
1850.4,17.17,0.7655,-0.3341,12800.0
1850.45,17.16,0.9395,-0.3268,12810.0
1850.5,17.14,1.113,-0.3195,12840.0
1850.55,17.22,1.159,-0.3306,12860.0
1850.6,17.3,1.204,-0.3417,12890.0
1850.65,17.42,1.267,-0.3825,12910.0
1850.7,17.53,1.33,-0.4234,12920.0
1850.75,17.65,1.415,-0.432,12910.0
1850.8,17.77,1.5,-0.4407,12890.0
1850.85,17.59,1.375,-0.4436,12870.0
1850.9,17.41,1.25,-0.4465,12850.0
1850.95,17.55,1.059,-0.4493,12840.0
1851.0,17.7,0.8682,-0.4521,12850.0
1851.05,17.66,0.9297,-0.5615,12860.0
1851.1,17.62,0.9912,-0.6709,12880.0
1851.15,17.56,0.8658,-0.7964,12910.0
1851.2,17.5,0.7404,-0.9218,12930.0
1851.25,17.47,0.6937,-0.8942,12940.0
1851.3,17.45,0.6469,-0.8665,12930.0
1851.35,17.58,0.627,-0.9916,12910.0
1851.4,17.72,0.6071,-1.117,12870.0
1851.45,17.64,0.5068,-0.9483,12830.0
1851.5,17.56,0.4064,-0.7799,12800.0
1851.55,17.62,0.5519,-0.7475,12800.0
1851.6,17.68,0.6974,-0.715,12820.0
1851.65,17.54,0.9329,-0.5793,12860.0
1851.7,17.4,1.168,-0.4436,12910.0
1851.75,17.46,1.227,-0.5682,12950.0
1851.8,17.51,1.286,-0.6929,12960.0
1851.85,17.54,1.34,-0.5007,12950.0
1851.9,17.56,1.393,-0.3085,12910.0
1851.95,17.72,1.34,-0.2624,12870.0
1852.0,17.88,1.287,-0.2163,12830.0
1852.05,18.05,1.014,-0.3116,12800.0
1852.1,18.22,0.74,-0.4068,12800.0
1852.15,18.09,0.549,-0.3084,12820.0
1852.2,17.96,0.3579,-0.21,12860.0
1852.25,17.82,0.1103,-0.2956,12910.0
1852.3,17.67,-0.1373,-0.3812,12950.0
1852.35,17.61,-0.1246,-0.3611,12970.0
1852.4,17.55,-0.1119,-0.3409,12970.0
1852.45,17.77,-0.09514,-0.2522,12950.0
1852.5,17.99,-0.07842,-0.1634,12920.0
1852.55,17.91,-0.07026,-0.1025,12890.0
1852.6,17.82,-0.0621,-0.0417,12870.0
1852.65,17.86,0.1013,-0.03097,12860.0
1852.7,17.91,0.2647,-0.02024,12870.0
1852.75,17.78,0.2671,-0.01939,12900.0
1852.8,17.65,0.2695,-0.01853,12950.0
1852.85,17.65,0.2146,0.001951,13010.0
1852.9,17.65,0.1596,0.02244,13040.0
1852.95,17.55,0.1839,0.1099,13060.0
1853.0,17.44,0.2082,0.1973,13050.0
1853.05,17.4,0.173,0.1293,13030.0
1853.1,17.36,0.1377,0.06121,13000.0
1853.15,17.46,0.3061,0.1036,12970.0
1853.2,17.56,0.4745,0.1461,12950.0
1853.25,17.43,0.2994,-0.0995,12950.0
1853.3,17.3,0.1242,-0.3451,12980.0
1853.35,17.21,0.07006,-0.2033,13020.0
1853.4,17.13,0.01592,-0.06146,13060.0
1853.45,17.09,0.166,0.02597,13100.0
1853.5,17.05,0.3161,0.1134,13140.0
1853.55,17.11,0.21,0.1261,13160.0
1853.6,17.17,0.1039,0.1388,13160.0
1853.65,17.26,0.1449,0.1499,13130.0
1853.7,17.35,0.1859,0.161,13090.0
1853.75,17.29,0.09872,0.2872,13060.0
1853.8,17.23,0.01154,0.4134,13050.0
1853.85,17.1,-0.04877,0.4368,13050.0
1853.9,16.98,-0.1091,0.4602,13060.0
1853.95,17.05,-0.03981,0.4737,13080.0
1854.0,17.13,0.02946,0.4873,13120.0
1854.05,17.22,-0.04419,0.3772,13150.0
1854.1,17.31,-0.1178,0.267,13170.0
1854.15,17.3,-0.1557,0.0945,13160.0
1854.2,17.29,-0.1935,-0.07804,13150.0
1854.25,17.48,0.005374,-0.09182,13130.0
1854.3,17.66,0.2042,-0.1056,13110.0
1854.35,17.77,0.1393,-0.06975,13090.0
1854.4,17.88,0.07444,-0.0339,13070.0
1854.45,17.99,0.16,-0.04036,13060.0
1854.5,18.09,0.2456,-0.04682,13060.0
1854.55,18.07,0.204,-0.06731,13050.0
1854.6,18.05,0.1624,-0.0878,13050.0
1854.65,17.98,0.1238,-0.2541,13060.0
1854.7,17.91,0.08519,-0.4204,13080.0
1854.75,18.05,0.1332,-0.4475,13100.0
1854.8,18.2,0.1811,-0.4746,13100.0
1854.85,18.38,0.1799,-0.3631,13090.0
1854.9,18.57,0.1787,-0.2517,13080.0
1854.95,18.59,0.1166,-0.01378,13070.0
1855.0,18.62,0.05454,0.2241,13060.0
1855.05,18.72,0.07763,0.3226,13050.0
1855.1,18.83,0.1007,0.4212,13040.0
1855.15,18.71,-0.1654,0.6004,13050.0
1855.2,18.6,-0.4315,0.7797,13060.0
1855.25,18.4,-0.4729,0.5131,13080.0
1855.3,18.21,-0.5143,0.2466,13080.0
1855.35,18.31,-0.4367,0.04512,13080.0
1855.4,18.42,-0.3591,-0.1563,13090.0
1855.45,18.58,-0.3909,-0.1856,13110.0
1855.5,18.75,-0.4228,-0.2149,13130.0
1855.55,18.73,-0.5239,-0.1128,13140.0
1855.6,18.71,-0.625,-0.01073,13140.0
1855.65,18.53,-0.546,0.04121,13140.0
1855.7,18.35,-0.467,0.09316,13130.0
1855.75,18.21,-0.369,0.1477,13110.0
1855.8,18.07,-0.2711,0.2022,13100.0
1855.85,17.89,-0.4068,0.2585,13100.0
1855.9,17.7,-0.5426,0.3148,13120.0
1855.95,17.73,-0.713,0.4289,13160.0
1856.0,17.75,-0.8833,0.5429,13190.0
1856.05,17.79,-0.9439,0.613,13200.0
1856.1,17.84,-1.004,0.6831,13200.0
1856.15,17.57,-0.958,0.6488,13200.0
1856.2,17.3,-0.9116,0.6146,13180.0
1856.25,17.23,-0.7558,0.5495,13160.0
1856.3,17.17,-0.5999,0.4843,13160.0
1856.35,17.29,-0.6246,0.549,13170.0
1856.4,17.42,-0.6493,0.6136,13190.0
1856.45,17.49,-0.878,0.5726,13200.0
1856.5,17.56,-1.107,0.5316,13210.0
1856.55,17.7,-1.056,0.6364,13220.0
1856.6,17.84,-1.005,0.7411,13210.0
1856.65,17.68,-0.791,0.7664,13200.0
1856.7,17.52,-0.5768,0.7916,13180.0
1856.75,17.43,-0.6262,0.736,13170.0
1856.8,17.35,-0.6755,0.6804,13170.0
1856.85,17.54,-0.7078,0.5738,13190.0
1856.9,17.73,-0.74,0.4673,13220.0
1856.95,17.41,-0.6453,0.4859,13250.0
1857.0,17.08,-0.5505,0.5046,13280.0
1857.05,17.0,-0.3812,0.5316,13280.0
1857.1,16.92,-0.2118,0.5587,13270.0
1857.15,16.88,-0.1984,0.561,13230.0
1857.2,16.85,-0.1851,0.5634,13190.0
1857.25,16.84,-0.1129,0.4671,13160.0
1857.3,16.84,-0.0406,0.3709,13150.0
1857.35,17.0,0.0201,0.3531,13150.0
1857.4,17.17,0.08081,0.3353,13160.0
1857.45,17.13,-0.1455,0.3029,13180.0
1857.5,17.09,-0.3718,0.2705,13200.0
1857.55,16.94,-0.4242,0.1655,13230.0
1857.6,16.8,-0.4765,0.06048,13240.0
1857.65,16.71,-0.25,0.009267,13250.0
1857.7,16.62,-0.02349,-0.04195,13240.0
1857.75,16.51,0.09574,-0.2262,13230.0
1857.8,16.41,0.215,-0.4104,13210.0
1857.85,16.61,-0.0615,-0.2719,13180.0
1857.9,16.81,-0.338,-0.1334,13150.0
1857.95,16.91,-0.2603,-0.2242,13140.0
1858.0,17.02,-0.1827,-0.3151,13140.0
1858.05,16.91,-0.3557,-0.4045,13160.0
1858.1,16.8,-0.5287,-0.4938,13190.0
1858.15,16.74,-0.3149,-0.6203,13230.0
1858.2,16.68,-0.1011,-0.7467,13260.0
1858.25,16.59,-0.05016,-0.7007,13280.0
1858.3,16.49,0.0007962,-0.6546,13300.0
1858.35,16.51,-0.1142,-0.6927,13310.0
1858.4,16.53,-0.2293,-0.7309,13300.0
1858.45,16.59,-0.1186,-0.5943,13290.0
1858.5,16.64,-0.007962,-0.4578,13280.0
1858.55,16.65,0.01055,-0.4026,13270.0
1858.6,16.66,0.02906,-0.3475,13260.0
1858.65,16.59,0.07763,-0.5074,13240.0
1858.7,16.51,0.1262,-0.6672,13240.0
1858.75,16.57,-0.005971,-0.6937,13250.0
1858.8,16.63,-0.1381,-0.7202,13280.0
1858.85,16.66,-0.1883,-0.6599,13320.0
1858.9,16.69,-0.2385,-0.5997,13360.0
1858.95,16.64,-0.3483,-0.6738,13400.0
1859.0,16.59,-0.4582,-0.748,13420.0
1859.05,16.66,-0.4508,-0.701,13410.0
1859.1,16.72,-0.4435,-0.6541,13380.0
1859.15,16.57,-0.4212,-0.6882,13330.0
1859.2,16.41,-0.3989,-0.7224,13280.0
1859.25,16.35,-0.2705,-0.6147,13250.0
1859.3,16.29,-0.1421,-0.507,13250.0
1859.35,16.22,-0.03702,-0.4026,13270.0
1859.4,16.16,0.06807,-0.2983,13300.0
1859.45,16.17,-0.07723,-0.06511,13340.0
1859.5,16.17,-0.2225,0.168,13380.0
1859.55,16.3,-0.2398,0.193,13400.0
1859.6,16.43,-0.2572,0.218,13400.0
1859.65,16.57,-0.2516,0.2747,13370.0
1859.7,16.71,-0.246,0.3314,13320.0
1859.75,16.74,-0.4646,0.1307,13270.0
1859.8,16.78,-0.6831,-0.06999,13230.0
1859.85,16.72,-0.6751,-0.1636,13210.0
1859.9,16.66,-0.6672,-0.2573,13210.0
1859.95,16.66,-0.6248,-0.1269,13240.0
1860.0,16.66,-0.5824,0.003414,13290.0
1860.05,16.66,-0.4946,0.09621,13330.0
1860.1,16.66,-0.4068,0.189,13350.0
1860.15,16.86,-0.5927,0.3081,13350.0
1860.2,17.05,-0.7787,0.4273,13330.0
1860.25,17.02,-0.6809,0.3552,13290.0
1860.3,16.99,-0.5832,0.2831,13250.0
1860.35,17.02,-0.536,0.1397,13210.0
1860.4,17.04,-0.4888,-0.003658,13190.0
1860.45,17.1,-0.672,-0.003902,13190.0
1860.5,17.16,-0.8551,-0.004146,13220.0
1860.55,17.29,-0.9737,0.04646,13260.0
1860.6,17.43,-1.092,0.09706,13290.0
1860.65,17.15,-1.051,0.1364,13330.0
1860.7,16.88,-1.01,0.1758,13350.0
1860.75,17.07,-0.9948,-0.0211,13350.0
1860.8,17.26,-0.9801,-0.218,13330.0
1860.85,17.17,-1.122,-0.1563,13300.0
1860.9,17.08,-1.264,-0.09462,13280.0
1860.95,17.14,-1.327,0.00439,13260.0
1861.0,17.2,-1.39,0.1034,13260.0
1861.05,17.07,-1.431,0.1438,13270.0
1861.1,16.94,-1.471,0.1841,13290.0
1861.15,17.14,-1.317,0.1404,13320.0
1861.2,17.33,-1.164,0.09657,13350.0
1861.25,17.41,-1.228,0.2786,13370.0
1861.3,17.49,-1.291,0.4607,13370.0
1861.35,17.42,-1.163,0.5576,13360.0
1861.4,17.34,-1.035,0.6546,13350.0
1861.45,17.3,-1.025,0.6731,13340.0
1861.5,17.25,-1.016,0.6916,13330.0
1861.55,17.3,-1.051,0.5816,13320.0
1861.6,17.36,-1.086,0.4717,13330.0
1861.65,17.16,-0.9948,0.2775,13350.0
1861.7,16.96,-0.9036,0.08341,13360.0
1861.75,16.89,-0.6268,0.1045,13370.0
1861.8,16.83,-0.3499,0.1256,13380.0
1861.85,16.9,-0.4568,0.2588,13390.0
1861.9,16.98,-0.5637,0.3919,13390.0
1861.95,17.13,-0.4399,0.447,13370.0
1862.0,17.28,-0.3161,0.5021,13350.0
1862.05,17.35,-0.3547,0.5751,13320.0
1862.1,17.41,-0.3933,0.648,13300.0
1862.15,17.35,-0.4441,0.6127,13290.0
1862.2,17.29,-0.4948,0.5775,13300.0
1862.25,17.23,-0.5127,0.5038,13310.0
1862.3,17.17,-0.5306,0.4302,13340.0
1862.35,17.1,-0.7156,0.4174,13370.0
1862.4,17.03,-0.9005,0.4046,13380.0
1862.45,17.1,-0.92,0.3997,13370.0
1862.5,17.18,-0.9395,0.3948,13350.0
1862.55,17.31,-0.9321,0.2748,13320.0
1862.6,17.44,-0.9247,0.1549,13290.0
1862.65,17.29,-0.9512,0.1849,13270.0
1862.7,17.14,-0.9777,0.2149,13250.0
1862.75,17.04,-1.049,0.2522,13250.0
1862.8,16.94,-1.12,0.2895,13260.0
1862.85,16.72,-1.14,0.5636,13280.0
1862.9,16.49,-1.16,0.8377,13290.0
1862.95,16.53,-1.174,0.9268,13310.0
1863.0,16.58,-1.189,1.016,13320.0
1863.05,16.62,-1.424,0.9687,13320.0
1863.1,16.67,-1.66,0.9214,13320.0
1863.15,16.51,-1.692,0.9861,13300.0
1863.2,16.35,-1.724,1.051,13280.0
1863.25,16.31,-1.934,0.9967,13250.0
1863.3,16.27,-2.144,0.9426,13230.0
1863.35,16.23,-2.095,0.9372,13200.0
1863.4,16.2,-2.045,0.9318,13200.0
1863.45,16.32,-1.828,0.5705,13210.0
1863.5,16.44,-1.611,0.2092,13240.0
1863.55,16.56,-1.489,0.3095,13280.0
1863.6,16.68,-1.366,0.4097,13320.0
1863.65,16.62,-1.212,0.4456,13340.0
1863.7,16.56,-1.057,0.4814,13350.0
1863.75,16.61,-1.185,0.407,13340.0
1863.8,16.66,-1.313,0.3326,13300.0
1863.85,16.56,-1.172,0.3076,13270.0
1863.9,16.47,-1.031,0.2827,13240.0
1863.95,16.55,-0.9411,0.2347,13220.0
1864.0,16.63,-0.8515,0.1868,13220.0
1864.05,16.59,-0.9663,0.2991,13230.0
1864.1,16.54,-1.081,0.4114,13250.0
1864.15,16.45,-1.076,0.4578,13280.0
1864.2,16.36,-1.07,0.5041,13320.0
1864.25,16.32,-1.108,0.2751,13350.0
1864.3,16.28,-1.146,0.04609,13360.0
1864.35,16.35,-1.103,0.1466,13370.0
1864.4,16.42,-1.059,0.247,13370.0
1864.45,16.33,-1.014,0.2723,13350.0
1864.5,16.24,-0.9689,0.2975,13320.0
1864.55,16.19,-0.9025,0.5402,13290.0
1864.6,16.14,-0.836,0.7828,13270.0
1864.65,16.11,-0.8808,0.8522,13280.0
1864.7,16.09,-0.9255,0.9216,13310.0
1864.75,16.21,-1.061,0.8873,13330.0
1864.8,16.34,-1.197,0.8531,13360.0
1864.85,16.24,-1.18,0.8109,13380.0
1864.9,16.14,-1.163,0.7687,13410.0
1864.95,15.98,-1.197,0.8542,13420.0
1865.0,15.83,-1.23,0.9397,13410.0
1865.05,15.59,-1.235,1.011,13410.0
1865.1,15.35,-1.24,1.082,13410.0
1865.15,15.45,-1.232,0.9101,13420.0
1865.2,15.56,-1.225,0.7382,13430.0
1865.25,15.66,-1.218,0.7,13430.0
1865.3,15.76,-1.211,0.6619,13420.0
1865.35,15.65,-1.16,0.7719,13420.0
1865.4,15.54,-1.109,0.8819,13420.0
1865.45,15.65,-0.9978,0.8851,13420.0
1865.5,15.75,-0.8869,0.8884,13420.0
1865.55,15.62,-0.6895,1.098,13440.0
1865.6,15.49,-0.492,1.307,13470.0
1865.65,15.37,-0.2621,1.194,13500.0
1865.7,15.24,-0.03224,1.08,13510.0
1865.75,15.25,-0.08439,1.14,13500.0
1865.8,15.26,-0.1365,1.2,13480.0
1865.85,15.36,-0.1314,1.07,13470.0
1865.9,15.46,-0.1262,0.9409,13450.0
1865.95,15.5,-0.203,0.9482,13420.0
1866.0,15.53,-0.2799,0.9555,13390.0
1866.05,15.49,-0.1965,0.8576,13390.0
1866.1,15.44,-0.1131,0.7597,13410.0
1866.15,15.51,0.06787,0.7875,13440.0
1866.2,15.58,0.2488,0.8153,13460.0
1866.25,15.64,0.1551,0.7794,13470.0
1866.3,15.7,0.0613,0.7436,13480.0
1866.35,15.76,-0.2221,0.6043,13470.0
1866.4,15.82,-0.5056,0.4651,13440.0
1866.45,15.92,-0.4803,0.3669,13410.0
1866.5,16.02,-0.455,0.2688,13390.0
1866.55,15.91,-0.5659,0.1624,13400.0
1866.6,15.81,-0.6767,0.05609,13420.0
1866.65,15.95,-0.6931,0.003902,13440.0
1866.7,16.09,-0.7094,-0.04829,13450.0
1866.75,15.95,-0.6751,0.0317,13470.0
1866.8,15.82,-0.6409,0.1117,13480.0
1866.85,15.6,-0.6335,0.1493,13460.0
1866.9,15.38,-0.6262,0.1868,13430.0
1866.95,15.37,-0.5971,0.04792,13400.0
1867.0,15.36,-0.5681,-0.09097,13380.0
1867.05,15.31,-0.7562,-0.006463,13390.0
1867.1,15.26,-0.9443,0.07804,13400.0
1867.15,15.45,-0.7281,0.1234,13420.0
1867.2,15.63,-0.5119,0.1688,13460.0
1867.25,15.55,-0.5259,0.02512,13490.0
1867.3,15.47,-0.5398,-0.1185,13510.0
1867.35,15.63,-0.6483,-0.1352,13500.0
1867.4,15.8,-0.7568,-0.1519,13470.0
1867.45,15.93,-0.8531,-0.2484,13450.0
1867.5,16.07,-0.9494,-0.3448,13430.0
1867.55,16.0,-0.9556,-0.3345,13420.0
1867.6,15.93,-0.9618,-0.3241,13430.0
1867.65,15.99,-0.8662,-0.2262,13450.0
1867.7,16.06,-0.7707,-0.1283,13490.0
1867.75,16.09,-0.8555,-0.178,13540.0
1867.8,16.13,-0.9403,-0.2278,13570.0
1867.85,16.03,-1.034,-0.2497,13570.0
1867.9,15.93,-1.128,-0.2717,13570.0
1867.95,15.93,-1.059,-0.384,13560.0
1868.0,15.94,-0.9888,-0.4963,13550.0
1868.05,15.95,-0.8525,-0.4351,13540.0
1868.1,15.96,-0.7162,-0.3739,13540.0
1868.15,16.23,-0.7026,-0.2007,13560.0
1868.2,16.5,-0.6891,-0.02756,13590.0
1868.25,16.33,-0.7094,0.04878,13610.0
1868.3,16.16,-0.7297,0.1251,13630.0
1868.35,16.25,-0.5712,0.1866,13650.0
1868.4,16.34,-0.4128,0.248,13670.0
1868.45,16.38,-0.3887,0.1866,13690.0
1868.5,16.42,-0.3646,0.1251,13690.0
1868.55,16.28,-0.1698,0.1389,13680.0
1868.6,16.13,0.02508,0.1527,13660.0
1868.65,16.4,-0.1612,0.343,13640.0
1868.7,16.67,-0.3475,0.5334,13620.0
1868.75,16.79,-0.3093,0.5297,13610.0
1868.8,16.91,-0.2711,0.526,13620.0
1868.85,16.85,-0.2667,0.3474,13640.0
1868.9,16.8,-0.2623,0.1688,13670.0
1868.95,16.87,-0.3039,0.1539,13710.0
1869.0,16.95,-0.3455,0.139,13730.0
1869.05,16.94,-0.3617,0.0378,13730.0
1869.1,16.93,-0.3778,-0.06341,13730.0
1869.15,16.96,-0.2054,0.05682,13730.0
1869.2,16.99,-0.03304,0.1771,13710.0
1869.25,17.08,-0.1332,0.2833,13680.0
1869.3,17.17,-0.2333,0.3895,13640.0
1869.35,17.11,-0.03145,0.4788,13620.0
1869.4,17.05,0.1704,0.5682,13620.0
1869.45,16.98,0.3322,0.6618,13620.0
1869.5,16.9,0.494,0.7553,13640.0
1869.55,16.89,0.422,0.6703,13680.0
1869.6,16.88,0.3499,0.5853,13720.0
1869.65,16.79,0.3197,0.6069,13760.0
1869.7,16.71,0.2894,0.6285,13770.0
1869.75,16.62,0.414,0.5643,13750.0
1869.8,16.54,0.5386,0.5002,13720.0
1869.85,16.42,0.5374,0.4714,13680.0
1869.9,16.31,0.5362,0.4426,13630.0
1869.95,16.37,0.6168,0.5564,13600.0
1870.0,16.44,0.6974,0.6702,13600.0
1870.05,16.64,0.5615,0.7625,13630.0
1870.1,16.84,0.4256,0.8548,13680.0
1870.15,16.66,0.2619,0.7576,13720.0
1870.2,16.48,0.09833,0.6604,13740.0
1870.25,16.48,0.06807,0.7322,13730.0
1870.3,16.48,0.03782,0.8041,13720.0
1870.35,16.44,-0.1093,0.888,13700.0
1870.4,16.4,-0.2564,0.9718,13680.0
1870.45,16.45,-0.0005971,0.9059,13680.0
1870.5,16.5,0.2552,0.8399,13700.0
1870.55,16.42,-0.02846,0.931,13730.0
1870.6,16.34,-0.3121,1.022,13760.0
1870.65,16.37,-0.4108,0.9337,13790.0
1870.7,16.39,-0.5095,0.8453,13790.0
1870.75,16.39,-0.5105,0.7841,13780.0
1870.8,16.39,-0.5115,0.7228,13770.0
1870.85,16.27,-0.3642,0.8097,13770.0
1870.9,16.14,-0.217,0.8965,13780.0
1870.95,16.03,-0.3696,0.8823,13790.0
1871.0,15.92,-0.5223,0.8682,13810.0
1871.05,15.77,-0.4811,0.5727,13830.0
1871.1,15.63,-0.4399,0.2773,13850.0
1871.15,15.45,-0.3808,0.2825,13850.0
1871.2,15.27,-0.3217,0.2878,13840.0
1871.25,15.2,-0.2801,0.1577,13850.0
1871.3,15.14,-0.2385,0.02756,13870.0
1871.35,15.24,-0.1441,-0.04658,13900.0
1871.4,15.34,-0.04976,-0.1207,13910.0
1871.45,15.34,-0.1115,-0.1043,13910.0
1871.5,15.34,-0.1732,-0.0878,13890.0
1871.55,15.28,-0.1131,-0.1062,13860.0
1871.6,15.23,-0.05295,-0.1246,13830.0
1871.65,15.09,-0.1208,-0.104,13800.0
1871.7,14.95,-0.1887,-0.08341,13790.0
1871.75,15.1,-0.1222,-0.1561,13820.0
1871.8,15.26,-0.05573,-0.2288,13870.0
1871.85,15.39,-0.1019,0.03658,13920.0
1871.9,15.52,-0.1481,0.3019,13960.0
1871.95,15.44,-0.1988,0.07743,13980.0
1872.0,15.35,-0.2496,-0.1471,13970.0
1872.05,15.49,-0.2361,-0.1322,13940.0
1872.1,15.63,-0.2225,-0.1173,13870.0
1872.15,15.76,-0.2189,-0.2311,13810.0
1872.2,15.89,-0.2154,-0.3448,13770.0
1872.25,15.59,-0.1535,-0.3164,13760.0
1872.3,15.3,-0.09156,-0.288,13780.0
1872.35,15.11,-0.04379,-0.3287,13810.0
1872.4,14.93,0.003981,-0.3695,13860.0
1872.45,14.97,0.09335,-0.4371,13920.0
1872.5,15.01,0.1827,-0.5048,13950.0
1872.55,14.93,0.1308,-0.3485,13950.0
1872.6,14.85,0.07882,-0.1922,13920.0
1872.65,14.96,-0.07683,-0.2105,13870.0
1872.7,15.07,-0.2325,-0.2288,13820.0
1872.75,15.01,-0.3328,-0.4991,13780.0
1872.8,14.95,-0.4331,-0.7694,13740.0
1872.85,14.96,-0.5724,-0.436,13720.0
1872.9,14.97,-0.7118,-0.1027,13750.0
1872.95,14.91,-0.7504,0.1544,13800.0
1873.0,14.85,-0.789,0.4114,13850.0
1873.05,14.79,-0.6361,0.3995,13890.0
1873.1,14.72,-0.4833,0.3875,13910.0
1873.15,14.77,-0.45,0.105,13910.0
1873.2,14.83,-0.4168,-0.1775,13880.0
1873.25,14.79,-0.6427,-0.05841,13830.0
1873.3,14.75,-0.8686,0.06072,13770.0
1873.35,14.83,-0.752,0.03975,13730.0
1873.4,14.91,-0.6353,0.01878,13730.0
1873.45,14.77,-0.5695,0.01329,13770.0
1873.5,14.64,-0.5036,0.007804,13800.0
1873.55,14.89,-0.4978,0.05012,13830.0
1873.6,15.14,-0.492,0.09243,13870.0
1873.65,15.27,-0.4413,0.1232,13900.0
1873.7,15.39,-0.3905,0.1539,13910.0
1873.75,15.4,-0.3869,0.1072,13890.0
1873.8,15.41,-0.3834,0.06048,13860.0
1873.85,15.33,-0.1182,-0.1306,13840.0
1873.9,15.24,0.1469,-0.3217,13830.0
1873.95,15.34,0.2303,-0.3969,13820.0
1874.0,15.44,0.3137,-0.4721,13810.0
1874.05,15.51,0.04459,-0.3257,13820.0
1874.1,15.58,-0.2245,-0.1792,13860.0
1874.15,15.76,-0.1105,-0.2318,13900.0
1874.2,15.95,0.003583,-0.2844,13940.0
1874.25,15.82,0.2022,-0.1708,13970.0
1874.3,15.69,0.4009,-0.05731,13980.0
1874.35,15.58,0.3314,0.03012,13970.0
1874.4,15.48,0.2619,0.1175,13940.0
1874.45,15.39,0.3443,-0.05755,13900.0
1874.5,15.31,0.4267,-0.2327,13870.0
1874.55,15.45,0.2617,-0.3413,13850.0
1874.6,15.59,0.09673,-0.45,13870.0
1874.65,15.72,0.2092,-0.4257,13900.0
1874.7,15.85,0.3217,-0.4014,13940.0
1874.75,15.73,0.3885,-0.3669,13980.0
1874.8,15.61,0.4554,-0.3324,14000.0
1874.85,15.53,0.424,-0.3409,14010.0
1874.9,15.45,0.3925,-0.3495,13990.0
1874.95,15.47,0.5324,-0.4076,13960.0
1875.0,15.5,0.6724,-0.4658,13930.0
1875.05,15.46,0.7056,-0.5246,13910.0
1875.1,15.42,0.7388,-0.5834,13910.0
1875.15,15.57,0.5904,-0.3978,13910.0
1875.2,15.71,0.4419,-0.2122,13910.0
1875.25,15.64,0.4504,-0.04743,13920.0
1875.3,15.57,0.459,0.1173,13950.0
1875.35,15.45,0.5557,0.106,13970.0
1875.4,15.33,0.6525,0.09462,13970.0
1875.45,15.44,0.587,0.115,13950.0
1875.5,15.54,0.5215,0.1354,13930.0
1875.55,15.69,0.4206,0.06438,13910.0
1875.6,15.83,0.3197,-0.006585,13880.0
1875.65,15.85,0.3551,-0.1949,13850.0
1875.7,15.88,0.3905,-0.3831,13840.0
1875.75,15.99,0.495,-0.5209,13860.0
1875.8,16.1,0.5995,-0.6587,13910.0
1875.85,16.03,0.788,-0.5431,13950.0
1875.9,15.96,0.9765,-0.4275,13970.0
1875.95,15.96,1.097,-0.4639,13970.0
1876.0,15.96,1.217,-0.5002,13960.0
1876.05,15.97,1.154,-0.4323,13930.0
1876.1,15.99,1.091,-0.3644,13870.0
1876.15,15.89,1.003,-0.4019,13800.0
1876.2,15.8,0.9152,-0.4395,13770.0
1876.25,15.77,1.159,-0.369,13770.0
1876.3,15.74,1.403,-0.2985,13800.0
1876.35,15.7,1.381,-0.5865,13850.0
1876.4,15.66,1.358,-0.8745,13910.0
1876.45,15.64,1.282,-0.7165,13970.0
1876.5,15.63,1.206,-0.5585,14000.0
1876.55,15.69,1.117,-0.4251,13990.0
1876.6,15.75,1.028,-0.2917,13940.0
1876.65,15.64,1.014,-0.2274,13880.0
1876.7,15.53,1.0,-0.1632,13820.0
1876.75,15.51,0.9395,-0.264,13780.0
1876.8,15.49,0.879,-0.3648,13760.0
1876.85,15.45,0.9739,-0.6259,13780.0
1876.9,15.41,1.069,-0.887,13830.0
1876.95,15.5,0.9868,-0.7769,13900.0
1877.0,15.6,0.9048,-0.6668,13970.0
1877.05,15.62,0.8041,-0.4774,14010.0
1877.1,15.63,0.7034,-0.288,14020.0
1877.15,15.63,0.7126,-0.02439,14010.0
1877.2,15.62,0.7217,0.2392,13990.0
1877.25,15.55,0.5693,0.186,13950.0
1877.3,15.47,0.4168,0.1327,13910.0
1877.35,15.56,0.2432,-0.03341,13870.0
1877.4,15.65,0.06966,-0.1995,13870.0
1877.45,15.75,0.05752,-0.1756,13890.0
1877.5,15.85,0.04538,-0.1517,13930.0
1877.55,15.98,0.1543,0.02658,13980.0
1877.6,16.11,0.2631,0.2049,14030.0
1877.65,16.06,0.2454,0.1795,14070.0
1877.7,16.0,0.2277,0.1541,14070.0
1877.75,15.88,0.2711,-0.007072,14040.0
1877.8,15.77,0.3145,-0.1683,13990.0
1877.85,15.9,0.372,-0.2758,13940.0
1877.9,16.03,0.4295,-0.3834,13920.0
1877.95,15.9,0.2351,-0.09414,13920.0
1878.0,15.76,0.0406,0.1951,13930.0
1878.05,15.75,0.2,0.2335,13960.0
1878.1,15.74,0.3595,0.2719,13990.0
1878.15,15.78,0.2273,0.3169,14020.0
1878.2,15.82,0.09514,0.3619,14020.0
1878.25,15.82,0.1541,0.1812,14000.0
1878.3,15.82,0.213,0.0004877,13980.0
1878.35,15.94,0.501,-0.1639,13960.0
1878.4,16.06,0.789,-0.3283,13950.0
1878.45,15.99,0.7369,-0.3541,13950.0
1878.5,15.92,0.6847,-0.38,13950.0
1878.55,15.96,0.452,-0.3847,13980.0
1878.6,16.01,0.2193,-0.3895,14010.0
1878.65,16.09,0.07185,-0.4376,14020.0
1878.7,16.17,-0.07564,-0.4858,14010.0
1878.75,16.38,0.06887,-0.5881,13990.0
1878.8,16.59,0.2134,-0.6904,13960.0
1878.85,16.54,0.1511,-0.6521,13940.0
1878.9,16.49,0.08877,-0.6138,13920.0
1878.95,16.44,-0.006767,-0.6777,13900.0
1879.0,16.38,-0.1023,-0.7416,13920.0
1879.05,16.14,-0.2285,-0.6733,13950.0
1879.1,15.89,-0.3547,-0.6051,13990.0
1879.15,15.68,-0.3115,-0.5257,14010.0
1879.2,15.47,-0.2683,-0.4463,14020.0
1879.25,15.37,-0.3151,-0.3772,14010.0
1879.3,15.28,-0.3619,-0.308,14010.0
1879.35,15.32,-0.5117,-0.3584,13990.0
1879.4,15.37,-0.6616,-0.4087,13950.0
1879.45,15.43,-0.5519,-0.4935,13920.0
1879.5,15.5,-0.4423,-0.5782,13910.0
1879.55,15.51,-0.5764,-0.5318,13920.0
1879.6,15.52,-0.7106,-0.4853,13920.0
1879.65,15.51,-0.6174,-0.5593,13910.0
1879.7,15.5,-0.5243,-0.6333,13920.0
1879.75,15.56,-0.2645,-0.6291,13950.0
1879.8,15.62,-0.004777,-0.6248,13990.0
1879.85,15.54,-0.07265,-0.4812,14020.0
1879.9,15.47,-0.1405,-0.3375,14040.0
1879.95,15.54,-0.00199,-0.1911,14050.0
1880.0,15.62,0.1365,-0.04463,14050.0
1880.05,15.53,0.3069,0.1435,14020.0
1880.1,15.44,0.4773,0.3317,13970.0
1880.15,15.41,0.5615,0.1945,13930.0
1880.2,15.38,0.6457,0.05731,13920.0
1880.25,15.37,0.6407,0.08853,13930.0
1880.3,15.37,0.6357,0.1197,13970.0
1880.35,15.41,0.5599,0.121,14010.0
1880.4,15.46,0.4841,0.1222,14050.0
1880.45,15.47,0.6218,0.07511,14080.0
1880.5,15.49,0.7595,0.02805,14100.0
1880.55,15.61,0.7675,-0.08462,14080.0
1880.6,15.73,0.7755,-0.1973,14040.0
1880.65,15.96,0.7371,-0.1632,14020.0
1880.7,16.19,0.6986,-0.129,14010.0
1880.75,16.09,0.5683,-0.03841,14000.0
1880.8,15.99,0.4379,0.05219,13980.0
1880.85,16.04,0.5251,0.02622,13970.0
1880.9,16.09,0.6123,0.0002439,13980.0
1880.95,16.22,0.7104,0.07377,13980.0
1881.0,16.36,0.8085,0.1473,13980.0
1881.05,16.23,0.8204,0.3904,13990.0
1881.1,16.1,0.8324,0.6336,14000.0
1881.15,16.1,0.8264,0.5042,14000.0
1881.2,16.11,0.8204,0.3748,14000.0
1881.25,16.26,0.9859,0.2457,13980.0
1881.3,16.41,1.151,0.1166,13970.0
1881.35,16.42,1.142,0.007438,13960.0
1881.4,16.42,1.132,-0.1017,13940.0
1881.45,16.39,1.061,0.1089,13920.0
1881.5,16.37,0.9904,0.3195,13910.0
1881.55,16.25,0.8449,0.4762,13910.0
1881.6,16.13,0.6994,0.6329,13930.0
1881.65,16.27,0.6453,0.758,13940.0
1881.7,16.41,0.5912,0.8831,13950.0
1881.75,16.35,0.4849,0.8975,13940.0
1881.8,16.28,0.3786,0.9119,13920.0
1881.85,16.16,0.3919,0.9518,13900.0
1881.9,16.04,0.4052,0.9918,13900.0
1881.95,16.11,0.3008,0.952,13900.0
1882.0,16.18,0.1963,0.9121,13910.0
1882.05,16.02,0.281,0.8648,13940.0
1882.1,15.85,0.3658,0.8175,13970.0
1882.15,15.91,0.2687,0.8113,13990.0
1882.2,15.97,0.1716,0.805,13980.0
1882.25,15.99,0.1105,0.7083,13960.0
1882.3,16.01,0.04936,0.6116,13930.0
1882.35,16.06,0.2806,0.6929,13900.0
1882.4,16.1,0.5119,0.7741,13890.0
1882.45,16.05,0.6121,0.7749,13900.0
1882.5,16.01,0.7122,0.7758,13930.0
1882.55,16.01,0.8489,1.006,13980.0
1882.6,16.02,0.9857,1.237,14030.0
1882.65,16.1,0.8121,1.272,14060.0
1882.7,16.17,0.6385,1.308,14080.0
1882.75,16.2,0.45,1.255,14070.0
1882.8,16.22,0.2615,1.201,14060.0
1882.85,16.1,0.2036,1.121,14020.0
1882.9,15.99,0.1457,1.041,13990.0
1882.95,15.92,0.1182,0.9067,13970.0
1883.0,15.84,0.09076,0.7724,13970.0
1883.05,15.71,0.2329,0.705,14000.0
1883.1,15.58,0.375,0.6377,14040.0
1883.15,15.6,0.5084,0.7448,14090.0
1883.2,15.62,0.6417,0.8519,14140.0
1883.25,15.61,0.7818,0.7317,14170.0
1883.3,15.59,0.922,0.6116,14170.0
1883.35,15.65,0.7446,0.4912,14140.0
1883.4,15.72,0.5673,0.3707,14090.0
1883.45,15.91,0.588,0.2868,14050.0
1883.5,16.09,0.6087,0.2029,14020.0
1883.55,16.07,0.6347,0.2357,14010.0
1883.6,16.04,0.6608,0.2685,14030.0
1883.65,15.91,0.8139,0.03548,14060.0
1883.7,15.77,0.9669,-0.1975,14100.0
1883.75,15.7,0.9992,-0.1601,14120.0
1883.8,15.62,1.031,-0.1227,14130.0
1883.85,15.55,0.9695,-0.05475,14130.0
1883.9,15.48,0.9076,0.01317,14110.0
1883.95,15.58,0.6023,0.09414,14070.0
1884.0,15.68,0.297,0.1751,14030.0
1884.05,15.72,0.3159,0.1633,13990.0
1884.1,15.76,0.3348,0.1514,13970.0
1884.15,15.87,0.2556,0.2184,13960.0
1884.2,15.99,0.1764,0.2853,13970.0
1884.25,15.86,0.1158,0.3976,14000.0
1884.3,15.72,0.05533,0.5099,14030.0
1884.35,15.5,0.04379,0.7478,14070.0
1884.4,15.27,0.03224,0.9857,14080.0
1884.45,15.41,0.247,1.052,14080.0
1884.5,15.55,0.4618,1.118,14050.0
1884.55,15.56,0.5553,1.066,14010.0
1884.6,15.57,0.6489,1.013,13970.0
1884.65,15.48,0.6146,0.9756,13940.0
1884.7,15.39,0.5804,0.9384,13930.0
1884.75,15.36,0.6566,1.061,13940.0
1884.8,15.33,0.7329,1.183,13970.0
1884.85,15.14,0.6083,1.138,14010.0
1884.9,14.94,0.4837,1.094,14050.0
1884.95,14.92,0.5547,1.035,14080.0
1885.0,14.9,0.6258,0.9762,14100.0
1885.05,15.16,0.6423,0.9982,14090.0
1885.1,15.42,0.6588,1.02,14060.0
1885.15,15.55,0.6738,1.134,14020.0
1885.2,15.68,0.6887,1.247,13980.0
1885.25,15.73,0.5261,1.279,13960.0
1885.3,15.78,0.3635,1.31,13970.0
1885.35,15.73,0.2639,1.443,13990.0
1885.4,15.68,0.1644,1.577,14040.0
1885.45,15.62,0.1775,1.278,14090.0
1885.5,15.55,0.1907,0.9801,14130.0
1885.55,15.45,0.04558,0.9901,14160.0
1885.6,15.35,-0.09952,1.0,14160.0
1885.65,15.5,0.008957,1.085,14150.0
1885.7,15.66,0.1174,1.169,14120.0
1885.75,15.77,0.09833,0.9387,14100.0
1885.8,15.88,0.07922,0.7082,14070.0
1885.85,15.77,0.1614,0.6902,14060.0
1885.9,15.65,0.2436,0.6721,14070.0
1885.95,15.71,0.1815,0.758,14090.0
1886.0,15.78,0.1194,0.8438,14140.0
1886.05,15.78,0.2832,0.8721,14180.0
1886.1,15.79,0.447,0.9004,14200.0
1886.15,15.79,0.5744,0.8448,14210.0
1886.2,15.79,0.7018,0.7892,14210.0
1886.25,15.75,1.018,1.007,14190.0
1886.3,15.72,1.334,1.226,14160.0
1886.35,15.76,1.299,1.209,14130.0
1886.4,15.8,1.264,1.192,14100.0
1886.45,15.87,1.04,1.153,14080.0
1886.5,15.94,0.8173,1.115,14090.0
1886.55,15.93,0.7649,1.031,14110.0
1886.6,15.92,0.7126,0.9467,14130.0
1886.65,15.91,0.7908,1.108,14150.0
1886.7,15.91,0.869,1.269,14170.0
1886.75,15.93,0.823,1.081,14160.0
1886.8,15.96,0.7771,0.894,14120.0
1886.85,15.68,0.5738,1.053,14080.0
1886.9,15.4,0.3706,1.213,14040.0
1886.95,15.41,0.3843,1.357,14030.0
1887.0,15.43,0.3981,1.502,14030.0
1887.05,15.31,0.2387,1.48,14040.0
1887.1,15.2,0.07922,1.457,14060.0
1887.15,15.17,0.009753,1.258,14070.0
1887.2,15.15,-0.05971,1.059,14080.0
1887.25,15.29,-0.1142,0.9316,14070.0
1887.3,15.43,-0.1688,0.8045,14040.0
1887.35,15.34,0.1236,0.8859,14020.0
1887.4,15.25,0.416,0.9672,14020.0
1887.45,15.37,0.3861,0.818,14010.0
1887.5,15.5,0.3563,0.6687,14010.0
1887.55,15.61,0.1009,0.4201,14000.0
1887.6,15.71,-0.1545,0.1714,14000.0
1887.65,15.73,-0.2574,0.1216,14000.0
1887.7,15.76,-0.3603,0.0717,13990.0
1887.75,15.79,-0.5109,0.03585,13990.0
1887.8,15.83,-0.6616,0.0,14000.0
1887.85,15.88,-0.5726,-0.2469,14020.0
1887.9,15.93,-0.4837,-0.4938,14050.0
1887.95,15.93,-0.4003,-0.4079,14060.0
1888.0,15.93,-0.3169,-0.3219,14060.0
1888.05,16.08,-0.3877,-0.442,14040.0
1888.1,16.22,-0.4586,-0.5621,14020.0
1888.15,16.14,-0.3384,-0.7508,14000.0
1888.2,16.05,-0.2181,-0.9394,13990.0
1888.25,16.09,-0.3553,-0.9342,13990.0
1888.3,16.12,-0.4924,-0.9289,14030.0
1888.35,16.31,-0.7315,-0.6191,14070.0
1888.4,16.49,-0.9705,-0.3092,14120.0
1888.45,16.48,-0.8776,-0.2307,14150.0
1888.5,16.46,-0.7846,-0.1522,14160.0
1888.55,16.58,-0.8135,-0.2289,14170.0
1888.6,16.7,-0.8423,-0.3056,14160.0
1888.65,16.6,-0.8155,-0.2913,14150.0
1888.7,16.5,-0.7886,-0.277,14140.0
1888.75,16.35,-0.5981,-0.4163,14140.0
1888.8,16.19,-0.4076,-0.5555,14160.0
1888.85,16.43,-0.4194,-0.4086,14170.0
1888.9,16.67,-0.4311,-0.2617,14190.0
1888.95,16.67,-0.3724,-0.4498,14200.0
1889.0,16.67,-0.3137,-0.638,14220.0
1889.05,16.6,-0.2846,-0.5905,14240.0
1889.1,16.53,-0.2556,-0.5431,14260.0
1889.15,16.49,-0.3406,-0.2673,14270.0
1889.2,16.46,-0.4256,0.008536,14270.0
1889.25,16.36,-0.4339,-0.003902,14270.0
1889.3,16.26,-0.4423,-0.01634,14260.0
1889.35,16.11,-0.7044,-0.04134,14230.0
1889.4,15.96,-0.9665,-0.06633,14200.0
1889.45,15.8,-1.035,-0.0945,14180.0
1889.5,15.64,-1.104,-0.1227,14180.0
1889.55,15.71,-0.9504,-0.2953,14180.0
1889.6,15.78,-0.797,-0.468,14200.0
1889.65,15.77,-0.8611,-0.5343,14210.0
1889.7,15.76,-0.9251,-0.6007,14230.0
1889.75,15.85,-1.023,-0.5912,14230.0
1889.8,15.95,-1.121,-0.5816,14220.0
1889.85,16.05,-0.9805,-0.5169,14200.0
1889.9,16.14,-0.84,-0.4521,14190.0
1889.95,15.91,-0.6953,-0.5871,14160.0
1890.0,15.68,-0.5505,-0.7221,14140.0
1890.05,15.72,-0.5738,-0.4824,14130.0
1890.1,15.77,-0.5971,-0.2427,14140.0
1890.15,15.83,-0.6343,-0.1136,14150.0
1890.2,15.89,-0.6716,0.01536,14160.0
1890.25,15.81,-0.4703,0.07548,14160.0
1890.3,15.74,-0.2691,0.1356,14150.0
1890.35,15.71,-0.123,0.02719,14140.0
1890.4,15.67,0.02309,-0.08121,14120.0
1890.45,15.64,-0.1851,-0.07438,14090.0
1890.5,15.61,-0.3933,-0.06755,14080.0
1890.55,15.55,-0.3933,-0.04158,14090.0
1890.6,15.49,-0.3933,-0.01561,14120.0
1890.65,15.62,-0.5249,-0.1564,14160.0
1890.7,15.76,-0.6564,-0.2973,14190.0
1890.75,15.8,-0.501,-0.3042,14210.0
1890.8,15.84,-0.3455,-0.3112,14220.0
1890.85,15.77,-0.367,-0.2045,14230.0
1890.9,15.7,-0.3885,-0.09779,14230.0
1890.95,15.8,-0.3268,-0.3847,14210.0
1891.0,15.9,-0.2651,-0.6716,14200.0
1891.05,15.92,-0.5121,-0.6232,14200.0
1891.1,15.93,-0.7591,-0.5748,14210.0
1891.15,16.11,-0.872,-0.4442,14230.0
1891.2,16.29,-0.9849,-0.3136,14260.0
1891.25,16.33,-1.012,-0.4593,14300.0
1891.3,16.37,-1.039,-0.6051,14350.0
1891.35,16.31,-0.9554,-0.6185,14380.0
1891.4,16.25,-0.8718,-0.6319,14400.0
1891.45,15.86,-0.9936,-0.4795,14410.0
1891.5,15.47,-1.115,-0.327,14430.0
1891.55,15.47,-1.135,-0.3385,14440.0
1891.6,15.47,-1.154,-0.35,14430.0
1891.65,15.56,-1.15,-0.2462,14430.0
1891.7,15.65,-1.145,-0.1424,14420.0
1891.75,15.48,-1.056,0.01988,14430.0
1891.8,15.31,-0.9669,0.1822,14430.0
1891.85,15.35,-0.8433,0.06109,14440.0
1891.9,15.39,-0.7197,-0.05999,14460.0
1891.95,15.53,-0.8778,-0.1725,14490.0
1892.0,15.67,-1.036,-0.2851,14510.0
1892.05,15.57,-0.9667,-0.1553,14520.0
1892.1,15.46,-0.8977,-0.02561,14520.0
1892.15,15.42,-0.7924,-0.1191,14530.0
1892.2,15.39,-0.6871,-0.2127,14540.0
1892.25,15.67,-0.7976,-0.1974,14530.0
1892.3,15.95,-0.908,-0.1822,14500.0
1892.35,16.1,-0.8698,-0.2097,14470.0
1892.4,16.25,-0.8316,-0.2373,14460.0
1892.45,16.4,-0.7195,-0.2122,14460.0
1892.5,16.55,-0.6075,-0.1871,14490.0
1892.55,16.51,-0.7044,-0.1802,14520.0
1892.6,16.47,-0.8013,-0.1734,14560.0
1892.65,16.45,-0.9128,-0.2841,14580.0
1892.7,16.42,-1.024,-0.3948,14580.0
1892.75,16.45,-1.038,-0.3898,14560.0
1892.8,16.48,-1.052,-0.3848,14520.0
1892.85,16.57,-1.059,-0.1955,14490.0
1892.9,16.67,-1.066,-0.006097,14480.0
1892.95,16.58,-1.05,0.06316,14480.0
1893.0,16.49,-1.035,0.1324,14500.0
1893.05,16.64,-1.101,0.2241,14530.0
1893.1,16.79,-1.167,0.3158,14560.0
1893.15,16.67,-1.184,0.3222,14580.0
1893.2,16.55,-1.202,0.3285,14600.0
1893.25,16.59,-1.313,0.3358,14590.0
1893.3,16.63,-1.425,0.3431,14580.0
1893.35,16.76,-1.422,0.3108,14590.0
1893.4,16.88,-1.418,0.2785,14600.0
1893.45,16.81,-1.435,0.2859,14610.0
1893.5,16.74,-1.453,0.2934,14630.0
1893.55,16.61,-1.372,0.3764,14650.0
1893.6,16.49,-1.291,0.4595,14660.0
1893.65,16.33,-1.185,0.4946,14670.0
1893.7,16.18,-1.079,0.5297,14680.0
1893.75,16.16,-1.124,0.5013,14700.0
1893.8,16.13,-1.169,0.4729,14710.0
1893.85,16.2,-1.356,0.4521,14740.0
1893.9,16.27,-1.542,0.4314,14770.0
1893.95,16.38,-1.436,0.5082,14800.0
1894.0,16.49,-1.33,0.5851,14820.0
1894.05,16.43,-1.467,0.4058,14850.0
1894.1,16.37,-1.603,0.2266,14860.0
1894.15,16.29,-1.393,0.267,14870.0
1894.2,16.21,-1.183,0.3075,14870.0
1894.25,16.09,-1.058,0.3758,14880.0
1894.3,15.97,-0.9323,0.4441,14880.0
1894.35,16.09,-0.9162,0.4831,14890.0
1894.4,16.22,-0.9001,0.5221,14890.0
1894.45,16.3,-0.9781,0.5731,14900.0
1894.5,16.38,-1.056,0.6241,14920.0
1894.55,16.67,-1.022,0.7748,14960.0
1894.6,16.96,-0.9872,0.9255,14990.0
1894.65,17.19,-0.8378,0.9576,15010.0
1894.7,17.42,-0.6883,0.9896,15010.0
1894.75,17.41,-0.7343,0.8811,15000.0
1894.8,17.39,-0.7802,0.7726,14980.0
1894.85,17.45,-0.7197,0.8192,14960.0
1894.9,17.51,-0.6592,0.8658,14940.0
1894.95,17.36,-0.5864,0.6794,14920.0
1895.0,17.21,-0.5135,0.4931,14920.0
1895.05,17.43,-0.5539,0.3335,14930.0
1895.1,17.64,-0.5943,0.1739,14960.0
1895.15,17.64,-0.5621,0.1349,15000.0
1895.2,17.65,-0.5298,0.09584,15030.0
1895.25,17.57,-0.7156,0.1075,15050.0
1895.3,17.5,-0.9013,0.1193,15060.0
1895.35,17.58,-0.9482,0.1429,15030.0
1895.4,17.66,-0.9952,0.1666,14980.0
1895.45,17.62,-1.138,0.1523,14940.0
1895.5,17.58,-1.28,0.138,14890.0
1895.55,17.67,-1.292,0.1583,14870.0
1895.6,17.76,-1.304,0.1785,14880.0
1895.65,17.78,-1.322,0.2091,14930.0
1895.7,17.79,-1.341,0.2397,14990.0
1895.75,17.98,-1.359,0.3674,15070.0
1895.8,18.17,-1.377,0.4951,15120.0
1895.85,18.07,-1.398,0.5803,15140.0
1895.9,17.97,-1.419,0.6655,15120.0
1895.95,17.92,-1.439,0.6869,15080.0
1896.0,17.88,-1.46,0.7082,15050.0
1896.05,17.95,-1.539,0.5076,15040.0
1896.1,18.03,-1.618,0.307,15030.0
1896.15,17.96,-1.423,0.0467,15050.0
1896.2,17.88,-1.227,-0.2136,15100.0
1896.25,17.92,-1.199,-0.04841,15170.0
1896.3,17.96,-1.172,0.1168,15220.0
1896.35,17.88,-0.9761,0.08877,15260.0
1896.4,17.8,-0.7806,0.06073,15280.0
1896.45,17.74,-0.6666,0.1155,15290.0
1896.5,17.69,-0.5525,0.1702,15300.0
1896.55,17.55,-0.4459,0.1779,15310.0
1896.6,17.4,-0.3392,0.1856,15310.0
1896.65,17.25,-0.3356,0.1189,15330.0
1896.7,17.1,-0.332,0.05219,15340.0
1896.75,17.12,-0.2355,0.1623,15350.0
1896.8,17.14,-0.1389,0.2724,15350.0
1896.85,17.26,-0.1226,0.2503,15370.0
1896.9,17.38,-0.1063,0.2283,15390.0
1896.95,17.29,-0.1497,0.2535,15430.0
1897.0,17.2,-0.1931,0.2787,15450.0
1897.05,17.15,-0.2012,0.3183,15460.0
1897.1,17.1,-0.2094,0.3578,15470.0
1897.15,17.04,-0.1628,0.4032,15470.0
1897.2,16.99,-0.1162,0.4487,15460.0
1897.25,16.9,-0.07444,0.3712,15450.0
1897.3,16.81,-0.03264,0.2936,15450.0
1897.35,16.83,-0.3268,0.399,15450.0
1897.4,16.85,-0.621,0.5043,15460.0
1897.45,16.87,-0.6268,0.6575,15470.0
1897.5,16.89,-0.6326,0.8106,15480.0
1897.55,17.02,-0.823,0.7496,15490.0
1897.6,17.14,-1.014,0.6885,15480.0
1897.65,17.14,-1.096,0.7086,15470.0
1897.7,17.14,-1.178,0.7287,15460.0
1897.75,17.1,-1.274,0.6377,15470.0
1897.8,17.05,-1.37,0.5468,15500.0
1897.85,17.14,-1.318,0.5542,15530.0
1897.9,17.22,-1.267,0.5616,15550.0
1897.95,17.37,-1.182,0.7909,15540.0
1898.0,17.52,-1.096,1.02,15510.0
1898.05,17.5,-1.044,1.024,15460.0
1898.1,17.48,-0.9924,1.027,15430.0
1898.15,17.61,-1.046,0.8842,15420.0
1898.2,17.75,-1.1,0.7411,15450.0
1898.25,17.69,-1.013,0.658,15500.0
1898.3,17.64,-0.9263,0.5748,15560.0
1898.35,17.48,-0.9478,0.4739,15610.0
1898.4,17.32,-0.9693,0.3729,15640.0
1898.45,17.57,-0.9273,0.4358,15630.0
1898.5,17.82,-0.8853,0.4987,15600.0
1898.55,17.79,-0.821,0.333,15570.0
1898.6,17.75,-0.7568,0.1673,15560.0
1898.65,17.7,-0.8208,0.3039,15570.0
1898.7,17.65,-0.8849,0.4404,15610.0
1898.75,17.65,-0.7034,0.5975,15660.0
1898.8,17.64,-0.5219,0.7546,15710.0
1898.85,17.76,-0.6119,0.755,15750.0
1898.9,17.88,-0.7018,0.7555,15750.0
1898.95,18.2,-0.703,0.6571,15740.0
1899.0,18.52,-0.7042,0.5587,15740.0
1899.05,18.31,-0.7335,0.4382,15750.0
1899.1,18.1,-0.7627,0.3178,15760.0
1899.15,18.12,-0.7478,0.3337,15780.0
1899.2,18.14,-0.7329,0.3497,15810.0
1899.25,18.25,-0.5474,0.3372,15850.0
1899.3,18.37,-0.3619,0.3246,15890.0
1899.35,18.55,-0.4544,0.3591,15890.0
1899.4,18.73,-0.547,0.3936,15880.0
1899.45,18.76,-0.4898,0.5574,15860.0
1899.5,18.78,-0.4327,0.7211,15840.0
1899.55,18.92,-0.4039,0.6403,15830.0
1899.6,19.06,-0.375,0.5595,15830.0
1899.65,18.95,-0.3041,0.4967,15840.0
1899.7,18.83,-0.2333,0.4339,15880.0
1899.75,19.09,-0.2572,0.3579,15930.0
1899.8,19.35,-0.281,0.2819,15960.0
1899.85,19.35,-0.5159,0.3126,15950.0
1899.9,19.34,-0.7508,0.3434,15920.0
1899.95,19.21,-0.8183,0.2969,15900.0
1900.0,19.07,-0.8857,0.2505,15880.0
1900.05,18.97,-1.013,0.2286,15880.0
1900.1,18.88,-1.141,0.2068,15890.0
1900.15,18.98,-1.03,0.008414,15910.0
1900.2,19.08,-0.9196,-0.19,15950.0
1900.25,19.1,-0.8457,-0.168,15970.0
1900.3,19.12,-0.7719,-0.1461,15970.0
1900.35,19.1,-0.8246,-0.3318,15960.0
1900.4,19.08,-0.8774,-0.5175,15940.0
1900.45,18.95,-0.7733,-0.6085,15920.0
1900.5,18.81,-0.6692,-0.6994,15900.0
1900.55,18.76,-0.5161,-0.5953,15880.0
1900.6,18.7,-0.3631,-0.4912,15890.0
1900.65,18.53,-0.3607,-0.439,15930.0
1900.7,18.37,-0.3583,-0.3868,15980.0
1900.75,18.27,-0.4367,-0.3442,16030.0
1900.8,18.18,-0.5151,-0.3017,16050.0
1900.85,18.14,-0.7406,-0.1561,16060.0
1900.9,18.1,-0.9661,-0.01049,16040.0
1900.95,18.14,-0.8617,-0.01549,16010.0
1901.0,18.18,-0.7572,-0.02049,15970.0
1901.05,18.22,-0.8724,-0.09328,15940.0
1901.1,18.26,-0.9876,-0.1661,15930.0
1901.15,18.31,-1.16,-0.09548,15960.0
1901.2,18.36,-1.333,-0.02488,15990.0
1901.25,18.37,-1.276,-0.1106,16030.0
1901.3,18.38,-1.22,-0.1963,16070.0
1901.35,18.3,-1.303,-0.1407,16120.0
1901.4,18.22,-1.385,-0.08511,16150.0
1901.45,18.07,-1.416,-0.03695,16170.0
1901.5,17.93,-1.446,0.01122,16160.0
1901.55,18.18,-1.219,-0.2511,16140.0
1901.6,18.44,-0.9908,-0.5134,16110.0
1901.65,18.32,-0.9572,-0.6427,16080.0
1901.7,18.2,-0.9236,-0.7721,16060.0
1901.75,18.17,-0.8139,-0.8843,16060.0
1901.8,18.15,-0.7042,-0.9965,16070.0
1901.85,18.25,-0.7506,-0.8914,16100.0
1901.9,18.34,-0.797,-0.7863,16150.0
1901.95,18.38,-0.9982,-0.9948,16190.0
1902.0,18.42,-1.199,-1.203,16210.0
1902.05,18.31,-1.289,-1.039,16220.0
1902.1,18.2,-1.378,-0.8753,16200.0
1902.15,17.99,-1.324,-0.8659,16180.0
1902.2,17.78,-1.269,-0.8565,16160.0
1902.25,17.75,-1.529,-0.856,16150.0
1902.3,17.73,-1.789,-0.8555,16160.0
1902.35,17.71,-1.629,-0.6555,16160.0
1902.4,17.68,-1.469,-0.4556,16180.0
1902.45,17.69,-1.476,-0.3175,16190.0
1902.5,17.71,-1.484,-0.1795,16190.0
1902.55,17.87,-1.294,-0.4247,16190.0
1902.6,18.03,-1.104,-0.6699,16190.0
1902.65,18.18,-0.9496,-0.8461,16190.0
1902.7,18.33,-0.7954,-1.022,16190.0
1902.75,18.32,-0.7488,-0.7687,16210.0
1902.8,18.31,-0.7022,-0.5151,16230.0
1902.85,18.24,-0.6986,-0.211,16240.0
1902.9,18.18,-0.6951,0.09316,16250.0
1902.95,18.15,-0.6093,0.09804,16260.0
1903.0,18.13,-0.5235,0.1029,16260.0
1903.05,18.17,-0.6501,0.1297,16260.0
1903.1,18.21,-0.7767,0.1566,16260.0
1903.15,18.42,-0.6642,0.1074,16260.0
1903.2,18.63,-0.5517,0.05829,16250.0
1903.25,18.75,-0.2347,0.01097,16250.0
1903.3,18.87,0.0824,-0.03634,16240.0
1903.35,18.59,0.2381,0.2439,16240.0
1903.4,18.31,0.3937,0.5241,16250.0
1903.45,18.14,0.1142,0.3837,16270.0
1903.5,17.96,-0.1652,0.2434,16300.0
1903.55,17.9,-0.2615,0.1478,16340.0
1903.6,17.84,-0.3579,0.05219,16370.0
1903.65,17.88,-0.5203,0.005975,16410.0
1903.7,17.92,-0.6827,-0.04024,16410.0
1903.75,17.97,-0.6218,-0.04414,16400.0
1903.8,18.02,-0.5609,-0.04804,16370.0
1903.85,17.96,-0.3925,0.07146,16340.0
1903.9,17.91,-0.2241,0.191,16320.0
1903.95,17.94,-0.4142,0.2529,16310.0
1904.0,17.98,-0.6043,0.3148,16330.0
1904.05,18.05,-0.543,0.221,16360.0
1904.1,18.13,-0.4817,0.1271,16400.0
1904.15,18.2,-0.1284,0.1183,16450.0
1904.2,18.27,0.2249,0.1095,16480.0
1904.25,18.22,0.1168,0.1262,16510.0
1904.3,18.16,0.008758,0.1429,16510.0
1904.35,18.06,0.03941,0.1914,16490.0
1904.4,17.96,0.07006,0.24,16460.0
1904.45,17.92,0.1457,0.1132,16440.0
1904.5,17.87,0.2213,-0.01366,16420.0
1904.55,18.13,0.3802,-0.05536,16420.0
1904.6,18.38,0.539,-0.09706,16440.0
1904.65,18.46,0.3175,0.08828,16470.0
1904.7,18.53,0.09594,0.2736,16490.0
1904.75,18.58,0.2709,0.1455,16520.0
1904.8,18.64,0.4459,0.01732,16530.0
1904.85,18.78,0.5291,-0.01549,16540.0
1904.9,18.92,0.6123,-0.04829,16540.0
1904.95,18.9,0.5026,0.06316,16530.0
1905.0,18.87,0.3929,0.1746,16520.0
1905.05,18.86,0.3629,-0.1647,16510.0
1905.1,18.84,0.3328,-0.5041,16490.0
1905.15,19.03,0.467,-0.5543,16490.0
1905.2,19.22,0.6011,-0.6046,16480.0
1905.25,19.21,0.5279,-0.5879,16470.0
1905.3,19.2,0.4546,-0.5712,16480.0
1905.35,18.92,0.3515,-0.4641,16500.0
1905.4,18.64,0.2484,-0.357,16510.0
1905.45,18.71,0.217,-0.3651,16520.0
1905.5,18.79,0.1855,-0.3731,16520.0
1905.55,18.89,0.07225,-0.4915,16520.0
1905.6,18.99,-0.041,-0.6099,16530.0
1905.65,19.06,0.07245,-0.5791,16530.0
1905.7,19.14,0.1859,-0.5482,16530.0
1905.75,19.07,0.3173,-0.4564,16520.0
1905.8,19.0,0.4486,-0.3646,16520.0
1905.85,19.24,0.1674,-0.4818,16520.0
1905.9,19.47,-0.1139,-0.599,16530.0
1905.95,19.47,-0.1791,-0.5698,16530.0
1906.0,19.47,-0.2444,-0.5407,16540.0
1906.05,19.43,-0.01413,-0.4113,16550.0
1906.1,19.39,0.2162,-0.2819,16560.0
1906.15,19.53,0.122,-0.2094,16550.0
1906.2,19.66,0.02787,-0.1368,16550.0
1906.25,19.6,0.04041,-0.213,16550.0
1906.3,19.55,0.05295,-0.2892,16580.0
1906.35,19.53,0.3113,-0.3051,16610.0
1906.4,19.51,0.5697,-0.3209,16630.0
1906.45,19.67,0.5062,-0.4132,16640.0
1906.5,19.83,0.4427,-0.5056,16630.0
1906.55,19.73,0.3531,-0.7048,16610.0
1906.6,19.64,0.2635,-0.904,16570.0
1906.65,19.69,0.08857,-1.004,16540.0
1906.7,19.74,-0.08638,-1.104,16540.0
1906.75,19.85,-0.1433,-0.8266,16560.0
1906.8,19.97,-0.2002,-0.549,16600.0
1906.85,19.95,-0.378,-0.2113,16640.0
1906.9,19.94,-0.5557,0.1263,16660.0
1906.95,19.93,-0.5255,0.1853,16670.0
1907.0,19.93,-0.4952,0.2444,16680.0
1907.05,20.04,-0.4755,0.2618,16670.0
1907.1,20.14,-0.4558,0.2792,16640.0
1907.15,20.01,-0.3672,0.1388,16620.0
1907.2,19.88,-0.2787,-0.001707,16610.0
1907.25,20.05,-0.3666,-0.05073,16620.0
1907.3,20.21,-0.4546,-0.09975,16640.0
1907.35,20.25,-0.544,-0.02646,16650.0
1907.4,20.28,-0.6334,0.04682,16650.0
1907.45,20.39,-0.5967,0.01768,16650.0
1907.5,20.49,-0.5601,-0.01146,16650.0
1907.55,20.31,-0.6079,-0.02719,16640.0
1907.6,20.13,-0.6556,-0.04292,16620.0
1907.65,20.26,-0.8569,-0.1247,16600.0
1907.7,20.39,-1.058,-0.2066,16610.0
1907.75,20.37,-1.109,-0.1483,16620.0
1907.8,20.34,-1.16,-0.08999,16620.0
1907.85,20.23,-1.178,-0.1999,16610.0
1907.9,20.12,-1.196,-0.3097,16610.0
1907.95,20.15,-1.39,-0.143,16630.0
1908.0,20.18,-1.583,0.02366,16630.0
1908.05,20.0,-1.389,0.03426,16620.0
1908.1,19.82,-1.194,0.04487,16600.0
1908.15,19.73,-1.262,-0.224,16590.0
1908.2,19.64,-1.33,-0.4929,16600.0
1908.25,19.65,-1.145,-0.3117,16600.0
1908.3,19.65,-0.9606,-0.1305,16610.0
1908.35,19.56,-0.8925,-0.2305,16610.0
1908.4,19.47,-0.8244,-0.3305,16620.0
1908.45,19.56,-0.7781,-0.3109,16650.0
1908.5,19.66,-0.7317,-0.2914,16660.0
1908.55,19.67,-0.7952,-0.1769,16650.0
1908.6,19.69,-0.8587,-0.06243,16640.0
1908.65,19.72,-0.9735,-0.02512,16640.0
1908.7,19.75,-1.088,0.01219,16630.0
1908.75,19.75,-1.065,-0.114,16600.0
1908.8,19.75,-1.042,-0.2402,16560.0
1908.85,19.74,-1.162,-0.2861,16560.0
1908.9,19.74,-1.283,-0.3319,16580.0
1908.95,19.55,-1.384,-0.2727,16600.0
1909.0,19.35,-1.486,-0.2134,16630.0
1909.05,19.39,-1.345,-0.2068,16660.0
1909.1,19.43,-1.203,-0.2002,16680.0
1909.15,19.29,-1.227,-0.2573,16670.0
1909.2,19.14,-1.25,-0.3144,16630.0
1909.25,19.2,-1.146,-0.4142,16560.0
1909.3,19.26,-1.042,-0.5141,16510.0
1909.35,19.12,-1.012,-0.4258,16490.0
1909.4,18.97,-0.9817,-0.3375,16500.0
1909.45,18.9,-0.9417,-0.2306,16530.0
1909.5,18.84,-0.9017,-0.1236,16570.0
1909.55,18.78,-0.9606,0.04658,16600.0
1909.6,18.73,-1.019,0.2168,16620.0
1909.65,18.71,-0.9261,0.2759,16620.0
1909.7,18.69,-0.8328,0.3351,16590.0
1909.75,18.62,-0.8961,0.4029,16560.0
1909.8,18.54,-0.9594,0.4707,16540.0
1909.85,18.47,-0.9588,0.4657,16520.0
1909.9,18.39,-0.9582,0.4607,16500.0
1909.95,18.34,-0.9351,0.5136,16480.0
1910.0,18.29,-0.912,0.5665,16470.0
1910.05,18.41,-0.9638,0.4973,16470.0
1910.1,18.53,-1.016,0.428,16470.0
1910.15,18.54,-1.353,0.4985,16470.0
1910.2,18.55,-1.691,0.569,16480.0
1910.25,18.53,-1.849,0.7119,16490.0
1910.3,18.52,-2.008,0.8548,16520.0
1910.35,18.39,-1.763,0.7267,16530.0
1910.4,18.26,-1.518,0.5987,16520.0
1910.45,18.17,-1.308,0.4973,16490.0
1910.5,18.09,-1.097,0.3958,16460.0
1910.55,17.96,-0.9859,0.1762,16440.0
1910.6,17.82,-0.875,-0.04341,16420.0
1910.65,17.96,-0.8427,0.07743,16420.0
1910.7,18.09,-0.8105,0.1983,16440.0
1910.75,18.06,-0.7651,0.1302,16460.0
1910.8,18.03,-0.7197,0.06219,16490.0
1910.85,18.05,-0.5291,-0.0239,16520.0
1910.9,18.07,-0.3384,-0.11,16530.0
1910.95,18.41,-0.3228,0.005609,16520.0
1911.0,18.74,-0.3073,0.1212,16510.0
1911.05,18.68,-0.1945,0.1752,16490.0
1911.1,18.62,-0.08161,0.2292,16470.0
1911.15,18.54,-0.1375,0.1599,16450.0
1911.2,18.46,-0.1935,0.09048,16450.0
1911.25,18.29,-0.2663,-0.1335,16460.0
1911.3,18.12,-0.3392,-0.3575,16480.0
1911.35,17.9,-0.5324,-0.3687,16490.0
1911.4,17.68,-0.7257,-0.38,16500.0
1911.45,17.65,-0.5422,-0.3836,16520.0
1911.5,17.62,-0.3587,-0.3873,16520.0
1911.55,17.57,-0.2257,-0.3452,16500.0
1911.6,17.52,-0.09275,-0.3031,16470.0
1911.65,17.55,-0.1947,-0.2062,16450.0
1911.7,17.59,-0.2966,-0.1093,16440.0
1911.75,17.55,-0.2002,-0.003902,16450.0
1911.8,17.52,-0.1039,0.1015,16450.0
1911.85,17.33,-0.1684,0.2646,16450.0
1911.9,17.14,-0.2329,0.4278,16450.0
1911.95,17.02,-0.5364,0.2736,16460.0
1912.0,16.91,-0.84,0.1195,16460.0
1912.05,16.94,-0.9956,0.08865,16450.0
1912.1,16.97,-1.151,0.0578,16430.0
1912.15,16.99,-1.278,0.009389,16430.0
1912.2,17.0,-1.406,-0.03902,16430.0
1912.25,17.04,-1.309,0.03622,16430.0
1912.3,17.08,-1.211,0.1115,16420.0
1912.35,16.92,-1.101,0.1819,16400.0
1912.4,16.75,-0.9908,0.2524,16390.0
1912.45,16.62,-1.174,0.08901,16380.0
1912.5,16.5,-1.356,-0.07438,16370.0
1912.55,16.44,-1.242,-0.1543,16360.0
1912.6,16.38,-1.127,-0.2341,16380.0
1912.65,16.48,-1.208,-0.221,16410.0
1912.7,16.59,-1.288,-0.2078,16430.0
1912.75,16.38,-1.534,-0.3508,16430.0
1912.8,16.17,-1.78,-0.4938,16400.0
1912.85,16.18,-1.815,-0.5632,16390.0
1912.9,16.19,-1.849,-0.6326,16380.0
1912.95,16.23,-1.905,-0.5736,16380.0
1913.0,16.27,-1.96,-0.5146,16380.0
1913.05,16.35,-1.834,-0.5898,16400.0
1913.1,16.43,-1.708,-0.665,16420.0
1913.15,16.38,-1.619,-0.629,16430.0
1913.2,16.33,-1.529,-0.5929,16430.0
1913.25,16.26,-1.516,-0.5076,16430.0
1913.3,16.19,-1.502,-0.4224,16420.0
1913.35,16.1,-1.389,-0.3889,16420.0
1913.4,16.01,-1.275,-0.3553,16420.0
1913.45,15.94,-1.289,-0.39,16410.0
1913.5,15.87,-1.304,-0.4246,16390.0
1913.55,15.89,-1.292,-0.4556,16390.0
1913.6,15.91,-1.28,-0.4865,16390.0
1913.65,15.99,-1.182,-0.7211,16400.0
1913.7,16.08,-1.084,-0.9557,16410.0
1913.75,16.11,-1.158,-0.9038,16440.0
1913.8,16.14,-1.231,-0.8519,16460.0
1913.85,16.26,-1.162,-0.7591,16460.0
1913.9,16.37,-1.092,-0.6663,16430.0
1913.95,16.52,-1.09,-0.7786,16390.0
1914.0,16.67,-1.089,-0.8909,16350.0
1914.05,16.51,-1.216,-0.7433,16330.0
1914.1,16.35,-1.342,-0.5958,16320.0
1914.15,16.4,-1.298,-0.6676,16330.0
1914.2,16.45,-1.254,-0.7394,16370.0
1914.25,16.46,-1.173,-0.6103,16420.0
1914.3,16.46,-1.092,-0.4812,16450.0
1914.35,16.35,-1.268,-0.419,16440.0
1914.4,16.25,-1.444,-0.3568,16410.0
1914.45,16.28,-1.212,-0.404,16370.0
1914.5,16.31,-0.9805,-0.4512,16330.0
1914.55,16.3,-0.9317,-0.7186,16290.0
1914.6,16.3,-0.8829,-0.986,16270.0
1914.65,16.4,-0.7769,-0.7899,16280.0
1914.7,16.51,-0.6708,-0.5938,16310.0
1914.75,16.69,-0.5888,-0.6969,16350.0
1914.8,16.86,-0.5068,-0.7999,16380.0
1914.85,16.84,-0.5517,-0.6886,16400.0
1914.9,16.81,-0.5967,-0.5773,16400.0
1914.95,16.59,-0.4307,-0.5576,16380.0
1915.0,16.36,-0.2647,-0.538,16340.0
1915.05,16.32,-0.2,-0.758,16300.0
1915.1,16.27,-0.1353,-0.9779,16270.0
1915.15,16.2,-0.16,-0.9671,16270.0
1915.2,16.13,-0.1847,-0.9562,16290.0
1915.25,16.05,-0.2522,-0.676,16320.0
1915.3,15.96,-0.3197,-0.3958,16360.0
1915.35,16.17,-0.3461,-0.3222,16410.0
1915.4,16.38,-0.3726,-0.2485,16430.0
1915.45,16.43,-0.5314,-0.3741,16420.0
1915.5,16.47,-0.6903,-0.4997,16380.0
1915.55,16.49,-0.865,-0.4141,16340.0
1915.6,16.5,-1.04,-0.3285,16310.0
1915.65,16.52,-0.9827,-0.3845,16300.0
1915.7,16.55,-0.9255,-0.4404,16310.0
1915.75,16.57,-0.8961,-0.4022,16340.0
1915.8,16.6,-0.8666,-0.3639,16390.0
1915.85,16.52,-0.7665,-0.2581,16440.0
1915.9,16.45,-0.6664,-0.1524,16450.0
1915.95,16.63,-0.8419,0.0556,16430.0
1916.0,16.81,-1.018,0.2636,16400.0
1916.05,16.82,-0.9029,0.3502,16380.0
1916.1,16.83,-0.7882,0.4368,16360.0
1916.15,16.94,-0.7267,0.4854,16350.0
1916.2,17.04,-0.6652,0.5341,16340.0
1916.25,17.06,-0.7876,0.5214,16360.0
1916.3,17.09,-0.91,0.5087,16380.0
1916.35,17.11,-0.9226,0.4031,16400.0
1916.4,17.13,-0.9351,0.2975,16410.0
1916.45,17.11,-1.04,0.2473,16420.0
1916.5,17.09,-1.144,0.1971,16410.0
1916.55,17.04,-1.15,-0.01293,16410.0
1916.6,17.0,-1.156,-0.2229,16410.0
1916.65,17.01,-0.9126,-0.4241,16390.0
1916.7,17.03,-0.6688,-0.6253,16360.0
1916.75,16.95,-0.656,-0.8163,16340.0
1916.8,16.87,-0.6433,-1.007,16330.0
1916.85,17.1,-0.7319,-0.8811,16330.0
1916.9,17.33,-0.8204,-0.755,16330.0
1916.95,17.31,-0.8199,-0.7532,16350.0
1917.0,17.29,-0.8193,-0.7514,16370.0
1917.05,17.39,-0.8611,-0.86,16400.0
1917.1,17.49,-0.9029,-0.9687,16410.0
1917.15,17.38,-0.8887,-0.9575,16410.0
1917.2,17.27,-0.8746,-0.9462,16400.0
1917.25,17.38,-0.8157,-0.9595,16380.0
1917.3,17.49,-0.7568,-0.9728,16360.0
1917.35,17.47,-0.8097,-0.8354,16330.0
1917.4,17.45,-0.8626,-0.698,16320.0
1917.45,17.23,-1.102,-0.7178,16320.0
1917.5,17.01,-1.342,-0.7377,16350.0
1917.55,17.14,-1.358,-0.9021,16380.0
1917.6,17.26,-1.373,-1.066,16410.0
1917.65,17.17,-1.278,-0.9509,16430.0
1917.7,17.08,-1.182,-0.8353,16440.0
1917.75,17.15,-1.335,-0.6635,16440.0
1917.8,17.22,-1.488,-0.4917,16420.0
1917.85,17.43,-1.463,-0.4804,16390.0
1917.9,17.64,-1.438,-0.4692,16370.0
1917.95,17.62,-1.31,-0.115,16370.0
1918.0,17.6,-1.183,0.2392,16380.0
1918.05,17.67,-1.079,0.3798,16390.0
1918.1,17.74,-0.9749,0.5204,16410.0
1918.15,17.9,-0.8037,0.1573,16430.0
1918.2,18.06,-0.6326,-0.2058,16450.0
1918.25,17.96,-0.673,-0.3334,16460.0
1918.3,17.86,-0.7134,-0.4609,16450.0
1918.35,17.82,-0.7094,-0.186,16440.0
1918.4,17.78,-0.7054,0.08901,16450.0
1918.45,17.92,-0.7574,0.1021,16460.0
1918.5,18.07,-0.8093,0.1151,16460.0
1918.55,18.15,-0.9052,-0.1708,16480.0
1918.6,18.24,-1.001,-0.4568,16500.0
1918.65,18.17,-0.8475,-0.4625,16520.0
1918.7,18.09,-0.6939,-0.4682,16530.0
1918.75,18.16,-0.5919,-0.4893,16510.0
1918.8,18.22,-0.49,-0.5104,16480.0
1918.85,18.14,-0.2311,-0.549,16470.0
1918.9,18.07,0.02787,-0.5875,16470.0
1918.95,17.98,-0.04896,-0.6052,16480.0
1919.0,17.89,-0.1258,-0.6229,16510.0
1919.05,17.88,-0.1821,-0.5657,16550.0
1919.1,17.87,-0.2385,-0.5085,16600.0
1919.15,18.07,-0.1756,-0.5703,16620.0
1919.2,18.27,-0.1127,-0.6321,16610.0
1919.25,18.39,-0.09375,-0.4793,16570.0
1919.3,18.52,-0.07484,-0.3265,16520.0
1919.35,18.6,-0.04439,-0.4718,16490.0
1919.4,18.68,-0.01393,-0.617,16470.0
1919.45,18.75,-0.2289,-0.6219,16470.0
1919.5,18.83,-0.4439,-0.6268,16480.0
1919.55,18.8,-0.375,-0.6741,16520.0
1919.6,18.76,-0.3061,-0.7214,16590.0
1919.65,18.79,-0.3953,-0.5876,16630.0
1919.7,18.81,-0.4845,-0.4539,16640.0
1919.75,18.63,-0.4064,-0.453,16630.0
1919.8,18.46,-0.3284,-0.4521,16620.0
1919.85,18.38,-0.2846,-0.4981,16600.0
1919.9,18.31,-0.2408,-0.5441,16580.0
1919.95,18.18,-0.2504,-0.5457,16550.0
1920.0,18.05,-0.2599,-0.5473,16540.0
1920.05,18.03,-0.414,-0.4362,16560.0
1920.1,18.01,-0.5681,-0.3251,16580.0
1920.15,18.01,-0.5916,0.03536,16610.0
1920.2,18.01,-0.615,0.3958,16630.0
1920.25,18.13,-0.7671,0.2752,16660.0
1920.3,18.25,-0.9192,0.1546,16670.0
1920.35,18.43,-0.9445,0.07682,16670.0
1920.4,18.61,-0.9697,-0.0009755,16660.0
1920.45,18.44,-1.009,-0.2896,16630.0
1920.5,18.26,-1.049,-0.5782,16620.0
1920.55,18.34,-0.9976,-0.1983,16620.0
1920.6,18.42,-0.9462,0.1817,16620.0
1920.65,18.2,-1.166,0.2312,16620.0
1920.7,17.98,-1.385,0.2807,16630.0
1920.75,18.1,-1.338,0.2373,16660.0
1920.8,18.23,-1.291,0.1939,16680.0
1920.85,18.48,-1.37,0.08048,16700.0
1920.9,18.72,-1.449,-0.03292,16720.0
1920.95,18.78,-1.587,-0.1051,16720.0
1921.0,18.84,-1.725,-0.1773,16700.0
1921.05,18.75,-1.691,-0.03829,16680.0
1921.1,18.66,-1.656,0.1007,16650.0
1921.15,18.83,-1.289,-0.02475,16630.0
1921.2,18.99,-0.9228,-0.1502,16640.0
1921.25,18.88,-0.8352,-0.02573,16660.0
1921.3,18.76,-0.7476,0.09877,16690.0
1921.35,18.62,-0.702,-0.04463,16720.0
1921.4,18.49,-0.6564,-0.188,16740.0
1921.45,18.56,-0.6913,-0.3284,16730.0
1921.5,18.62,-0.7261,-0.4687,16710.0
1921.55,18.63,-0.7769,-0.4107,16680.0
1921.6,18.63,-0.8276,-0.3526,16650.0
1921.65,18.66,-0.7301,-0.3008,16640.0
1921.7,18.68,-0.6326,-0.249,16640.0
1921.75,18.61,-0.5358,-0.1466,16670.0
1921.8,18.54,-0.4391,-0.04414,16710.0
1921.85,18.74,-0.6505,0.2152,16740.0
1921.9,18.95,-0.8619,0.4746,16760.0
1921.95,18.97,-0.9612,0.5009,16760.0
1922.0,18.99,-1.06,0.5273,16740.0
1922.05,18.93,-0.8901,0.4517,16710.0
1922.1,18.88,-0.7197,0.3761,16690.0
1922.15,19.16,-0.8199,0.3045,16690.0
1922.2,19.43,-0.92,0.2329,16710.0
1922.25,19.4,-0.9799,0.04207,16730.0
1922.3,19.37,-1.04,-0.1488,16760.0
1922.35,19.42,-1.086,-0.2468,16770.0
1922.4,19.47,-1.133,-0.3448,16780.0
1922.45,19.63,-1.009,-0.2613,16780.0
1922.5,19.78,-0.8857,-0.1778,16770.0
1922.55,19.65,-0.84,-0.2898,16760.0
1922.6,19.52,-0.7942,-0.4019,16760.0
1922.65,19.55,-0.9253,-0.4131,16760.0
1922.7,19.58,-1.057,-0.4243,16760.0
1922.75,19.56,-1.026,-0.4134,16750.0
1922.8,19.54,-0.9964,-0.4024,16750.0
1922.85,19.51,-1.338,-0.2708,16760.0
1922.9,19.48,-1.679,-0.1393,16770.0
1922.95,19.55,-1.55,-0.1004,16770.0
1923.0,19.63,-1.421,-0.06146,16770.0
1923.05,19.7,-1.348,0.06219,16770.0
1923.1,19.76,-1.275,0.1858,16770.0
1923.15,19.88,-1.125,0.111,16760.0
1923.2,20.0,-0.9745,0.03609,16750.0
1923.25,20.03,-0.9998,0.02646,16740.0
1923.3,20.06,-1.025,0.01683,16730.0
1923.35,19.97,-1.171,0.03683,16730.0
1923.4,19.88,-1.317,0.05682,16730.0
1923.45,19.93,-1.206,0.0178,16760.0
1923.5,19.99,-1.095,-0.02122,16790.0
1923.55,20.1,-1.06,-0.04536,16800.0
1923.6,20.21,-1.026,-0.0695,16790.0
1923.65,20.08,-0.916,-0.2861,16750.0
1923.7,19.96,-0.8061,-0.5026,16720.0
1923.75,20.09,-0.7062,-0.5649,16690.0
1923.8,20.22,-0.6063,-0.6272,16670.0
1923.85,20.12,-0.4319,-0.5769,16670.0
1923.9,20.02,-0.2576,-0.5265,16690.0
1923.95,20.06,-0.2277,-0.4028,16730.0
1924.0,20.09,-0.1978,-0.279,16760.0
1924.05,20.17,-0.3109,-0.1758,16790.0
1924.1,20.26,-0.424,-0.07267,16790.0
1924.15,20.24,-0.3754,0.1239,16790.0
1924.2,20.22,-0.3268,0.3205,16760.0
1924.25,20.0,-0.1491,0.3858,16720.0
1924.3,19.79,0.02866,0.4512,16670.0
1924.35,19.73,0.1805,0.3814,16640.0
1924.4,19.67,0.3324,0.3117,16640.0
1924.45,19.76,0.2729,0.235,16670.0
1924.5,19.84,0.2134,0.1583,16710.0
1924.55,19.81,0.4001,0.1434,16760.0
1924.6,19.78,0.5868,0.1285,16810.0
1924.65,19.75,0.6417,0.2574,16830.0
1924.7,19.71,0.6966,0.3863,16810.0
1924.75,19.43,0.6224,0.6092,16760.0
1924.8,19.14,0.5482,0.8321,16700.0
1924.85,19.12,0.336,0.6244,16660.0
1924.9,19.11,0.1238,0.4168,16630.0
1924.95,19.16,0.1182,0.4037,16620.0
1925.0,19.22,0.1127,0.3907,16640.0
1925.05,19.21,-0.04996,0.4225,16680.0
1925.1,19.2,-0.2126,0.4543,16730.0
1925.15,19.15,-0.3338,0.3472,16770.0
1925.2,19.09,-0.455,0.24,16790.0
1925.25,19.01,-0.3483,0.4573,16790.0
1925.3,18.94,-0.2416,0.6746,16750.0
1925.35,18.78,-0.07285,0.566,16700.0
1925.4,18.63,0.09594,0.4575,16630.0
1925.45,18.49,0.175,0.3912,16580.0
1925.5,18.34,0.254,0.3248,16570.0
1925.55,18.37,0.2584,0.3073,16610.0
1925.6,18.41,0.2627,0.2897,16680.0
1925.65,18.46,-0.117,0.2909,16720.0
1925.7,18.52,-0.4968,0.2922,16740.0
1925.75,18.43,-0.5597,0.2056,16750.0
1925.8,18.35,-0.6226,0.119,16740.0
1925.85,18.48,-0.8415,0.3109,16700.0
1925.9,18.61,-1.06,0.5029,16640.0
1925.95,18.86,-0.9745,0.651,16580.0
1926.0,19.1,-0.8885,0.7992,16560.0
1926.05,18.99,-0.8159,0.9864,16580.0
1926.1,18.89,-0.7432,1.174,16600.0
1926.15,18.83,-0.9088,1.188,16620.0
1926.2,18.77,-1.074,1.202,16650.0
1926.25,18.85,-0.9865,1.253,16680.0
1926.3,18.94,-0.8985,1.303,16690.0
1926.35,18.63,-0.7681,1.176,16670.0
1926.4,18.33,-0.6377,1.049,16640.0
1926.45,18.41,-0.5621,1.217,16620.0
1926.5,18.49,-0.4865,1.385,16600.0
1926.55,18.51,-0.5028,1.304,16580.0
1926.6,18.53,-0.5191,1.223,16550.0
1926.65,18.66,-0.2496,1.071,16520.0
1926.7,18.79,0.0199,0.9197,16510.0
1926.75,18.93,0.01373,0.7716,16540.0
1926.8,19.06,0.007564,0.6236,16570.0
1926.85,19.0,-0.2002,0.7821,16600.0
1926.9,18.95,-0.408,0.9406,16620.0
1926.95,18.99,-0.5523,0.9323,16640.0
1927.0,19.03,-0.6966,0.924,16640.0
1927.05,19.05,-0.6152,0.9903,16600.0
1927.1,19.06,-0.5338,1.056,16520.0
1927.15,18.8,-0.672,0.8803,16460.0
1927.2,18.53,-0.8101,0.7041,16420.0
1927.25,18.54,-0.6413,0.6438,16420.0
1927.3,18.55,-0.4725,0.5836,16420.0
1927.35,18.68,-0.4453,0.7046,16440.0
1927.4,18.8,-0.418,0.8255,16480.0
1927.45,18.7,-0.202,0.8142,16540.0
1927.5,18.59,0.01393,0.8028,16570.0
1927.55,18.53,0.07683,0.6275,16550.0
1927.6,18.47,0.1397,0.4521,16510.0
1927.65,18.32,0.03463,0.3689,16470.0
1927.7,18.16,-0.07046,0.2856,16430.0
1927.75,18.1,-0.1994,0.2746,16380.0
1927.8,18.04,-0.3284,0.2636,16340.0
1927.85,17.93,-0.4735,0.1358,16330.0
1927.9,17.83,-0.6186,0.008048,16380.0
1927.95,17.86,-0.4451,-0.008292,16450.0
1928.0,17.89,-0.2715,-0.02463,16490.0
1928.05,17.84,-0.1863,-0.008658,16510.0
1928.1,17.78,-0.1011,0.007316,16510.0
1928.15,17.64,-0.1344,-0.08158,16500.0
1928.2,17.49,-0.1676,-0.1705,16450.0
1928.25,17.62,-0.1071,-0.2052,16380.0
1928.3,17.76,-0.04658,-0.24,16320.0
1928.35,17.74,0.07205,-0.1493,16300.0
1928.4,17.73,0.1907,-0.05853,16330.0
1928.45,17.71,0.1588,-0.006219,16360.0
1928.5,17.69,0.127,0.04609,16390.0
1928.55,17.64,0.1564,0.1983,16420.0
1928.6,17.6,0.1859,0.3504,16440.0
1928.65,17.83,0.2816,0.3718,16440.0
1928.7,18.06,0.3774,0.3931,16400.0
1928.75,18.0,0.1666,0.2998,16360.0
1928.8,17.94,-0.04419,0.2066,16320.0
1928.85,17.84,-0.09892,0.3097,16300.0
1928.9,17.75,-0.1537,0.4129,16280.0
1928.95,17.79,0.09594,0.3751,16260.0
1929.0,17.82,0.3455,0.3373,16240.0
1929.05,17.83,0.545,0.4926,16250.0
1929.1,17.84,0.7444,0.648,16270.0
1929.15,17.73,0.7878,0.7248,16290.0
1929.2,17.62,0.8312,0.8016,16300.0
1929.25,17.5,0.464,0.6504,16300.0
1929.3,17.38,0.09673,0.4992,16300.0
1929.35,17.42,0.09654,0.4251,16290.0
1929.4,17.45,0.09634,0.3509,16240.0
1929.45,17.38,0.05056,0.3213,16160.0
1929.5,17.31,0.004777,0.2917,16100.0
1929.55,17.37,-0.2771,0.04036,16070.0
1929.6,17.43,-0.5589,-0.211,16080.0
1929.65,17.47,-0.408,-0.2497,16110.0
1929.7,17.51,-0.2572,-0.2885,16150.0
1929.75,17.51,-0.07583,-0.445,16210.0
1929.8,17.51,0.1055,-0.6014,16250.0
1929.85,17.39,0.1463,-0.6848,16240.0
1929.9,17.27,0.1871,-0.7682,16190.0
1929.95,17.33,0.4186,-0.6494,16120.0
1930.0,17.39,0.6501,-0.5307,16060.0
1930.05,17.33,0.8364,-0.5102,16010.0
1930.1,17.27,1.023,-0.4897,15980.0
1930.15,17.02,1.084,-0.3523,15960.0
1930.2,16.78,1.144,-0.2149,15970.0
1930.25,17.0,1.057,-0.1001,16020.0
1930.3,17.22,0.9685,0.01463,16070.0
1930.35,17.23,1.016,0.191,16100.0
1930.4,17.24,1.064,0.3673,16120.0
1930.45,17.14,1.016,0.3326,16100.0
1930.5,17.03,0.9677,0.298,16070.0
1930.55,16.88,0.7816,0.3226,16020.0
1930.6,16.73,0.5955,0.3473,15940.0
1930.65,16.77,0.7478,0.1533,15880.0
1930.7,16.81,0.9001,-0.04073,15860.0
1930.75,16.81,0.9391,-0.006829,15880.0
1930.8,16.82,0.9781,0.02707,15920.0
1930.85,16.75,0.9474,-0.02756,15950.0
1930.9,16.67,0.9168,-0.08219,15980.0
1930.95,16.74,0.9876,-0.06426,16000.0
1931.0,16.81,1.059,-0.04634,15980.0
1931.05,16.72,1.135,0.1805,15920.0
1931.1,16.63,1.211,0.4073,15850.0
1931.15,16.59,1.31,0.5546,15800.0
1931.2,16.55,1.408,0.7019,15790.0
1931.25,16.5,1.343,0.7887,15800.0
1931.3,16.44,1.278,0.8755,15810.0
1931.35,16.58,1.238,0.9744,15840.0
1931.4,16.72,1.198,1.073,15880.0
1931.45,16.74,1.176,0.9015,15900.0
1931.5,16.77,1.154,0.7297,15880.0
1931.55,16.78,1.162,0.7505,15840.0
1931.6,16.8,1.17,0.7714,15790.0
1931.65,16.88,1.176,0.8122,15740.0
1931.7,16.95,1.181,0.8531,15710.0
1931.75,16.84,1.146,0.9643,15680.0
1931.8,16.72,1.11,1.075,15670.0
1931.85,16.47,1.032,1.01,15700.0
1931.9,16.22,0.9538,0.9443,15740.0
1931.95,16.4,0.9042,0.9389,15770.0
1932.0,16.58,0.8547,0.9336,15770.0
1932.05,16.67,0.5223,0.8186,15750.0
1932.1,16.75,0.1899,0.7036,15720.0
1932.15,16.77,0.1606,0.7966,15680.0
1932.2,16.79,0.1314,0.8897,15620.0
1932.25,16.71,0.1178,0.6644,15570.0
1932.3,16.64,0.1043,0.4392,15560.0
1932.35,16.45,-0.03443,0.4221,15560.0
1932.4,16.27,-0.1732,0.4051,15560.0
1932.45,16.19,-0.01692,0.6686,15550.0
1932.5,16.1,0.1393,0.9321,15540.0
1932.55,15.99,0.198,0.8447,15540.0
1932.6,15.88,0.2568,0.7572,15540.0
1932.65,15.65,0.253,0.7404,15510.0
1932.7,15.43,0.2492,0.7236,15480.0
1932.75,15.37,0.253,0.6052,15470.0
1932.8,15.31,0.2568,0.4868,15460.0
1932.85,15.43,0.1827,0.5519,15450.0
1932.9,15.54,0.1087,0.617,15430.0
1932.95,15.64,0.1047,0.5641,15390.0
1933.0,15.74,0.1007,0.5112,15370.0
1933.05,15.47,0.01513,0.3862,15360.0
1933.1,15.2,-0.07046,0.2612,15340.0
1933.15,15.26,0.1686,0.2762,15330.0
1933.2,15.31,0.4076,0.2912,15320.0
1933.25,15.41,0.2956,0.3439,15330.0
1933.3,15.51,0.1835,0.3965,15330.0
1933.35,15.48,0.423,0.3276,15320.0
1933.4,15.44,0.6624,0.2588,15310.0
1933.45,15.48,0.6039,0.32,15300.0
1933.5,15.52,0.5454,0.3812,15300.0
1933.55,15.61,0.3828,0.5076,15290.0
1933.6,15.69,0.2201,0.6341,15270.0
1933.65,15.63,0.3043,0.582,15250.0
1933.7,15.58,0.3885,0.5299,15260.0
1933.75,15.75,0.2062,0.4756,15280.0
1933.8,15.92,0.02389,0.4212,15280.0
1933.85,15.92,0.2542,0.4413,15280.0
1933.9,15.91,0.4845,0.4614,15270.0
1933.95,15.99,0.5836,0.5686,15280.0
1934.0,16.07,0.6827,0.6758,15280.0
1934.05,16.23,0.7132,0.601,15260.0
1934.1,16.39,0.7436,0.5263,15240.0
1934.15,16.31,0.8159,0.4114,15230.0
1934.2,16.23,0.8881,0.2966,15230.0
1934.25,16.24,0.9839,0.3148,15240.0
1934.3,16.25,1.08,0.3331,15250.0
1934.35,16.33,1.059,0.1369,15270.0
1934.4,16.4,1.039,-0.05926,15290.0
1934.45,16.5,1.054,-0.1188,15310.0
1934.5,16.6,1.069,-0.1783,15300.0
1934.55,16.49,1.158,-0.04256,15250.0
1934.6,16.38,1.247,0.09316,15200.0
1934.65,16.4,1.181,0.2033,15160.0
1934.7,16.42,1.114,0.3134,15150.0
1934.75,16.43,1.008,0.2035,15150.0
1934.8,16.44,0.9021,0.09365,15160.0
1934.85,16.58,0.5736,0.06316,15180.0
1934.9,16.71,0.2452,0.03268,15210.0
1934.95,16.64,0.5032,0.2183,15230.0
1935.0,16.57,0.7611,0.4039,15210.0
1935.05,16.45,0.7806,0.4531,15180.0
1935.1,16.32,0.8001,0.5024,15140.0
1935.15,16.27,0.6132,0.4746,15100.0
1935.2,16.22,0.4263,0.4468,15040.0
1935.25,16.29,0.3822,0.235,14980.0
1935.3,16.36,0.338,0.02317,14960.0
1935.35,16.35,0.3943,0.09255,14970.0
1935.4,16.34,0.4506,0.1619,15000.0
1935.45,16.24,0.4721,0.1969,15030.0
1935.5,16.14,0.4936,0.2319,15040.0
1935.55,16.01,0.5498,-0.00878,15040.0
1935.6,15.87,0.6059,-0.2495,15020.0
1935.65,15.94,0.6539,-0.4506,14970.0
1935.7,16.02,0.7018,-0.6516,14910.0
1935.75,15.84,0.5975,-0.4838,14850.0
1935.8,15.66,0.4932,-0.3161,14830.0
1935.85,15.65,0.3099,-0.3757,14820.0
1935.9,15.64,0.1266,-0.4353,14820.0
1935.95,15.67,0.2402,-0.3552,14830.0
1936.0,15.7,0.3539,-0.2751,14850.0
1936.05,15.51,0.4146,-0.1356,14880.0
1936.1,15.32,0.4753,0.003902,14900.0
1936.15,14.95,0.5091,-0.1243,14890.0
1936.2,14.59,0.543,-0.2524,14880.0
1936.25,14.66,0.6807,-0.2158,14860.0
1936.3,14.74,0.8185,-0.1792,14840.0
1936.35,14.68,0.8475,-0.1933,14810.0
1936.4,14.62,0.8766,-0.2073,14780.0
1936.45,14.75,0.826,-0.1532,14760.0
1936.5,14.89,0.7755,-0.09901,14770.0
1936.55,14.97,0.7086,-0.1666,14790.0
1936.6,15.05,0.6417,-0.2341,14810.0
1936.65,15.14,0.7402,-0.2068,14840.0
1936.7,15.23,0.8388,-0.1795,14860.0
1936.75,15.32,0.7932,-0.06804,14880.0
1936.8,15.41,0.7476,0.04341,14880.0
1936.85,15.22,0.7016,-0.01597,14850.0
1936.9,15.03,0.6556,-0.07536,14820.0
1936.95,15.0,0.7544,0.2055,14810.0
1937.0,14.96,0.8531,0.4863,14810.0
1937.05,15.14,0.7367,0.2619,14810.0
1937.1,15.33,0.6202,0.03756,14800.0
1937.15,15.32,0.7086,-0.0917,14790.0
1937.2,15.3,0.797,-0.221,14800.0
1937.25,15.3,0.9934,-0.3264,14800.0
1937.3,15.3,1.19,-0.4319,14810.0
1937.35,15.24,0.9769,-0.4475,14820.0
1937.4,15.18,0.7639,-0.4631,14820.0
1937.45,15.15,0.6746,-0.1725,14820.0
1937.5,15.11,0.5852,0.118,14810.0
1937.55,15.08,0.6857,0.313,14780.0
1937.6,15.05,0.7862,0.508,14740.0
1937.65,15.13,0.8039,0.6546,14710.0
1937.7,15.22,0.8216,0.8011,14710.0
1937.75,15.03,0.8284,0.5257,14710.0
1937.8,14.85,0.8352,0.2502,14720.0
1937.85,14.52,0.9214,0.06682,14730.0
1937.9,14.18,1.008,-0.1166,14750.0
1937.95,14.17,0.9162,-0.00878,14750.0
1938.0,14.16,0.8248,0.09901,14740.0
1938.05,14.04,0.6455,0.2375,14700.0
1938.1,13.92,0.4662,0.3761,14650.0
1938.15,13.89,0.5788,0.2071,14630.0
1938.2,13.86,0.6915,0.03804,14630.0
1938.25,13.96,0.6192,0.1086,14620.0
1938.3,14.06,0.547,0.1792,14630.0
1938.35,14.05,0.5008,0.09645,14650.0
1938.4,14.04,0.4546,0.01366,14670.0
1938.45,14.39,0.3865,0.2022,14680.0
1938.5,14.74,0.3185,0.3907,14680.0
1938.55,14.87,0.1831,0.3937,14650.0
1938.6,15.01,0.04777,0.3968,14630.0
1938.65,14.95,-0.01851,0.4745,14610.0
1938.7,14.9,-0.08479,0.5521,14590.0
1938.75,14.86,0.08877,0.4684,14570.0
1938.8,14.83,0.2623,0.3846,14550.0
1938.85,14.68,0.4492,0.34,14560.0
1938.9,14.52,0.6361,0.2953,14590.0
1938.95,14.55,0.5959,0.265,14610.0
1939.0,14.58,0.5557,0.2346,14620.0
1939.05,14.64,0.5293,0.2122,14630.0
1939.1,14.7,0.5028,0.1897,14660.0
1939.15,14.64,0.4504,0.3506,14660.0
1939.2,14.58,0.3981,0.5114,14650.0
1939.25,14.75,0.3979,0.42,14610.0
1939.3,14.91,0.3977,0.3285,14570.0
1939.35,14.86,0.2331,0.2691,14540.0
1939.4,14.8,0.06847,0.2097,14520.0
1939.45,14.78,0.245,0.07365,14500.0
1939.5,14.76,0.4216,-0.06243,14500.0
1939.55,14.67,0.506,-0.05792,14530.0
1939.6,14.58,0.5904,-0.05341,14580.0
1939.65,14.72,0.6039,-0.01585,14620.0
1939.7,14.86,0.6174,0.0217,14630.0
1939.75,15.01,0.4892,-0.09194,14620.0
1939.8,15.16,0.3611,-0.2056,14600.0
1939.85,15.19,0.4132,-0.04353,14570.0
1939.9,15.21,0.4654,0.1185,14540.0
1939.95,15.41,0.5758,0.08499,14490.0
1940.0,15.6,0.6863,0.05146,14460.0
1940.05,15.68,0.9162,0.1511,14450.0
1940.1,15.76,1.146,0.2507,14470.0
1940.15,15.92,1.113,0.1207,14500.0
1940.2,16.09,1.08,-0.009267,14520.0
1940.25,16.39,1.07,-0.1975,14520.0
1940.3,16.7,1.06,-0.3858,14520.0
1940.35,16.67,1.025,-0.314,14500.0
1940.4,16.65,0.9896,-0.2422,14480.0
1940.45,16.71,0.9837,-0.3122,14460.0
1940.5,16.77,0.9777,-0.3822,14450.0
1940.55,16.76,1.096,-0.6132,14460.0
1940.6,16.75,1.215,-0.8443,14470.0
1940.65,16.59,0.9924,-0.6755,14470.0
1940.7,16.43,0.7703,-0.5068,14460.0
1940.75,16.63,0.6236,-0.4735,14440.0
1940.8,16.82,0.4769,-0.4402,14430.0
1940.85,16.76,0.4811,-0.3951,14420.0
1940.9,16.7,0.4853,-0.35,14390.0
1940.95,16.86,0.5498,-0.4187,14370.0
1941.0,17.01,0.6142,-0.4875,14370.0
1941.05,16.93,0.5472,-0.3215,14390.0
1941.1,16.85,0.4801,-0.1556,14410.0
1941.15,16.82,0.5689,-0.02353,14430.0
1941.2,16.79,0.6576,0.1085,14440.0
1941.25,16.9,0.6049,-0.07109,14440.0
1941.3,17.02,0.5521,-0.2507,14440.0
1941.35,17.19,0.4755,-0.1044,14410.0
1941.4,17.37,0.3989,0.04195,14380.0
1941.45,17.33,0.3842,0.09097,14340.0
1941.5,17.3,0.3694,0.14,14320.0
1941.55,17.29,0.5052,-0.02427,14320.0
1941.6,17.28,0.6409,-0.1885,14330.0
1941.65,17.41,0.6379,-0.2881,14360.0
1941.7,17.53,0.6349,-0.3878,14410.0
1941.75,17.42,0.5038,-0.43,14450.0
1941.8,17.31,0.3726,-0.4721,14470.0
1941.85,17.1,0.4401,-0.2924,14470.0
1941.9,16.9,0.5076,-0.1127,14440.0
1941.95,16.82,0.6103,-0.2018,14410.0
1942.0,16.73,0.713,-0.2909,14370.0
1942.05,16.75,1.013,-0.2931,14340.0
1942.1,16.77,1.313,-0.2953,14320.0
1942.15,16.91,1.198,-0.06914,14330.0
1942.2,17.05,1.082,0.1571,14340.0
1942.25,17.0,1.069,0.1436,14360.0
1942.3,16.95,1.057,0.1302,14380.0
1942.35,17.0,1.13,0.02024,14390.0
1942.4,17.06,1.203,-0.08975,14390.0
1942.45,17.28,0.9683,-0.115,14390.0
1942.5,17.5,0.7341,-0.1402,14380.0
1942.55,17.57,0.5056,-0.2402,14380.0
1942.6,17.63,0.2771,-0.3402,14370.0
1942.65,17.51,0.3053,-0.2975,14360.0
1942.7,17.38,0.3336,-0.2548,14350.0
1942.75,17.35,0.4886,-0.05707,14340.0
1942.8,17.33,0.6437,0.1407,14310.0
1942.85,17.26,0.5356,0.1313,14290.0
1942.9,17.19,0.4275,0.1219,14270.0
1942.95,17.21,0.7255,-0.1511,14260.0
1943.0,17.24,1.023,-0.4241,14260.0
1943.05,17.18,0.8447,-0.4923,14270.0
1943.1,17.12,0.666,-0.5604,14300.0
1943.15,17.28,0.6383,-0.3352,14310.0
1943.2,17.45,0.6107,-0.11,14320.0
1943.25,17.52,0.4281,-0.1575,14320.0
1943.3,17.59,0.2456,-0.2051,14320.0
1943.35,17.63,0.3435,-0.1622,14320.0
1943.4,17.66,0.4415,-0.1193,14300.0
1943.45,17.45,0.3406,-0.1271,14270.0
1943.5,17.23,0.2396,-0.1349,14230.0
1943.55,17.4,0.2408,-0.2669,14190.0
1943.6,17.57,0.242,-0.399,14180.0
1943.65,17.69,0.3354,-0.41,14170.0
1943.7,17.8,0.4287,-0.4209,14180.0
1943.75,18.05,0.6128,-0.305,14220.0
1943.8,18.3,0.797,-0.189,14260.0
1943.85,18.28,0.8831,-0.2747,14310.0
1943.9,18.26,0.9693,-0.3604,14320.0
1943.95,18.32,0.8738,-0.1838,14320.0
1944.0,18.37,0.7783,-0.007072,14310.0
1944.05,18.21,0.9777,-0.09609,14280.0
1944.1,18.06,1.177,-0.1851,14250.0
1944.15,17.99,1.29,-0.07402,14210.0
1944.2,17.92,1.402,0.03707,14190.0
1944.25,17.87,1.421,0.1446,14190.0
1944.3,17.82,1.44,0.2522,14190.0
1944.35,17.88,1.381,0.1957,14200.0
1944.4,17.95,1.322,0.1393,14210.0
1944.45,17.91,1.126,-0.04243,14240.0
1944.5,17.87,0.9299,-0.2241,14270.0
1944.55,17.94,0.905,-0.1241,14290.0
1944.6,18.01,0.8802,-0.02414,14290.0
1944.65,17.88,0.9369,-0.1323,14300.0
1944.7,17.75,0.9936,-0.2405,14290.0
1944.75,17.83,1.094,-0.2281,14280.0
1944.8,17.9,1.195,-0.2158,14270.0
1944.85,17.78,1.211,-0.07621,14260.0
1944.9,17.67,1.226,0.06341,14240.0
1944.95,17.77,1.085,0.05853,14210.0
1945.0,17.87,0.9443,0.05365,14190.0
1945.05,17.77,0.7822,0.163,14180.0
1945.1,17.67,0.6202,0.2724,14190.0
1945.15,17.64,0.7538,0.04926,14210.0
1945.2,17.62,0.8873,-0.1739,14240.0
1945.25,17.67,1.065,-0.1556,14270.0
1945.3,17.72,1.243,-0.1373,14310.0
1945.35,17.66,1.275,-0.1417,14340.0
1945.4,17.6,1.307,-0.1461,14350.0
1945.45,17.9,1.315,-0.2263,14330.0
1945.5,18.2,1.324,-0.3066,14280.0
1945.55,18.37,1.172,-0.3331,14220.0
1945.6,18.55,1.02,-0.3597,14150.0
1945.65,18.48,1.034,-0.3867,14090.0
1945.7,18.41,1.049,-0.4136,14060.0
1945.75,18.29,1.195,-0.4235,14060.0
1945.8,18.16,1.341,-0.4334,14090.0
1945.85,17.96,1.44,-0.472,14160.0
1945.9,17.76,1.54,-0.5107,14230.0
1945.95,17.69,1.618,-0.5768,14270.0
1946.0,17.63,1.697,-0.6429,14280.0
1946.05,17.68,1.588,-0.6792,14270.0
1946.1,17.74,1.48,-0.7155,14220.0
1946.15,17.79,1.279,-0.6249,14150.0
1946.2,17.85,1.079,-0.5343,14070.0
1946.25,17.85,0.9486,-0.6416,14010.0
1946.3,17.85,0.8181,-0.7489,13990.0
1946.35,17.82,0.8977,-0.6221,13990.0
1946.4,17.79,0.9773,-0.4953,14020.0
1946.45,17.74,1.026,-0.5247,14060.0
1946.5,17.68,1.074,-0.5541,14110.0
1946.55,17.72,1.122,-0.4607,14160.0
1946.6,17.77,1.169,-0.3673,14190.0
1946.65,17.71,1.088,-0.4771,14200.0
1946.7,17.66,1.008,-0.587,14190.0
1946.75,17.62,0.8175,-0.4032,14170.0
1946.8,17.58,0.627,-0.2195,14130.0
1946.85,17.42,0.5281,-0.1304,14090.0
1946.9,17.26,0.4291,-0.04121,14050.0
1946.95,17.4,0.3238,-0.08853,14030.0
1947.0,17.54,0.2185,-0.1358,14030.0
1947.05,17.48,0.4807,-0.115,14040.0
1947.1,17.42,0.7428,-0.09414,14060.0
1947.15,17.33,0.7323,-0.1702,14090.0
1947.2,17.24,0.7217,-0.2463,14120.0
1947.25,17.2,0.799,-0.3011,14140.0
1947.3,17.16,0.8762,-0.3558,14140.0
1947.35,16.98,0.5384,-0.225,14140.0
1947.4,16.8,0.2006,-0.09414,14140.0
1947.45,16.94,0.243,0.1306,14140.0
1947.5,17.07,0.2854,0.3553,14130.0
1947.55,17.13,0.1501,0.155,14110.0
1947.6,17.18,0.01473,-0.04536,14100.0
1947.65,17.08,-0.002986,-0.1152,14090.0
1947.7,16.99,-0.0207,-0.1851,14090.0
1947.75,17.16,-0.243,-0.08645,14080.0
1947.8,17.33,-0.4654,0.01219,14070.0
1947.85,17.42,-0.4345,0.0878,14080.0
1947.9,17.52,-0.4037,0.1634,14090.0
1947.95,17.35,-0.4634,0.08523,14100.0
1948.0,17.19,-0.5231,0.007072,14120.0
1948.05,17.06,-0.5113,-0.04024,14140.0
1948.1,16.92,-0.4996,-0.08755,14170.0
1948.15,16.95,-0.2178,-0.1191,14190.0
1948.2,16.98,0.06409,-0.1507,14190.0
1948.25,17.04,0.1531,-0.2018,14180.0
1948.3,17.1,0.242,-0.2529,14150.0
1948.35,17.24,0.1393,-0.3415,14100.0
1948.4,17.39,0.03662,-0.4302,14040.0
1948.45,17.16,0.1123,-0.4352,13990.0
1948.5,16.93,0.1879,-0.4402,13980.0
1948.55,16.8,0.2241,-0.5296,14000.0
1948.6,16.66,0.2603,-0.619,14040.0
1948.65,16.46,0.1911,-0.6001,14100.0
1948.7,16.26,0.1218,-0.5812,14150.0
1948.75,16.17,0.07623,-0.7694,14170.0
1948.8,16.09,0.03065,-0.9577,14180.0
1948.85,16.21,0.1453,-0.9998,14160.0
1948.9,16.33,0.2599,-1.042,14120.0
1948.95,16.35,0.2916,-0.9728,14060.0
1949.0,16.36,0.3232,-0.9038,14010.0
1949.05,16.22,0.2743,-0.9477,13970.0
1949.1,16.07,0.2253,-0.9916,13950.0
1949.15,15.9,0.09076,-0.8909,13940.0
1949.2,15.72,-0.04379,-0.7902,13950.0
1949.25,15.8,-0.118,-0.6588,14000.0
1949.3,15.87,-0.1923,-0.5275,14050.0
1949.35,15.86,-0.3688,-0.6736,14090.0
1949.4,15.85,-0.5454,-0.8197,14110.0
1949.45,15.8,-0.7878,-0.7689,14110.0
1949.5,15.75,-1.03,-0.7182,14100.0
1949.55,15.97,-1.035,-0.8949,14050.0
1949.6,16.19,-1.039,-1.072,13990.0
1949.65,16.06,-1.162,-1.136,13930.0
1949.7,15.93,-1.286,-1.201,13890.0
1949.75,16.04,-1.35,-1.232,13880.0
1949.8,16.15,-1.415,-1.263,13890.0
1949.85,16.28,-1.231,-1.249,13920.0
1949.9,16.42,-1.048,-1.236,13960.0
1949.95,16.13,-0.822,-1.056,14020.0
1950.0,15.84,-0.5963,-0.877,14060.0
1950.05,15.54,-0.6043,-0.8311,14080.0
1950.1,15.23,-0.6123,-0.7853,14070.0
1950.15,15.18,-0.5601,-0.586,14040.0
1950.2,15.13,-0.508,-0.3868,14000.0
1950.25,15.11,-0.5016,-0.4356,13950.0
1950.3,15.1,-0.4952,-0.4843,13910.0
1950.35,15.1,-0.2814,-0.4502,13900.0
1950.4,15.11,-0.06767,-0.4161,13920.0
1950.45,15.14,-0.0217,-0.4739,13980.0
1950.5,15.17,0.02428,-0.5316,14030.0
1950.55,15.05,0.133,-0.7102,14070.0
1950.6,14.93,0.2416,-0.8887,14100.0
1950.65,14.76,0.1483,-0.7506,14100.0
1950.7,14.6,0.05494,-0.6126,14090.0
1950.75,14.53,-0.03782,-0.5526,14060.0
1950.8,14.46,-0.1306,-0.4926,14020.0
1950.85,14.52,-0.3475,-0.2579,14000.0
1950.9,14.58,-0.5645,-0.02317,14000.0
1950.95,14.61,-0.5645,-0.1002,14010.0
1951.0,14.65,-0.5645,-0.1773,14040.0
1951.05,14.55,-0.7281,-0.2972,14080.0
1951.1,14.46,-0.8917,-0.417,14120.0
1951.15,14.5,-1.064,-0.5014,14140.0
1951.2,14.55,-1.236,-0.5858,14120.0
1951.25,14.6,-1.059,-0.4751,14080.0
1951.3,14.66,-0.8833,-0.3644,14040.0
1951.35,14.76,-0.8477,-0.2989,14010.0
1951.4,14.85,-0.8121,-0.2334,13980.0
1951.45,15.11,-0.9134,-0.2829,13980.0
1951.5,15.37,-1.015,-0.3324,14020.0
1951.55,15.28,-0.963,-0.2869,14080.0
1951.6,15.18,-0.9112,-0.2414,14130.0
1951.65,15.21,-0.706,-0.2889,14160.0
1951.7,15.24,-0.5008,-0.3363,14160.0
1951.75,15.44,-0.5424,-0.1878,14140.0
1951.8,15.64,-0.584,-0.03926,14090.0
1951.85,15.64,-0.7804,0.1686,14020.0
1951.9,15.64,-0.9769,0.3765,13960.0
1951.95,15.64,-1.012,0.4092,13920.0
1952.0,15.63,-1.047,0.4419,13920.0
1952.05,15.66,-1.078,0.3828,13950.0
1952.1,15.7,-1.109,0.3236,14000.0
1952.15,15.83,-1.104,0.2898,14070.0
1952.2,15.96,-1.099,0.2561,14140.0
1952.25,15.82,-1.108,0.1382,14190.0
1952.3,15.68,-1.118,0.02024,14200.0
1952.35,15.69,-1.112,0.07182,14160.0
1952.4,15.7,-1.107,0.1234,14080.0
1952.45,15.84,-0.9952,0.09975,13980.0
1952.5,15.97,-0.8837,0.07609,13900.0
1952.55,15.8,-0.9224,0.05999,13850.0
1952.6,15.64,-0.961,0.0439,13840.0
1952.65,15.58,-0.9679,-0.1923,13880.0
1952.7,15.52,-0.9749,-0.4285,13950.0
1952.75,15.53,-0.7327,-0.4289,14050.0
1952.8,15.54,-0.4904,-0.4292,14120.0
1952.85,15.67,-0.5699,-0.3581,14140.0
1952.9,15.79,-0.6493,-0.287,14130.0
1952.95,15.75,-0.9168,-0.3675,14070.0
1953.0,15.71,-1.184,-0.448,14000.0
1953.05,15.69,-1.191,-0.5318,13920.0
1953.1,15.67,-1.198,-0.6155,13850.0
1953.15,15.73,-1.08,-0.473,13820.0
1953.2,15.79,-0.963,-0.3305,13840.0
1953.25,15.83,-0.95,-0.3083,13880.0
1953.3,15.87,-0.9371,-0.2861,13930.0
1953.35,15.8,-0.67,-0.1816,13990.0
1953.4,15.73,-0.4029,-0.07706,14040.0
1953.45,15.89,-0.4767,-0.1184,14080.0
1953.5,16.06,-0.5505,-0.1597,14090.0
1953.55,16.03,-0.4311,-0.2074,14050.0
1953.6,16.01,-0.3117,-0.2551,14000.0
1953.65,16.07,-0.4685,-0.1128,13950.0
1953.7,16.13,-0.6254,0.02951,13920.0
1953.75,16.05,-0.495,-0.003536,13910.0
1953.8,15.97,-0.3646,-0.03658,13910.0
1953.85,15.9,-0.1572,-0.08914,13950.0
1953.9,15.83,0.05016,-0.1417,14010.0
1953.95,15.75,-0.372,0.02292,14060.0
1954.0,15.66,-0.7942,0.1875,14090.0
1954.05,15.74,-0.7962,0.2635,14080.0
1954.1,15.81,-0.7982,0.3395,14060.0
1954.15,15.95,-0.6891,0.1756,14040.0
1954.2,16.09,-0.58,0.01171,14010.0
1954.25,16.08,-0.6648,-0.1321,13980.0
1954.3,16.06,-0.7496,-0.2758,13980.0
1954.35,16.06,-0.6562,-0.3781,14010.0
1954.4,16.06,-0.5629,-0.4804,14060.0
1954.45,15.82,-0.6306,-0.4002,14100.0
1954.5,15.58,-0.6982,-0.32,14110.0
1954.55,15.83,-0.8829,-0.2495,14100.0
1954.6,16.07,-1.068,-0.179,14090.0
1954.65,16.19,-1.112,-0.2483,14060.0
1954.7,16.31,-1.156,-0.3175,14020.0
1954.75,16.35,-1.017,-0.2734,13980.0
1954.8,16.38,-0.8782,-0.2292,13980.0
1954.85,16.47,-0.9383,-0.388,14010.0
1954.9,16.56,-0.9984,-0.5468,14050.0
1954.95,16.75,-1.188,-0.422,14080.0
1955.0,16.95,-1.377,-0.2973,14110.0
1955.05,16.95,-1.269,-0.1423,14130.0
1955.1,16.95,-1.161,0.01268,14140.0
1955.15,16.79,-1.153,0.09706,14120.0
1955.2,16.63,-1.144,0.1814,14070.0
1955.25,16.51,-0.9859,0.2153,14020.0
1955.3,16.39,-0.8272,0.2492,13980.0
1955.35,16.36,-0.9122,0.2639,13960.0
1955.4,16.32,-0.9972,0.2785,13940.0
1955.45,16.47,-0.8734,0.2129,13940.0
1955.5,16.62,-0.7496,0.1473,13980.0
1955.55,16.76,-0.6529,-0.001219,14040.0
1955.6,16.91,-0.5561,-0.1497,14090.0
1955.65,17.15,-0.6525,-0.1032,14100.0
1955.7,17.39,-0.7488,-0.05658,14080.0
1955.75,17.4,-0.7361,0.1013,14050.0
1955.8,17.41,-0.7233,0.2592,14010.0
1955.85,17.37,-0.5977,0.2278,13960.0
1955.9,17.32,-0.4721,0.1963,13920.0
1955.95,17.35,-0.2259,0.2492,13910.0
1956.0,17.38,0.0203,0.3022,13930.0
1956.05,17.19,0.06628,0.09048,13960.0
1956.1,17.0,0.1123,-0.1212,13980.0
1956.15,16.93,0.04359,0.0128,13990.0
1956.2,16.85,-0.02508,0.1468,13990.0
1956.25,16.87,-0.04558,0.2467,13980.0
1956.3,16.89,-0.06608,0.3465,13960.0
1956.35,16.74,0.1744,0.5324,13940.0
1956.4,16.6,0.4148,0.7182,13920.0
1956.45,16.63,0.4361,0.6818,13920.0
1956.5,16.66,0.4574,0.6453,13940.0
1956.55,16.55,0.4421,0.7708,13950.0
1956.6,16.44,0.4267,0.8962,13970.0
1956.65,16.58,0.3631,0.9183,13980.0
1956.7,16.71,0.2994,0.9404,13980.0
1956.75,16.58,0.3483,1.03,13980.0
1956.8,16.46,0.3973,1.12,13960.0
1956.85,16.49,0.3039,1.05,13920.0
1956.9,16.51,0.2106,0.9801,13900.0
1956.95,16.48,0.2763,0.6463,13900.0
1957.0,16.45,0.342,0.3124,13930.0
1957.05,16.53,0.324,0.287,13960.0
1957.1,16.61,0.3061,0.2617,14010.0
1957.15,16.62,0.1232,0.5159,14060.0
1957.2,16.63,-0.05971,0.7702,14110.0
1957.25,16.72,-0.3473,0.7244,14130.0
1957.3,16.81,-0.6349,0.6787,14110.0
1957.35,16.67,-0.4753,0.4295,14060.0
1957.4,16.52,-0.3157,0.1802,14010.0
1957.45,16.71,-0.2309,0.2746,13970.0
1957.5,16.9,-0.1461,0.369,13940.0
1957.55,16.85,-0.2896,0.4698,13940.0
1957.6,16.8,-0.4331,0.5707,13980.0
1957.65,16.83,-0.3501,0.3305,14060.0
1957.7,16.85,-0.2671,0.09023,14140.0
1957.75,16.81,-0.1702,0.1063,14200.0
1957.8,16.78,-0.07325,0.1224,14230.0
1957.85,16.62,-0.1262,-0.02317,14230.0
1957.9,16.46,-0.1791,-0.1688,14200.0
1957.95,16.41,0.07663,0.02451,14140.0
1958.0,16.37,0.3324,0.2178,14070.0
1958.05,16.27,0.5488,0.1218,14020.0
1958.1,16.17,0.7651,0.02585,13990.0
1958.15,15.98,0.9172,0.3982,13990.0
1958.2,15.78,1.069,0.7706,13990.0
1958.25,15.84,1.111,0.7613,14020.0
1958.3,15.89,1.153,0.7519,14060.0
1958.35,15.56,1.182,0.5642,14110.0
1958.4,15.23,1.211,0.3765,14160.0
1958.45,15.19,0.99,0.2764,14180.0
1958.5,15.15,0.7687,0.1763,14170.0
1958.55,15.2,0.7108,0.0778,14140.0
1958.6,15.25,0.6529,-0.02073,14090.0
1958.65,15.23,0.6572,-0.1764,14030.0
1958.7,15.2,0.6616,-0.3322,13970.0
1958.75,15.18,0.8352,-0.3436,13920.0
1958.8,15.15,1.009,-0.3551,13910.0
1958.85,15.1,0.7952,-0.4364,13940.0
1958.9,15.05,0.5816,-0.5177,13990.0
1958.95,14.95,0.7729,-0.6177,14030.0
1959.0,14.85,0.9642,-0.7177,14070.0
1959.05,14.9,0.9341,-0.489,14090.0
1959.1,14.95,0.904,-0.2602,14090.0
1959.15,15.08,0.8242,-0.2368,14070.0
1959.2,15.2,0.7444,-0.2134,14030.0
1959.25,15.26,0.957,-0.4202,13990.0
1959.3,15.31,1.17,-0.627,13990.0
1959.35,15.31,1.044,-0.5231,13990.0
1959.4,15.32,0.9192,-0.4192,14000.0
1959.45,15.24,0.9791,-0.3089,14010.0
1959.5,15.17,1.039,-0.1985,14010.0
1959.55,15.11,1.087,-0.1605,14010.0
1959.6,15.06,1.135,-0.1224,13990.0
1959.65,15.15,1.093,-0.1571,13960.0
1959.7,15.24,1.052,-0.1917,13950.0
1959.75,15.33,1.045,-0.1067,13950.0
1959.8,15.42,1.039,-0.0217,13980.0
1959.85,15.53,0.8421,0.01122,14020.0
1959.9,15.64,0.6457,0.04414,14050.0
1959.95,15.41,0.6923,-0.07194,14090.0
1960.0,15.18,0.7388,-0.188,14110.0
1960.05,15.1,1.057,-0.2201,14110.0
1960.1,15.01,1.374,-0.2522,14070.0
1960.15,14.95,1.386,-0.1973,14020.0
1960.2,14.9,1.398,-0.1424,13960.0
1960.25,15.0,1.172,-0.09109,13920.0
1960.3,15.09,0.9462,-0.03975,13900.0
1960.35,14.99,0.8372,-0.2078,13910.0
1960.4,14.89,0.7281,-0.3758,13950.0
1960.45,14.85,0.7034,-0.3252,14010.0
1960.5,14.82,0.6787,-0.2746,14060.0
1960.55,14.62,0.7428,-0.3196,14100.0
1960.6,14.42,0.8069,-0.3646,14110.0
1960.65,14.25,0.863,-0.2729,14090.0
1960.7,14.07,0.9192,-0.1812,14060.0
1960.75,14.03,1.028,-0.103,14020.0
1960.8,13.99,1.137,-0.02488,13970.0
1960.85,14.1,1.208,0.2603,13930.0
1960.9,14.21,1.279,0.5455,13900.0
1960.95,14.39,1.298,0.499,13890.0
1961.0,14.57,1.316,0.4524,13890.0
1961.05,14.54,1.252,0.4656,13900.0
1961.1,14.52,1.188,0.4787,13920.0
1961.15,14.45,1.318,0.3668,13940.0
1961.2,14.38,1.447,0.2548,13960.0
1961.25,14.47,1.182,0.2539,13980.0
1961.3,14.57,0.9172,0.2529,13970.0
1961.35,14.7,1.064,0.3047,13950.0
1961.4,14.84,1.21,0.3565,13920.0
1961.45,14.93,0.9586,0.501,13880.0
1961.5,15.03,0.707,0.6455,13840.0
1961.55,15.14,0.9429,0.5081,13800.0
1961.6,15.25,1.179,0.3707,13770.0
1961.65,15.16,1.091,0.3128,13770.0
1961.7,15.06,1.004,0.2548,13780.0
1961.75,14.95,0.6345,0.2578,13790.0
1961.8,14.85,0.2651,0.2607,13790.0
1961.85,14.68,0.0621,0.06048,13800.0
1961.9,14.51,-0.1409,-0.1397,13800.0
1961.95,14.44,-0.05374,-0.4279,13800.0
1962.0,14.38,0.03344,-0.716,13790.0
1962.05,14.41,0.09853,-0.8993,13780.0
1962.1,14.45,0.1636,-1.083,13770.0
1962.15,14.79,0.2187,-0.934,13750.0
1962.2,15.14,0.2739,-0.7855,13730.0
1962.25,15.18,0.207,-0.6469,13700.0
1962.3,15.21,0.1401,-0.5082,13670.0
1962.35,15.2,0.04558,-0.3703,13630.0
1962.4,15.18,-0.04896,-0.2324,13600.0
1962.45,15.38,-0.0412,-0.3937,13590.0
1962.5,15.58,-0.03344,-0.5551,13600.0
1962.55,15.53,-0.06867,-0.5241,13620.0
1962.6,15.48,-0.1039,-0.4931,13650.0
1962.65,15.37,-0.01632,-0.6924,13670.0
1962.7,15.27,0.07126,-0.8916,13680.0
1962.75,15.09,0.2385,-0.7713,13690.0
1962.8,14.9,0.4056,-0.6509,13680.0
1962.85,14.85,0.3081,-0.6555,13660.0
1962.9,14.81,0.2106,-0.6602,13630.0
1962.95,14.84,0.1023,-0.8549,13600.0
1963.0,14.86,-0.005971,-1.05,13570.0
1963.05,14.75,0.05912,-1.162,13550.0
1963.1,14.64,0.1242,-1.274,13530.0
1963.15,14.63,0.1403,-1.293,13530.0
1963.2,14.63,0.1564,-1.313,13550.0
1963.25,14.65,0.07166,-1.176,13580.0
1963.3,14.67,-0.01314,-1.04,13610.0
1963.35,14.7,-0.04478,-0.9129,13640.0
1963.4,14.73,-0.07643,-0.786,13660.0
1963.45,14.76,-0.1869,-0.6968,13680.0
1963.5,14.79,-0.2974,-0.6075,13680.0
1963.55,14.73,-0.2671,-0.1616,13650.0
1963.6,14.67,-0.2369,0.2844,13610.0
1963.65,14.54,-0.1206,0.04731,13570.0
1963.7,14.4,-0.004379,-0.1897,13530.0
1963.75,14.52,-0.1202,-0.3264,13510.0
1963.8,14.63,-0.2361,-0.4631,13500.0
1963.85,14.53,-0.1965,-0.3923,13510.0
1963.9,14.43,-0.1568,-0.3214,13530.0
1963.95,14.38,-0.1704,-0.1321,13570.0
1964.0,14.32,-0.1839,0.05731,13590.0
1964.05,14.47,-0.1043,-0.01732,13600.0
1964.1,14.63,-0.02468,-0.09194,13590.0
1964.15,14.49,-0.02528,0.0617,13570.0
1964.2,14.35,-0.02588,0.2153,13550.0
1964.25,14.36,0.07146,0.359,13520.0
1964.3,14.38,0.1688,0.5026,13490.0
1964.35,14.17,0.06011,0.5256,13480.0
1964.4,13.95,-0.04857,0.5485,13470.0
1964.45,13.78,0.05374,0.6066,13450.0
1964.5,13.6,0.156,0.6648,13440.0
1964.55,13.64,0.1234,0.752,13440.0
1964.6,13.68,0.09076,0.8392,13440.0
1964.65,13.45,-0.06827,0.9739,13440.0
1964.7,13.22,-0.2273,1.109,13450.0
1964.75,13.09,-0.1949,0.9871,13470.0
1964.8,12.96,-0.1624,0.8655,13480.0
1964.85,12.9,-0.1451,0.7733,13470.0
1964.9,12.85,-0.1278,0.6811,13460.0
1964.95,12.75,-0.07504,0.6313,13430.0
1965.0,12.64,-0.02229,0.5814,13390.0
1965.05,12.67,0.2765,0.6018,13370.0
1965.1,12.69,0.5752,0.6221,13350.0
1965.15,12.74,0.3565,0.4457,13350.0
1965.2,12.79,0.1377,0.2692,13350.0
1965.25,12.55,-0.0625,0.4025,13350.0
1965.3,12.31,-0.2627,0.5358,13340.0
1965.35,12.42,-0.1521,0.6859,13330.0
1965.4,12.53,-0.0414,0.836,13330.0
1965.45,12.58,0.1827,0.899,13330.0
1965.5,12.63,0.4068,0.9621,13340.0
1965.55,12.66,0.2816,0.7244,13350.0
1965.6,12.68,0.1564,0.4868,13350.0
1965.65,12.52,0.1586,0.5547,13350.0
1965.7,12.36,0.1608,0.6226,13330.0
1965.75,12.29,0.3451,0.6165,13300.0
1965.8,12.22,0.5295,0.6104,13280.0
1965.85,12.05,0.7132,0.6162,13250.0
1965.9,11.87,0.8969,0.6219,13240.0
1965.95,11.76,0.8419,0.6558,13230.0
1966.0,11.65,0.787,0.6897,13230.0
1966.05,11.87,0.839,0.7553,13240.0
1966.1,12.1,0.8909,0.8209,13260.0
1966.15,12.18,0.9104,0.7225,13280.0
1966.2,12.26,0.9299,0.6241,13300.0
1966.25,12.24,0.7685,0.5792,13300.0
1966.3,12.22,0.6071,0.5343,13300.0
1966.35,12.45,0.8119,0.2444,13290.0
1966.4,12.68,1.017,-0.0456,13270.0
1966.45,12.61,1.207,0.1061,13240.0
1966.5,12.55,1.397,0.2578,13210.0
1966.55,12.39,1.219,0.2367,13180.0
1966.6,12.23,1.041,0.2156,13170.0
1966.65,12.25,0.7872,0.1397,13170.0
1966.7,12.26,0.5334,0.0639,13180.0
1966.75,12.4,0.5904,-0.0717,13190.0
1966.8,12.53,0.6473,-0.2073,13220.0
1966.85,12.55,0.5374,-0.1305,13240.0
1966.9,12.58,0.4275,-0.05365,13250.0
1966.95,12.65,0.4166,-0.1917,13230.0
1967.0,12.73,0.4056,-0.3297,13200.0
1967.05,12.82,0.2367,-0.2455,13170.0
1967.1,12.9,0.06767,-0.1612,13130.0
1967.15,12.85,0.04021,-0.1755,13100.0
1967.2,12.8,0.01274,-0.1897,13090.0
1967.25,12.87,0.09295,-0.2961,13100.0
1967.3,12.95,0.1732,-0.4024,13120.0
1967.35,12.92,0.2367,-0.1814,13140.0
1967.4,12.9,0.3002,0.03951,13140.0
1967.45,12.77,0.2904,0.02902,13140.0
1967.5,12.65,0.2806,0.01853,13130.0
1967.55,12.52,0.1773,0.05999,13110.0
1967.6,12.39,0.07404,0.1015,13090.0
1967.65,12.34,-0.2054,-0.0567,13080.0
1967.7,12.29,-0.4849,-0.2149,13080.0
1967.75,12.42,-0.448,-0.1747,13080.0
1967.8,12.55,-0.4112,-0.1346,13080.0
1967.85,12.52,-0.3431,-0.01122,13060.0
1967.9,12.5,-0.2751,0.1122,13050.0
1967.95,12.59,-0.1091,0.02317,13040.0
1968.0,12.68,0.05693,-0.06585,13030.0
1968.05,12.46,0.06071,-0.003292,13020.0
1968.1,12.24,0.06449,0.05926,13000.0
1968.15,12.33,-0.1001,0.05024,13000.0
1968.2,12.42,-0.2647,0.04121,13000.0
1968.25,12.44,-0.3796,0.1186,13000.0
1968.3,12.46,-0.4944,0.1961,13000.0
1968.35,12.3,-0.3346,0.3,13010.0
1968.4,12.14,-0.1748,0.4039,13020.0
1968.45,12.17,-0.3117,0.3457,13020.0
1968.5,12.2,-0.4486,0.2875,13000.0
1968.55,11.95,-0.5251,0.328,12960.0
1968.6,11.69,-0.6015,0.3685,12920.0
1968.65,11.75,-0.5072,0.2114,12890.0
1968.7,11.8,-0.4128,0.05438,12870.0
1968.75,11.96,-0.2506,0.1179,12870.0
1968.8,12.13,-0.08837,0.1814,12880.0
1968.85,12.08,-0.1324,0.1377,12910.0
1968.9,12.04,-0.1764,0.09389,12950.0
1968.95,12.07,-0.1365,-0.06841,12970.0
1969.0,12.1,-0.09673,-0.2307,12960.0
1969.05,12.06,-0.2038,0.002683,12940.0
1969.1,12.03,-0.3109,0.2361,12900.0
1969.15,12.02,-0.342,0.2106,12870.0
1969.2,12.01,-0.373,0.1851,12830.0
1969.25,12.02,-0.2028,0.2022,12810.0
1969.3,12.03,-0.03264,0.2192,12800.0
1969.35,12.09,0.07564,0.2216,12820.0
1969.4,12.15,0.1839,0.2239,12850.0
1969.45,12.05,0.1771,0.3,12860.0
1969.5,11.94,0.1704,0.3761,12870.0
1969.55,12.0,0.05772,0.4362,12880.0
1969.6,12.07,-0.05494,0.4963,12880.0
1969.65,12.02,0.05295,0.5549,12870.0
1969.7,11.96,0.1608,0.6136,12850.0
1969.75,12.24,0.1172,0.4757,12820.0
1969.8,12.51,0.07365,0.3378,12810.0
1969.85,12.4,-0.06728,0.2803,12800.0
1969.9,12.28,-0.2082,0.2229,12790.0
1969.95,12.24,-0.4894,0.2189,12790.0
1970.0,12.2,-0.7707,0.2149,12790.0
1970.05,12.24,-0.7478,0.126,12800.0
1970.1,12.28,-0.7249,0.03707,12810.0
1970.15,12.4,-0.5987,0.3085,12810.0
1970.2,12.51,-0.4725,0.5799,12810.0
1970.25,12.4,-0.3559,0.7677,12820.0
1970.3,12.28,-0.2392,0.9555,12830.0
1970.35,12.15,-0.07922,0.8883,12830.0
1970.4,12.02,0.08081,0.8211,12800.0
1970.45,12.17,0.1192,0.6609,12780.0
1970.5,12.32,0.1576,0.5007,12770.0
1970.55,12.15,0.07603,0.5186,12770.0
1970.6,11.99,-0.005573,0.5365,12770.0
1970.65,11.75,0.2064,0.5354,12770.0
1970.7,11.52,0.4184,0.5343,12790.0
1970.75,11.52,0.4371,0.4317,12810.0
1970.8,11.52,0.4558,0.329,12830.0
1970.85,11.48,0.3515,0.2927,12810.0
1970.9,11.44,0.2472,0.2563,12770.0
1970.95,11.5,0.3137,0.327,12740.0
1971.0,11.56,0.3802,0.3978,12730.0
1971.05,11.56,0.5326,0.4108,12720.0
1971.1,11.56,0.6851,0.4239,12730.0
1971.15,11.61,0.463,0.5264,12750.0
1971.2,11.66,0.2408,0.629,12790.0
1971.25,11.47,0.06051,0.5713,12810.0
1971.3,11.28,-0.1198,0.5136,12800.0
1971.35,11.11,-0.2508,0.5296,12750.0
1971.4,10.95,-0.3818,0.5455,12710.0
1971.45,10.93,-0.2269,0.5025,12680.0
1971.5,10.92,-0.07205,0.4595,12660.0
1971.55,10.9,0.1909,0.5604,12640.0
1971.6,10.87,0.4538,0.6614,12640.0
1971.65,11.09,0.3037,0.7071,12660.0
1971.7,11.3,0.1537,0.7528,12700.0
1971.75,11.45,0.09096,0.9072,12740.0
1971.8,11.61,0.02826,1.062,12750.0
1971.85,11.77,0.01373,1.135,12750.0
1971.9,11.93,-0.0007961,1.208,12740.0
1971.95,11.97,0.06728,1.055,12730.0
1972.0,12.02,0.1353,0.9023,12700.0
1972.05,12.09,0.2078,0.9418,12650.0
1972.1,12.17,0.2803,0.9814,12610.0
1972.15,12.39,0.1049,0.7346,12600.0
1972.2,12.61,-0.07046,0.4878,12610.0
1972.25,12.57,0.04339,0.4068,12620.0
1972.3,12.53,0.1572,0.3258,12630.0
1972.35,12.5,0.3853,0.4111,12660.0
1972.4,12.47,0.6134,0.4963,12690.0
1972.45,12.56,0.6306,0.4254,12710.0
1972.5,12.66,0.6477,0.3546,12700.0
1972.55,12.54,0.5398,0.4552,12670.0
1972.6,12.43,0.4319,0.5558,12650.0
1972.65,12.19,0.2906,0.4728,12630.0
1972.7,11.95,0.1493,0.3897,12620.0
1972.75,12.05,0.1493,0.3448,12600.0
1972.8,12.15,0.1493,0.3,12580.0
1972.85,12.09,0.2313,0.37,12590.0
1972.9,12.03,0.3133,0.44,12610.0
1972.95,11.98,0.4218,0.3918,12630.0
1973.0,11.92,0.5302,0.3436,12630.0
1973.05,11.9,0.6091,0.2591,12640.0
1973.1,11.87,0.6879,0.1746,12650.0
1973.15,11.89,0.6057,0.248,12670.0
1973.2,11.91,0.5235,0.3214,12670.0
1973.25,11.85,0.4049,0.1363,12670.0
1973.3,11.8,0.2862,-0.04878,12670.0
1973.35,11.84,0.4021,-0.1584,12680.0
1973.4,11.88,0.5179,-0.268,12680.0
1973.45,11.79,0.498,-0.3126,12670.0
1973.5,11.71,0.4781,-0.3573,12670.0
1973.55,11.83,0.3943,-0.2218,12660.0
1973.6,11.95,0.3105,-0.08633,12670.0
1973.65,12.07,0.4538,0.09231,12670.0
1973.7,12.19,0.5971,0.2709,12670.0
1973.75,12.11,0.4974,0.3517,12680.0
1973.8,12.04,0.3977,0.4324,12700.0
1973.85,12.2,0.3563,0.3937,12710.0
1973.9,12.36,0.3149,0.3551,12720.0
1973.95,12.33,0.531,0.2196,12730.0
1974.0,12.31,0.7472,0.08414,12740.0
1974.05,12.36,0.6172,0.1307,12740.0
1974.1,12.41,0.4873,0.1773,12730.0
1974.15,12.37,0.4753,0.3062,12710.0
1974.2,12.32,0.4634,0.4351,12690.0
1974.25,12.28,0.4222,0.2431,12680.0
1974.3,12.24,0.381,0.05121,12670.0
1974.35,12.32,0.3067,-0.01878,12670.0
1974.4,12.41,0.2325,-0.08877,12670.0
1974.45,12.42,0.2243,-0.04878,12690.0
1974.5,12.43,0.2162,-0.00878,12710.0
1974.55,12.54,0.2844,0.1075,12730.0
1974.6,12.64,0.3527,0.2239,12750.0
1974.65,12.63,0.3416,0.1579,12770.0
1974.7,12.61,0.3304,0.09194,12780.0
1974.75,12.62,0.1895,0.1433,12780.0
1974.8,12.62,0.04857,0.1946,12770.0
1974.85,12.67,-0.1025,0.04963,12750.0
1974.9,12.72,-0.2536,-0.09536,12720.0
1974.95,12.78,-0.3348,-0.133,12700.0
1975.0,12.84,-0.416,-0.1707,12690.0
1975.05,12.98,-0.3224,-0.0528,12690.0
1975.1,13.13,-0.2289,0.06511,12710.0
1975.15,13.29,-0.2528,0.03817,12730.0
1975.2,13.45,-0.2767,0.01122,12760.0
1975.25,13.56,-0.3431,-0.06694,12790.0
1975.3,13.67,-0.4096,-0.1451,12800.0
1975.35,13.67,-0.333,-0.07487,12800.0
1975.4,13.67,-0.2564,-0.004634,12800.0
1975.45,13.59,-0.2048,0.04817,12800.0
1975.5,13.5,-0.1533,0.101,12780.0
1975.55,13.34,0.005971,-0.01414,12760.0
1975.6,13.17,0.1652,-0.1293,12740.0
1975.65,13.19,0.3296,-0.05951,12730.0
1975.7,13.2,0.494,0.01024,12720.0
1975.75,13.26,0.3213,0.1245,12720.0
1975.8,13.32,0.1485,0.2388,12730.0
1975.85,13.43,0.217,0.119,12760.0
1975.9,13.53,0.2854,-0.0007316,12790.0
1975.95,13.85,0.3971,0.1127,12810.0
1976.0,14.16,0.5088,0.2261,12820.0
1976.05,14.24,0.3412,0.1772,12810.0
1976.1,14.32,0.1736,0.1283,12790.0
1976.15,14.53,0.07365,0.08206,12760.0
1976.2,14.73,-0.02627,0.03585,12740.0
1976.25,14.76,-0.05593,-0.01097,12720.0
1976.3,14.79,-0.08559,-0.0578,12710.0
1976.35,14.57,-0.08559,-0.1546,12720.0
1976.4,14.35,-0.08559,-0.2514,12750.0
1976.45,14.2,-0.1531,-0.09206,12770.0
1976.5,14.05,-0.2205,0.06731,12790.0
1976.55,14.02,-0.3123,0.2379,12800.0
1976.6,14.0,-0.4041,0.4085,12790.0
1976.65,14.03,-0.4725,0.3235,12770.0
1976.7,14.07,-0.541,0.2385,12740.0
1976.75,14.09,-0.3971,0.2595,12730.0
1976.8,14.11,-0.2532,0.2805,12720.0
1976.85,14.11,-0.166,0.4515,12730.0
1976.9,14.12,-0.07882,0.6226,12740.0
1976.95,14.15,-0.1174,0.4976,12740.0
1977.0,14.18,-0.156,0.3726,12740.0
1977.05,14.33,-0.2052,0.4073,12730.0
1977.1,14.48,-0.2544,0.4419,12720.0
1977.15,14.49,-0.3179,0.4241,12710.0
1977.2,14.5,-0.3814,0.4063,12700.0
1977.25,14.43,-0.284,0.2077,12710.0
1977.3,14.36,-0.1867,0.009023,12720.0
1977.35,14.3,-0.1234,0.1167,12730.0
1977.4,14.23,-0.06011,0.2244,12730.0
1977.45,14.26,0.1588,0.07353,12720.0
1977.5,14.29,0.3778,-0.07731,12710.0
1977.55,14.41,0.3973,0.0906,12700.0
1977.6,14.53,0.4168,0.2585,12700.0
1977.65,14.78,0.4021,0.1419,12720.0
1977.7,15.04,0.3873,0.02536,12740.0
1977.75,15.2,0.3615,0.1377,12760.0
1977.8,15.37,0.3356,0.25,12770.0
1977.85,15.24,0.2928,0.1424,12760.0
1977.9,15.1,0.25,0.03487,12750.0
1977.95,14.86,0.1941,0.2268,12730.0
1978.0,14.61,0.1381,0.4187,12730.0
1978.05,14.49,0.1799,0.3073,12750.0
1978.1,14.36,0.2217,0.1958,12780.0
1978.15,14.59,0.04658,0.1382,12800.0
1978.2,14.83,-0.1286,0.08048,12830.0
1978.25,14.91,-0.1214,0.1984,12850.0
1978.3,15.0,-0.1142,0.3163,12850.0
1978.35,15.08,0.127,0.3484,12830.0
1978.4,15.16,0.3682,0.3804,12810.0
1978.45,15.39,0.4363,0.4785,12800.0
1978.5,15.61,0.5044,0.5765,12810.0
1978.55,15.58,0.6228,0.5375,12820.0
1978.6,15.55,0.7412,0.4985,12840.0
1978.65,15.64,0.7122,0.3017,12850.0
1978.7,15.74,0.6831,0.1049,12870.0
1978.75,15.71,0.578,0.0806,12880.0
1978.8,15.67,0.4729,0.05634,12870.0
1978.85,15.59,0.461,0.06646,12850.0
1978.9,15.52,0.449,0.07658,12840.0
1978.95,15.37,0.4258,0.0278,12840.0
1979.0,15.22,0.4025,-0.02097,12830.0
1979.05,15.07,0.3939,-0.01158,12830.0
1979.1,14.92,0.3853,-0.002195,12830.0
1979.15,14.95,0.4673,0.07792,12830.0
1979.2,14.99,0.5494,0.158,12830.0
1979.25,15.22,0.4377,0.2686,12820.0
1979.3,15.46,0.326,0.3792,12810.0
1979.35,15.51,0.3782,0.3917,12790.0
1979.4,15.57,0.4303,0.4041,12780.0
1979.45,15.6,0.4178,0.2623,12770.0
1979.5,15.62,0.4052,0.1205,12770.0
1979.55,15.6,0.4198,0.1889,12780.0
1979.6,15.59,0.4343,0.2573,12800.0
1979.65,15.57,0.5496,0.1217,12830.0
1979.7,15.56,0.6648,-0.0139,12840.0
1979.75,15.48,0.5279,0.1924,12840.0
1979.8,15.4,0.3909,0.3987,12810.0
1979.85,15.3,0.3615,0.2151,12780.0
1979.9,15.21,0.332,0.03146,12740.0
1979.95,15.15,0.4313,0.0178,12710.0
1980.0,15.09,0.5306,0.004146,12690.0
1980.05,15.27,0.3593,0.1382,12700.0
1980.1,15.44,0.1879,0.2722,12720.0
1980.15,15.28,0.1984,0.1357,12760.0
1980.2,15.12,0.209,-0.0007316,12800.0
1980.25,14.89,0.2814,-0.1464,12820.0
1980.3,14.66,0.3539,-0.2922,12830.0
1980.35,14.79,0.4562,-0.2635,12810.0
1980.4,14.93,0.5585,-0.2349,12780.0
1980.45,14.87,0.6941,-0.451,12750.0
1980.5,14.81,0.8296,-0.6672,12720.0
1980.55,15.04,0.9249,-0.6151,12700.0
1980.6,15.26,1.02,-0.5629,12710.0
1980.65,15.39,0.9142,-0.4159,12740.0
1980.7,15.53,0.8081,-0.269,12780.0
1980.75,15.73,0.7671,-0.4003,12820.0
1980.8,15.94,0.7261,-0.5316,12850.0
1980.85,15.91,0.5239,-0.6621,12860.0
1980.9,15.88,0.3217,-0.7926,12850.0
1980.95,15.79,0.3698,-0.7196,12830.0
1981.0,15.71,0.418,-0.6465,12800.0
1981.05,15.81,0.3752,-0.6249,12770.0
1981.1,15.92,0.3324,-0.6033,12770.0
1981.15,15.89,0.4033,-0.4645,12790.0
1981.2,15.86,0.4741,-0.3256,12840.0
1981.25,15.66,0.4186,-0.3731,12880.0
1981.3,15.45,0.3631,-0.4207,12920.0
1981.35,15.37,0.38,-0.7258,12930.0
1981.4,15.29,0.3969,-1.031,12910.0
1981.45,15.35,0.2787,-0.9823,12860.0
1981.5,15.41,0.1604,-0.9338,12810.0
1981.55,15.29,0.1184,-1.0,12780.0
1981.6,15.17,0.07643,-1.066,12790.0
1981.65,15.2,0.03045,-1.154,12830.0
1981.7,15.23,-0.01553,-1.241,12890.0
1981.75,15.12,-0.1115,-1.176,12940.0
1981.8,15.01,-0.2074,-1.11,12970.0
1981.85,14.96,-0.1031,-1.002,12970.0
1981.9,14.91,0.001194,-0.894,12940.0
1981.95,14.93,-0.01115,-0.9365,12890.0
1982.0,14.95,-0.02349,-0.9789,12840.0
1982.05,14.92,-0.128,-0.9787,12800.0
1982.1,14.89,-0.2325,-0.9784,12790.0
1982.15,14.98,-0.3597,-0.9844,12810.0
1982.2,15.06,-0.4869,-0.9904,12840.0
1982.25,15.08,-0.5987,-1.025,12880.0
1982.3,15.09,-0.7106,-1.06,12920.0
1982.35,14.99,-0.7261,-1.201,12940.0
1982.4,14.89,-0.7416,-1.342,12940.0
1982.45,14.81,-0.7301,-1.324,12910.0
1982.5,14.72,-0.7185,-1.306,12880.0
1982.55,14.72,-0.6154,-1.043,12850.0
1982.6,14.73,-0.5123,-0.7806,12840.0
1982.65,14.69,-0.4604,-0.6357,12840.0
1982.7,14.66,-0.4084,-0.4907,12860.0
1982.75,14.65,-0.4695,-0.7543,12890.0
1982.8,14.64,-0.5306,-1.018,12920.0
1982.85,14.61,-0.7132,-0.98,12950.0
1982.9,14.57,-0.8957,-0.9421,12960.0
1982.95,14.65,-0.9604,-0.8277,12960.0
1983.0,14.72,-1.025,-0.7133,12940.0
1983.05,14.79,-1.011,-0.6929,12940.0
1983.1,14.86,-0.9976,-0.6724,12940.0
1983.15,15.01,-1.062,-0.4881,12950.0
1983.2,15.16,-1.127,-0.3039,12960.0
1983.25,15.12,-1.235,-0.334,12990.0
1983.3,15.08,-1.344,-0.3641,13010.0
1983.35,15.28,-1.261,-0.4567,13040.0
1983.4,15.49,-1.178,-0.5492,13050.0
1983.45,15.57,-0.8157,-0.446,13050.0
1983.5,15.65,-0.453,-0.3429,13050.0
1983.55,15.66,-0.3569,-0.329,13060.0
1983.6,15.67,-0.2607,-0.3151,13070.0
1983.65,15.44,-0.2223,-0.2742,13080.0
1983.7,15.2,-0.1839,-0.2334,13090.0
1983.75,15.17,-0.4482,-0.1471,13120.0
1983.8,15.14,-0.7126,-0.06072,13150.0
1983.85,15.08,-0.7474,0.02256,13170.0
1983.9,15.02,-0.7822,0.1058,13190.0
1983.95,15.13,-0.6535,-0.04146,13200.0
1984.0,15.24,-0.5247,-0.1888,13220.0
1984.05,15.21,-0.4409,-0.02414,13240.0
1984.1,15.18,-0.3571,0.1405,13250.0
1984.15,15.03,-0.3881,0.05755,13270.0
1984.2,14.88,-0.4192,-0.02536,13290.0
1984.25,15.04,-0.4892,0.06377,13300.0
1984.3,15.2,-0.5593,0.1529,13300.0
1984.35,15.39,-0.7775,0.1694,13290.0
1984.4,15.57,-0.9956,0.1858,13290.0
1984.45,15.51,-0.9126,0.2464,13290.0
1984.5,15.44,-0.8296,0.307,13310.0
1984.55,15.49,-0.7367,0.1823,13340.0
1984.6,15.53,-0.6437,0.05755,13370.0
1984.65,15.59,-0.5902,0.03061,13400.0
1984.7,15.66,-0.5366,0.003658,13440.0
1984.75,15.6,-0.5219,-0.006707,13450.0
1984.8,15.55,-0.5072,-0.01707,13440.0
1984.85,15.78,-0.3973,-0.09231,13420.0
1984.9,16.01,-0.2874,-0.1675,13380.0
1984.95,15.91,-0.2621,0.01414,13360.0
1985.0,15.82,-0.2369,0.1958,13350.0
1985.05,16.01,-0.218,0.4014,13360.0
1985.1,16.2,-0.199,0.607,13400.0
1985.15,16.32,-0.1592,0.6109,13440.0
1985.2,16.45,-0.1194,0.6148,13490.0
1985.25,16.47,-0.1829,0.541,13520.0
1985.3,16.49,-0.2464,0.4673,13520.0
1985.35,16.48,-0.1984,0.594,13510.0
1985.4,16.47,-0.1505,0.7207,13480.0
1985.45,16.4,-0.1075,0.6218,13450.0
1985.5,16.33,-0.06449,0.5229,13450.0
1985.55,16.38,-0.1562,0.466,13460.0
1985.6,16.42,-0.248,0.4092,13490.0
1985.65,16.4,-0.2096,0.4129,13520.0
1985.7,16.38,-0.1712,0.4165,13570.0
1985.75,16.32,-0.3674,0.3943,13600.0
1985.8,16.27,-0.5637,0.3722,13620.0
1985.85,16.27,-0.5756,0.3563,13620.0
1985.9,16.27,-0.5876,0.3405,13610.0
1985.95,16.22,-0.5478,0.2017,13610.0
1986.0,16.17,-0.508,0.06292,13610.0
1986.05,16.38,-0.6427,-0.01475,13610.0
1986.1,16.58,-0.7775,-0.09243,13610.0
1986.15,16.84,-0.7838,0.09633,13640.0
1986.2,17.1,-0.7902,0.2851,13690.0
1986.25,17.08,-0.9009,0.243,13730.0
1986.3,17.07,-1.012,0.201,13760.0
1986.35,17.1,-0.9033,0.2547,13780.0
1986.4,17.13,-0.795,0.3085,13780.0
1986.45,17.03,-0.7363,0.2183,13780.0
1986.5,16.93,-0.6775,0.128,13770.0
1986.55,16.76,-0.4494,0.04048,13760.0
1986.6,16.59,-0.2213,-0.04707,13760.0
1986.65,16.56,-0.1965,0.0178,13790.0
1986.7,16.54,-0.1716,0.08267,13820.0
1986.75,16.73,-0.156,0.03426,13850.0
1986.8,16.92,-0.1405,-0.01414,13890.0
1986.85,16.92,-0.07743,-0.03109,13930.0
1986.9,16.92,-0.01433,-0.04804,13970.0
1986.95,16.86,-0.1296,0.003048,13990.0
1987.0,16.79,-0.2448,0.05414,13990.0
1987.05,16.64,-0.4894,0.08792,13980.0
1987.1,16.48,-0.7341,0.1217,13970.0
1987.15,16.51,-0.7769,0.1736,13970.0
1987.2,16.54,-0.8197,0.2256,13980.0
1987.25,16.75,-0.749,0.02963,13990.0
1987.3,16.97,-0.6783,-0.1663,14020.0
1987.35,17.23,-0.7062,-0.1068,14060.0
1987.4,17.5,-0.7341,-0.04731,14090.0
1987.45,17.52,-0.8599,0.2108,14110.0
1987.5,17.54,-0.9857,0.469,14110.0
1987.55,17.36,-0.9301,0.6459,14130.0
1987.6,17.18,-0.8746,0.8228,14140.0
1987.65,17.08,-0.713,0.528,14140.0
1987.7,16.97,-0.5513,0.2331,14140.0
1987.75,16.84,-0.5052,0.216,14140.0
1987.8,16.71,-0.459,0.1988,14140.0
1987.85,16.66,-0.4857,0.3394,14140.0
1987.9,16.62,-0.5123,0.4799,14140.0
1987.95,16.65,-0.4474,0.4091,14150.0
1988.0,16.69,-0.3826,0.3383,14170.0
1988.05,16.67,-0.3219,0.2508,14220.0
1988.1,16.65,-0.2611,0.1634,14260.0
1988.15,16.75,-0.383,0.1643,14290.0
1988.2,16.85,-0.5048,0.1651,14300.0
1988.25,16.86,-0.5338,0.3522,14300.0
1988.3,16.86,-0.5629,0.5392,14290.0
1988.35,16.71,-0.491,0.4773,14280.0
1988.4,16.56,-0.4192,0.4153,14260.0
1988.45,16.48,-0.5394,0.5688,14260.0
1988.5,16.4,-0.6596,0.7224,14290.0
1988.55,16.54,-0.5697,0.6386,14330.0
1988.6,16.68,-0.4797,0.5548,14370.0
1988.65,16.82,-0.2972,0.3692,14410.0
1988.7,16.95,-0.1146,0.1836,14450.0
1988.75,16.76,-0.07365,0.0706,14470.0
1988.8,16.57,-0.03264,-0.04243,14490.0
1988.85,16.55,0.0623,0.008658,14500.0
1988.9,16.53,0.1572,0.05975,14490.0
1988.95,16.44,0.2245,0.09182,14480.0
1989.0,16.34,0.2918,0.1239,14470.0
1989.05,16.43,0.1917,0.02744,14460.0
1989.1,16.51,0.09156,-0.06902,14460.0
1989.15,16.47,-0.03065,-0.06219,14470.0
1989.2,16.43,-0.1529,-0.05536,14510.0
1989.25,16.46,-0.1125,-0.01293,14570.0
1989.3,16.49,-0.07205,0.02951,14630.0
1989.35,16.68,-0.1817,0.1427,14670.0
1989.4,16.87,-0.2914,0.2558,14690.0
1989.45,16.78,-0.1003,0.4136,14680.0
1989.5,16.69,0.09076,0.5714,14660.0
1989.55,16.77,0.4546,0.5996,14620.0
1989.6,16.86,0.8185,0.6277,14590.0
1989.65,16.77,0.7603,0.5608,14580.0
1989.7,16.67,0.7022,0.4938,14600.0
1989.75,16.41,0.6539,0.2972,14640.0
1989.8,16.14,0.6055,0.1005,14690.0
1989.85,16.04,0.6387,-0.106,14730.0
1989.9,15.94,0.672,-0.3124,14760.0
1989.95,15.97,0.4753,-0.0828,14790.0
1990.0,16.0,0.2787,0.1468,14790.0
1990.05,15.99,0.3503,0.211,14770.0
1990.1,15.98,0.422,0.2751,14740.0
1990.15,16.09,0.4407,0.2499,14730.0
1990.2,16.2,0.4594,0.2246,14740.0
1990.25,16.27,0.4261,0.2184,14760.0
1990.3,16.34,0.3929,0.2122,14780.0
1990.35,16.23,0.5141,0.04658,14800.0
1990.4,16.13,0.6353,-0.119,14830.0
1990.45,15.97,0.7402,-0.1641,14850.0
1990.5,15.81,0.8451,-0.2092,14840.0
1990.55,15.71,0.8581,-0.0367,14820.0
1990.6,15.62,0.871,0.1358,14800.0
1990.65,15.68,1.039,0.004878,14800.0
1990.7,15.75,1.207,-0.1261,14800.0
1990.75,15.69,1.23,-0.03658,14820.0
1990.8,15.63,1.252,0.05292,14840.0
1990.85,15.52,1.318,0.04414,14890.0
1990.9,15.42,1.384,0.03536,14950.0
1990.95,15.43,1.386,0.1028,14980.0
1991.0,15.44,1.387,0.1702,14990.0
1991.05,15.46,1.507,0.3903,14970.0
1991.1,15.48,1.626,0.6104,14960.0
1991.15,15.48,1.467,0.7528,14940.0
1991.2,15.47,1.308,0.8953,14910.0
1991.25,15.62,1.119,0.807,14890.0
1991.3,15.78,0.9299,0.7187,14890.0
1991.35,15.79,0.9679,0.5923,14940.0
1991.4,15.79,1.006,0.4658,15000.0
1991.45,15.73,0.8107,0.2491,15060.0
1991.5,15.66,0.6154,0.03244,15090.0
1991.55,15.72,0.5758,0.01293,15130.0
1991.6,15.78,0.5362,-0.006585,15150.0
1991.65,15.82,0.7183,0.1593,15140.0
1991.7,15.86,0.9005,0.3251,15100.0
1991.75,15.78,0.8175,0.4263,15060.0
1991.8,15.7,0.7345,0.5275,15030.0
1991.85,15.92,0.7665,0.5974,15030.0
1991.9,16.13,0.7986,0.6672,15040.0
1991.95,16.42,0.7727,0.5769,15060.0
1992.0,16.7,0.7468,0.4865,15090.0
1992.05,16.86,0.5466,0.6424,15150.0
1992.1,17.01,0.3463,0.7982,15210.0
1992.15,17.06,0.3509,0.7899,15240.0
1992.2,17.12,0.3555,0.7816,15240.0
1992.25,17.13,0.3453,0.7953,15230.0
1992.3,17.15,0.3352,0.8089,15220.0
1992.35,17.04,0.2112,0.8536,15190.0
1992.4,16.92,0.08718,0.8982,15150.0
1992.45,16.79,-0.009554,0.877,15130.0
1992.5,16.66,-0.1063,0.8558,15150.0
1992.55,16.88,-0.1441,0.8834,15200.0
1992.6,17.09,-0.1819,0.9111,15240.0
1992.65,17.26,-0.1562,0.9879,15270.0
1992.7,17.42,-0.1306,1.065,15280.0
1992.75,17.29,-0.3698,0.8645,15290.0
1992.8,17.16,-0.6091,0.6643,15290.0
1992.85,17.28,-0.5418,0.4576,15260.0
1992.9,17.4,-0.4745,0.2509,15240.0
1992.95,17.29,-0.4672,0.3658,15240.0
1993.0,17.18,-0.4598,0.4807,15270.0
1993.05,17.19,-0.1652,0.3731,15300.0
1993.1,17.2,0.1294,0.2656,15310.0
1993.15,17.16,-0.0209,0.225,15310.0
1993.2,17.12,-0.1712,0.1844,15310.0
1993.25,17.13,-0.3736,-0.004999,15320.0
1993.3,17.14,-0.576,-0.1944,15310.0
1993.35,17.02,-0.5316,-0.04548,15290.0
1993.4,16.9,-0.4873,0.1034,15300.0
1993.45,16.9,-0.6278,0.1444,15320.0
1993.5,16.9,-0.7683,0.1853,15350.0
1993.55,17.05,-0.6799,0.2355,15350.0
1993.6,17.2,-0.5916,0.2856,15330.0
1993.65,17.14,-0.6355,0.2078,15340.0
1993.7,17.07,-0.6795,0.13,15370.0
1993.75,17.05,-0.8981,0.1553,15400.0
1993.8,17.04,-1.117,0.1807,15420.0
1993.85,17.12,-1.157,-0.03829,15430.0
1993.9,17.21,-1.197,-0.2573,15450.0
1993.95,17.04,-1.133,-0.3258,15470.0
1994.0,16.88,-1.068,-0.3943,15450.0
1994.05,16.84,-1.036,-0.1585,15410.0
1994.1,16.81,-1.004,0.07731,15390.0
1994.15,16.66,-1.24,0.07999,15390.0
1994.2,16.52,-1.476,0.08267,15420.0
1994.25,16.48,-1.34,-0.05707,15440.0
1994.3,16.45,-1.205,-0.1968,15480.0
1994.35,16.44,-1.078,-0.1225,15520.0
1994.4,16.43,-0.951,-0.04829,15560.0
1994.45,16.56,-1.039,0.1077,15560.0
1994.5,16.69,-1.127,0.2636,15550.0
1994.55,16.63,-1.068,0.3151,15530.0
1994.6,16.57,-1.01,0.3665,15530.0
1994.65,16.53,-0.9546,0.176,15530.0
1994.7,16.48,-0.8997,-0.01463,15530.0
1994.75,16.44,-0.8742,-0.2809,15520.0
1994.8,16.41,-0.8487,-0.5473,15520.0
1994.85,16.48,-0.9966,-0.5727,15540.0
1994.9,16.55,-1.144,-0.5982,15560.0
1994.95,16.64,-1.088,-0.5851,15570.0
1995.0,16.73,-1.031,-0.5719,15580.0
1995.05,16.69,-1.042,-0.5099,15600.0
1995.1,16.65,-1.053,-0.448,15640.0
1995.15,16.72,-1.017,-0.5437,15650.0
1995.2,16.79,-0.9821,-0.6394,15640.0
1995.25,16.82,-0.8083,-0.6808,15610.0
1995.3,16.85,-0.6345,-0.7221,15590.0
1995.35,16.57,-0.5396,-0.725,15560.0
1995.4,16.3,-0.4447,-0.728,15540.0
1995.45,16.31,-0.4638,-0.6677,15520.0
1995.5,16.31,-0.4829,-0.6075,15530.0
1995.55,16.33,-0.5273,-0.6668,15580.0
1995.6,16.34,-0.5716,-0.726,15620.0
1995.65,16.41,-0.5728,-0.807,15630.0
1995.7,16.49,-0.574,-0.888,15630.0
1995.75,16.52,-0.5627,-0.755,15650.0
1995.8,16.55,-0.5513,-0.6221,15660.0
1995.85,16.46,-0.5589,-0.6182,15660.0
1995.9,16.37,-0.5665,-0.6143,15630.0
1995.95,16.65,-0.4047,-0.4891,15600.0
1996.0,16.94,-0.2428,-0.3639,15580.0
1996.05,17.04,-0.2619,-0.3239,15580.0
1996.1,17.14,-0.281,-0.2839,15580.0
1996.15,17.33,-0.3284,-0.3969,15590.0
1996.2,17.52,-0.3758,-0.5099,15620.0
1996.25,17.61,-0.2367,-0.7316,15670.0
1996.3,17.69,-0.09753,-0.9533,15700.0
1996.35,17.63,-0.2675,-0.8737,15710.0
1996.4,17.57,-0.4375,-0.7941,15690.0
1996.45,17.55,-0.5099,-0.8048,15660.0
1996.5,17.53,-0.5824,-0.8155,15650.0
1996.55,17.42,-0.4192,-0.7077,15650.0
1996.6,17.32,-0.256,-0.5999,15650.0
1996.65,17.34,-0.3541,-0.7135,15640.0
1996.7,17.36,-0.4522,-0.827,15650.0
1996.75,17.37,-0.3601,-0.5562,15670.0
1996.8,17.39,-0.2679,-0.2853,15670.0
1996.85,17.34,-0.06986,-0.1408,15660.0
1996.9,17.3,0.1282,0.003658,15640.0
1996.95,17.31,0.01851,0.1619,15650.0
1997.0,17.32,-0.09116,0.3202,15660.0
1997.05,17.31,-0.05513,0.3601,15670.0
1997.1,17.29,-0.01911,0.4,15690.0
1997.15,17.18,-0.03205,0.3839,15700.0
1997.2,17.07,-0.04498,0.3678,15720.0
1997.25,16.93,-0.2434,0.3896,15710.0
1997.3,16.8,-0.4419,0.4114,15680.0
1997.35,16.59,-0.412,0.4213,15640.0
1997.4,16.39,-0.3822,0.4312,15620.0
1997.45,16.35,-0.3937,0.4535,15620.0
1997.5,16.3,-0.4052,0.4758,15620.0
1997.55,16.42,-0.3435,0.4847,15630.0
1997.6,16.53,-0.2818,0.4936,15650.0
1997.65,16.72,-0.2892,0.4309,15690.0
1997.7,16.92,-0.2966,0.3683,15720.0
1997.75,17.05,-0.5287,0.4838,15720.0
1997.8,17.18,-0.7607,0.5994,15700.0
1997.85,17.14,-0.7317,0.5471,15660.0
1997.9,17.09,-0.7026,0.4948,15630.0
1997.95,17.13,-0.658,0.5568,15600.0
1998.0,17.16,-0.6134,0.6187,15580.0
1998.05,17.2,-0.4439,0.6027,15570.0
1998.1,17.24,-0.2743,0.5868,15590.0
1998.15,17.21,-0.2804,0.5416,15610.0
1998.2,17.18,-0.2866,0.4965,15640.0
1998.25,17.17,-0.281,0.3156,15640.0
1998.3,17.15,-0.2755,0.1346,15630.0
1998.35,17.17,-0.3853,0.01097,15640.0
1998.4,17.18,-0.4952,-0.1127,15650.0
1998.45,17.1,-0.7233,-0.1152,15650.0
1998.5,17.01,-0.9514,-0.1178,15620.0
1998.55,17.23,-0.7018,-0.2461,15590.0
1998.6,17.44,-0.4522,-0.3743,15570.0
1998.65,17.4,-0.5255,-0.1711,15560.0
1998.7,17.35,-0.5987,0.03219,15540.0
1998.75,17.27,-0.5571,-0.01158,15540.0
1998.8,17.18,-0.5155,-0.05536,15560.0
1998.85,17.1,-0.541,-0.2566,15590.0
1998.9,17.02,-0.5665,-0.4578,15620.0
1998.95,16.91,-0.5619,-0.1136,15620.0
1999.0,16.79,-0.5573,0.2305,15600.0
1999.05,17.0,-0.5402,0.358,15570.0
1999.1,17.21,-0.5231,0.4856,15550.0
1999.15,17.23,-0.6726,0.5943,15530.0
1999.2,17.24,-0.822,0.7031,15510.0
1999.25,17.34,-0.8495,0.6859,15510.0
1999.3,17.45,-0.877,0.6687,15530.0
1999.35,17.34,-0.7767,0.7624,15550.0
1999.4,17.23,-0.6763,0.856,15560.0
1999.45,17.07,-0.629,0.836,15560.0
1999.5,16.91,-0.5816,0.816,15550.0
1999.55,16.83,-0.7422,0.7419,15560.0
1999.6,16.75,-0.9029,0.6677,15570.0
1999.65,16.66,-0.9029,0.5357,15550.0
1999.7,16.58,-0.9029,0.4036,15530.0
1999.75,16.56,-0.8983,0.5743,15530.0
1999.8,16.53,-0.8937,0.745,15540.0
1999.85,16.6,-0.9596,0.8397,15540.0
1999.9,16.67,-1.025,0.9343,15530.0
1999.95,16.76,-1.061,0.9047,15540.0
2000.0,16.85,-1.097,0.875,15570.0
2000.05,16.86,-1.167,0.7432,15610.0
2000.1,16.87,-1.238,0.6114,15630.0
2000.15,16.81,-1.358,0.3433,15620.0
2000.2,16.75,-1.478,0.07511,15600.0
2000.25,16.71,-1.373,0.2224,15570.0
2000.3,16.67,-1.267,0.3697,15530.0
2000.35,16.92,-1.318,0.4303,15490.0
2000.4,17.16,-1.37,0.4909,15460.0
2000.45,17.28,-1.386,0.4825,15480.0
2000.5,17.39,-1.403,0.4741,15530.0
2000.55,17.35,-1.409,0.4979,15590.0
2000.6,17.3,-1.414,0.5216,15630.0
2000.65,17.16,-1.217,0.3685,15640.0
2000.7,17.02,-1.019,0.2153,15640.0
2000.75,17.08,-1.125,0.104,15610.0
2000.8,17.15,-1.23,-0.007316,15560.0
2000.85,17.13,-1.258,-0.05938,15490.0
2000.9,17.1,-1.286,-0.1115,15440.0
2000.95,17.05,-1.42,-0.06707,15440.0
2001.0,17.0,-1.554,-0.02268,15460.0
2001.05,16.94,-1.548,-0.1853,15480.0
2001.1,16.89,-1.542,-0.348,15490.0
2001.15,16.89,-1.527,-0.4318,15500.0
2001.2,16.9,-1.512,-0.5156,15520.0
2001.25,17.06,-1.566,-0.5041,15520.0
2001.3,17.22,-1.62,-0.4926,15490.0
2001.35,17.33,-1.694,-0.2616,15450.0
2001.4,17.43,-1.769,-0.03048,15420.0
2001.45,17.52,-1.814,0.04975,15400.0
2001.5,17.61,-1.86,0.13,15380.0
2001.55,17.66,-1.784,-0.0111,15350.0
2001.6,17.7,-1.709,-0.1522,15350.0
2001.65,17.58,-1.782,-0.3137,15380.0
2001.7,17.45,-1.855,-0.4753,15400.0
2001.75,17.52,-1.676,-0.4096,15400.0
2001.8,17.59,-1.497,-0.3439,15370.0
2001.85,17.71,-1.603,-0.2079,15350.0
2001.9,17.83,-1.709,-0.07194,15320.0
2001.95,17.75,-1.878,-0.06877,15300.0
2002.0,17.68,-2.047,-0.0656,15270.0
2002.05,17.46,-2.108,-0.1569,15260.0
2002.1,17.23,-2.17,-0.2483,15280.0
2002.15,17.24,-2.079,-0.1549,15300.0
2002.2,17.24,-1.988,-0.06146,15330.0
2002.25,17.38,-1.905,-0.0239,15340.0
2002.3,17.51,-1.822,0.01366,15350.0
2002.35,17.58,-1.96,-0.1499,15360.0
2002.4,17.64,-2.097,-0.3134,15350.0
2002.45,17.62,-2.029,-0.3102,15330.0
2002.5,17.6,-1.962,-0.307,15300.0
2002.55,17.46,-2.081,-0.08475,15280.0
2002.6,17.32,-2.201,0.1375,15280.0
2002.65,17.46,-2.221,0.184,15290.0
2002.7,17.6,-2.241,0.2305,15300.0
2002.75,17.87,-2.087,0.1673,15330.0
2002.8,18.15,-1.932,0.1041,15370.0
2002.85,18.07,-1.805,-0.03158,15400.0
2002.9,17.99,-1.678,-0.1673,15400.0
2002.95,17.92,-1.625,-0.05085,15370.0
2003.0,17.85,-1.573,0.0656,15340.0
2003.05,17.82,-1.514,0.01049,15320.0
2003.1,17.79,-1.454,-0.04463,15320.0
2003.15,17.95,-1.548,-0.09743,15310.0
2003.2,18.12,-1.642,-0.1502,15330.0
2003.25,18.18,-1.668,-0.01378,15370.0
2003.3,18.24,-1.693,0.1227,15410.0
2003.35,18.21,-1.641,0.1721,15420.0
2003.4,18.18,-1.59,0.2214,15400.0
2003.45,17.94,-1.811,0.0917,15360.0
2003.5,17.71,-2.032,-0.03804,15340.0
2003.55,17.85,-1.729,0.03365,15320.0
2003.6,17.99,-1.425,0.1054,15310.0
2003.65,17.84,-1.295,-0.02475,15300.0
2003.7,17.68,-1.164,-0.1549,15320.0
2003.75,17.43,-0.9556,-0.1746,15350.0
2003.8,17.18,-0.7468,-0.1944,15370.0
2003.85,17.18,-0.7165,-0.1666,15370.0
2003.9,17.19,-0.6863,-0.1388,15350.0
2003.95,17.03,-0.9301,-0.1244,15320.0
2004.0,16.87,-1.174,-0.11,15300.0
2004.05,16.91,-1.122,-0.2438,15280.0
2004.1,16.94,-1.07,-0.3775,15250.0
2004.15,16.93,-1.194,-0.2918,15240.0
2004.2,16.91,-1.318,-0.2061,15250.0
2004.25,16.9,-1.381,-0.2206,15280.0
2004.3,16.89,-1.444,-0.2351,15300.0
2004.35,16.83,-1.666,-0.2811,15300.0
2004.4,16.76,-1.888,-0.327,15290.0
2004.45,16.7,-2.04,-0.3919,15280.0
2004.5,16.63,-2.192,-0.4568,15250.0
2004.55,16.67,-2.221,-0.5075,15220.0
2004.6,16.71,-2.25,-0.5582,15180.0
2004.65,16.73,-2.158,-0.3815,15160.0
2004.7,16.75,-2.066,-0.2049,15170.0
2004.75,16.75,-1.762,-0.2072,15210.0
2004.8,16.76,-1.459,-0.2095,15260.0
2004.85,16.72,-1.526,-0.1457,15300.0
2004.9,16.69,-1.593,-0.08194,15330.0
2004.95,16.63,-1.734,-0.01219,15350.0
2005.0,16.58,-1.876,0.05755,15330.0
2005.05,16.51,-2.054,0.09536,15300.0
2005.1,16.44,-2.231,0.1332,15250.0
2005.15,16.4,-2.278,0.1058,15220.0
2005.2,16.36,-2.325,0.07853,15210.0
2005.25,16.51,-2.417,0.1232,15220.0
2005.3,16.66,-2.508,0.1678,15230.0
2005.35,16.37,-2.495,0.2631,15260.0
2005.4,16.08,-2.481,0.3585,15300.0
2005.45,16.06,-2.468,0.5232,15330.0
2005.5,16.04,-2.455,0.688,15360.0
2005.55,16.09,-2.438,0.6413,15370.0
2005.6,16.14,-2.42,0.5946,15370.0
2005.65,16.21,-2.269,0.4095,15360.0
2005.7,16.28,-2.119,0.2244,15340.0
2005.75,16.24,-2.15,0.1918,15320.0
2005.8,16.21,-2.182,0.1593,15280.0
2005.85,16.22,-2.116,0.1207,15260.0
2005.9,16.23,-2.049,0.08219,15250.0
2005.95,16.29,-2.109,0.3078,15260.0
2006.0,16.35,-2.17,0.5334,15280.0
2006.05,16.41,-2.165,0.5987,15300.0
2006.1,16.47,-2.16,0.6641,15330.0
2006.15,16.44,-2.161,0.6955,15350.0
2006.2,16.42,-2.162,0.727,15350.0
2006.25,16.49,-2.096,0.5933,15340.0
2006.3,16.57,-2.029,0.4597,15320.0
2006.35,16.58,-2.145,0.4787,15290.0
2006.4,16.59,-2.261,0.4977,15280.0
2006.45,16.56,-2.091,0.5751,15280.0
2006.5,16.54,-1.921,0.6524,15280.0
2006.55,16.46,-1.899,0.4718,15290.0
2006.6,16.37,-1.876,0.2912,15280.0
2006.65,16.33,-1.883,0.3203,15270.0
2006.7,16.29,-1.889,0.3495,15250.0
2006.75,16.18,-2.032,0.3273,15240.0
2006.8,16.07,-2.176,0.3051,15230.0
2006.85,16.01,-2.102,0.2466,15250.0
2006.9,15.95,-2.028,0.188,15270.0
2006.95,15.94,-1.898,0.1469,15300.0
2007.0,15.92,-1.767,0.1058,15310.0
2007.05,15.83,-1.724,0.1193,15310.0
2007.1,15.73,-1.681,0.1327,15300.0
2007.15,15.8,-1.707,0.0828,15290.0
2007.2,15.86,-1.732,0.03292,15280.0
2007.25,15.98,-1.523,0.188,15260.0
2007.3,16.09,-1.314,0.3431,15240.0
2007.35,16.17,-1.292,0.3786,15240.0
2007.4,16.25,-1.27,0.4141,15240.0
2007.45,16.16,-1.316,0.4158,15270.0
2007.5,16.07,-1.363,0.4175,15300.0
2007.55,16.17,-1.255,0.2869,15350.0
2007.6,16.27,-1.148,0.1563,15390.0
2007.65,16.21,-1.24,0.07109,15400.0
2007.7,16.15,-1.331,-0.01414,15390.0
2007.75,16.15,-1.459,0.07328,15370.0
2007.8,16.15,-1.586,0.1607,15350.0
2007.85,16.24,-1.515,0.3364,15330.0
2007.9,16.33,-1.443,0.5121,15330.0
2007.95,16.33,-1.609,0.4921,15350.0
2008.0,16.32,-1.775,0.4721,15370.0
2008.05,16.47,-1.636,0.5216,15420.0
2008.1,16.61,-1.498,0.5712,15450.0
2008.15,16.64,-1.518,0.6393,15480.0
2008.2,16.66,-1.538,0.7075,15500.0
2008.25,16.66,-1.194,0.5775,15510.0
2008.3,16.66,-0.8507,0.4475,15520.0
2008.35,16.72,-0.8103,0.2802,15500.0
2008.4,16.77,-0.7699,0.1129,15480.0
2008.45,16.74,-0.7086,0.2807,15470.0
2008.5,16.71,-0.6473,0.4485,15460.0
2008.55,16.77,-0.4341,0.4491,15450.0
2008.6,16.83,-0.2209,0.4497,15450.0
2008.65,16.83,-0.2862,0.374,15470.0
2008.7,16.83,-0.3515,0.2983,15500.0
2008.75,16.88,-0.2846,0.3009,15530.0
2008.8,16.93,-0.2178,0.3036,15570.0
2008.85,16.83,-0.2536,0.2942,15600.0
2008.9,16.73,-0.2894,0.2848,15630.0
2008.95,16.74,-0.2801,0.1501,15630.0
2009.0,16.75,-0.2707,0.01536,15610.0
2009.05,16.72,-0.3019,-0.1019,15580.0
2009.1,16.7,-0.3332,-0.2192,15560.0
2009.15,16.79,-0.2848,-0.06121,15550.0
2009.2,16.89,-0.2365,0.09682,15560.0
2009.25,17.05,-0.3075,0.1395,15580.0
2009.3,17.21,-0.3786,0.1822,15600.0
2009.35,17.28,-0.3507,0.1224,15630.0
2009.4,17.35,-0.3228,0.06268,15640.0
2009.45,17.4,-0.4259,-0.02378,15650.0
2009.5,17.44,-0.5291,-0.1102,15660.0
2009.55,17.42,-0.6487,-0.2123,15660.0
2009.6,17.39,-0.7683,-0.3144,15680.0
2009.65,17.52,-0.8774,-0.2566,15710.0
2009.7,17.65,-0.9865,-0.1988,15740.0
2009.75,17.73,-0.7034,-0.2511,15770.0
2009.8,17.82,-0.4204,-0.3034,15780.0
2009.85,17.85,-0.3258,-0.3557,15790.0
2009.9,17.89,-0.2313,-0.408,15790.0
2009.95,17.84,-0.4357,-0.3234,15780.0
2010.0,17.8,-0.6401,-0.2388,15770.0
2010.05,17.86,-0.783,-0.3485,15770.0
2010.1,17.93,-0.9259,-0.4582,15770.0
2010.15,17.83,-0.9797,-0.4022,15780.0
2010.2,17.74,-1.033,-0.3461,15820.0
2010.25,17.78,-0.9357,-0.1949,15870.0
2010.3,17.82,-0.838,-0.04365,15910.0
2010.35,17.85,-0.8716,-0.07402,15950.0
2010.4,17.87,-0.9052,-0.1044,15970.0
2010.45,17.81,-0.8097,-0.2835,15980.0
2010.5,17.75,-0.7142,-0.4626,15980.0
2010.55,17.82,-0.7546,-0.5753,15960.0
2010.6,17.9,-0.795,-0.688,15940.0
2010.65,18.09,-0.4277,-0.6572,15920.0
2010.7,18.29,-0.06051,-0.6265,15920.0
2010.75,18.22,-0.1551,-0.6852,15940.0
2010.8,18.15,-0.2496,-0.7438,15960.0
2010.85,18.33,-0.3577,-0.8125,15980.0
2010.9,18.51,-0.4658,-0.8811,16010.0
2010.95,18.47,-0.3722,-1.206,16040.0
2011.0,18.43,-0.2787,-1.532,16060.0
2011.05,18.56,-0.4636,-1.305,16070.0
2011.1,18.69,-0.6485,-1.077,16070.0
2011.15,18.75,-0.5707,-1.013,16060.0
2011.2,18.8,-0.4928,-0.9479,16060.0
2011.25,18.6,-0.3636,-1.108,16050.0
2011.3,18.39,-0.2345,-1.268,16030.0
2011.35,18.26,-0.3302,-1.342,16020.0
2011.4,18.13,-0.4259,-1.416,16020.0
2011.45,18.35,-0.4361,-1.053,16020.0
2011.5,18.58,-0.4463,-0.6887,16030.0
2011.55,18.55,-0.5091,-0.6497,16040.0
2011.6,18.51,-0.572,-0.6107,16070.0
2011.65,18.42,-0.4721,-0.8471,16090.0
2011.7,18.34,-0.3722,-1.084,16120.0
2011.75,18.42,-0.2377,-1.175,16150.0
2011.8,18.5,-0.1031,-1.266,16170.0
2011.85,18.53,-0.1614,-1.154,16170.0
2011.9,18.55,-0.2197,-1.042,16160.0
2011.95,18.36,-0.3497,-0.9311,16140.0
2012.0,18.18,-0.4797,-0.8202,16120.0
2012.05,18.26,-0.5364,-0.7322,16110.0
2012.1,18.34,-0.5931,-0.6443,16110.0
2012.15,18.06,-0.5927,-0.7841,16150.0
2012.2,17.77,-0.5923,-0.9238,16200.0
2012.25,17.79,-0.7759,-1.017,16240.0
2012.3,17.8,-0.9594,-1.11,16280.0
2012.35,17.85,-0.957,-1.037,16310.0
2012.4,17.91,-0.9546,-0.9631,16340.0
2012.45,17.83,-0.9843,-0.941,16360.0
2012.5,17.76,-1.014,-0.9189,16360.0
2012.55,17.97,-0.8676,-1.054,16350.0
2012.6,18.18,-0.7213,-1.189,16320.0
2012.65,18.07,-0.6889,-1.023,16290.0
2012.7,17.97,-0.6564,-0.8567,16290.0
2012.75,17.88,-0.5876,-0.7672,16290.0
2012.8,17.79,-0.5187,-0.6777,16320.0
2012.85,17.82,-0.5155,-0.6897,16360.0
2012.9,17.84,-0.5123,-0.7016,16410.0
2012.95,17.91,-0.5951,-0.7403,16450.0
2013.0,17.97,-0.6779,-0.7789,16480.0
2013.05,18.11,-0.5647,-0.6811,16490.0
2013.1,18.26,-0.4514,-0.5834,16490.0
2013.15,18.2,-0.5,-0.3875,16480.0
2013.2,18.14,-0.5486,-0.1917,16470.0
2013.25,18.06,-0.6417,-0.1902,16460.0
2013.3,17.97,-0.7349,-0.1888,16450.0
2013.35,18.13,-0.789,-0.1507,16440.0
2013.4,18.28,-0.8431,-0.1127,16450.0
2013.45,18.34,-0.8923,-0.09743,16450.0
2013.5,18.4,-0.9415,-0.08219,16470.0
2013.55,18.43,-0.6927,-0.2083,16480.0
2013.6,18.46,-0.4439,-0.3344,16490.0
2013.65,18.53,-0.5046,-0.3807,16500.0
2013.7,18.6,-0.5653,-0.427,16500.0
2013.75,18.67,-0.4861,-0.5054,16510.0
2013.8,18.74,-0.4068,-0.5838,16510.0
2013.85,18.73,-0.1803,-0.5167,16530.0
2013.9,18.72,0.04618,-0.4495,16560.0
2013.95,18.63,0.03603,-0.3795,16580.0
2014.0,18.54,0.02588,-0.3095,16570.0
2014.05,18.49,-0.1121,-0.2216,16560.0
2014.1,18.44,-0.25,-0.1336,16540.0
2014.15,18.44,-0.1208,-0.1602,16530.0
2014.2,18.44,0.00836,-0.1868,16510.0
2014.25,18.5,-0.1186,-0.3029,16490.0
2014.3,18.56,-0.2456,-0.419,16490.0
2014.35,18.65,-0.2649,-0.568,16520.0
2014.4,18.73,-0.2842,-0.717,16570.0
2014.45,18.81,-0.2257,-0.7005,16610.0
2014.5,18.89,-0.1672,-0.6841,16630.0
2014.55,18.9,-0.09275,-0.5786,16660.0
2014.6,18.91,-0.01831,-0.4731,16690.0
2014.65,18.9,0.1113,-0.5586,16680.0
2014.7,18.89,0.2408,-0.6441,16640.0
2014.75,18.8,0.6642,-0.7072,16600.0
2014.8,18.71,1.088,-0.7704,16580.0
2014.85,18.67,1.14,-0.6414,16590.0
2014.9,18.63,1.192,-0.5124,16600.0
2014.95,18.71,1.069,-0.511,16620.0
2015.0,18.79,0.9454,-0.5097,16650.0
2015.05,18.8,0.7806,-0.4596,16700.0
2015.1,18.81,0.6158,-0.4095,16750.0
2015.15,18.81,0.6935,-0.2108,16770.0
2015.2,18.82,0.7711,-0.01219,16770.0
2015.25,18.75,0.912,-0.07219,16760.0
2015.3,18.69,1.053,-0.1322,16750.0
2015.35,18.67,1.125,-0.247,16730.0
2015.4,18.66,1.197,-0.3619,16700.0
2015.45,18.62,1.184,-0.3985,16690.0
2015.5,18.58,1.17,-0.4351,16700.0
2015.55,18.28,1.202,-0.6307,16740.0
2015.6,17.98,1.235,-0.8263,16770.0
2015.65,17.93,1.277,-0.8804,16800.0
2015.7,17.87,1.318,-0.9345,16820.0
2015.75,17.83,1.274,-0.8032,16830.0
2015.8,17.79,1.23,-0.6719,16820.0
2015.85,17.9,1.092,-0.4545,16800.0
2015.9,18.0,0.9538,-0.237,16790.0
2015.95,17.82,0.8503,-0.2046,16790.0
2016.0,17.63,0.7468,-0.1722,16800.0
2016.05,17.65,0.748,-0.143,16810.0
2016.1,17.66,0.7492,-0.1139,16820.0
2016.15,17.83,0.6144,-0.1093,16830.0
2016.2,18.0,0.4797,-0.1046,16850.0
2016.25,18.13,0.3875,0.05841,16860.0
2016.3,18.27,0.2954,0.2214,16860.0
2016.35,18.39,0.3435,0.1247,16850.0
2016.4,18.51,0.3917,0.02805,16840.0
2016.45,18.56,0.5462,0.1334,16840.0
2016.5,18.6,0.7006,0.2388,16830.0
2016.55,18.36,0.66,0.1278,16840.0
2016.6,18.12,0.6194,0.01683,16840.0
2016.65,18.19,0.7938,0.03939,16850.0
2016.7,18.26,0.9681,0.06194,16870.0
2016.75,18.26,0.7243,-0.03426,16890.0
2016.8,18.27,0.4805,-0.1305,16900.0
2016.85,18.07,0.327,-0.2035,16900.0
2016.9,17.87,0.1736,-0.2766,16890.0
2016.95,17.9,0.1578,-0.1063,16870.0
2017.0,17.93,0.1421,0.0639,16850.0
2017.05,18.05,-0.121,-0.04439,16830.0
2017.1,18.16,-0.3842,-0.1527,16830.0
2017.15,18.09,-0.3266,-0.1747,16840.0
2017.2,18.01,-0.2691,-0.1968,16880.0
2017.25,17.87,-0.3376,-0.3775,16930.0
2017.3,17.73,-0.406,-0.5582,16960.0
2017.35,17.54,-0.3308,-0.6221,16970.0
2017.4,17.36,-0.2556,-0.686,16960.0
2017.45,17.35,-0.1568,-0.5629,16930.0
2017.5,17.34,-0.05812,-0.4397,16890.0
2017.55,17.44,0.172,-0.4384,16850.0
2017.6,17.54,0.4021,-0.437,16820.0
2017.65,17.89,0.4395,-0.4462,16820.0
2017.7,18.25,0.4769,-0.4553,16850.0
2017.75,18.22,0.3732,-0.3725,16900.0
2017.8,18.18,0.2695,-0.2897,16940.0
2017.85,17.89,0.246,-0.2485,16970.0
2017.9,17.6,0.2225,-0.2073,17000.0
2017.95,17.61,0.1188,-0.3636,17000.0
2018.0,17.63,0.01513,-0.5199,16970.0
2018.05,17.7,-0.06688,-0.4696,16930.0
2018.1,17.78,-0.1489,-0.4192,16890.0
2018.15,17.52,-0.3427,-0.2828,16880.0
2018.2,17.26,-0.5366,-0.1463,16880.0
2018.25,17.09,-0.7221,-0.1529,16890.0
2018.3,16.92,-0.9076,-0.1595,16900.0
2018.35,16.84,-0.8702,-0.2347,16910.0
2018.4,16.76,-0.8328,-0.31,16940.0
2018.45,16.89,-0.8963,-0.3247,16970.0
2018.5,17.01,-0.9598,-0.3395,16980.0
2018.55,16.98,-0.862,-0.5237,16980.0
2018.6,16.94,-0.7643,-0.708,16990.0
2018.65,16.94,-0.7255,-0.7022,16970.0
2018.7,16.94,-0.6867,-0.6965,16950.0
2018.75,16.97,-0.6873,-0.6579,16920.0
2018.8,16.99,-0.6879,-0.6192,16900.0
2018.85,16.99,-0.7659,-0.6191,16890.0
2018.9,16.99,-0.8439,-0.619,16900.0
2018.95,16.99,-0.6312,-0.5241,16920.0
2019.0,16.99,-0.4184,-0.4292,16940.0
2019.05,17.02,-0.3794,-0.3934,16960.0
2019.1,17.04,-0.3404,-0.3575,16970.0
2019.15,17.07,-0.2611,-0.3808,16960.0
2019.2,17.1,-0.1819,-0.4041,16950.0
2019.25,17.01,-0.1901,-0.2385,16940.0
2019.3,16.93,-0.1982,-0.07292,16940.0
2019.35,16.91,-0.1282,-0.1524,16940.0
2019.4,16.88,-0.05812,-0.2319,16940.0
2019.45,16.96,-0.2227,-0.2734,16950.0
2019.5,17.04,-0.3873,-0.3148,16960.0
2019.55,17.11,-0.4719,-0.1255,16960.0
2019.6,17.17,-0.5565,0.0639,16960.0
2019.65,17.13,-0.2351,-0.01878,16940.0
2019.7,17.08,0.08638,-0.1015,16930.0
2019.75,16.87,0.2339,-0.1655,16920.0
2019.8,16.66,0.3814,-0.2295,16920.0
2019.85,16.45,0.366,-0.0456,16910.0
2019.9,16.23,0.3507,0.1383,16900.0
2019.95,16.07,0.3059,0.2077,16890.0
2020.0,15.91,0.2611,0.277,16890.0
2020.05,15.95,0.2687,0.2517,16900.0
2020.1,15.99,0.2763,0.2263,16910.0
2020.15,16.01,0.04916,0.3585,16920.0
2020.2,16.02,-0.1779,0.4907,16920.0
2020.25,16.11,-0.2036,0.3111,16920.0
2020.3,16.21,-0.2293,0.1314,16900.0
2020.35,16.17,-0.2281,0.09633,16860.0
2020.4,16.13,-0.2269,0.06121,16830.0
2020.45,16.15,-0.3346,-0.04682,16810.0
2020.5,16.18,-0.4423,-0.1549,16820.0
2020.55,16.13,-0.3286,-0.1228,16830.0
2020.6,16.09,-0.215,-0.09072,16850.0
2020.65,16.11,0.04558,0.1871,16860.0
2020.7,16.14,0.3061,0.4648,16880.0
2020.75,16.05,0.2197,0.3298,16870.0
2020.8,15.95,0.1334,0.1949,16850.0
2020.85,16.07,0.002986,0.1074,16800.0
2020.9,16.18,-0.1274,0.02,16760.0
2020.95,16.11,-0.1411,-0.05707,16730.0
2021.0,16.05,-0.1549,-0.1341,16720.0
2021.05,15.82,-0.2217,0.0378,16720.0
2021.1,15.59,-0.2886,0.2097,16730.0
2021.15,15.76,-0.2596,0.2134,16740.0
2021.2,15.93,-0.2305,0.217,16750.0
2021.25,15.84,-0.2609,0.2608,16750.0
2021.3,15.75,-0.2914,0.3046,16740.0
2021.35,15.76,-0.1817,0.154,16720.0
2021.4,15.78,-0.07205,0.003414,16690.0
2021.45,15.73,-0.01314,0.02878,16660.0
2021.5,15.68,0.04578,0.05414,16630.0
2021.55,15.85,0.0422,0.0478,16610.0
2021.6,16.01,0.03861,0.04146,16600.0
2021.65,15.94,0.07504,0.07585,16600.0
2021.7,15.88,0.1115,0.1102,16610.0
2021.75,15.69,-0.006967,0.007804,16610.0
2021.8,15.5,-0.1254,-0.09462,16620.0
2021.85,15.62,-0.1387,-0.06524,16630.0
2021.9,15.73,-0.1521,-0.03585,16630.0
2021.95,15.61,-0.2548,-0.1316,16600.0
2022.0,15.48,-0.3575,-0.2273,16560.0
2022.05,15.38,-0.3382,-0.2218,16510.0
2022.1,15.28,-0.3189,-0.2163,16480.0
2022.15,15.28,-0.2311,-0.2862,16470.0
2022.2,15.27,-0.1433,-0.3561,16460.0
2022.25,15.27,-0.1039,-0.2122,16470.0
2022.3,15.28,-0.06449,-0.06829,16480.0
2022.35,15.32,-0.1146,0.03683,16490.0
2022.4,15.36,-0.1648,0.1419,16480.0
2022.45,15.32,-0.3489,0.03987,16460.0
2022.5,15.28,-0.533,-0.06219,16440.0
2022.55,15.24,-0.4072,-0.1279,16430.0
2022.6,15.21,-0.2814,-0.1936,16410.0
2022.65,15.19,-0.2773,-0.02122,16380.0
2022.7,15.17,-0.2731,0.1512,16350.0
2022.75,15.17,-0.2412,0.1229,16320.0
2022.8,15.18,-0.2094,0.09462,16310.0
2022.85,15.04,-0.1994,0.1244,16300.0
2022.9,14.9,-0.1895,0.1541,16310.0
2022.95,14.81,-0.2667,0.06621,16320.0
2023.0,14.72,-0.3439,-0.0217,16350.0
2023.05,14.73,-0.2558,0.0489,16380.0
2023.1,14.75,-0.1676,0.1195,16370.0
2023.15,14.85,-0.1117,0.2453,16330.0
2023.2,14.95,-0.05573,0.3712,16270.0
2023.25,14.9,-0.0005971,0.1879,16200.0
2023.3,14.86,0.05454,0.004634,16150.0
2023.35,14.81,-0.06867,0.1118,16130.0
2023.4,14.75,-0.1919,0.219,16130.0
2023.45,14.78,-0.2594,0.1466,16180.0
2023.5,14.8,-0.3268,0.07414,16240.0
2023.55,14.65,-0.4612,0.003536,16280.0
2023.6,14.5,-0.5955,-0.06707,16290.0
2023.65,14.39,-0.4463,0.05524,16260.0
2023.7,14.29,-0.297,0.1775,16200.0
2023.75,14.43,-0.2297,0.1961,16150.0
2023.8,14.58,-0.1624,0.2146,16090.0
2023.85,14.74,-0.03443,0.1974,16050.0
2023.9,14.9,0.09355,0.1802,16030.0
2023.95,14.89,0.01692,0.1116,16060.0
2024.0,14.89,-0.05971,0.04292,16110.0
2024.05,14.77,-0.1216,-0.1074,16140.0
2024.1,14.64,-0.1835,-0.2578,16150.0
2024.15,14.55,-0.2187,-0.2652,16150.0
2024.2,14.45,-0.254,-0.2727,16150.0
2024.25,14.42,-0.4242,-0.09462,16140.0
2024.3,14.39,-0.5943,0.08341,16100.0
2024.35,14.28,-0.6964,0.2031,16060.0
2024.4,14.17,-0.7986,0.3229,16020.0
2024.45,14.17,-0.8738,0.3584,15980.0
2024.5,14.16,-0.949,0.3939,15950.0
2024.55,14.11,-0.7844,0.3608,15930.0
2024.6,14.07,-0.6198,0.3278,15940.0
2024.65,14.09,-0.5125,0.3187,15970.0
2024.7,14.11,-0.4052,0.3097,16020.0
2024.75,14.07,-0.5155,0.343,16060.0
2024.8,14.02,-0.6258,0.3763,16070.0
2024.85,14.03,-0.499,0.3856,16060.0
2024.9,14.04,-0.3722,0.3948,16010.0
2024.95,14.04,-0.3971,0.5018,15960.0
2025.0,14.05,-0.422,0.6087,15900.0
2025.05,14.02,-0.5014,0.7756,15850.0
2025.1,14.0,-0.5808,0.9426,15830.0
2025.15,13.83,-0.5088,0.9551,15840.0
2025.2,13.66,-0.4367,0.9677,15870.0
2025.25,13.6,-0.6837,0.9782,15910.0
2025.3,13.53,-0.9307,0.9887,15940.0
2025.35,13.53,-0.8437,0.7936,15970.0
2025.4,13.52,-0.7568,0.5985,15980.0
2025.45,13.42,-0.6548,0.5127,15960.0
2025.5,13.33,-0.5529,0.427,15910.0
2025.55,13.32,-0.4474,0.299,15860.0
2025.6,13.31,-0.342,0.171,15810.0
2025.65,13.22,-0.3668,0.03244,15790.0
2025.7,13.13,-0.3917,-0.1061,15780.0
2025.75,13.07,-0.5291,-0.004999,15800.0
2025.8,13.01,-0.6664,0.09609,15830.0
2025.85,13.04,-0.7552,0.3214,15880.0
2025.9,13.07,-0.8439,0.5468,15900.0
2025.95,13.07,-0.8206,0.5682,15900.0
2026.0,13.07,-0.7974,0.5897,15880.0
2026.05,13.08,-0.8179,0.4779,15840.0
2026.1,13.1,-0.8384,0.3661,15800.0
2026.15,12.95,-0.8481,0.3147,15770.0
2026.2,12.8,-0.8579,0.2634,15750.0
2026.25,12.8,-0.8483,0.09145,15750.0
2026.3,12.81,-0.8388,-0.08048,15750.0
2026.35,12.81,-0.6811,-0.02536,15760.0
2026.4,12.81,-0.5235,0.02975,15760.0
2026.45,12.89,-0.3296,-0.2241,15770.0
2026.5,12.97,-0.1357,-0.478,15780.0
2026.55,13.05,-0.04877,-0.322,15790.0
2026.6,13.12,0.03822,-0.1661,15780.0
2026.65,13.02,-0.03623,-0.2606,15760.0
2026.7,12.92,-0.1107,-0.3551,15720.0
2026.75,13.06,-0.3127,-0.3329,15690.0
2026.8,13.2,-0.5147,-0.3107,15660.0
2026.85,13.46,-0.425,-0.09072,15630.0
2026.9,13.71,-0.3352,0.1293,15620.0
2026.95,13.69,-0.327,0.0934,15620.0
2027.0,13.68,-0.3189,0.05755,15630.0
2027.05,13.64,-0.3963,-0.1721,15630.0
2027.1,13.61,-0.4737,-0.4017,15630.0
2027.15,13.59,-0.5117,-0.2207,15620.0
2027.2,13.58,-0.5498,-0.03975,15620.0
2027.25,13.6,-0.5709,0.0567,15600.0
2027.3,13.62,-0.5919,0.1532,15570.0
2027.35,13.57,-0.6115,0.1493,15530.0
2027.4,13.53,-0.631,0.1453,15510.0
2027.45,13.37,-0.8107,0.0778,15510.0
2027.5,13.21,-0.9904,0.01024,15520.0
2027.55,13.21,-0.8145,-0.03256,15530.0
2027.6,13.21,-0.6385,-0.07536,15510.0
2027.65,13.24,-0.8423,-0.3047,15500.0
2027.7,13.27,-1.046,-0.5341,15500.0
2027.75,13.21,-1.026,-0.5345,15490.0
2027.8,13.15,-1.005,-0.5348,15480.0
2027.85,13.28,-0.7846,-0.332,15470.0
2027.9,13.41,-0.5641,-0.1293,15470.0
2027.95,13.27,-0.4267,-0.1225,15480.0
2028.0,13.14,-0.2894,-0.1158,15490.0
2028.05,13.16,-0.2633,-0.1847,15480.0
2028.1,13.18,-0.2373,-0.2536,15480.0
2028.15,13.2,-0.4224,-0.362,15470.0
2028.2,13.22,-0.6075,-0.4704,15450.0
2028.25,13.38,-0.3469,-0.6886,15430.0
2028.3,13.54,-0.08638,-0.9067,15410.0
2028.35,13.64,-0.2271,-0.9256,15410.0
2028.4,13.74,-0.3678,-0.9445,15420.0
2028.45,13.56,-0.3463,-1.045,15430.0
2028.5,13.39,-0.3248,-1.146,15440.0
2028.55,13.29,-0.3806,-0.9442,15440.0
2028.6,13.19,-0.4363,-0.7424,15430.0
2028.65,13.08,-0.7237,-0.6946,15430.0
2028.7,12.97,-1.011,-0.6468,15430.0
2028.75,13.08,-0.9946,-0.6814,15430.0
2028.8,13.19,-0.9781,-0.716,15420.0
2028.85,13.29,-0.8865,-0.6869,15410.0
2028.9,13.38,-0.795,-0.6577,15400.0
2028.95,13.46,-0.6483,-0.4964,15390.0
2029.0,13.55,-0.5016,-0.3351,15370.0
2029.05,13.68,-0.5183,-0.3063,15350.0
2029.1,13.81,-0.535,-0.2775,15350.0
2029.15,13.56,-0.3865,-0.2659,15360.0
2029.2,13.31,-0.2381,-0.2544,15370.0
2029.25,13.28,-0.3973,-0.08926,15370.0
2029.3,13.25,-0.5565,0.07585,15380.0
2029.35,13.37,-0.6453,0.02,15390.0
2029.4,13.48,-0.7341,-0.03585,15400.0
2029.45,13.61,-0.4218,-0.103,15380.0
2029.5,13.74,-0.1095,-0.1702,15350.0
2029.55,13.61,0.09375,0.004512,15310.0
2029.6,13.49,0.297,0.1792,15270.0
2029.65,13.3,0.3987,0.4618,15250.0
2029.7,13.11,0.5004,0.7443,15230.0
2029.75,13.19,0.3173,0.6441,15220.0
2029.8,13.27,0.1342,0.5438,15240.0
2029.85,13.34,0.1061,0.5385,15260.0
2029.9,13.4,0.07802,0.5331,15280.0
2029.95,13.5,0.2307,0.6044,15280.0
2030.0,13.6,0.3834,0.6758,15270.0
2030.05,13.48,0.2635,0.4845,15260.0
2030.1,13.36,0.1437,0.2931,15240.0
2030.15,13.36,0.06728,0.02609,15210.0
2030.2,13.35,-0.009156,-0.2409,15180.0
2030.25,13.43,-0.159,-0.1739,15150.0
2030.3,13.5,-0.3089,-0.1068,15140.0
2030.35,13.39,-0.3314,0.09048,15150.0
2030.4,13.28,-0.3539,0.2878,15160.0
2030.45,13.42,-0.4226,0.2116,15170.0
2030.5,13.56,-0.4912,0.1354,15190.0
2030.55,13.67,-0.5159,0.1425,15220.0
2030.6,13.77,-0.5406,0.1497,15220.0
2030.65,13.89,-0.4968,0.07036,15180.0
2030.7,14.0,-0.453,-0.009023,15140.0
2030.75,13.95,-0.3129,-0.02475,15100.0
2030.8,13.9,-0.1728,-0.04048,15090.0
2030.85,13.98,-0.2323,0.2005,15090.0
2030.9,14.05,-0.2918,0.4414,15090.0
2030.95,13.9,-0.3203,0.5329,15110.0
2031.0,13.75,-0.3487,0.6243,15130.0
2031.05,13.56,-0.3384,0.5983,15140.0
2031.1,13.38,-0.328,0.5724,15140.0
2031.15,13.44,-0.2886,0.4367,15120.0
2031.2,13.5,-0.2492,0.3009,15100.0
2031.25,13.5,-0.218,0.4171,15080.0
2031.3,13.5,-0.1867,0.5334,15060.0
2031.35,13.65,-0.07723,0.4462,15040.0
2031.4,13.79,0.03224,0.359,15030.0
2031.45,13.82,-0.1027,0.03219,15030.0
2031.5,13.85,-0.2377,-0.2946,15040.0
2031.55,13.81,-0.2693,-0.2867,15060.0
2031.6,13.78,-0.301,-0.2787,15060.0
2031.65,13.77,-0.3963,-0.2511,15060.0
2031.7,13.76,-0.4916,-0.2234,15050.0
2031.75,13.77,-0.5133,-0.3865,15040.0
2031.8,13.77,-0.535,-0.5497,15020.0
2031.85,13.61,-0.6606,-0.4957,14990.0
2031.9,13.44,-0.7862,-0.4417,14970.0
2031.95,13.55,-0.8714,-0.5846,14970.0
2032.0,13.67,-0.9566,-0.7275,14980.0
2032.05,13.77,-0.8891,-0.8758,14970.0
2032.1,13.87,-0.8216,-1.024,14960.0
2032.15,13.74,-0.833,-1.029,14950.0
2032.2,13.6,-0.8443,-1.034,14970.0
2032.25,13.61,-0.6883,-0.7561,14980.0
2032.3,13.62,-0.5322,-0.4782,14990.0
2032.35,13.54,-0.29,-0.385,14980.0
2032.4,13.45,-0.04777,-0.2917,14980.0
2032.45,13.43,-0.157,-0.2755,14960.0
2032.5,13.41,-0.2663,-0.2592,14930.0
2032.55,13.34,-0.536,-0.2603,14880.0
2032.6,13.27,-0.8057,-0.2614,14860.0
2032.65,13.54,-0.8503,-0.1434,14860.0
2032.7,13.81,-0.8949,-0.02536,14870.0
2032.75,13.75,-1.011,0.001829,14880.0
2032.8,13.68,-1.126,0.02902,14910.0
2032.85,13.6,-1.087,0.1532,14950.0
2032.9,13.53,-1.047,0.2773,15000.0
2032.95,13.52,-0.9878,0.3626,15020.0
2033.0,13.52,-0.9287,0.448,15010.0
2033.05,13.57,-1.025,0.3513,14970.0
2033.1,13.63,-1.122,0.2546,14930.0
2033.15,13.6,-1.124,0.504,14890.0
2033.2,13.57,-1.125,0.7533,14850.0
2033.25,13.6,-0.9031,0.7638,14820.0
2033.3,13.63,-0.6807,0.7743,14820.0
2033.35,13.46,-0.8899,0.6048,14850.0
2033.4,13.28,-1.099,0.4353,14890.0
2033.45,13.4,-1.304,0.3837,14940.0
2033.5,13.52,-1.508,0.3322,14970.0
2033.55,13.49,-1.37,0.02475,14980.0
2033.6,13.46,-1.232,-0.2827,14990.0
2033.65,13.46,-1.187,-0.4158,14960.0
2033.7,13.46,-1.142,-0.549,14920.0
2033.75,13.63,-1.018,-0.5174,14880.0
2033.8,13.8,-0.8945,-0.4858,14860.0
2033.85,13.69,-0.864,-0.5807,14850.0
2033.9,13.58,-0.8336,-0.6755,14840.0
2033.95,13.66,-1.009,-0.6296,14830.0
2034.0,13.74,-1.185,-0.5836,14820.0
2034.05,13.91,-1.162,-0.5555,14840.0
2034.1,14.08,-1.139,-0.5275,14860.0
2034.15,14.08,-1.26,-0.2177,14870.0
2034.2,14.08,-1.38,0.09218,14880.0
2034.25,14.09,-1.393,0.05316,14890.0
2034.3,14.1,-1.406,0.01414,14920.0
2034.35,14.23,-1.293,-0.1534,14930.0
2034.4,14.36,-1.18,-0.3209,14910.0
2034.45,14.36,-1.096,-0.2809,14880.0
2034.5,14.37,-1.012,-0.2409,14840.0
2034.55,14.29,-1.029,-0.01183,14810.0
2034.6,14.21,-1.047,0.2173,14770.0
2034.65,14.26,-1.153,0.3584,14740.0
2034.7,14.31,-1.26,0.4995,14730.0
2034.75,14.38,-1.398,0.2302,14760.0
2034.8,14.45,-1.536,-0.03902,14800.0
2034.85,14.33,-1.355,0.1191,14840.0
2034.9,14.21,-1.175,0.2773,14870.0
2034.95,14.13,-1.186,0.3635,14890.0
2035.0,14.04,-1.197,0.4497,14900.0
2035.05,14.33,-1.006,0.3504,14890.0
2035.1,14.61,-0.8149,0.2512,14860.0
2035.15,14.76,-0.7749,0.3514,14820.0
2035.2,14.9,-0.7349,0.4517,14790.0
2035.25,15.11,-0.5718,0.3736,14760.0
2035.3,15.31,-0.4088,0.2956,14740.0
2035.35,15.26,-0.412,0.2479,14730.0
2035.4,15.22,-0.4152,0.2002,14730.0
2035.45,15.34,-0.5577,0.219,14750.0
2035.5,15.46,-0.7002,0.2378,14790.0
2035.55,15.55,-0.6712,0.2756,14820.0
2035.6,15.63,-0.6421,0.3134,14840.0
2035.65,15.52,-1.042,0.4289,14840.0
2035.7,15.41,-1.443,0.5443,14840.0
2035.75,15.36,-1.495,0.481,14830.0
2035.8,15.3,-1.547,0.4178,14790.0
2035.85,15.37,-1.576,0.4593,14750.0
2035.9,15.44,-1.604,0.5009,14730.0
2035.95,15.46,-1.43,0.4636,14710.0
2036.0,15.48,-1.256,0.4263,14690.0
2036.05,15.46,-1.219,0.4725,14670.0
2036.1,15.45,-1.182,0.5187,14660.0
2036.15,15.52,-1.212,0.7302,14650.0
2036.2,15.59,-1.242,0.9416,14650.0
2036.25,15.5,-1.119,0.9048,14640.0
2036.3,15.41,-0.996,0.868,14650.0
2036.35,15.56,-1.165,1.066,14660.0
2036.4,15.72,-1.333,1.263,14680.0
2036.45,15.69,-1.386,1.294,14700.0
2036.5,15.67,-1.439,1.325,14690.0
2036.55,15.76,-1.225,1.23,14660.0
2036.6,15.85,-1.011,1.135,14610.0
2036.65,15.76,-1.078,1.132,14550.0
2036.7,15.67,-1.144,1.129,14500.0
2036.75,15.56,-1.291,1.224,14450.0
2036.8,15.44,-1.437,1.318,14420.0
2036.85,15.39,-1.386,1.08,14430.0
2036.9,15.35,-1.336,0.8423,14470.0
2036.95,15.21,-1.387,0.9673,14510.0
2037.0,15.06,-1.437,1.092,14540.0
2037.05,14.82,-1.485,1.191,14560.0
2037.1,14.57,-1.534,1.29,14560.0
2037.15,14.55,-1.694,1.152,14550.0
2037.2,14.53,-1.853,1.014,14510.0
2037.25,14.66,-1.885,1.103,14460.0
2037.3,14.79,-1.917,1.193,14410.0
2037.35,14.76,-1.886,1.118,14360.0
2037.4,14.74,-1.855,1.044,14320.0
2037.45,14.67,-1.934,1.08,14300.0
2037.5,14.6,-2.013,1.116,14290.0
2037.55,14.32,-2.106,1.259,14320.0
2037.6,14.04,-2.2,1.402,14360.0
2037.65,13.97,-1.939,1.412,14400.0
2037.7,13.91,-1.679,1.421,14420.0
2037.75,14.06,-1.802,1.289,14430.0
2037.8,14.22,-1.925,1.158,14440.0
2037.85,14.29,-2.032,1.12,14430.0
2037.9,14.36,-2.138,1.082,14390.0
2037.95,14.42,-2.184,0.8244,14330.0
2038.0,14.48,-2.229,0.5668,14270.0
2038.05,14.58,-2.2,0.5102,14230.0
2038.1,14.69,-2.172,0.4536,14210.0
2038.15,14.77,-2.224,0.6068,14210.0
2038.2,14.84,-2.277,0.7599,14220.0
2038.25,15.05,-2.263,0.9681,14250.0
2038.3,15.25,-2.248,1.176,14280.0
2038.35,15.28,-2.116,1.148,14300.0
2038.4,15.31,-1.983,1.119,14300.0
2038.45,15.3,-2.139,1.103,14290.0
2038.5,15.29,-2.295,1.086,14270.0
2038.55,15.19,-2.122,0.9932,14260.0
2038.6,15.09,-1.949,0.9001,14240.0
2038.65,15.16,-1.905,0.9799,14220.0
2038.7,15.24,-1.861,1.06,14190.0
2038.75,15.28,-1.897,0.8142,14170.0
2038.8,15.33,-1.933,0.5687,14140.0
2038.85,15.27,-1.627,0.6894,14110.0
2038.9,15.21,-1.321,0.8102,14090.0
2038.95,15.13,-1.176,0.8197,14070.0
2039.0,15.05,-1.031,0.8292,14070.0
2039.05,15.05,-1.082,0.8087,14090.0
2039.1,15.04,-1.133,0.7882,14110.0
2039.15,14.81,-1.367,0.9226,14140.0
2039.2,14.58,-1.601,1.057,14170.0
2039.25,14.51,-1.595,1.029,14190.0
2039.3,14.43,-1.588,1.001,14180.0
2039.35,14.51,-1.6,1.073,14140.0
2039.4,14.59,-1.612,1.144,14070.0
2039.45,14.4,-1.567,0.9876,14000.0
2039.5,14.22,-1.522,0.8309,13940.0
2039.55,14.24,-1.518,0.9277,13900.0
2039.6,14.26,-1.514,1.025,13880.0
2039.65,14.17,-1.537,0.9768,13900.0
2039.7,14.07,-1.56,0.9292,13960.0
2039.75,14.2,-1.43,1.101,14020.0
2039.8,14.32,-1.301,1.273,14070.0
2039.85,14.36,-1.365,1.326,14100.0
2039.9,14.39,-1.429,1.38,14110.0
2039.95,14.43,-1.437,1.369,14090.0
2040.0,14.47,-1.446,1.358,14050.0
2040.05,14.6,-1.12,1.397,13980.0
2040.1,14.74,-0.7942,1.435,13900.0
2040.15,14.65,-0.869,1.376,13840.0
2040.2,14.56,-0.9439,1.318,13800.0
2040.25,14.44,-1.014,1.379,13790.0
2040.3,14.33,-1.084,1.439,13810.0
2040.35,14.37,-0.988,1.462,13860.0
2040.4,14.4,-0.8917,1.484,13930.0
2040.45,14.32,-0.7277,1.524,13990.0
2040.5,14.24,-0.5637,1.564,14020.0
2040.55,14.21,-0.5462,1.543,14000.0
2040.6,14.18,-0.5287,1.522,13960.0
2040.65,14.08,-0.5669,1.424,13900.0
2040.7,13.98,-0.6051,1.327,13840.0
2040.75,13.84,-0.8169,1.405,13790.0
2040.8,13.71,-1.029,1.483,13750.0
2040.85,13.71,-1.105,1.502,13740.0
2040.9,13.72,-1.182,1.521,13750.0
2040.95,13.69,-1.172,1.417,13770.0
2041.0,13.67,-1.162,1.314,13800.0
2041.05,13.75,-1.31,1.282,13810.0
2041.1,13.83,-1.459,1.251,13810.0
2041.15,13.82,-1.453,1.429,13800.0
2041.2,13.81,-1.448,1.608,13770.0
2041.25,13.96,-1.282,1.631,13750.0
2041.3,14.12,-1.116,1.653,13720.0
2041.35,14.21,-1.091,1.465,13710.0
2041.4,14.3,-1.065,1.278,13710.0
2041.45,14.5,-1.178,1.369,13710.0
2041.5,14.69,-1.29,1.46,13710.0
2041.55,14.59,-1.267,1.25,13690.0
2041.6,14.49,-1.244,1.041,13670.0
2041.65,14.4,-1.269,0.8555,13620.0
2041.7,14.3,-1.294,0.6704,13570.0
2041.75,14.21,-1.317,0.7688,13520.0
2041.8,14.12,-1.341,0.8672,13490.0
2041.85,14.27,-1.379,0.9427,13500.0
2041.9,14.43,-1.418,1.018,13530.0
2041.95,14.47,-1.446,1.079,13570.0
2042.0,14.51,-1.474,1.139,13610.0
2042.05,14.64,-1.651,1.184,13640.0
2042.1,14.77,-1.829,1.229,13640.0
2042.15,14.87,-1.544,1.296,13600.0
2042.2,14.97,-1.258,1.364,13540.0
2042.25,14.91,-1.399,1.257,13470.0
2042.3,14.85,-1.54,1.151,13410.0
2042.35,14.64,-1.735,0.8753,13360.0
2042.4,14.43,-1.931,0.5997,13340.0
2042.45,14.68,-1.95,0.5651,13340.0
2042.5,14.92,-1.97,0.5304,13380.0
2042.55,14.95,-2.018,0.5147,13420.0
2042.6,14.98,-2.066,0.499,13470.0
2042.65,14.84,-1.833,0.5491,13500.0
2042.7,14.7,-1.6,0.5992,13520.0
2042.75,14.73,-1.55,0.6864,13520.0
2042.8,14.77,-1.5,0.7736,13500.0
2042.85,14.79,-1.58,0.7309,13470.0
2042.9,14.81,-1.66,0.6882,13420.0
2042.95,14.64,-1.408,0.5007,13370.0
2043.0,14.48,-1.157,0.3131,13330.0
2043.05,14.37,-0.9781,0.3398,13310.0
2043.1,14.26,-0.799,0.3665,13310.0
2043.15,14.27,-1.035,0.4501,13340.0
2043.2,14.27,-1.271,0.5336,13370.0
2043.25,14.19,-1.331,0.5591,13410.0
2043.3,14.1,-1.39,0.5846,13440.0
2043.35,14.08,-1.309,0.5585,13460.0
2043.4,14.05,-1.228,0.5324,13460.0
2043.45,13.99,-1.345,0.6068,13450.0
2043.5,13.93,-1.463,0.6811,13430.0
2043.55,14.03,-1.597,0.8654,13390.0
2043.6,14.13,-1.731,1.05,13350.0
2043.65,14.28,-1.847,1.157,13310.0
2043.7,14.42,-1.964,1.264,13290.0
2043.75,14.4,-1.799,1.533,13290.0
2043.8,14.38,-1.635,1.801,13300.0
2043.85,14.27,-1.711,1.879,13320.0
2043.9,14.16,-1.788,1.957,13340.0
2043.95,13.97,-1.758,1.824,13360.0
2044.0,13.77,-1.728,1.691,13360.0
2044.05,13.9,-1.59,1.552,13340.0
2044.1,14.03,-1.451,1.412,13310.0
2044.15,13.9,-1.354,0.9654,13280.0
2044.2,13.77,-1.258,0.5187,13270.0
2044.25,13.68,-1.317,0.523,13280.0
2044.3,13.6,-1.377,0.5273,13280.0
2044.35,13.67,-1.37,0.6429,13280.0
2044.4,13.73,-1.364,0.7585,13270.0
2044.45,13.65,-1.225,0.5429,13240.0
2044.5,13.56,-1.086,0.3273,13190.0
2044.55,13.51,-1.086,0.134,13140.0
2044.6,13.46,-1.085,-0.05926,13110.0
2044.65,13.46,-1.021,0.09377,13090.0
2044.7,13.46,-0.9582,0.2468,13100.0
2044.75,13.42,-0.9673,0.3506,13130.0
2044.8,13.37,-0.9765,0.4543,13160.0
2044.85,13.45,-0.9449,0.4403,13200.0
2044.9,13.53,-0.9132,0.4263,13220.0
2044.95,13.45,-1.09,0.3179,13220.0
2045.0,13.37,-1.267,0.2095,13180.0
2045.05,13.34,-1.271,0.04292,13120.0
2045.1,13.32,-1.275,-0.1236,13050.0
2045.15,13.27,-1.294,-0.03902,12990.0
2045.2,13.22,-1.313,0.0456,12950.0
2045.25,13.37,-1.31,0.2955,12930.0
2045.3,13.52,-1.307,0.5453,12940.0
2045.35,13.66,-1.214,0.6259,12980.0
2045.4,13.81,-1.121,0.7065,13040.0
2045.45,13.64,-1.084,0.5293,13090.0
2045.5,13.46,-1.046,0.3522,13130.0
2045.55,13.17,-0.9731,0.2325,13140.0
2045.6,12.88,-0.9001,0.1129,13120.0
2045.65,12.94,-0.9031,0.07463,13080.0
2045.7,13.01,-0.906,0.03634,13030.0
2045.75,13.02,-0.6889,0.101,12970.0
2045.8,13.04,-0.4717,0.1656,12930.0
2045.85,12.93,-0.159,0.09779,12920.0
2045.9,12.82,0.1537,0.03,12930.0
2045.95,12.73,0.132,0.04329,12960.0
2046.0,12.65,0.1103,0.05658,13010.0
2046.05,12.77,-0.03145,0.2084,13050.0
2046.1,12.88,-0.1732,0.3602,13080.0
2046.15,12.92,-0.4393,0.487,13110.0
2046.2,12.95,-0.7054,0.6138,13110.0
2046.25,13.1,-0.7438,0.5779,13100.0
2046.3,13.26,-0.7822,0.5419,13060.0
2046.35,13.42,-0.7373,0.6369,13020.0
2046.4,13.59,-0.6923,0.7319,12990.0
2046.45,13.47,-0.7633,0.5321,12960.0
2046.5,13.35,-0.8344,0.3324,12940.0
2046.55,13.33,-0.7677,0.2706,12940.0
2046.6,13.31,-0.701,0.2088,12950.0
2046.65,13.24,-0.7388,0.243,12970.0
2046.7,13.18,-0.7767,0.2773,12990.0
2046.75,13.27,-0.9863,0.3086,13000.0
2046.8,13.35,-1.196,0.34,13010.0
2046.85,13.37,-1.101,0.3339,13020.0
2046.9,13.38,-1.007,0.3278,13020.0
2046.95,13.45,-0.9283,0.3663,13010.0
2047.0,13.51,-0.8499,0.4048,12980.0
2047.05,13.71,-0.9156,0.4164,12940.0
2047.1,13.91,-0.9813,0.428,12910.0
2047.15,13.73,-0.7255,0.4899,12870.0
2047.2,13.56,-0.4697,0.5519,12840.0
2047.25,13.5,-0.3692,0.3922,12830.0
2047.3,13.44,-0.2687,0.2324,12830.0
2047.35,13.52,-0.07882,0.1593,12840.0
2047.4,13.6,0.1111,0.08609,12860.0
2047.45,13.65,0.1666,0.08438,12880.0
2047.5,13.7,0.2221,0.08267,12880.0
2047.55,13.6,0.09216,0.008536,12880.0
2047.6,13.51,-0.03782,-0.0656,12860.0
2047.65,13.56,0.01592,0.1022,12840.0
2047.7,13.61,0.06966,0.27,12810.0
2047.75,13.64,0.207,0.3096,12780.0
2047.8,13.67,0.3443,0.3492,12760.0
2047.85,13.62,0.2128,0.3592,12750.0
2047.9,13.57,0.08121,0.3692,12740.0
2047.95,13.64,-0.07922,0.5192,12740.0
2048.0,13.7,-0.2396,0.6692,12740.0
2048.05,13.75,-0.2323,0.5574,12740.0
2048.1,13.8,-0.2249,0.4456,12740.0
2048.15,13.48,-0.3915,0.2864,12730.0
2048.2,13.16,-0.5581,0.1273,12730.0
2048.25,13.1,-0.572,0.1019,12740.0
2048.3,13.04,-0.586,0.07658,12750.0
2048.35,13.22,-0.4516,0.3659,12760.0
2048.4,13.41,-0.3173,0.6553,12760.0
2048.45,13.35,-0.4305,0.7881,12750.0
2048.5,13.29,-0.5438,0.9209,12740.0
2048.55,13.25,-0.4739,0.698,12720.0
2048.6,13.21,-0.4041,0.4751,12690.0
2048.65,13.14,-0.2962,0.3808,12660.0
2048.7,13.07,-0.1883,0.2866,12640.0
2048.75,12.96,-0.1357,0.3169,12640.0
2048.8,12.84,-0.0832,0.3473,12660.0
2048.85,12.8,-0.1475,0.4564,12700.0
2048.9,12.76,-0.2118,0.5655,12750.0
2048.95,12.58,-0.2235,0.4523,12800.0
2049.0,12.39,-0.2353,0.339,12820.0
2049.05,12.46,-0.291,0.2241,12820.0
2049.1,12.53,-0.3467,0.1093,12810.0
2049.15,12.43,-0.3642,0.1856,12770.0
2049.2,12.33,-0.3818,0.2619,12730.0
2049.25,12.31,-0.2962,0.114,12700.0
2049.3,12.29,-0.2106,-0.0339,12690.0
2049.35,12.41,-0.08977,-0.2968,12700.0
2049.4,12.53,0.03105,-0.5597,12720.0
2049.45,12.57,-0.2345,-0.4842,12750.0
2049.5,12.61,-0.5,-0.4087,12800.0
2049.55,12.58,-0.4357,-0.2146,12830.0
2049.6,12.55,-0.3714,-0.02049,12860.0
2049.65,12.46,-0.3591,0.09036,12870.0
2049.7,12.37,-0.3467,0.2012,12860.0
2049.75,12.35,-0.2906,0.2428,12840.0
2049.8,12.32,-0.2345,0.2844,12800.0
2049.85,12.34,-0.07305,0.2527,12770.0
2049.9,12.36,0.08837,0.221,12740.0
2049.95,12.37,0.2775,0.2595,12730.0
2050.0,12.39,0.4666,0.298,12750.0
2050.05,12.4,0.4411,0.1602,12770.0
2050.1,12.4,0.4156,0.02244,12790.0
2050.15,12.3,0.4341,0.2105,12810.0
2050.2,12.21,0.4526,0.3985,12820.0
2050.25,12.27,0.3635,0.4297,12830.0
2050.3,12.33,0.2743,0.4609,12820.0
2050.35,12.27,0.3826,0.2819,12810.0
2050.4,12.21,0.4908,0.1029,12790.0
2050.45,12.41,0.4644,0.1522,12780.0
2050.5,12.61,0.4379,0.2014,12760.0
2050.55,12.48,0.541,0.2311,12750.0
2050.6,12.35,0.6441,0.2607,12740.0
2050.65,12.3,0.7972,0.2477,12720.0
2050.7,12.24,0.9502,0.2346,12710.0
2050.75,12.16,0.9176,0.1189,12710.0
2050.8,12.08,0.8849,0.00317,12720.0
2050.85,11.97,0.9345,0.0767,12740.0
2050.9,11.86,0.9841,0.1502,12770.0
2050.95,11.81,0.7615,0.115,12790.0
2051.0,11.77,0.539,0.07975,12800.0
2051.05,11.93,0.5691,-0.002683,12800.0
2051.1,12.09,0.5991,-0.08511,12780.0
2051.15,12.33,0.4337,0.07328,12740.0
2051.2,12.57,0.2683,0.2317,12690.0
2051.25,12.54,0.2613,0.4557,12650.0
2051.3,12.5,0.2544,0.6797,12610.0
2051.35,12.4,0.1588,0.4945,12590.0
2051.4,12.29,0.0633,0.3092,12600.0
2051.45,12.3,0.1519,0.1721,12630.0
2051.5,12.31,0.2404,0.03487,12670.0
2051.55,12.44,0.1608,-0.08328,12710.0
2051.6,12.57,0.08121,-0.2014,12730.0
2051.65,12.75,0.2456,-0.2041,12720.0
2051.7,12.93,0.41,-0.2068,12680.0
2051.75,13.01,0.3015,-0.1125,12620.0
2051.8,13.09,0.1931,-0.01829,12570.0
2051.85,12.94,0.5084,0.1249,12530.0
2051.9,12.78,0.8236,0.268,12520.0
2051.95,12.68,0.8676,0.2705,12530.0
2052.0,12.59,0.9116,0.2729,12560.0
2052.05,12.64,0.8404,0.254,12580.0
2052.1,12.69,0.7691,0.2351,12600.0
2052.15,12.64,0.829,0.1732,12600.0
2052.2,12.59,0.8889,0.1112,12580.0
2052.25,12.69,0.9888,0.09584,12550.0
2052.3,12.8,1.089,0.08048,12530.0
2052.35,12.93,0.7745,-0.01671,12520.0
2052.4,13.07,0.4602,-0.1139,12520.0
2052.45,12.98,0.3268,-0.303,12530.0
2052.5,12.89,0.1935,-0.4921,12540.0
2052.55,12.91,0.247,-0.2995,12550.0
2052.6,12.93,0.3006,-0.1068,12560.0
2052.65,12.93,0.3857,-0.1528,12550.0
2052.7,12.93,0.4709,-0.1988,12550.0
2052.75,13.09,0.3412,-0.1874,12550.0
2052.8,13.25,0.2114,-0.1761,12540.0
2052.85,13.34,0.2321,-0.3106,12530.0
2052.9,13.43,0.2528,-0.4451,12520.0
2052.95,13.33,0.3203,-0.397,12520.0
2053.0,13.24,0.3877,-0.349,12530.0
2053.05,13.17,0.328,-0.2791,12550.0
2053.1,13.09,0.2683,-0.2092,12580.0
2053.15,12.99,0.2986,-0.422,12600.0
2053.2,12.89,0.3288,-0.6348,12620.0
2053.25,12.93,0.5243,-0.3709,12630.0
2053.3,12.98,0.7197,-0.1071,12620.0
2053.35,13.1,0.5766,-0.2152,12590.0
2053.4,13.22,0.4335,-0.3234,12560.0
2053.45,13.36,0.5111,-0.1235,12540.0
2053.5,13.5,0.5888,0.07633,12540.0
2053.55,13.66,0.6254,0.2419,12560.0
2053.6,13.82,0.662,0.4075,12580.0
2053.65,13.75,0.8595,0.267,12600.0
2053.7,13.69,1.057,0.1266,12620.0
2053.75,13.91,0.9283,0.2556,12630.0
2053.8,14.14,0.7997,0.3846,12630.0
2053.85,14.28,0.6037,0.3233,12620.0
2053.9,14.41,0.4076,0.2619,12610.0
2053.95,14.36,0.3887,0.3891,12610.0
2054.0,14.31,0.3698,0.5163,12600.0
2054.05,14.26,0.4114,0.5448,12580.0
2054.1,14.21,0.453,0.5734,12570.0
2054.15,14.25,0.4206,0.4915,12570.0
2054.2,14.29,0.3881,0.4097,12590.0
2054.25,14.23,0.4594,0.4314,12600.0
2054.3,14.18,0.5306,0.4531,12610.0
2054.35,14.22,0.6353,0.464,12620.0
2054.4,14.26,0.74,0.4748,12620.0
2054.45,14.21,0.7271,0.164,12610.0
2054.5,14.16,0.7142,-0.1468,12590.0
2054.55,14.19,0.6099,-0.0934,12570.0
2054.6,14.22,0.5056,-0.04,12550.0
2054.65,14.25,0.5125,-0.1849,12550.0
2054.7,14.28,0.5195,-0.3297,12550.0
2054.75,14.27,0.3093,-0.3824,12550.0
2054.8,14.25,0.09912,-0.4351,12560.0
2054.85,14.27,0.3244,-0.3081,12560.0
2054.9,14.29,0.5498,-0.1812,12570.0
2054.95,14.14,0.3893,-0.146,12560.0
2055.0,13.98,0.2289,-0.1107,12550.0
2055.05,13.98,0.3286,0.1195,12540.0
2055.1,13.99,0.4283,0.3497,12540.0
2055.15,14.03,0.3083,0.5597,12530.0
2055.2,14.07,0.1883,0.7697,12530.0
2055.25,14.13,0.07026,0.766,12520.0
2055.3,14.19,-0.04777,0.7624,12520.0
2055.35,14.07,-0.05095,0.5063,12530.0
2055.4,13.94,-0.05414,0.2502,12530.0
2055.45,13.91,0.2263,0.1652,12530.0
2055.5,13.88,0.5068,0.08024,12530.0
2055.55,14.01,0.4132,0.1549,12530.0
2055.6,14.13,0.3197,0.2295,12550.0
2055.65,14.11,0.3226,0.3124,12550.0
2055.7,14.09,0.3256,0.3953,12550.0
2055.75,14.02,0.3483,0.2208,12540.0
2055.8,13.95,0.371,0.04634,12530.0
2055.85,13.85,0.4922,0.03378,12520.0
2055.9,13.76,0.6134,0.02122,12500.0
2055.95,13.85,0.6662,0.1243,12480.0
2056.0,13.94,0.7189,0.2273,12480.0
2056.05,14.22,0.8853,-0.006463,12490.0
2056.1,14.5,1.052,-0.2402,12520.0
2056.15,14.61,0.7357,-0.1757,12540.0
2056.2,14.73,0.4196,-0.1112,12550.0
2056.25,14.73,0.2795,0.1369,12560.0
2056.3,14.74,0.1393,0.3851,12560.0
2056.35,14.66,0.2994,0.3764,12550.0
2056.4,14.59,0.4594,0.3678,12530.0
2056.45,14.6,0.4976,0.4078,12510.0
2056.5,14.61,0.5358,0.4478,12500.0
2056.55,14.56,0.497,0.2759,12500.0
2056.6,14.51,0.4582,0.1041,12500.0
2056.65,14.54,0.5446,0.07645,12490.0
2056.7,14.58,0.631,0.04878,12500.0
2056.75,14.58,0.6457,0.0556,12510.0
2056.8,14.59,0.6604,0.06243,12520.0
2056.85,14.63,0.5569,-0.02427,12530.0
2056.9,14.67,0.4534,-0.111,12530.0
2056.95,14.72,0.5326,-0.1206,12530.0
2057.0,14.77,0.6119,-0.1302,12530.0
2057.05,14.71,0.7317,-0.164,12530.0
2057.1,14.64,0.8515,-0.1978,12520.0
2057.15,14.52,0.9435,-0.1397,12510.0
2057.2,14.4,1.035,-0.0817,12510.0
2057.25,14.3,0.9775,-0.03804,12530.0
2057.3,14.2,0.9196,0.005609,12540.0
2057.35,14.22,1.006,0.07365,12540.0
2057.4,14.25,1.092,0.1417,12540.0
2057.45,14.21,0.9271,0.2885,12540.0
2057.5,14.18,0.7627,0.4353,12530.0
2057.55,14.2,0.6634,0.4113,12530.0
2057.6,14.23,0.5641,0.3873,12520.0
2057.65,14.36,0.7436,0.4264,12530.0
2057.7,14.49,0.9232,0.4656,12540.0
2057.75,14.3,1.09,0.8651,12570.0
2057.8,14.11,1.256,1.265,12580.0
2057.85,14.0,0.9749,1.116,12600.0
2057.9,13.9,0.6939,0.9667,12610.0
2057.95,13.97,0.6937,0.9842,12630.0
2058.0,14.05,0.6935,1.002,12630.0
2058.05,14.0,0.6085,0.8919,12610.0
2058.1,13.95,0.5235,0.7821,12590.0
2058.15,13.94,0.6539,0.6996,12580.0
2058.2,13.93,0.7842,0.617,12580.0
2058.25,13.98,0.9257,0.3892,12590.0
2058.3,14.03,1.067,0.1614,12610.0
2058.35,14.05,0.9383,0.224,12640.0
2058.4,14.06,0.8093,0.2866,12680.0
2058.45,14.18,0.915,0.1086,12700.0
2058.5,14.29,1.021,-0.06926,12710.0
2058.55,14.13,1.123,0.0478,12710.0
2058.6,13.97,1.225,0.1649,12700.0
2058.65,13.89,1.157,0.05451,12680.0
2058.7,13.81,1.089,-0.05585,12670.0
2058.75,13.97,1.028,-0.1614,12660.0
2058.8,14.13,0.9677,-0.267,12660.0
2058.85,13.9,0.799,-0.2685,12660.0
2058.9,13.67,0.6302,-0.27,12660.0
2058.95,13.63,0.5219,-0.169,12670.0
2059.0,13.6,0.4136,-0.06804,12680.0
2059.05,13.76,0.4252,-0.06914,12690.0
2059.1,13.91,0.4367,-0.07024,12710.0
2059.15,13.81,0.531,-0.2781,12720.0
2059.2,13.7,0.6254,-0.486,12720.0
2059.25,14.12,0.3989,-0.3745,12710.0
2059.3,14.54,0.1724,-0.2629,12700.0
2059.35,14.51,0.01473,-0.09706,12680.0
2059.4,14.47,-0.1429,0.06877,12660.0
2059.45,14.46,-0.1596,0.03987,12650.0
2059.5,14.45,-0.1764,0.01097,12660.0
2059.55,14.45,-0.1797,-0.05365,12690.0
2059.6,14.46,-0.1831,-0.1183,12710.0
2059.65,14.4,-0.3183,-0.1082,12730.0
2059.7,14.34,-0.4534,-0.09804,12740.0
2059.75,14.48,-0.4168,-0.1007,12730.0
2059.8,14.62,-0.3802,-0.1034,12710.0
2059.85,14.56,-0.3802,-0.1838,12690.0
2059.9,14.51,-0.3802,-0.2641,12680.0
2059.95,14.45,-0.4311,-0.2864,12680.0
2060.0,14.38,-0.4821,-0.3087,12690.0
2060.05,14.52,-0.4725,-0.2044,12700.0
2060.1,14.65,-0.463,-0.09999,12720.0
2060.15,14.85,-0.4743,0.1385,12750.0
2060.2,15.05,-0.4857,0.377,12770.0
2060.25,14.96,-0.4859,0.2905,12770.0
2060.3,14.88,-0.4861,0.2039,12760.0
2060.35,14.86,-0.3842,0.1352,12760.0
2060.4,14.84,-0.2822,0.06658,12770.0
2060.45,14.88,-0.3519,0.0278,12770.0
2060.5,14.92,-0.4216,-0.01097,12770.0
2060.55,14.87,-0.5095,0.1071,12770.0
2060.6,14.81,-0.5975,0.2251,12780.0
2060.65,14.98,-0.5832,0.3668,12800.0
2060.7,15.15,-0.5689,0.5085,12810.0
2060.75,15.03,-0.4753,0.618,12820.0
2060.8,14.91,-0.3818,0.7275,12840.0
2060.85,15.0,-0.3923,0.7164,12850.0
2060.9,15.09,-0.4029,0.7053,12870.0
2060.95,15.21,-0.2986,0.6172,12870.0
2061.0,15.34,-0.1943,0.5292,12860.0
2061.05,15.3,-0.2259,0.5666,12860.0
2061.1,15.26,-0.2576,0.6041,12860.0
2061.15,15.23,-0.3633,0.4552,12870.0
2061.2,15.2,-0.4689,0.3063,12880.0
2061.25,15.4,-0.6071,0.2711,12900.0
2061.3,15.59,-0.7452,0.2358,12920.0
2061.35,15.57,-0.7578,0.4885,12940.0
2061.4,15.55,-0.7703,0.7411,12940.0
2061.45,15.69,-0.7464,0.532,12940.0
2061.5,15.84,-0.7225,0.3229,12940.0
2061.55,15.86,-0.9568,0.3737,12940.0
2061.6,15.88,-1.191,0.4246,12940.0
2061.65,15.67,-1.064,0.4418,12940.0
2061.7,15.45,-0.9371,0.459,12930.0
2061.75,15.33,-0.7406,0.5142,12930.0
2061.8,15.21,-0.5442,0.5694,12930.0
2061.85,15.18,-0.5147,0.5968,12940.0
2061.9,15.15,-0.4853,0.6241,12950.0
2061.95,15.04,-0.409,0.6847,12970.0
2062.0,14.94,-0.3328,0.7453,12980.0
2062.05,15.07,-0.3431,0.6613,12990.0
2062.1,15.2,-0.3535,0.5773,12990.0
2062.15,15.28,-0.3806,0.5291,12980.0
2062.2,15.36,-0.4076,0.4809,12960.0
2062.25,15.32,-0.3067,0.6966,12940.0
2062.3,15.29,-0.2058,0.9123,12930.0
2062.35,15.34,-0.02687,0.8509,12940.0
2062.4,15.39,0.1521,0.7894,12950.0
2062.45,15.3,0.2558,0.7391,12970.0
2062.5,15.2,0.3595,0.6887,12990.0
2062.55,15.03,0.4407,0.7154,13000.0
2062.6,14.86,0.5219,0.7421,13000.0
2062.65,14.93,0.5185,0.8103,13000.0
2062.7,15.01,0.5151,0.8784,12990.0
2062.75,15.0,0.371,0.9995,12980.0
2062.8,14.99,0.2269,1.121,12980.0
2062.85,14.86,0.3609,0.8304,12980.0
2062.9,14.73,0.4948,0.5402,12990.0
2062.95,14.64,0.5109,0.492,13010.0
2063.0,14.55,0.5271,0.4439,13030.0
2063.05,14.55,0.5296,0.5393,13060.0
2063.1,14.55,0.5322,0.6348,13080.0
2063.15,14.6,0.3897,0.7049,13080.0
2063.2,14.65,0.2472,0.775,13080.0
2063.25,14.67,0.2144,0.5058,13070.0
2063.3,14.68,0.1815,0.2366,13060.0
2063.35,14.65,0.3244,0.4008,13060.0
2063.4,14.63,0.4673,0.5651,13070.0
2063.45,14.54,0.6656,0.5545,13100.0
2063.5,14.45,0.8638,0.5438,13140.0
2063.55,14.43,0.6449,0.4081,13190.0
2063.6,14.4,0.4259,0.2724,13220.0
2063.65,14.35,0.5689,0.5536,13240.0
2063.7,14.29,0.7118,0.8348,13230.0
2063.75,14.31,0.5639,0.9465,13210.0
2063.8,14.32,0.416,1.058,13190.0
2063.85,14.35,0.3901,0.8508,13180.0
2063.9,14.39,0.3642,0.6433,13180.0
2063.95,14.31,0.254,0.6149,13200.0
2064.0,14.24,0.1437,0.5865,13240.0
2064.05,14.4,0.3475,0.5532,13290.0
2064.1,14.55,0.5513,0.5199,13320.0
2064.15,14.49,0.7639,0.5151,13350.0
2064.2,14.43,0.9765,0.5102,13350.0
2064.25,14.44,0.8131,0.5944,13350.0
2064.3,14.45,0.6497,0.6787,13350.0
2064.35,14.51,0.4484,0.7043,13330.0
2064.4,14.58,0.2472,0.7299,13310.0
2064.45,14.49,0.2502,0.6447,13300.0
2064.5,14.4,0.2532,0.5595,13310.0
2064.55,14.33,0.2337,0.6398,13330.0
2064.6,14.25,0.2142,0.7202,13360.0
2064.65,14.22,-0.03961,0.7878,13390.0
2064.7,14.18,-0.2934,0.8555,13440.0
2064.75,14.15,-0.05613,0.8919,13480.0
2064.8,14.11,0.1811,0.9282,13490.0
2064.85,14.08,0.3292,1.075,13480.0
2064.9,14.05,0.4773,1.223,13450.0
2064.95,14.15,0.4823,1.253,13410.0
2065.0,14.26,0.4873,1.283,13380.0
2065.05,14.26,0.5977,1.107,13370.0
2065.1,14.27,0.7082,0.9323,13370.0
2065.15,14.19,0.6483,0.9465,13410.0
2065.2,14.11,0.5884,0.9606,13460.0
2065.25,14.0,0.4204,0.881,13500.0
2065.3,13.88,0.2524,0.8014,13520.0
2065.35,13.85,0.3171,0.7382,13520.0
2065.4,13.82,0.3818,0.675,13520.0
2065.45,13.94,0.4986,0.7391,13510.0
2065.5,14.07,0.6154,0.8031,13490.0
2065.55,13.91,0.4871,0.6715,13470.0
2065.6,13.76,0.3587,0.5399,13460.0
2065.65,13.86,0.4409,0.4462,13470.0
2065.7,13.96,0.5231,0.3524,13490.0
2065.75,14.08,0.4779,0.3123,13500.0
2065.8,14.2,0.4327,0.2722,13530.0
2065.85,14.21,0.4321,0.3309,13550.0
2065.9,14.22,0.4315,0.3897,13570.0
2065.95,14.18,0.3079,0.2616,13580.0
2066.0,14.13,0.1843,0.1334,13570.0
2066.05,14.11,0.1099,0.1435,13560.0
2066.1,14.09,0.03543,0.1536,13560.0
2066.15,14.13,0.07783,0.2961,13560.0
2066.2,14.17,0.1202,0.4385,13560.0
2066.25,14.07,0.1326,0.4769,13560.0
2066.3,13.98,0.1449,0.5153,13580.0
2066.35,14.12,0.1355,0.4475,13610.0
2066.4,14.27,0.1262,0.3797,13650.0
2066.45,14.09,0.1594,0.4092,13680.0
2066.5,13.92,0.1927,0.4387,13690.0
2066.55,13.96,0.2936,0.4708,13690.0
2066.6,14.01,0.3945,0.5029,13680.0
2066.65,14.07,0.3137,0.3846,13670.0
2066.7,14.14,0.2329,0.2663,13650.0
2066.75,14.02,0.1813,0.01317,13660.0
2066.8,13.9,0.1298,-0.24,13680.0
2066.85,13.97,0.00418,-0.06402,13710.0
2066.9,14.03,-0.1214,0.1119,13740.0
2066.95,13.94,-0.2112,0.1255,13760.0
2067.0,13.86,-0.301,0.139,13780.0
2067.05,13.93,-0.2791,0.1796,13790.0
2067.1,14.0,-0.2572,0.2202,13790.0
2067.15,13.85,-0.2392,0.2795,13780.0
2067.2,13.7,-0.2213,0.3387,13760.0
2067.25,13.73,-0.4968,0.4167,13760.0
2067.3,13.75,-0.7723,0.4946,13770.0
2067.35,13.85,-0.8095,0.42,13790.0
2067.4,13.95,-0.8467,0.3453,13810.0
2067.45,13.84,-0.7874,0.309,13830.0
2067.5,13.73,-0.7281,0.2727,13850.0
2067.55,13.79,-0.7878,0.288,13870.0
2067.6,13.86,-0.8475,0.3034,13870.0
2067.65,13.77,-0.9116,0.2168,13870.0
2067.7,13.68,-0.9757,0.1302,13850.0
2067.75,13.81,-0.8417,0.06292,13840.0
2067.8,13.93,-0.7078,-0.00439,13830.0
2067.85,13.85,-0.7733,0.05987,13830.0
2067.9,13.76,-0.8388,0.1241,13830.0
2067.95,13.8,-0.7997,0.2869,13840.0
2068.0,13.84,-0.7607,0.4497,13860.0
2068.05,13.85,-0.8593,0.423,13870.0
2068.1,13.86,-0.9578,0.3963,13880.0
2068.15,13.99,-1.073,0.2472,13880.0
2068.2,14.12,-1.187,0.09804,13880.0
2068.25,14.16,-1.091,0.0656,13890.0
2068.3,14.2,-0.9948,0.03317,13890.0
2068.35,14.21,-0.9576,0.1907,13880.0
2068.4,14.22,-0.9204,0.3483,13860.0
2068.45,14.14,-1.073,0.3997,13840.0
2068.5,14.06,-1.226,0.4512,13830.0
2068.55,14.14,-0.9257,0.395,13830.0
2068.6,14.22,-0.625,0.3387,13830.0
2068.65,14.24,-0.6001,0.5007,13850.0
2068.7,14.26,-0.5752,0.6626,13880.0
2068.75,14.29,-0.4952,0.7805,13900.0
2068.8,14.32,-0.4152,0.8984,13910.0
2068.85,14.41,-0.3983,0.8327,13900.0
2068.9,14.5,-0.3814,0.767,13880.0
2068.95,14.52,-0.3338,0.6885,13860.0
2069.0,14.54,-0.2862,0.6099,13860.0
2069.05,14.63,-0.2705,0.5284,13870.0
2069.1,14.73,-0.2548,0.4468,13880.0
2069.15,14.61,-0.2854,0.528,13880.0
2069.2,14.49,-0.3161,0.6092,13900.0
2069.25,14.46,-0.3718,0.6171,13910.0
2069.3,14.44,-0.4275,0.6251,13920.0
2069.35,14.57,-0.1947,0.612,13920.0
2069.4,14.71,0.03822,0.599,13920.0
2069.45,14.61,0.008161,0.613,13920.0
2069.5,14.5,-0.02189,0.627,13940.0
2069.55,14.45,-0.0406,0.7281,13960.0
2069.6,14.4,-0.05931,0.8292,13990.0
2069.65,14.43,0.07285,1.047,14020.0
2069.7,14.45,0.205,1.265,14050.0
2069.75,14.57,0.1367,0.9386,14060.0
2069.8,14.68,0.06847,0.6116,14050.0
2069.85,14.72,-0.05076,0.6124,14030.0
2069.9,14.76,-0.17,0.6131,14010.0
2069.95,14.87,-0.1644,0.5916,14020.0
2070.0,14.99,-0.1588,0.5702,14040.0
2070.05,14.98,-0.03185,0.7478,14070.0
2070.1,14.97,0.09514,0.9255,14120.0
2070.15,14.99,-0.03483,0.858,14160.0
2070.2,15.0,-0.1648,0.7904,14200.0
2070.25,14.98,0.09216,0.8855,14200.0
2070.3,14.96,0.3491,0.9806,14200.0
2070.35,15.01,0.5746,1.08,14190.0
2070.4,15.07,0.8001,1.179,14180.0
2070.45,15.01,0.7181,1.162,14180.0
2070.5,14.96,0.6361,1.146,14170.0
2070.55,14.93,0.3047,0.9818,14170.0
2070.6,14.91,-0.02667,0.818,14180.0
2070.65,14.88,0.01951,0.6688,14200.0
2070.7,14.85,0.06568,0.5197,14220.0
2070.75,14.71,-0.07524,0.3565,14230.0
2070.8,14.58,-0.2162,0.1934,14250.0
2070.85,14.79,-0.1927,0.4778,14260.0
2070.9,15.01,-0.1692,0.7621,14280.0
2070.95,14.83,-0.2168,0.6127,14290.0
2071.0,14.66,-0.2643,0.4634,14280.0
2071.05,14.75,-0.2757,0.4067,14270.0
2071.1,14.85,-0.287,0.35,14250.0
2071.15,14.95,-0.2108,0.3774,14230.0
2071.2,15.05,-0.1346,0.4048,14220.0
2071.25,14.99,-0.172,0.3961,14210.0
2071.3,14.94,-0.2094,0.3873,14200.0
2071.35,14.88,-0.1286,0.5659,14190.0
2071.4,14.82,-0.04777,0.7446,14200.0
2071.45,14.83,-0.3097,0.7736,14210.0
2071.5,14.83,-0.5716,0.8026,14220.0
2071.55,15.05,-0.5868,0.825,14240.0
2071.6,15.27,-0.6019,0.8475,14260.0
2071.65,15.44,-0.4881,0.7027,14260.0
2071.7,15.6,-0.3742,0.558,14240.0
2071.75,15.45,-0.5042,0.4452,14210.0
2071.8,15.3,-0.6341,0.3324,14180.0
2071.85,15.2,-0.6935,0.3624,14160.0
2071.9,15.09,-0.7528,0.3924,14140.0
2071.95,15.06,-0.4697,0.253,14130.0
2072.0,15.03,-0.1867,0.1136,14130.0
2072.05,14.89,-0.1654,0.09304,14150.0
2072.1,14.74,-0.1441,0.07243,14190.0
2072.15,14.99,-0.1164,0.003902,14210.0
2072.2,15.24,-0.08877,-0.06463,14230.0
2072.25,15.13,-0.161,-0.1257,14240.0
2072.3,15.02,-0.2333,-0.1868,14260.0
2072.35,15.04,-0.3865,-0.2294,14250.0
2072.4,15.07,-0.5398,-0.2719,14230.0
2072.45,15.21,-0.6019,-0.1016,14210.0
2072.5,15.34,-0.664,0.06877,14200.0
2072.55,15.37,-0.5629,0.01988,14210.0
2072.6,15.4,-0.4618,-0.02902,14230.0
2072.65,15.26,-0.5916,-0.09243,14240.0
2072.7,15.11,-0.7213,-0.1558,14260.0
2072.75,15.05,-0.7078,-0.1529,14290.0
2072.8,14.99,-0.6943,-0.15,14320.0
2072.85,15.01,-0.7597,-0.2327,14340.0
2072.9,15.03,-0.8252,-0.3153,14330.0
2072.95,15.04,-0.5163,-0.1583,14330.0
2073.0,15.05,-0.2074,-0.001219,14340.0
2073.05,15.26,-0.06728,-0.02658,14350.0
2073.1,15.48,0.07285,-0.05195,14350.0
2073.15,15.49,-0.168,-0.002439,14350.0
2073.2,15.49,-0.4088,0.04707,14370.0
2073.25,15.51,-0.4397,0.1627,14400.0
2073.3,15.53,-0.4705,0.2783,14430.0
2073.35,15.63,-0.4466,0.2122,14440.0
2073.4,15.73,-0.4228,0.1461,14450.0
2073.45,15.74,-0.5509,0.2147,14450.0
2073.5,15.75,-0.6791,0.2834,14450.0
2073.55,15.86,-0.5454,0.3379,14450.0
2073.6,15.98,-0.4116,0.3924,14440.0
2073.65,16.01,-0.3509,0.2572,14440.0
2073.7,16.04,-0.2902,0.1219,14460.0
2073.75,16.36,-0.5054,0.1404,14490.0
2073.8,16.69,-0.7205,0.1588,14520.0
2073.85,16.76,-0.7428,-0.05938,14540.0
2073.9,16.83,-0.7651,-0.2775,14530.0
2073.95,16.85,-0.6501,-0.3764,14520.0
2074.0,16.86,-0.535,-0.4753,14500.0
2074.05,16.94,-0.6893,-0.4359,14470.0
2074.1,17.01,-0.8435,-0.3965,14450.0
2074.15,17.01,-0.8262,-0.5063,14450.0
2074.2,17.01,-0.8089,-0.616,14460.0
2074.25,17.02,-0.7524,-0.601,14480.0
2074.3,17.03,-0.6958,-0.586,14490.0
2074.35,17.29,-0.5607,-0.693,14490.0
2074.4,17.55,-0.4256,-0.7999,14480.0
2074.45,17.64,-0.4697,-0.6482,14470.0
2074.5,17.73,-0.5139,-0.4965,14460.0
2074.55,17.69,-0.5589,-0.3255,14460.0
2074.6,17.66,-0.6039,-0.1544,14470.0
2074.65,17.62,-0.7733,-0.03061,14470.0
2074.7,17.58,-0.9427,0.09316,14480.0
2074.75,17.6,-0.7494,0.04158,14480.0
2074.8,17.63,-0.5561,-0.009999,14470.0
2074.85,17.49,-0.5364,-0.04341,14450.0
2074.9,17.36,-0.5167,-0.07682,14450.0
2074.95,17.35,-0.5348,-0.1774,14460.0
2075.0,17.34,-0.5529,-0.278,14480.0
2075.05,17.39,-0.4021,0.0428,14510.0
2075.1,17.43,-0.2512,0.3636,14530.0
2075.15,17.48,-0.2808,0.2983,14560.0
2075.2,17.52,-0.3105,0.2329,14570.0
2075.25,17.41,-0.1523,0.1451,14560.0
2075.3,17.3,0.005971,0.05731,14550.0
2075.35,17.37,-0.04279,0.08816,14530.0
2075.4,17.44,-0.09156,0.119,14520.0
2075.45,17.45,-0.4536,-0.07645,14510.0
2075.5,17.46,-0.8157,-0.2719,14520.0
2075.55,17.36,-0.7392,-0.2479,14540.0
2075.6,17.27,-0.6628,-0.2239,14570.0
2075.65,17.32,-0.5916,-0.1706,14600.0
2075.7,17.38,-0.5203,-0.1173,14630.0
2075.75,17.32,-0.3545,-0.1649,14650.0
2075.8,17.27,-0.1887,-0.2124,14660.0
2075.85,17.27,-0.3264,-0.3101,14660.0
2075.9,17.26,-0.4642,-0.4078,14640.0
2075.95,17.3,-0.6214,-0.3647,14610.0
2076.0,17.34,-0.7787,-0.3217,14580.0
2076.05,17.28,-0.8678,-0.3063,14560.0
2076.1,17.23,-0.957,-0.2909,14570.0
2076.15,17.3,-0.9194,-0.2186,14590.0
2076.2,17.38,-0.8818,-0.1463,14630.0
2076.25,17.44,-0.8969,0.04987,14670.0
2076.3,17.49,-0.912,0.2461,14700.0
2076.35,17.55,-0.7086,0.39,14720.0
2076.4,17.6,-0.5052,0.5338,14710.0
2076.45,17.71,-0.3483,0.5726,14690.0
2076.5,17.82,-0.1915,0.6114,14660.0
2076.55,17.78,-0.3135,0.4334,14630.0
2076.6,17.74,-0.4355,0.2553,14610.0
2076.65,17.82,-0.3445,0.1289,14600.0
2076.7,17.9,-0.2536,0.002439,14600.0
2076.75,17.91,-0.2693,-0.1724,14630.0
2076.8,17.92,-0.285,-0.3473,14660.0
2076.85,17.76,-0.3818,-0.3895,14690.0
2076.9,17.6,-0.4785,-0.4317,14700.0
2076.95,17.74,-0.6423,-0.2748,14690.0
2077.0,17.89,-0.8061,-0.118,14660.0
2077.05,17.97,-0.8079,-0.00317,14640.0
2077.1,18.05,-0.8097,0.1117,14620.0
2077.15,18.02,-0.8246,0.1939,14610.0
2077.2,17.99,-0.8396,0.2761,14620.0
2077.25,17.94,-0.8734,0.2178,14640.0
2077.3,17.89,-0.9072,0.1595,14670.0
2077.35,17.93,-0.8656,-0.008292,14700.0
2077.4,17.98,-0.824,-0.1761,14720.0
2077.45,17.94,-0.4504,0.07243,14720.0
2077.5,17.9,-0.07683,0.3209,14710.0
2077.55,17.58,-0.01453,0.2862,14700.0
2077.6,17.26,0.04777,0.2514,14690.0
2077.65,17.2,0.1019,-0.03878,14680.0
2077.7,17.14,0.156,-0.329,14670.0
2077.75,17.21,0.1019,-0.1995,14670.0
2077.8,17.28,0.04777,-0.06999,14700.0
2077.85,17.2,0.05633,-0.1235,14740.0
2077.9,17.12,0.06489,-0.1771,14780.0
2077.95,16.99,0.1146,-0.1154,14810.0
2078.0,16.87,0.1644,-0.05365,14830.0
2078.05,16.86,0.1662,-0.1255,14820.0
2078.1,16.86,0.168,-0.1973,14800.0
2078.15,16.86,0.3282,-0.5032,14760.0
2078.2,16.85,0.4884,-0.8092,14720.0
2078.25,16.54,0.4184,-0.768,14690.0
2078.3,16.22,0.3483,-0.7267,14680.0
2078.35,16.11,0.5026,-0.5903,14700.0
2078.4,16.0,0.6568,-0.4539,14740.0
2078.45,15.93,0.4719,-0.4011,14780.0
2078.5,15.86,0.287,-0.3483,14820.0
2078.55,15.71,0.3266,-0.3746,14840.0
2078.6,15.57,0.3662,-0.4009,14840.0
2078.65,15.56,0.4062,-0.491,14820.0
2078.7,15.55,0.4463,-0.5812,14770.0
2078.75,15.57,0.6077,-0.5438,14730.0
2078.8,15.6,0.7691,-0.5065,14700.0
2078.85,15.74,0.754,-0.3079,14690.0
2078.9,15.87,0.7388,-0.1093,14680.0
2078.95,16.05,0.7046,-0.2036,14700.0
2079.0,16.23,0.6704,-0.298,14740.0
2079.05,16.16,0.5577,-0.3295,14780.0
2079.1,16.1,0.4451,-0.3609,14810.0
2079.15,16.14,0.3023,-0.3958,14800.0
2079.2,16.19,0.1596,-0.4307,14790.0
2079.25,16.21,0.1931,-0.3342,14760.0
2079.3,16.23,0.2265,-0.2378,14740.0
2079.35,16.25,0.05095,-0.2036,14720.0
2079.4,16.26,-0.1246,-0.1695,14720.0
2079.45,16.19,0.01373,-0.1635,14750.0
2079.5,16.12,0.1521,-0.1575,14780.0
2079.55,16.35,0.2428,-0.2517,14810.0
2079.6,16.58,0.3336,-0.3458,14830.0
2079.65,16.47,0.2826,-0.2388,14820.0
2079.7,16.35,0.2317,-0.1317,14800.0
2079.75,16.31,0.2036,-0.3614,14780.0
2079.8,16.28,0.1756,-0.5912,14760.0
2079.85,16.25,0.1282,-0.4579,14760.0
2079.9,16.22,0.08081,-0.3246,14770.0
2079.95,16.24,-0.04419,-0.4526,14800.0
2080.0,16.26,-0.1692,-0.5807,14820.0
2080.05,16.28,-0.3041,-0.5415,14840.0
2080.1,16.3,-0.4391,-0.5024,14840.0
2080.15,16.24,-0.2759,-0.3405,14830.0
2080.2,16.17,-0.1127,-0.1785,14830.0
2080.25,16.23,0.07046,-0.2201,14830.0
2080.3,16.28,0.2536,-0.2617,14810.0
2080.35,16.46,-0.1001,-0.1888,14800.0
2080.4,16.63,-0.4538,-0.1158,14780.0
2080.45,16.7,-0.3597,-0.2173,14770.0
2080.5,16.77,-0.2655,-0.3187,14770.0
2080.55,16.85,-0.3135,-0.4397,14770.0
2080.6,16.92,-0.3615,-0.5607,14770.0
2080.65,16.86,-0.2966,-0.5245,14780.0
2080.7,16.79,-0.2317,-0.4882,14790.0
2080.75,16.93,-0.1744,-0.5053,14800.0
2080.8,17.06,-0.117,-0.5224,14800.0
2080.85,17.18,0.009952,-0.3098,14780.0
2080.9,17.3,0.1369,-0.09731,14760.0
2080.95,17.2,0.07066,-0.1445,14730.0
2081.0,17.11,0.004379,-0.1917,14710.0
2081.05,17.14,0.1383,0.02256,14680.0
2081.1,17.18,0.2723,0.2368,14660.0
2081.15,17.12,0.371,0.04048,14660.0
2081.2,17.07,0.4697,-0.1558,14670.0
2081.25,17.09,0.411,-0.1133,14680.0
2081.3,17.11,0.3523,-0.07072,14680.0
2081.35,17.12,0.4291,0.1588,14670.0
2081.4,17.13,0.506,0.3882,14670.0
2081.45,17.24,0.6684,0.2391,14660.0
2081.5,17.36,0.8308,0.08999,14640.0
2081.55,17.21,0.8129,0.2108,14590.0
2081.6,17.06,0.795,0.3317,14540.0
2081.65,17.08,0.796,0.2033,14510.0
2081.7,17.09,0.797,0.07487,14490.0
2081.75,17.31,0.5099,-0.1332,14490.0
2081.8,17.53,0.2229,-0.3412,14500.0
2081.85,17.5,0.1921,-0.4579,14520.0
2081.9,17.47,0.1612,-0.5746,14550.0
2081.95,17.39,0.003782,-0.3429,14560.0
2082.0,17.3,-0.1537,-0.1112,14560.0
2082.05,17.32,-0.2578,-0.2264,14540.0
2082.1,17.33,-0.3619,-0.3417,14500.0
2082.15,17.41,-0.2755,-0.4714,14470.0
2082.2,17.49,-0.1891,-0.6012,14440.0
2082.25,17.56,-0.3744,-0.656,14410.0
2082.3,17.62,-0.5597,-0.7109,14400.0
2082.35,17.57,-0.543,-0.5491,14410.0
2082.4,17.52,-0.5263,-0.3873,14440.0
2082.45,17.48,-0.3824,-0.2423,14480.0
2082.5,17.43,-0.2385,-0.09731,14510.0
2082.55,17.56,-0.1377,-0.01475,14520.0
2082.6,17.69,-0.03702,0.0678,14520.0
2082.65,17.68,0.1238,0.1294,14500.0
2082.7,17.66,0.2846,0.191,14460.0
2082.75,17.49,0.3798,0.2522,14420.0
2082.8,17.33,0.4749,0.3134,14380.0
2082.85,17.27,0.2404,0.3311,14380.0
2082.9,17.21,0.005971,0.3487,14390.0
2082.95,17.36,-0.205,0.3436,14420.0
2083.0,17.51,-0.416,0.3385,14440.0
2083.05,17.45,-0.4345,0.2751,14460.0
2083.1,17.39,-0.453,0.2117,14480.0
2083.15,17.21,-0.3288,0.1988,14480.0
2083.2,17.02,-0.2046,0.1858,14450.0
2083.25,16.95,-0.216,0.2869,14400.0
2083.3,16.88,-0.2273,0.388,14360.0
2083.35,16.97,0.119,0.415,14330.0
2083.4,17.06,0.4654,0.4419,14310.0
2083.45,17.14,0.5129,0.5397,14320.0
2083.5,17.23,0.5605,0.6375,14340.0
2083.55,17.25,0.25,0.7388,14370.0
2083.6,17.27,-0.06051,0.8402,14390.0
2083.65,17.37,0.03483,0.945,14380.0
2083.7,17.47,0.1302,1.05,14350.0
2083.75,17.42,0.1982,1.062,14310.0
2083.8,17.37,0.2663,1.074,14270.0
2083.85,17.52,0.09116,1.064,14240.0
2083.9,17.67,-0.084,1.055,14220.0
2083.95,17.71,-0.02966,1.07,14220.0
2084.0,17.75,0.02468,1.084,14240.0
2084.05,17.79,0.07982,1.05,14260.0
2084.1,17.83,0.135,1.015,14280.0
2084.15,17.84,0.13,0.9361,14270.0
2084.2,17.84,0.125,0.857,14260.0
2084.25,17.93,0.1716,0.6394,14240.0
2084.3,18.02,0.2181,0.4219,14200.0
2084.35,17.84,0.4562,0.4119,14160.0
2084.4,17.65,0.6943,0.4019,14130.0
2084.45,17.81,0.6272,0.3368,14120.0
2084.5,17.97,0.5601,0.2717,14130.0
2084.55,17.74,0.491,0.3367,14130.0
2084.6,17.5,0.422,0.4017,14140.0
2084.65,17.25,0.3567,0.422,14150.0
2084.7,17.01,0.2914,0.4424,14150.0
2084.75,17.01,0.1097,0.2769,14150.0
2084.8,17.0,-0.07205,0.1115,14140.0
2084.85,16.83,0.06449,0.2116,14120.0
2084.9,16.66,0.201,0.3117,14110.0
2084.95,16.66,0.3535,0.2762,14090.0
2085.0,16.65,0.506,0.2407,14060.0
2085.05,16.72,0.3278,0.3146,14040.0
2085.1,16.79,0.1497,0.3885,14040.0
2085.15,16.83,0.1726,0.4636,14060.0
2085.2,16.87,0.1955,0.5387,14080.0
2085.25,17.01,0.1742,0.5983,14090.0
2085.3,17.15,0.1529,0.658,14090.0
2085.35,17.17,-0.0832,0.6714,14070.0
2085.4,17.2,-0.3193,0.6848,14050.0
2085.45,17.14,-0.4735,0.78,14020.0
2085.5,17.08,-0.6278,0.8753,14000.0
2085.55,16.8,-0.6244,0.9796,13990.0
2085.6,16.53,-0.621,1.084,14010.0
2085.65,16.67,-0.5641,0.957,14030.0
2085.7,16.8,-0.5072,0.8299,14050.0
2085.75,16.71,-0.6286,0.8466,14050.0
2085.8,16.62,-0.75,0.8633,14050.0
2085.85,16.6,-0.8718,0.9738,14040.0
2085.9,16.59,-0.9936,1.084,14010.0
2085.95,16.67,-0.8183,0.7654,13970.0
2086.0,16.75,-0.6429,0.4465,13930.0
2086.05,16.57,-0.673,0.3312,13910.0
2086.1,16.39,-0.703,0.2158,13910.0
2086.15,16.7,-0.8232,0.3703,13920.0
2086.2,17.0,-0.9435,0.5248,13920.0
2086.25,16.98,-0.9112,0.6222,13940.0
2086.3,16.96,-0.879,0.7197,13960.0
2086.35,16.93,-0.6672,0.8859,13960.0
2086.4,16.89,-0.4554,1.052,13920.0
2086.45,16.85,-0.4164,1.169,13870.0
2086.5,16.82,-0.3774,1.286,13830.0
2086.55,16.7,-0.3903,1.126,13820.0
2086.6,16.59,-0.4033,0.9653,13810.0
2086.65,16.39,-0.3155,0.9387,13800.0
2086.7,16.19,-0.2277,0.9121,13810.0
2086.75,16.08,0.007365,0.976,13820.0
2086.8,15.97,0.2424,1.04,13840.0
2086.85,15.88,0.1202,1.064,13840.0
2086.9,15.79,-0.00199,1.088,13820.0
2086.95,15.56,-0.1969,1.015,13770.0
2087.0,15.34,-0.3917,0.9411,13740.0
2087.05,15.41,-0.2986,1.053,13710.0
2087.1,15.48,-0.2054,1.165,13670.0
2087.15,15.48,-0.1923,1.072,13640.0
2087.2,15.48,-0.1791,0.9782,13640.0
2087.25,15.27,-0.3822,0.7969,13670.0
2087.3,15.05,-0.5852,0.6155,13710.0
2087.35,15.22,-0.4797,0.7337,13710.0
2087.4,15.39,-0.3742,0.8519,13690.0
2087.45,15.45,-0.1572,0.8867,13670.0
2087.5,15.52,0.05971,0.9216,13650.0
2087.55,15.35,-0.2142,0.8226,13600.0
2087.6,15.18,-0.4881,0.7236,13550.0
2087.65,15.27,-0.4498,0.7816,13510.0
2087.7,15.37,-0.4116,0.8397,13490.0
2087.75,15.38,-0.587,1.065,13500.0
2087.8,15.39,-0.7623,1.291,13520.0
2087.85,15.39,-0.743,1.263,13530.0
2087.9,15.39,-0.7237,1.235,13560.0
2087.95,15.43,-0.7522,1.214,13580.0
2088.0,15.48,-0.7806,1.193,13580.0
2088.05,15.51,-0.713,1.199,13540.0
2088.1,15.55,-0.6453,1.204,13490.0
2088.15,15.58,-0.5597,0.9965,13440.0
2088.2,15.62,-0.4741,0.7887,13420.0
2088.25,15.57,-0.6097,0.7207,13410.0
2088.3,15.53,-0.7452,0.6526,13410.0
2088.35,15.45,-0.6144,0.7765,13430.0
2088.4,15.38,-0.4837,0.9004,13470.0
2088.45,15.64,-0.5643,1.043,13510.0
2088.5,15.9,-0.6449,1.185,13520.0
2088.55,15.88,-0.6903,1.208,13510.0
2088.6,15.85,-0.7357,1.231,13470.0
2088.65,15.81,-0.6863,1.011,13440.0
2088.7,15.78,-0.6369,0.7904,13400.0
2088.75,15.74,-0.5705,0.7715,13370.0
2088.8,15.71,-0.504,0.7526,13350.0
2088.85,15.74,-0.374,0.5653,13360.0
2088.9,15.77,-0.244,0.378,13380.0
2088.95,15.94,-0.2078,0.3119,13410.0
2089.0,16.11,-0.1716,0.2458,13420.0
2089.05,16.08,-0.1702,0.1035,13420.0
2089.1,16.04,-0.1688,-0.03878,13400.0
2089.15,16.04,-0.1598,-0.06646,13390.0
2089.2,16.03,-0.1509,-0.09414,13360.0
2089.25,16.07,-0.1003,0.1283,13320.0
2089.3,16.11,-0.04976,0.3507,13280.0
2089.35,16.14,-0.0213,0.4303,13270.0
2089.4,16.16,0.007166,0.5099,13280.0
2089.45,15.99,0.1003,0.5312,13300.0
2089.5,15.82,0.1935,0.5524,13320.0
2089.55,15.83,0.1282,0.6735,13340.0
2089.6,15.84,0.0629,0.7945,13360.0
2089.65,15.71,0.06031,0.74,13350.0
2089.7,15.58,0.05772,0.6855,13310.0
2089.75,15.63,0.3726,0.7533,13260.0
2089.8,15.68,0.6875,0.8211,13220.0
2089.85,15.79,0.702,0.7132,13200.0
2089.9,15.91,0.7166,0.6053,13200.0
2089.95,15.87,0.7681,0.8466,13210.0
2090.0,15.83,0.8197,1.088,13230.0
2090.05,15.77,0.7952,1.065,13250.0
2090.1,15.7,0.7707,1.042,13280.0
2090.15,15.68,0.6224,1.095,13280.0
2090.2,15.65,0.4741,1.148,13260.0
2090.25,15.76,0.3853,0.9106,13230.0
2090.3,15.88,0.2966,0.6736,13190.0
2090.35,15.91,0.3877,0.5642,13150.0
2090.4,15.94,0.4789,0.4548,13120.0
2090.45,15.78,0.5215,0.3728,13110.0
2090.5,15.61,0.5641,0.2907,13110.0
2090.55,15.57,0.6306,0.4091,13140.0
2090.6,15.52,0.697,0.5275,13160.0
2090.65,15.62,0.5943,0.424,13180.0
2090.7,15.71,0.4916,0.3205,13170.0
2090.75,15.79,0.3842,0.2363,13160.0
2090.8,15.88,0.2767,0.1522,13150.0
2090.85,15.74,0.4701,0.0878,13120.0
2090.9,15.6,0.6636,0.02341,13080.0
2090.95,15.39,0.5583,0.03378,13050.0
2091.0,15.18,0.453,0.04414,13030.0
2091.05,15.09,0.4297,0.05621,13030.0
2091.1,15.0,0.4064,0.06829,13040.0
2091.15,14.87,0.326,0.3413,13040.0
2091.2,14.74,0.2456,0.6143,13050.0
2091.25,14.87,0.4128,0.5176,13070.0
2091.3,15.01,0.58,0.4209,13100.0
2091.35,14.91,0.5362,0.1988,13110.0
2091.4,14.81,0.4924,-0.02341,13100.0
2091.45,14.83,0.5402,-0.009877,13080.0
2091.5,14.85,0.588,0.003658,13060.0
2091.55,14.86,0.7725,-0.0567,13030.0
2091.6,14.87,0.957,-0.1171,12990.0
2091.65,14.93,0.8796,-0.215,12960.0
2091.7,15.0,0.8021,-0.3129,12970.0
2091.75,15.13,1.064,-0.2679,12990.0
2091.8,15.27,1.326,-0.2229,13020.0
2091.85,15.39,1.187,-0.2745,13030.0
2091.9,15.5,1.047,-0.3261,13050.0
2091.95,15.61,1.066,-0.2718,13060.0
2092.0,15.71,1.086,-0.2175,13040.0
2092.05,15.79,1.075,-0.08889,13010.0
2092.1,15.87,1.064,0.03975,12960.0
2092.15,15.82,0.7462,0.1267,12920.0
2092.2,15.77,0.4279,0.2136,12890.0
2092.25,15.72,0.3258,0.1732,12870.0
2092.3,15.68,0.2237,0.1327,12860.0
2092.35,15.69,0.2978,-0.1606,12870.0
2092.4,15.71,0.3718,-0.4539,12900.0
2092.45,15.84,0.4437,-0.2969,12930.0
2092.5,15.96,0.5155,-0.14,12940.0
2092.55,15.9,0.4662,-0.1517,12930.0
2092.6,15.84,0.4168,-0.1634,12900.0
2092.65,15.91,0.589,-0.1445,12860.0
2092.7,15.97,0.7611,-0.1256,12820.0
2092.75,16.01,0.5095,-0.045,12770.0
2092.8,16.06,0.258,0.03561,12730.0
2092.85,16.04,0.3236,-0.05621,12720.0
2092.9,16.02,0.3893,-0.148,12740.0
2092.95,16.08,0.3907,-0.1947,12780.0
2093.0,16.13,0.3921,-0.2414,12810.0
2093.05,16.21,0.3853,-0.1825,12840.0
2093.1,16.28,0.3786,-0.1236,12850.0
2093.15,16.23,0.3945,-0.186,12840.0
2093.2,16.17,0.4104,-0.2483,12800.0
2093.25,16.13,0.2215,-0.2423,12740.0
2093.3,16.08,0.03264,-0.2363,12690.0
2093.35,16.03,0.2207,-0.2641,12670.0
2093.4,15.98,0.4088,-0.2919,12660.0
2093.45,15.73,0.5517,-0.3419,12670.0
2093.5,15.48,0.6947,-0.3919,12690.0
2093.55,15.55,0.6359,-0.5114,12730.0
2093.6,15.62,0.5772,-0.6309,12770.0
2093.65,15.55,0.696,-0.4968,12780.0
2093.7,15.48,0.8149,-0.3626,12760.0
2093.75,15.74,0.5,-0.2201,12730.0
2093.8,16.01,0.1851,-0.07755,12690.0
2093.85,15.9,0.2257,0.289,12660.0
2093.9,15.79,0.2663,0.6555,12640.0
2093.95,15.53,0.2331,0.536,12630.0
2094.0,15.26,0.1998,0.4165,12640.0
2094.05,15.43,0.4689,0.4934,12660.0
2094.1,15.6,0.738,0.5702,12690.0
2094.15,15.64,0.879,0.5057,12700.0
2094.2,15.67,1.02,0.4412,12690.0
2094.25,15.81,0.9608,0.3915,12680.0
2094.3,15.96,0.9017,0.3419,12670.0
2094.35,15.95,1.025,0.4912,12660.0
2094.4,15.95,1.148,0.6404,12640.0
2094.45,15.9,1.142,0.6429,12630.0
2094.5,15.85,1.135,0.6453,12640.0
2094.55,15.84,1.138,0.4937,12650.0
2094.6,15.83,1.141,0.3422,12660.0
2094.65,15.54,1.064,0.3585,12650.0
2094.7,15.25,0.9868,0.3748,12640.0
2094.75,15.13,0.9399,0.3486,12650.0
2094.8,15.01,0.8929,0.3224,12660.0
2094.85,15.08,0.8408,0.2731,12650.0
2094.9,15.16,0.7886,0.2239,12620.0
2094.95,15.24,0.7952,0.1002,12600.0
2095.0,15.31,0.8017,-0.02341,12600.0
2095.05,15.26,0.7114,-0.07414,12590.0
2095.1,15.21,0.621,-0.1249,12590.0
2095.15,15.0,0.5436,-0.2128,12590.0
2095.2,14.79,0.4662,-0.3007,12610.0
2095.25,14.57,0.3873,-0.3384,12630.0
2095.3,14.34,0.3085,-0.3761,12630.0
2095.35,14.31,0.2858,-0.3351,12610.0
2095.4,14.28,0.2631,-0.2941,12570.0
2095.45,14.25,0.3121,0.006585,12540.0
2095.5,14.22,0.3611,0.3073,12520.0
2095.55,14.29,0.364,0.5957,12500.0
2095.6,14.35,0.367,0.884,12490.0
2095.65,14.35,0.452,0.9078,12500.0
2095.7,14.34,0.537,0.9316,12530.0
2095.75,14.39,0.6174,0.8697,12540.0
2095.8,14.45,0.6978,0.8077,12530.0
2095.85,14.34,0.945,0.7655,12510.0
2095.9,14.23,1.192,0.7233,12500.0
2095.95,14.03,1.076,0.6454,12490.0
2096.0,13.83,0.9598,0.5675,12470.0
2096.05,13.87,0.9677,0.2513,12430.0
2096.1,13.91,0.9757,-0.06487,12410.0
2096.15,14.1,0.9741,0.05158,12400.0
2096.2,14.3,0.9725,0.168,12410.0
2096.25,14.22,0.8829,0.1117,12420.0
2096.3,14.13,0.7934,0.05536,12430.0
2096.35,14.18,0.66,-0.07036,12440.0
2096.4,14.23,0.5267,-0.1961,12460.0
2096.45,14.22,0.4206,-0.1575,12450.0
2096.5,14.21,0.3145,-0.119,12420.0
2096.55,14.06,0.3139,-0.0678,12370.0
2096.6,13.91,0.3133,-0.01658,12340.0
2096.65,14.03,0.4062,-0.04585,12310.0
2096.7,14.15,0.4992,-0.07511,12310.0
2096.75,14.22,0.5707,-0.1927,12320.0
2096.8,14.28,0.6421,-0.3102,12330.0
2096.85,14.21,0.7926,-0.3281,12360.0
2096.9,14.14,0.9431,-0.3461,12370.0
2096.95,14.1,1.061,-0.4101,12360.0
2097.0,14.05,1.179,-0.4741,12340.0
2097.05,13.97,0.8768,-0.4765,12310.0
2097.1,13.88,0.5748,-0.479,12300.0
2097.15,13.96,0.4423,-0.3269,12290.0
2097.2,14.04,0.3097,-0.1749,12290.0
2097.25,14.09,0.4819,-0.1446,12280.0
2097.3,14.15,0.6541,-0.1144,12280.0
2097.35,14.25,0.3989,-0.00756,12280.0
2097.4,14.35,0.1437,0.09926,12270.0
2097.45,14.32,0.0834,0.2242,12270.0
2097.5,14.29,0.02309,0.3492,12270.0
2097.55,14.22,0.04041,0.07438,12280.0
2097.6,14.15,0.05772,-0.2005,12290.0
2097.65,14.18,-0.08141,-0.114,12290.0
2097.7,14.21,-0.2205,-0.02756,12280.0
2097.75,14.19,-0.2341,-0.01853,12270.0
2097.8,14.18,-0.2476,-0.009511,12270.0
2097.85,14.09,-0.2343,0.27,12270.0
2097.9,14.01,-0.2209,0.5495,12280.0
2097.95,14.19,-0.4769,0.574,12290.0
2098.0,14.38,-0.7329,0.5985,12300.0
2098.05,14.42,-0.5519,0.4774,12300.0
2098.1,14.45,-0.371,0.3563,12290.0
2098.15,14.39,-0.2128,0.2696,12270.0
2098.2,14.33,-0.05454,0.1829,12260.0
2098.25,14.09,0.05454,0.1758,12260.0
2098.3,13.86,0.1636,0.1688,12280.0
2098.35,13.74,0.09036,0.2548,12300.0
2098.4,13.63,0.01712,0.3409,12320.0
2098.45,13.68,0.1142,0.3461,12330.0
2098.5,13.74,0.2114,0.3512,12340.0
2098.55,13.67,0.3865,0.2119,12320.0
2098.6,13.6,0.5617,0.07267,12300.0
2098.65,13.86,0.5008,-0.08219,12270.0
2098.7,14.12,0.4399,-0.237,12260.0
2098.75,14.06,0.3734,-0.2125,12270.0
2098.8,14.01,0.3069,-0.188,12290.0
2098.85,14.03,0.4405,-0.1015,12320.0
2098.9,14.05,0.574,-0.01488,12350.0
2098.95,14.03,0.5571,0.0828,12370.0
2099.0,14.01,0.5402,0.1805,12370.0
2099.05,13.99,0.6535,0.2818,12360.0
2099.1,13.97,0.7667,0.3831,12340.0
2099.15,14.19,0.5701,0.4229,12310.0
2099.2,14.4,0.3734,0.4626,12280.0
2099.25,14.53,0.3692,0.5487,12260.0
2099.3,14.66,0.365,0.6348,12260.0
2099.35,14.69,0.4664,0.5216,12270.0
2099.4,14.73,0.5677,0.4085,12300.0
2099.45,14.7,0.5961,0.5126,12340.0
2099.5,14.67,0.6246,0.6168,12390.0
2099.55,14.64,0.5454,0.7144,12420.0
2099.6,14.6,0.4662,0.8121,12420.0
2099.65,14.71,0.4795,0.6132,12390.0
2099.7,14.82,0.4928,0.4143,12350.0
2099.75,14.88,0.4538,0.1985,12300.0
2099.8,14.95,0.4148,-0.01732,12260.0
2099.85,14.92,0.5643,0.2131,12240.0
2099.9,14.9,0.7138,0.4436,12240.0
2099.95,14.89,0.832,0.07048,12270.0
2100.0,14.89,0.9502,-0.3026,12310.0
2100.05,15.03,1.029,-0.1344,12330.0
2100.1,15.17,1.107,0.0339,12350.0
2100.15,15.2,0.9598,0.21,12350.0
2100.2,15.23,0.8121,0.3861,12340.0
2100.25,15.11,0.7339,0.5321,12320.0
2100.3,14.98,0.6556,0.6782,12310.0
2100.35,15.15,0.7074,0.7041,12300.0
2100.4,15.31,0.7591,0.7299,12300.0
2100.45,15.28,0.8855,0.7176,12290.0
2100.5,15.25,1.012,0.7053,12280.0
2100.55,15.27,1.198,0.7349,12270.0
2100.6,15.28,1.384,0.7645,12250.0
2100.65,15.36,1.342,0.7822,12250.0
2100.7,15.44,1.299,0.7999,12260.0
2100.75,15.29,1.178,0.7865,12280.0
2100.8,15.13,1.056,0.7731,12290.0
2100.85,14.97,1.052,0.6941,12310.0
2100.9,14.8,1.048,0.6151,12320.0
2100.95,14.79,0.9956,0.7091,12320.0
2101.0,14.78,0.9431,0.8031,12300.0
2101.05,14.95,0.8648,0.7659,12280.0
2101.1,15.11,0.7866,0.7287,12280.0
2101.15,15.19,0.5647,0.7168,12290.0
2101.2,15.28,0.3427,0.7048,12290.0
2101.25,15.16,0.2697,0.7694,12290.0
2101.3,15.04,0.1967,0.8341,12300.0
2101.35,15.08,0.1359,0.6604,12310.0
2101.4,15.12,0.07524,0.4868,12320.0
2101.45,15.31,-0.01592,0.4014,12310.0
2101.5,15.5,-0.1071,0.3161,12310.0
2101.55,15.42,-0.2524,0.2622,12320.0
2101.6,15.35,-0.3977,0.2083,12340.0
2101.65,15.22,-0.3019,0.3119,12360.0
2101.7,15.09,-0.2062,0.4156,12370.0
2101.75,15.11,-0.1722,0.5345,12370.0
2101.8,15.13,-0.1381,0.6533,12380.0
2101.85,15.17,-0.06011,0.8206,12390.0
2101.9,15.2,0.01791,0.9879,12390.0
2101.95,15.12,0.2751,0.8901,12390.0
2102.0,15.04,0.5322,0.7924,12390.0
2102.05,14.89,0.4504,0.7436,12410.0
2102.1,14.74,0.3686,0.6948,12420.0
2102.15,15.01,0.2504,0.6954,12410.0
2102.2,15.28,0.1322,0.696,12420.0
2102.25,15.34,0.07205,0.6985,12440.0
2102.3,15.4,0.01194,0.7009,12470.0
2102.35,15.33,0.02189,0.531,12490.0
2102.4,15.25,0.03185,0.3612,12510.0
2102.45,15.32,-0.1752,0.5153,12520.0
2102.5,15.39,-0.3822,0.6694,12520.0
2102.55,15.41,-0.2623,0.6121,12520.0
2102.6,15.44,-0.1425,0.5548,12500.0
2102.65,15.4,0.1783,0.5737,12490.0
2102.7,15.35,0.4992,0.5926,12490.0
2102.75,15.23,0.5621,0.4041,12500.0
2102.8,15.11,0.625,0.2156,12530.0
2102.85,15.14,0.3656,0.3695,12550.0
2102.9,15.17,0.1063,0.5234,12560.0
2102.95,15.25,0.1841,0.572,12580.0
2103.0,15.33,0.2619,0.6207,12580.0
2103.05,15.39,0.2239,0.4968,12570.0
2103.1,15.44,0.1859,0.3729,12540.0
2103.15,15.39,0.2193,0.4053,12520.0
2103.2,15.35,0.2528,0.4378,12510.0
2103.25,15.45,0.3013,0.5488,12520.0
2103.3,15.55,0.3499,0.6599,12520.0
2103.35,15.47,0.2339,0.6394,12520.0
2103.4,15.39,0.1178,0.619,12540.0
2103.45,15.38,0.1841,0.5812,12560.0
2103.5,15.37,0.2504,0.5434,12560.0
2103.55,15.31,0.5129,0.4792,12550.0
2103.6,15.25,0.7755,0.4151,12530.0
2103.65,15.28,0.6475,0.4667,12530.0
2103.7,15.31,0.5195,0.5182,12520.0
2103.75,15.42,0.5601,0.4336,12510.0
2103.8,15.54,0.6007,0.349,12490.0
2103.85,15.69,0.5183,0.5074,12480.0
2103.9,15.84,0.4359,0.6658,12480.0
2103.95,15.87,0.2528,0.4735,12500.0
2104.0,15.9,0.06966,0.2812,12510.0
2104.05,15.92,-0.07106,0.1867,12510.0
2104.1,15.93,-0.2118,0.09218,12520.0
2104.15,15.89,-0.1614,0.2077,12530.0
2104.2,15.86,-0.1111,0.3231,12530.0
2104.25,15.87,-0.2978,0.2652,12510.0
2104.3,15.89,-0.4845,0.2073,12490.0
2104.35,15.78,-0.7536,0.1691,12490.0
2104.4,15.68,-1.023,0.131,12510.0
2104.45,15.71,-0.9566,0.1423,12530.0
2104.5,15.73,-0.8905,0.1536,12540.0
2104.55,15.65,-0.7834,0.1306,12560.0
2104.6,15.57,-0.6763,0.1075,12580.0
2104.65,15.44,-0.423,0.2092,12590.0
2104.7,15.3,-0.1696,0.3109,12590.0
2104.75,15.31,-0.2154,0.3579,12580.0
2104.8,15.32,-0.2611,0.4048,12580.0
2104.85,15.29,-0.2438,0.2106,12580.0
2104.9,15.26,-0.2265,0.01634,12600.0
2104.95,15.15,-0.3422,-0.08889,12610.0
2105.0,15.03,-0.4578,-0.1941,12630.0
2105.05,15.07,-0.3302,-0.3667,12660.0
2105.1,15.11,-0.2026,-0.5392,12690.0
2105.15,15.16,0.04976,-0.5437,12720.0
2105.2,15.22,0.3021,-0.5482,12730.0
2105.25,15.22,0.4425,-0.2697,12740.0
2105.3,15.21,0.5828,0.00878,12750.0
2105.35,15.09,0.7629,-0.02829,12750.0
2105.4,14.97,0.9431,-0.06536,12750.0
2105.45,14.95,0.96,-0.1567,12740.0
2105.5,14.93,0.9769,-0.248,12740.0
2105.55,15.12,1.048,-0.133,12760.0
2105.6,15.3,1.119,-0.01805,12800.0
2105.65,15.14,1.098,-0.06658,12830.0
2105.7,14.98,1.077,-0.1151,12850.0
2105.75,14.89,1.111,-0.1882,12870.0
2105.8,14.8,1.144,-0.2612,12900.0
2105.85,14.78,1.138,-0.00695,12900.0
2105.9,14.77,1.132,0.2473,12880.0
2105.95,14.87,1.107,0.2709,12850.0
2106.0,14.98,1.083,0.2946,12840.0
2106.05,14.77,1.039,0.1733,12840.0
2106.1,14.56,0.9948,0.05195,12830.0
2106.15,14.48,1.307,0.2251,12840.0
2106.2,14.4,1.619,0.3982,12850.0
2106.25,14.49,1.537,0.3501,12880.0
2106.3,14.59,1.455,0.3019,12900.0
2106.35,14.7,1.342,0.3058,12910.0
2106.4,14.81,1.228,0.3097,12910.0
2106.45,14.6,1.119,0.3141,12900.0
2106.5,14.38,1.009,0.3185,12900.0
2106.55,14.36,1.111,0.2745,12880.0
2106.6,14.33,1.214,0.2305,12850.0
2106.65,14.18,1.271,0.5175,12820.0
2106.7,14.02,1.329,0.8045,12820.0
2106.75,14.18,1.127,0.6887,12840.0
2106.8,14.34,0.9255,0.5729,12850.0
2106.85,14.21,0.8861,0.7995,12870.0
2106.9,14.09,0.8467,1.026,12890.0
2106.95,13.91,0.7074,1.012,12900.0
2107.0,13.72,0.5681,0.9972,12910.0
2107.05,13.88,0.6041,0.7959,12890.0
2107.1,14.04,0.6401,0.5946,12860.0
2107.15,14.06,0.5515,0.5356,12840.0
2107.2,14.08,0.463,0.4765,12830.0
2107.25,14.11,0.5683,0.3761,12840.0
2107.3,14.14,0.6736,0.2756,12850.0
2107.35,14.17,0.7199,0.3912,12860.0
2107.4,14.21,0.7663,0.5068,12870.0
2107.45,14.22,0.7655,0.6055,12880.0
2107.5,14.24,0.7647,0.7043,12870.0
2107.55,14.24,1.025,0.4243,12850.0
2107.6,14.24,1.285,0.1444,12840.0
2107.65,14.19,1.17,0.1772,12850.0
2107.7,14.14,1.056,0.21,12880.0
2107.75,14.14,0.8933,0.01792,12900.0
2107.8,14.14,0.7309,-0.1741,12920.0
2107.85,14.06,0.6883,0.1599,12930.0
2107.9,13.99,0.6457,0.4938,12930.0
2107.95,13.96,0.4423,0.5354,12920.0
2108.0,13.94,0.2388,0.577,12890.0
2108.05,13.79,0.2191,0.3967,12870.0
2108.1,13.63,0.1994,0.2163,12870.0
2108.15,13.59,0.246,0.1711,12900.0
2108.2,13.55,0.2926,0.1258,12920.0
2108.25,13.58,0.4023,0.3814,12950.0
2108.3,13.61,0.5119,0.637,12960.0
2108.35,13.82,0.3662,0.5715,12980.0
2108.4,14.02,0.2205,0.506,12980.0
2108.45,14.19,0.1984,0.435,12970.0
2108.5,14.36,0.1764,0.3639,12970.0
2108.55,14.18,0.2902,0.2948,12970.0
2108.6,14.01,0.4041,0.2258,12980.0
2108.65,13.99,0.4875,0.2867,12990.0
2108.7,13.97,0.5709,0.3475,12990.0
2108.75,13.99,0.5412,0.3268,12990.0
2108.8,14.0,0.5115,0.3061,12990.0
2108.85,13.95,0.707,0.3481,12990.0
2108.9,13.9,0.9025,0.3902,12990.0
2108.95,13.91,1.104,0.3428,12990.0
2109.0,13.92,1.306,0.2953,13000.0
2109.05,14.06,1.441,0.1424,13010.0
2109.1,14.2,1.577,-0.01049,13010.0
2109.15,14.19,1.527,0.09243,13010.0
2109.2,14.17,1.476,0.1953,13000.0
2109.25,14.31,1.35,0.03475,13000.0
2109.3,14.44,1.224,-0.1258,13000.0
2109.35,14.69,1.027,-0.003536,13010.0
2109.4,14.93,0.8292,0.1188,13020.0
2109.45,14.77,0.9335,0.2172,13030.0
2109.5,14.6,1.038,0.3156,13040.0
2109.55,14.79,1.012,0.1635,13040.0
2109.6,14.97,0.9853,0.01146,13030.0
2109.65,15.0,0.7836,0.1885,13010.0
2109.7,15.03,0.582,0.3656,13000.0
2109.75,14.93,0.4723,0.1556,13000.0
2109.8,14.83,0.3627,-0.05438,13020.0
2109.85,14.9,0.2948,0.1113,13040.0
2109.9,14.96,0.2269,0.277,13060.0
2109.95,15.02,0.2735,0.4095,13080.0
2110.0,15.09,0.3201,0.5419,13100.0
2110.05,15.03,0.1491,0.5791,13110.0
2110.1,14.96,-0.02189,0.6163,13100.0
2110.15,14.82,-0.04259,0.6368,13070.0
2110.2,14.68,-0.0633,0.6572,13050.0
2110.25,14.79,-0.1779,0.3498,13040.0
2110.3,14.91,-0.2926,0.04243,13050.0
2110.35,14.92,-0.3955,0.1561,13070.0
2110.4,14.92,-0.4984,0.2697,13090.0
2110.45,15.03,-0.5209,0.4429,13130.0
2110.5,15.14,-0.5434,0.616,13170.0
2110.55,14.97,-0.4892,0.7516,13180.0
2110.6,14.81,-0.4351,0.8872,13180.0
2110.65,14.76,-0.2801,0.7765,13160.0
2110.7,14.72,-0.125,0.6658,13150.0
2110.75,14.7,-0.1696,0.5886,13140.0
2110.8,14.67,-0.2142,0.5114,13130.0
2110.85,14.62,-0.4498,0.4631,13120.0
2110.9,14.57,-0.6855,0.4148,13120.0
2110.95,14.8,-0.507,0.3002,13130.0
2111.0,15.04,-0.3284,0.1856,13150.0
2111.05,14.99,-0.3386,0.1133,13160.0
2111.1,14.94,-0.3487,0.04097,13180.0
2111.15,14.81,-0.3658,0.08584,13200.0
2111.2,14.69,-0.383,0.1307,13210.0
2111.25,14.76,-0.6023,0.2922,13200.0
2111.3,14.83,-0.8216,0.4536,13190.0
2111.35,14.97,-0.8999,0.09084,13170.0
2111.4,15.11,-0.9781,-0.2719,13160.0
2111.45,15.1,-0.917,-0.4174,13150.0
2111.5,15.09,-0.8559,-0.5629,13150.0
2111.55,15.11,-0.9954,-0.5597,13150.0
2111.6,15.13,-1.135,-0.5565,13160.0
2111.65,15.01,-1.067,-0.6175,13170.0
2111.7,14.89,-0.9988,-0.6785,13170.0
2111.75,14.84,-0.8441,-0.5475,13160.0
2111.8,14.79,-0.6895,-0.4165,13160.0
2111.85,14.86,-0.6232,-0.4979,13160.0
2111.9,14.92,-0.5569,-0.5792,13160.0
2111.95,14.97,-0.6503,-0.5185,13170.0
2112.0,15.01,-0.7436,-0.4578,13190.0
2112.05,15.06,-0.8652,-0.4818,13200.0
2112.1,15.12,-0.9868,-0.5058,13200.0
2112.15,15.28,-0.8905,-0.6085,13200.0
2112.2,15.44,-0.7942,-0.7111,13180.0
2112.25,15.44,-0.8001,-0.7958,13160.0
2112.3,15.44,-0.8061,-0.8804,13140.0
2112.35,15.43,-0.8461,-0.7278,13130.0
2112.4,15.42,-0.8861,-0.5753,13130.0
2112.45,15.44,-0.9644,-0.4881,13130.0
2112.5,15.46,-1.043,-0.4009,13160.0
2112.55,15.43,-0.9948,-0.354,13190.0
2112.6,15.41,-0.947,-0.307,13220.0
2112.65,15.48,-0.9524,-0.3784,13230.0
2112.7,15.55,-0.9578,-0.4497,13220.0
2112.75,15.48,-0.698,-0.2638,13210.0
2112.8,15.41,-0.4383,-0.0778,13190.0
2112.85,15.26,-0.3507,-0.1328,13170.0
2112.9,15.11,-0.2631,-0.1878,13160.0
2112.95,15.14,-0.3228,-0.01792,13170.0
2113.0,15.16,-0.3826,0.1519,13190.0
2113.05,15.05,-0.5557,0.1618,13210.0
2113.1,14.95,-0.7289,0.1717,13220.0
2113.15,14.93,-0.747,0.1983,13210.0
2113.2,14.91,-0.7651,0.2249,13210.0
2113.25,15.02,-0.5601,0.3264,13210.0
2113.3,15.13,-0.3551,0.428,13200.0
2113.35,15.2,-0.2759,0.5699,13200.0
2113.4,15.27,-0.1967,0.7119,13210.0
2113.45,15.26,-0.1312,0.7217,13230.0
2113.5,15.24,-0.06568,0.7316,13250.0
2113.55,15.34,-0.1119,0.5338,13270.0
2113.6,15.44,-0.158,0.3361,13280.0
2113.65,15.47,-0.2074,0.1271,13280.0
2113.7,15.51,-0.2568,-0.08194,13280.0
2113.75,15.61,-0.4021,-0.04512,13260.0
2113.8,15.71,-0.5474,-0.008292,13240.0
2113.85,15.74,-0.5279,-0.08816,13220.0
2113.9,15.77,-0.5084,-0.168,13210.0
2113.95,15.45,-0.6897,-0.208,13210.0
2114.0,15.14,-0.871,-0.248,13230.0
2114.05,15.08,-0.8814,-0.2497,13250.0
2114.1,15.03,-0.8917,-0.2514,13290.0
2114.15,15.08,-0.7064,-0.4645,13340.0
2114.2,15.13,-0.5211,-0.6775,13380.0
2114.25,14.97,-0.373,-0.4657,13380.0
2114.3,14.81,-0.2249,-0.2539,13360.0
2114.35,14.8,-0.2671,-0.09987,13320.0
2114.4,14.78,-0.3093,0.05414,13260.0
2114.45,14.87,-0.1431,-0.08292,13220.0
2114.5,14.95,0.02309,-0.22,13200.0
2114.55,15.02,0.03384,-0.1796,13210.0
2114.6,15.09,0.04459,-0.1393,13250.0
2114.65,15.05,-0.204,-0.05463,13300.0
2114.7,15.0,-0.4526,0.03,13340.0
2114.75,14.86,-0.4299,0.1149,13360.0
2114.8,14.71,-0.4072,0.1997,13370.0
2114.85,14.72,-0.2084,0.2753,13350.0
2114.9,14.73,-0.009554,0.3509,13330.0
2114.95,14.75,-0.083,0.3917,13300.0
2115.0,14.78,-0.1564,0.4324,13280.0
2115.05,14.81,-0.4558,0.4717,13270.0
2115.1,14.84,-0.7552,0.5109,13280.0
2115.15,14.77,-0.7607,0.5349,13290.0
2115.2,14.7,-0.7663,0.559,13300.0
2115.25,14.6,-0.6783,0.5615,13310.0
2115.3,14.5,-0.5904,0.5641,13310.0
2115.35,14.34,-0.5089,0.5536,13310.0
2115.4,14.18,-0.4275,0.5431,13300.0
2115.45,14.08,-0.5484,0.6997,13290.0
2115.5,13.98,-0.6692,0.8562,13290.0
2115.55,14.2,-0.6099,0.8539,13290.0
2115.6,14.41,-0.5505,0.8516,13300.0
2115.65,14.44,-0.504,0.7211,13320.0
2115.7,14.46,-0.4574,0.5907,13340.0
2115.75,14.47,-0.5699,0.378,13350.0
2115.8,14.49,-0.6823,0.1653,13360.0
2115.85,14.44,-0.7281,0.08658,13360.0
2115.9,14.4,-0.7739,0.007804,13350.0
2115.95,14.34,-0.6845,-0.007804,13340.0
2116.0,14.29,-0.5951,-0.02341,13330.0
2116.05,14.18,-0.5591,0.02012,13320.0
2116.1,14.07,-0.5231,0.06365,13330.0
2116.15,14.09,-0.5814,0.354,13340.0
2116.2,14.11,-0.6397,0.6443,13360.0
2116.25,14.27,-0.5945,0.6026,13390.0
2116.3,14.43,-0.5494,0.5609,13420.0
2116.35,14.51,-0.4293,0.5398,13440.0
2116.4,14.59,-0.3093,0.5187,13460.0
2116.45,14.67,-0.3244,0.5649,13470.0
2116.5,14.76,-0.3396,0.6112,13460.0
2116.55,14.76,-0.06728,0.6832,13440.0
2116.6,14.77,0.205,0.7553,13420.0
2116.65,14.73,0.117,0.7576,13410.0
2116.7,14.69,0.02906,0.7599,13400.0
2116.75,14.76,-0.07783,0.7188,13410.0
2116.8,14.82,-0.1847,0.6777,13420.0
2116.85,14.96,0.02966,0.5697,13450.0
2116.9,15.09,0.244,0.4617,13480.0
2116.95,15.09,0.2369,0.3664,13510.0
2117.0,15.09,0.2297,0.2712,13540.0
2117.05,14.91,0.3577,0.4585,13550.0
2117.1,14.73,0.4857,0.6458,13550.0
2117.15,14.88,0.3031,0.4878,13540.0
2117.2,15.03,0.1206,0.3297,13520.0
2117.25,15.07,0.08698,0.2123,13500.0
2117.3,15.1,0.05334,0.09487,13470.0
2117.35,15.22,0.04439,0.08487,13460.0
2117.4,15.33,0.03543,0.07487,13470.0
2117.45,15.32,0.05115,0.08584,13480.0
2117.5,15.32,0.06688,0.09682,13490.0
2117.55,15.26,0.09116,0.1824,13510.0
2117.6,15.2,0.1154,0.268,13540.0
2117.65,14.99,0.1688,0.1575,13560.0
2117.7,14.78,0.2221,0.04707,13560.0
2117.75,14.89,0.248,-0.03402,13540.0
2117.8,15.01,0.2739,-0.1151,13510.0
2117.85,15.05,0.199,-0.1885,13490.0
2117.9,15.08,0.1242,-0.2619,13470.0
2117.95,15.03,-0.04638,-0.2674,13460.0
2118.0,14.99,-0.217,-0.2729,13460.0
2118.05,15.23,-0.251,-0.0004878,13480.0
2118.1,15.47,-0.285,0.2719,13500.0
2118.15,15.63,-0.05215,0.1344,13510.0
2118.2,15.79,0.1807,-0.00317,13510.0
2118.25,15.72,0.002986,-0.03524,13500.0
2118.3,15.66,-0.1748,-0.06731,13480.0
2118.35,15.67,-0.174,-0.05914,13460.0
2118.4,15.68,-0.1732,-0.05097,13440.0
2118.45,15.65,-0.05314,-0.003658,13440.0
2118.5,15.62,0.06688,0.04365,13450.0
2118.55,15.6,-0.1439,-0.199,13480.0
2118.6,15.59,-0.3547,-0.4417,13520.0
2118.65,15.65,-0.206,-0.2975,13550.0
2118.7,15.71,-0.05732,-0.1534,13570.0
2118.75,15.73,-0.1095,-0.2049,13570.0
2118.8,15.76,-0.1616,-0.2563,13560.0
2118.85,15.82,-0.2609,-0.1457,13550.0
2118.9,15.88,-0.3603,-0.03512,13520.0
2118.95,15.82,-0.4833,0.04451,13510.0
2119.0,15.76,-0.6063,0.1241,13520.0
2119.05,15.58,-0.576,0.1206,13560.0
2119.1,15.4,-0.5458,0.1171,13620.0
2119.15,15.44,-0.7158,-0.2539,13680.0
2119.2,15.47,-0.8857,-0.6248,13730.0
2119.25,15.23,-0.8632,-0.3209,13770.0
2119.3,14.99,-0.8408,-0.01707,13780.0
2119.35,14.86,-0.9458,0.2192,13760.0
2119.4,14.74,-1.051,0.4556,13730.0
2119.45,14.73,-0.9027,0.2656,13690.0
2119.5,14.73,-0.7544,0.0756,13680.0
2119.55,14.73,-0.5575,0.2161,13690.0
2119.6,14.72,-0.3607,0.3565,13730.0
2119.65,14.92,-0.3951,0.2461,13780.0
2119.7,15.12,-0.4295,0.1356,13830.0
2119.75,15.23,-0.3507,0.1054,13880.0
2119.8,15.33,-0.2719,0.07511,13910.0
2119.85,15.38,-0.2588,0.04792,13930.0
2119.9,15.42,-0.2456,0.02073,13920.0
2119.95,15.34,-0.3394,0.1751,13910.0
2120.0,15.25,-0.4331,0.3295,13900.0
2120.05,15.29,-0.5607,0.07389,13890.0
2120.1,15.33,-0.6883,-0.1817,13890.0
2120.15,15.45,-0.7536,-0.214,13900.0
2120.2,15.58,-0.8189,-0.2463,13920.0
2120.25,15.47,-0.6445,-0.263,13950.0
2120.3,15.37,-0.4701,-0.2797,13980.0
2120.35,15.3,-0.5193,-0.3292,13990.0
2120.4,15.23,-0.5685,-0.3787,14010.0
2120.45,15.21,-0.5555,-0.2364,14020.0
2120.5,15.19,-0.5426,-0.09414,14020.0
2120.55,15.31,-0.419,-0.2207,14000.0
2120.6,15.43,-0.2954,-0.3473,13990.0
2120.65,15.72,-0.1698,-0.188,13970.0
2120.7,16.01,-0.04419,-0.02878,13970.0
2120.75,16.0,-0.156,-0.0008536,13970.0
2120.8,15.99,-0.2679,0.02707,13980.0
2120.85,16.05,-0.2166,0.204,14020.0
2120.9,16.1,-0.1652,0.3809,14060.0
2120.95,15.9,-0.1369,0.2619,14080.0
2121.0,15.7,-0.1087,0.1429,14090.0
2121.05,15.59,-0.1162,0.07572,14080.0
2121.1,15.49,-0.1238,0.008536,14050.0
2121.15,15.59,-0.1612,-0.04109,14030.0
2121.2,15.7,-0.1986,-0.09072,14000.0
2121.25,15.7,-0.07166,0.002561,13990.0
2121.3,15.71,0.05533,0.09584,14000.0
2121.35,15.77,-0.1131,-0.04475,14030.0
2121.4,15.84,-0.2814,-0.1853,14080.0
2121.45,15.96,-0.6025,-0.2829,14120.0
2121.5,16.08,-0.9236,-0.3804,14150.0
2121.55,16.08,-0.8822,-0.1352,14160.0
2121.6,16.08,-0.8408,0.11,14160.0
2121.65,16.04,-0.6007,0.009389,14150.0
2121.7,15.99,-0.3607,-0.09121,14140.0
2121.75,16.09,-0.2761,-0.03609,14130.0
2121.8,16.19,-0.1915,0.01902,14120.0
2121.85,16.11,0.006568,0.06353,14120.0
2121.9,16.04,0.2046,0.108,14130.0
2121.95,16.09,0.1254,0.09304,14140.0
2122.0,16.15,0.04618,0.07804,14170.0
2122.05,16.1,-0.2273,0.08487,14200.0
2122.1,16.06,-0.5008,0.0917,14240.0
2122.15,16.02,-0.5135,0.2149,14280.0
2122.2,15.99,-0.5263,0.338,14300.0
2122.25,15.73,-0.6397,0.2431,14320.0
2122.3,15.47,-0.7532,0.1483,14310.0
2122.35,15.5,-0.7028,-0.1429,14290.0
2122.4,15.52,-0.6525,-0.4341,14270.0
2122.45,15.71,-0.8059,-0.4981,14260.0
2122.5,15.89,-0.9594,-0.5621,14250.0
2122.55,16.04,-0.7669,-0.4011,14260.0
2122.6,16.18,-0.5744,-0.24,14280.0
2122.65,16.24,-0.538,0.009511,14320.0
2122.7,16.3,-0.5016,0.259,14360.0
2122.75,16.36,-0.531,0.2477,14390.0
2122.8,16.42,-0.5605,0.2363,14420.0
2122.85,16.35,-0.6966,0.2128,14440.0
2122.9,16.28,-0.8328,0.1892,14450.0
2122.95,16.03,-0.7211,0.1897,14450.0
2123.0,15.78,-0.6095,0.1902,14440.0
2123.05,15.9,-0.6232,0.08182,14430.0
2123.1,16.02,-0.6369,-0.02658,14420.0
2123.15,16.02,-0.6248,-0.02622,14420.0
2123.2,16.03,-0.6127,-0.02585,14420.0
2123.25,15.96,-0.5517,-0.1884,14430.0
2123.3,15.89,-0.4908,-0.3509,14450.0
2123.35,15.99,-0.8326,-0.2559,14470.0
2123.4,16.1,-1.174,-0.161,14490.0
2123.45,16.07,-1.23,-0.1638,14510.0
2123.5,16.04,-1.285,-0.1666,14520.0
2123.55,16.14,-1.557,-0.1751,14530.0
2123.6,16.25,-1.829,-0.1836,14520.0
2123.65,16.16,-1.683,-0.08511,14520.0
2123.7,16.07,-1.537,0.01341,14520.0
2123.75,15.82,-1.167,0.1104,14510.0
2123.8,15.58,-0.7958,0.2073,14490.0
2123.85,15.76,-0.7798,0.12,14480.0
2123.9,15.94,-0.7639,0.03268,14490.0
2123.95,15.82,-0.588,0.1232,14510.0
2124.0,15.71,-0.412,0.2136,14520.0
2124.05,15.76,-0.3987,0.2156,14550.0
2124.1,15.82,-0.3853,0.2175,14580.0
2124.15,15.93,-0.4076,0.2296,14610.0
2124.2,16.04,-0.4299,0.2417,14630.0
2124.25,15.91,-0.5486,0.1217,14640.0
2124.3,15.79,-0.6672,0.001707,14640.0
2124.35,15.78,-0.5898,-0.04085,14640.0
2124.4,15.77,-0.5123,-0.08341,14650.0
2124.45,15.7,-0.6152,-0.1683,14670.0
2124.5,15.64,-0.7181,-0.2531,14680.0
2124.55,15.76,-0.5231,-0.2605,14690.0
2124.6,15.89,-0.328,-0.2678,14720.0
2124.65,15.78,-0.2651,-0.1268,14730.0
2124.7,15.67,-0.2022,0.01414,14740.0
2124.75,15.72,-0.06469,0.09731,14750.0
2124.8,15.77,0.07285,0.1805,14780.0
2124.85,15.7,0.005573,0.4317,14820.0
2124.9,15.62,-0.0617,0.6829,14850.0
2124.95,15.6,-0.1045,0.5324,14880.0
2125.0,15.57,-0.1473,0.3819,14900.0
2125.05,15.46,-0.03006,0.2974,14910.0
2125.1,15.34,0.08718,0.2129,14900.0
2125.15,15.37,0.1119,0.08475,14890.0
2125.2,15.39,0.1365,-0.04341,14880.0
2125.25,15.2,0.1558,-0.1361,14870.0
2125.3,15.01,0.1752,-0.2288,14880.0
2125.35,15.0,0.2102,-0.217,14910.0
2125.4,15.0,0.2452,-0.2053,14930.0
2125.45,14.78,0.2643,-0.09377,14940.0
2125.5,14.55,0.2834,0.0178,14960.0
2125.55,14.66,0.1236,-0.2071,14970.0
2125.6,14.77,-0.03623,-0.4319,14980.0
2125.65,14.83,-0.09236,-0.3529,14970.0
2125.7,14.89,-0.1485,-0.2739,14970.0
2125.75,14.88,0.1837,0.03707,14970.0
2125.8,14.88,0.5159,0.348,14980.0
2125.85,14.75,0.4873,0.2424,15000.0
2125.9,14.63,0.4586,0.1368,15000.0
2125.95,14.54,0.3784,0.317,15000.0
2126.0,14.45,0.2982,0.4973,14990.0
2126.05,14.5,0.287,0.5298,14970.0
2126.1,14.55,0.2759,0.5624,14940.0
2126.15,14.56,0.2936,0.6135,14910.0
2126.2,14.57,0.3113,0.6646,14920.0
2126.25,14.69,0.412,0.4665,14940.0
2126.3,14.8,0.5127,0.2685,14970.0
2126.35,14.81,0.4863,0.2622,15000.0
2126.4,14.82,0.4598,0.2558,15020.0
2126.45,14.78,0.6935,0.456,15030.0
2126.5,14.74,0.9271,0.6563,15020.0
2126.55,14.85,1.065,0.6779,15000.0
2126.6,14.96,1.202,0.6994,14960.0
2126.65,15.2,1.249,0.5024,14930.0
2126.7,15.44,1.296,0.3053,14900.0
2126.75,15.55,1.14,0.1603,14880.0
2126.8,15.65,0.9833,0.01536,14870.0
2126.85,15.67,0.7285,0.2596,14890.0
2126.9,15.68,0.4737,0.5038,14930.0
2126.95,15.62,0.5517,0.3287,14980.0
2127.0,15.56,0.6298,0.1536,15030.0
2127.05,15.58,0.4998,0.1057,15060.0
2127.1,15.6,0.3698,0.0578,15070.0
2127.15,15.57,0.3909,0.2453,15060.0
2127.2,15.55,0.412,0.4329,15020.0
2127.25,15.58,0.4184,0.5442,14960.0
2127.3,15.61,0.4248,0.6555,14920.0
2127.35,15.64,0.5543,0.4787,14890.0
2127.4,15.68,0.6839,0.3019,14910.0
2127.45,15.57,0.7962,0.2458,14950.0
2127.5,15.46,0.9084,0.1897,15020.0
2127.55,15.32,1.028,0.1335,15080.0
2127.6,15.18,1.148,0.07731,15130.0
2127.65,15.2,1.244,-0.05402,15150.0
2127.7,15.22,1.339,-0.1853,15130.0
2127.75,15.24,1.261,-0.198,15080.0
2127.8,15.25,1.183,-0.2107,15040.0
2127.85,15.28,1.149,-0.1377,14990.0
2127.9,15.3,1.116,-0.06463,14980.0
2127.95,15.32,1.054,0.1045,14990.0
2128.0,15.35,0.992,0.2736,15030.0
2128.05,15.31,0.9982,-0.05365,15080.0
2128.1,15.27,1.004,-0.3809,15120.0
2128.15,15.44,0.9367,-0.3964,15150.0
2128.2,15.6,0.869,-0.4119,15150.0
2128.25,15.56,0.8232,-0.3906,15130.0
2128.3,15.53,0.7775,-0.3692,15090.0
2128.35,15.59,0.7158,-0.2569,15050.0
2128.4,15.65,0.6541,-0.1446,15030.0
2128.45,15.43,0.7319,-0.2383,15020.0
2128.5,15.21,0.8097,-0.3319,15020.0
2128.55,15.18,0.7185,-0.3806,15040.0
2128.6,15.14,0.6274,-0.4292,15060.0
2128.65,14.99,0.7653,-0.2099,15080.0
2128.7,14.83,0.9033,0.009511,15100.0
2128.75,14.81,1.098,-0.2327,15110.0
2128.8,14.79,1.293,-0.4748,15090.0
2128.85,14.87,1.293,-0.4767,15060.0
2128.9,14.94,1.292,-0.4785,15020.0
2128.95,14.97,1.135,-0.4568,14980.0
2129.0,15.0,0.9773,-0.4351,14960.0
2129.05,15.1,0.8722,-0.3594,14950.0
2129.1,15.21,0.7671,-0.2836,14960.0
2129.15,15.25,0.8147,-0.3795,14980.0
2129.2,15.29,0.8622,-0.4753,15010.0
2129.25,15.45,0.5902,-0.4323,15040.0
2129.3,15.62,0.3181,-0.3892,15060.0
2129.35,15.7,0.3015,-0.4274,15060.0
2129.4,15.79,0.285,-0.4656,15040.0
2129.45,15.62,0.4389,-0.5657,15010.0
2129.5,15.46,0.5927,-0.6658,14950.0
2129.55,15.49,0.6069,-0.5026,14900.0
2129.6,15.51,0.621,-0.3395,14870.0
2129.65,15.51,0.837,-0.2841,14880.0
2129.7,15.51,1.053,-0.2288,14910.0
2129.75,15.57,1.108,-0.1377,14960.0
2129.8,15.64,1.164,-0.04658,15010.0
2129.85,15.69,1.213,-0.134,15050.0
2129.9,15.74,1.263,-0.2214,15070.0
2129.95,15.69,1.156,0.03097,15060.0
2130.0,15.64,1.05,0.2834,15030.0
2130.05,15.7,1.181,0.04121,15000.0
2130.1,15.76,1.312,-0.201,14980.0
2130.15,15.74,1.42,-0.5288,14970.0
2130.2,15.71,1.527,-0.8567,14970.0
2130.25,15.68,1.623,-0.8965,14970.0
2130.3,15.65,1.719,-0.9362,14990.0
2130.35,15.53,1.662,-0.6276,15010.0
2130.4,15.42,1.605,-0.319,15020.0
2130.45,15.35,1.364,-0.275,15030.0
2130.5,15.29,1.123,-0.231,15030.0
2130.55,15.18,1.267,-0.2544,15050.0
2130.6,15.06,1.411,-0.2778,15080.0
2130.65,15.15,1.537,-0.2288,15090.0
2130.7,15.24,1.664,-0.1797,15080.0
2130.75,15.06,1.739,-0.07889,15080.0
2130.8,14.89,1.815,0.02195,15060.0
2130.85,15.03,1.816,-0.2299,15040.0
2130.9,15.16,1.816,-0.4817,15000.0
2130.95,15.09,1.665,-0.2067,14950.0
2131.0,15.01,1.513,0.06829,14920.0
2131.05,14.94,1.435,0.0667,14910.0
2131.1,14.87,1.357,0.06511,14920.0
2131.15,14.9,1.347,0.1433,14940.0
2131.2,14.93,1.336,0.2214,14960.0
2131.25,14.86,1.396,0.2389,14990.0
2131.3,14.79,1.455,0.2563,15020.0
2131.35,14.68,1.584,0.2111,15020.0
2131.4,14.57,1.713,0.1658,14990.0
2131.45,14.46,1.649,-0.04682,14940.0
2131.5,14.34,1.586,-0.2595,14900.0
2131.55,14.57,1.501,-0.1047,14850.0
2131.6,14.79,1.416,0.04999,14800.0
2131.65,14.81,1.415,0.2284,14760.0
2131.7,14.83,1.413,0.4068,14740.0
2131.75,14.77,1.525,0.2462,14750.0
2131.8,14.71,1.637,0.0856,14780.0
2131.85,14.84,1.706,0.1113,14800.0
2131.9,14.97,1.775,0.1371,14830.0
2131.95,14.89,1.839,0.394,14850.0
2132.0,14.81,1.902,0.6509,14860.0
2132.05,14.73,1.887,0.9728,14850.0
2132.1,14.66,1.871,1.295,14790.0
2132.15,14.64,1.806,1.083,14720.0
2132.2,14.63,1.742,0.8714,14660.0
2132.25,14.57,1.629,0.8977,14620.0
2132.3,14.51,1.517,0.924,14590.0
2132.35,14.55,1.514,0.9637,14580.0
2132.4,14.58,1.51,1.003,14600.0
2132.45,14.58,1.358,0.6932,14650.0
2132.5,14.57,1.206,0.3831,14690.0
2132.55,14.47,1.32,0.4585,14710.0
2132.6,14.36,1.434,0.5338,14710.0
2132.65,14.5,1.494,0.522,14700.0
2132.7,14.63,1.554,0.5102,14680.0
2132.75,14.79,1.581,0.3989,14640.0
2132.8,14.96,1.607,0.2875,14600.0
2132.85,14.99,1.571,0.3036,14560.0
2132.9,15.03,1.535,0.3197,14550.0
2132.95,14.99,1.406,0.3941,14550.0
2133.0,14.96,1.277,0.4685,14550.0
2133.05,14.87,1.07,0.5226,14550.0
2133.1,14.79,0.8634,0.5768,14560.0
2133.15,14.86,0.7287,0.5859,14570.0
2133.2,14.94,0.5939,0.5951,14580.0
2133.25,15.01,0.5581,0.629,14590.0
2133.3,15.07,0.5223,0.6629,14580.0
2133.35,15.18,0.342,0.4799,14560.0
2133.4,15.29,0.1616,0.297,14550.0
2133.45,15.23,-0.004379,0.2678,14520.0
2133.5,15.17,-0.1704,0.2385,14480.0
2133.55,15.32,-0.1933,0.2218,14440.0
2133.6,15.47,-0.2162,0.2051,14420.0
2133.65,15.58,-0.01234,0.2975,14420.0
2133.7,15.69,0.1915,0.39,14410.0
2133.75,15.85,0.2277,0.445,14410.0
2133.8,16.01,0.2639,0.4999,14410.0
2133.85,16.01,0.2711,0.6797,14420.0
2133.9,16.01,0.2783,0.8594,14410.0
2133.95,15.82,0.5332,0.7176,14390.0
2134.0,15.63,0.7882,0.5758,14360.0
2134.05,15.4,0.7775,0.5796,14330.0
2134.1,15.17,0.7667,0.5834,14300.0
2134.15,15.21,0.7996,0.6023,14280.0
2134.2,15.26,0.8324,0.6212,14260.0
2134.25,15.17,0.7255,0.4606,14270.0
2134.3,15.08,0.6186,0.3,14270.0
2134.35,15.12,0.5724,0.5543,14270.0
2134.4,15.15,0.5263,0.8087,14260.0
2134.45,15.09,0.6523,0.6507,14240.0
2134.5,15.03,0.7783,0.4926,14210.0
2134.55,14.79,0.7564,0.375,14170.0
2134.6,14.55,0.7345,0.2573,14150.0
2134.65,14.45,0.7078,0.2018,14130.0
2134.7,14.36,0.6811,0.1463,14130.0
2134.75,14.43,0.6676,0.1636,14130.0
2134.8,14.5,0.6541,0.181,14140.0
2134.85,14.56,0.7434,0.2196,14120.0
2134.9,14.62,0.8328,0.2583,14100.0
2134.95,14.44,0.8581,0.3011,14070.0
2135.0,14.26,0.8833,0.3439,14060.0
2135.05,14.3,0.917,0.18,14050.0
2135.1,14.34,0.9506,0.0161,14060.0
2135.15,14.23,1.217,0.304,14060.0
2135.2,14.13,1.484,0.5919,14050.0
2135.25,14.1,1.28,0.7269,14040.0
2135.3,14.06,1.076,0.8619,14010.0
2135.35,14.1,0.9779,0.8787,13980.0
2135.4,14.14,0.8794,0.8955,13960.0
2135.45,14.3,1.033,0.7286,13940.0
2135.5,14.46,1.187,0.5616,13940.0
2135.55,14.64,1.232,0.4104,13950.0
2135.6,14.83,1.277,0.2592,13970.0
2135.65,14.79,0.9954,0.03365,13990.0
2135.7,14.75,0.7142,-0.1919,14010.0
2135.75,14.51,0.5298,-0.277,14010.0
2135.8,14.28,0.3455,-0.3622,14010.0
2135.85,14.15,0.3131,-0.1461,13980.0
2135.9,14.02,0.2806,0.06999,13950.0
2135.95,14.02,0.3167,0.1175,13910.0
2136.0,14.02,0.3527,0.1651,13890.0
2136.05,13.95,0.4393,0.3095,13860.0
2136.1,13.88,0.5259,0.4539,13840.0
2136.15,13.75,0.5308,0.5041,13840.0
2136.2,13.62,0.5358,0.5543,13850.0
2136.25,13.58,0.6433,0.6724,13870.0
2136.3,13.54,0.7508,0.7904,13880.0
2136.35,13.52,0.8083,0.6463,13890.0
2136.4,13.49,0.8658,0.5021,13890.0
2136.45,13.32,0.7367,0.5334,13880.0
2136.5,13.15,0.6075,0.5646,13850.0
2136.55,13.14,0.6326,0.673,13800.0
2136.6,13.12,0.6576,0.7814,13760.0
2136.65,13.32,0.6381,0.7376,13730.0
2136.7,13.53,0.6186,0.6938,13720.0
2136.75,13.45,0.658,0.8304,13710.0
2136.8,13.37,0.6974,0.967,13720.0
2136.85,13.4,0.467,0.9912,13730.0
2136.9,13.43,0.2365,1.015,13730.0
2136.95,13.58,0.384,1.031,13730.0
2137.0,13.74,0.5314,1.047,13710.0
2137.05,13.76,0.6322,0.9885,13670.0
2137.1,13.78,0.7329,0.9304,13630.0
2137.15,13.49,0.7251,0.9914,13600.0
2137.2,13.2,0.7173,1.052,13590.0
2137.25,13.11,0.7253,1.079,13580.0
2137.3,13.02,0.7333,1.106,13580.0
2137.35,12.93,0.6759,0.9994,13580.0
2137.4,12.85,0.6186,0.8923,13570.0
2137.45,12.85,0.5563,0.8562,13560.0
2137.5,12.85,0.494,0.8202,13540.0
2137.55,12.85,0.4705,0.7928,13500.0
2137.6,12.85,0.447,0.7655,13480.0
2137.65,12.87,0.6425,0.9905,13460.0
2137.7,12.89,0.838,1.215,13450.0
2137.75,12.98,0.7164,1.178,13430.0
2137.8,13.06,0.5947,1.141,13410.0
2137.85,13.07,0.8909,1.048,13400.0
2137.9,13.08,1.187,0.9543,13400.0
2137.95,13.09,1.198,0.8095,13400.0
2138.0,13.1,1.209,0.6648,13390.0
2138.05,13.01,1.06,0.6752,13380.0
2138.1,12.92,0.91,0.6855,13370.0
2138.15,13.05,0.7538,0.6908,13360.0
2138.2,13.17,0.5975,0.696,13340.0
2138.25,13.28,0.6964,0.6004,13310.0
2138.3,13.39,0.7954,0.5048,13290.0
2138.35,13.48,0.8577,0.4808,13300.0
2138.4,13.56,0.92,0.4568,13310.0
2138.45,13.47,0.947,0.4579,13320.0
2138.5,13.38,0.9741,0.459,13330.0
2138.55,13.36,1.031,0.4259,13350.0
2138.6,13.35,1.088,0.3929,13360.0
2138.65,13.58,1.199,0.2458,13360.0
2138.7,13.82,1.309,0.09877,13320.0
2138.75,13.9,1.296,0.2147,13290.0
2138.8,13.97,1.284,0.3307,13270.0
2138.85,13.91,1.494,0.3037,13280.0
2138.9,13.84,1.705,0.2768,13290.0
2138.95,13.85,1.606,0.1944,13310.0
2139.0,13.85,1.508,0.1119,13340.0
2139.05,13.87,1.586,0.06365,13380.0
2139.1,13.89,1.664,0.01536,13390.0
2139.15,13.67,1.771,0.2945,13370.0
2139.2,13.45,1.877,0.5736,13330.0
2139.25,13.46,1.876,0.5659,13300.0
2139.3,13.46,1.875,0.5582,13290.0
2139.35,13.41,1.76,0.2644,13280.0
2139.4,13.36,1.646,-0.02951,13280.0
2139.45,13.37,1.455,0.02805,13300.0
2139.5,13.38,1.264,0.0856,13340.0
2139.55,13.3,1.305,0.04682,13370.0
2139.6,13.21,1.346,0.008048,13390.0
2139.65,13.12,1.298,0.06377,13380.0
2139.7,13.02,1.25,0.1195,13360.0
2139.75,13.0,1.11,0.0217,13350.0
2139.8,12.98,0.9705,-0.07609,13320.0
2139.85,13.09,1.018,0.04353,13280.0
2139.9,13.21,1.066,0.1632,13250.0
2139.95,13.2,0.7866,0.1879,13250.0
2140.0,13.19,0.5072,0.2127,13280.0
2140.05,13.14,0.4662,-0.02049,13300.0
2140.1,13.09,0.4252,-0.2536,13310.0
2140.15,13.25,0.5024,-0.3189,13320.0
2140.2,13.4,0.5796,-0.3841,13330.0
2140.25,13.47,0.5886,-0.3129,13340.0
2140.3,13.55,0.5975,-0.2417,13310.0
2140.35,13.65,0.7267,-0.1274,13270.0
2140.4,13.75,0.8559,-0.01317,13220.0
2140.45,13.77,0.8413,-0.1307,13200.0
2140.5,13.8,0.8268,-0.2483,13190.0
2140.55,13.78,0.662,-0.1125,13180.0
2140.6,13.76,0.4972,0.02317,13180.0
2140.65,13.72,0.3105,-0.0778,13200.0
2140.7,13.68,0.1238,-0.1788,13230.0
2140.75,13.76,0.05892,-0.1958,13240.0
2140.8,13.83,-0.005971,-0.2129,13220.0
2140.85,13.85,0.02189,-0.1055,13180.0
2140.9,13.87,0.04976,0.001951,13150.0
2140.95,13.95,-0.05175,0.06255,13120.0
2141.0,14.03,-0.1533,0.1232,13090.0
2141.05,14.06,-0.3256,0.006707,13060.0
2141.1,14.09,-0.498,-0.1097,13050.0
2141.15,14.03,-0.5746,-0.1001,13070.0
2141.2,13.98,-0.6513,-0.09048,13100.0
2141.25,14.02,-0.5693,0.08389,13110.0
2141.3,14.06,-0.4873,0.2583,13110.0
2141.35,13.98,-0.2966,0.2501,13110.0
2141.4,13.89,-0.1059,0.2419,13110.0
2141.45,13.91,0.03503,0.08645,13100.0
2141.5,13.93,0.176,-0.06902,13070.0
2141.55,13.79,0.2546,-0.08097,13050.0
2141.6,13.64,0.3332,-0.09292,13040.0
2141.65,13.52,0.1915,-0.01122,13050.0
2141.7,13.4,0.04976,0.07048,13060.0
2141.75,13.48,0.07862,0.1425,13060.0
2141.8,13.56,0.1075,0.2146,13070.0
2141.85,13.45,0.1519,0.3066,13070.0
2141.9,13.34,0.1963,0.3985,13070.0
2141.95,13.42,0.1541,0.4574,13050.0
2142.0,13.49,0.1119,0.5163,13040.0
2142.05,13.55,-0.206,0.4278,13040.0
2142.1,13.6,-0.5239,0.3392,13050.0
2142.15,13.66,-0.5261,0.4725,13070.0
2142.2,13.72,-0.5283,0.6058,13080.0
2142.25,13.68,-0.5802,0.6343,13090.0
2142.3,13.64,-0.6322,0.6629,13090.0
2142.35,13.67,-0.7689,0.4331,13090.0
2142.4,13.7,-0.9056,0.2034,13080.0
2142.45,13.64,-0.7572,0.2631,13060.0
2142.5,13.58,-0.6087,0.3229,13040.0
2142.55,13.62,-0.6296,0.1129,13030.0
2142.6,13.65,-0.6505,-0.09706,13040.0
2142.65,13.58,-0.5171,-0.0211,13030.0
2142.7,13.52,-0.3838,0.05487,13030.0
2142.75,13.55,-0.3157,0.221,13040.0
2142.8,13.58,-0.2476,0.387,13050.0
2142.85,13.58,-0.2828,0.1718,13060.0
2142.9,13.58,-0.3181,-0.04341,13060.0
2142.95,13.5,-0.5287,-0.1471,13060.0
2143.0,13.43,-0.7392,-0.2507,13060.0
2143.05,13.33,-0.7763,-0.2069,13050.0
2143.1,13.22,-0.8133,-0.1632,13040.0
2143.15,13.33,-0.8774,-0.3257,13020.0
2143.2,13.44,-0.9415,-0.4882,12990.0
2143.25,13.42,-1.016,-0.3998,12980.0
2143.3,13.4,-1.09,-0.3114,12970.0
2143.35,13.17,-1.113,-0.2466,12970.0
2143.4,12.94,-1.135,-0.1817,12970.0
2143.45,12.76,-1.049,-0.1033,12980.0
2143.5,12.59,-0.9622,-0.02488,12990.0
2143.55,12.49,-0.9134,0.09511,12990.0
2143.6,12.4,-0.8646,0.2151,12980.0
2143.65,12.39,-0.9188,0.2088,12960.0
2143.7,12.39,-0.9729,0.2024,12940.0
2143.75,12.58,-0.8722,0.2823,12930.0
2143.8,12.78,-0.7715,0.3622,12920.0
2143.85,12.88,-0.622,0.4136,12920.0
2143.9,12.98,-0.4725,0.4651,12910.0
2143.95,13.04,-0.214,0.4691,12910.0
2144.0,13.1,0.04459,0.4731,12910.0
2144.05,13.21,-0.1539,0.6181,12910.0
2144.1,13.33,-0.3523,0.7631,12900.0
2144.15,13.33,-0.4369,0.765,12890.0
2144.2,13.33,-0.5215,0.767,12890.0
2144.25,13.37,-0.5908,0.4426,12900.0
2144.3,13.42,-0.66,0.1183,12900.0
2144.35,13.48,-0.8408,0.003048,12910.0
2144.4,13.54,-1.021,-0.1122,12930.0
2144.45,13.66,-0.8591,-0.1146,12950.0
2144.5,13.79,-0.6966,-0.1171,12950.0
2144.55,13.67,-0.6095,0.1594,12950.0
2144.6,13.56,-0.5223,0.4358,12930.0
2144.65,13.57,-0.3917,0.1593,12910.0
2144.7,13.58,-0.2611,-0.1173,12890.0
2144.75,13.71,-0.1718,-0.1677,12870.0
2144.8,13.85,-0.0824,-0.218,12860.0
2144.85,14.01,-0.2279,-0.3996,12860.0
2144.9,14.18,-0.3734,-0.5812,12880.0
2144.95,14.25,-0.3861,-0.7105,12910.0
2145.0,14.32,-0.3989,-0.8399,12940.0
2145.05,14.13,-0.1344,-0.7741,12950.0
2145.1,13.95,0.1302,-0.7082,12970.0
2145.15,13.92,-0.2006,-0.5668,12980.0
2145.2,13.88,-0.5314,-0.4253,12980.0
2145.25,13.82,-0.5354,-0.1764,12970.0
2145.3,13.75,-0.5394,0.07243,12960.0
2145.35,13.77,-0.416,0.129,12950.0
2145.4,13.79,-0.2926,0.1856,12930.0
2145.45,13.85,-0.3959,0.1971,12920.0
2145.5,13.92,-0.4992,0.2085,12900.0
2145.55,13.93,-0.4269,0.1079,12890.0
2145.6,13.95,-0.3547,0.007316,12900.0
2145.65,13.88,-0.4644,0.06255,12920.0
2145.7,13.81,-0.574,0.1178,12940.0
2145.75,13.9,-0.5356,0.2041,12970.0
2145.8,14.0,-0.4972,0.2905,13000.0
2145.85,14.1,-0.4604,0.1907,13010.0
2145.9,14.21,-0.4236,0.09097,13000.0
2145.95,14.02,-0.1684,-0.05146,12970.0
2146.0,13.84,0.08678,-0.1939,12940.0
2146.05,14.03,-0.03583,-0.1457,12890.0
2146.1,14.21,-0.1584,-0.09755,12850.0
2146.15,14.38,-0.2514,0.04841,12820.0
2146.2,14.54,-0.3443,0.1944,12800.0
2146.25,14.4,-0.1865,0.06402,12810.0
2146.3,14.25,-0.02866,-0.06633,12830.0
2146.35,14.39,0.09255,-0.1896,12850.0
2146.4,14.54,0.2138,-0.3129,12870.0
2146.45,14.52,0.2619,-0.4846,12880.0
2146.5,14.5,0.3101,-0.6563,12880.0
2146.55,14.45,0.3931,-0.5182,12870.0
2146.6,14.4,0.4761,-0.3802,12840.0
2146.65,14.42,0.539,-0.1732,12790.0
2146.7,14.44,0.6019,0.0339,12740.0
2146.75,14.38,0.5798,-0.1894,12690.0
2146.8,14.32,0.5577,-0.4126,12660.0
2146.85,14.29,0.5916,-0.2896,12650.0
2146.9,14.25,0.6254,-0.1666,12650.0
2146.95,14.34,0.6105,-0.1364,12680.0
2147.0,14.43,0.5955,-0.1063,12710.0
2147.05,14.49,0.5973,-0.3285,12740.0
2147.1,14.54,0.5991,-0.5507,12740.0
2147.15,14.47,0.3191,-0.3693,12730.0
2147.2,14.4,0.03901,-0.188,12700.0
2147.25,14.4,0.1955,-0.1151,12670.0
2147.3,14.39,0.3519,-0.04219,12630.0
2147.35,14.27,0.2357,0.02573,12600.0
2147.4,14.16,0.1194,0.09365,12580.0
2147.45,14.0,0.1702,0.04085,12580.0
2147.5,13.83,0.2209,-0.01195,12600.0
2147.55,13.85,0.1172,-0.09962,12620.0
2147.6,13.86,0.01353,-0.1873,12620.0
2147.65,13.95,0.0828,-0.1964,12620.0
2147.7,14.04,0.1521,-0.2056,12620.0
2147.75,13.95,-0.008161,-0.1885,12600.0
2147.8,13.87,-0.1684,-0.1714,12570.0
2147.85,13.84,-0.2679,-0.1383,12550.0
2147.9,13.8,-0.3674,-0.1051,12540.0
2147.95,13.77,-0.09335,-0.09645,12540.0
2148.0,13.73,0.1807,-0.0878,12550.0
2148.05,13.87,0.02568,-0.1163,12560.0
2148.1,14.02,-0.1294,-0.1449,12560.0
2148.15,14.04,-0.2243,-0.09036,12560.0
2148.2,14.07,-0.3193,-0.03585,12560.0
2148.25,14.01,-0.6626,-0.01963,12540.0
2148.3,13.94,-1.006,-0.003414,12510.0
2148.35,13.89,-0.9918,-0.04719,12490.0
2148.4,13.84,-0.9777,-0.09097,12480.0
2148.45,13.8,-0.8609,-0.07146,12490.0
2148.5,13.75,-0.744,-0.05195,12500.0
2148.55,13.69,-0.6328,-0.2544,12510.0
2148.6,13.63,-0.5215,-0.4568,12520.0
2148.65,13.7,-0.3483,-0.4384,12540.0
2148.7,13.77,-0.1752,-0.42,12550.0
2148.75,13.84,0.03165,-0.4793,12540.0
2148.8,13.9,0.2385,-0.5387,12520.0
2148.85,13.83,0.4835,-0.543,12500.0
2148.9,13.76,0.7285,-0.5473,12470.0
2148.95,13.77,0.5699,-0.6765,12440.0
2149.0,13.79,0.4112,-0.8058,12420.0
2149.05,13.81,0.2769,-0.848,12400.0
2149.1,13.82,0.1425,-0.8901,12410.0
2149.15,14.23,0.01473,-0.792,12440.0
2149.2,14.63,-0.1131,-0.6938,12460.0
2149.25,14.68,-0.0834,-0.6299,12470.0
2149.3,14.72,-0.05374,-0.566,12480.0
2149.35,14.74,0.1063,-0.7391,12480.0
2149.4,14.76,0.2663,-0.9121,12470.0
2149.45,14.83,0.05573,-0.7569,12430.0
2149.5,14.89,-0.1549,-0.6016,12390.0
2149.55,14.91,0.02528,-0.7436,12360.0
2149.6,14.94,0.2054,-0.8855,12350.0
2149.65,14.84,0.2745,-0.8275,12340.0
2149.7,14.75,0.3435,-0.7694,12340.0
2149.75,14.72,0.381,-0.7215,12360.0
2149.8,14.7,0.4184,-0.6736,12370.0
2149.85,14.93,0.4166,-0.5125,12390.0
2149.9,15.16,0.4148,-0.3514,12400.0
2149.95,15.21,0.6208,-0.3278,12400.0
2150.0,15.26,0.8268,-0.3041,12390.0
2150.05,15.32,1.109,-0.5785,12360.0
2150.1,15.38,1.392,-0.8528,12340.0
2150.15,15.3,1.364,-0.917,12310.0
2150.2,15.22,1.337,-0.9811,12280.0
2150.25,15.08,1.291,-0.7964,12270.0
2150.3,14.95,1.246,-0.6116,12270.0
2150.35,14.94,1.061,-0.6554,12280.0
2150.4,14.94,0.877,-0.6992,12290.0
2150.45,15.12,0.8435,-0.665,12290.0
2150.5,15.31,0.8101,-0.6309,12300.0
2150.55,15.56,0.8688,-0.7871,12300.0
2150.6,15.81,0.9275,-0.9433,12300.0
2150.65,15.64,1.18,-0.8638,12280.0
2150.7,15.48,1.433,-0.7843,12270.0
2150.75,15.26,1.333,-0.6655,12260.0
2150.8,15.05,1.232,-0.5468,12250.0
2150.85,14.95,0.9122,-0.6501,12240.0
2150.9,14.84,0.5919,-0.7533,12220.0
2150.95,14.73,0.4058,-0.8545,12200.0
2151.0,14.62,0.2197,-0.9557,12190.0
2151.05,14.73,0.1417,-0.9887,12200.0
2151.1,14.83,0.06369,-1.022,12200.0
2151.15,14.7,0.1353,-0.9551,12200.0
2151.2,14.56,0.207,-0.8887,12210.0
2151.25,14.25,-0.02906,-0.8421,12220.0
2151.3,13.93,-0.2651,-0.7955,12220.0
2151.35,13.97,-0.3097,-0.8747,12200.0
2151.4,14.0,-0.3543,-0.9538,12190.0
2151.45,13.83,-0.4343,-0.9278,12170.0
2151.5,13.67,-0.5143,-0.9019,12160.0
2151.55,13.7,-0.6341,-0.999,12140.0
2151.6,13.73,-0.754,-1.096,12130.0
2151.65,13.83,-0.95,-1.009,12130.0
2151.7,13.92,-1.146,-0.9226,12130.0
2151.75,13.85,-1.095,-0.7271,12130.0
2151.8,13.79,-1.044,-0.5316,12140.0
2151.85,13.61,-0.7757,-0.7094,12140.0
2151.9,13.44,-0.5072,-0.8872,12140.0
2151.95,13.29,-0.5448,-0.812,12130.0
2152.0,13.13,-0.5824,-0.7367,12120.0
2152.05,13.15,-0.4976,-0.6587,12100.0
2152.1,13.16,-0.4128,-0.5807,12080.0
2152.15,13.04,-0.4104,-0.6224,12060.0
2152.2,12.93,-0.408,-0.6641,12050.0
2152.25,12.76,-0.5173,-0.8265,12060.0
2152.3,12.6,-0.6266,-0.9889,12070.0
2152.35,12.63,-0.6933,-0.7937,12080.0
2152.4,12.67,-0.7599,-0.5985,12080.0
2152.45,12.73,-0.6198,-0.5197,12070.0
2152.5,12.8,-0.4797,-0.4409,12040.0
2152.55,12.86,-0.538,-0.5388,12010.0
2152.6,12.92,-0.5963,-0.6368,11980.0
2152.65,12.86,-0.7259,-0.4204,11960.0
2152.7,12.79,-0.8555,-0.2041,11960.0
2152.75,12.64,-0.839,-0.3205,11980.0
2152.8,12.49,-0.8224,-0.4368,11990.0
2152.85,12.6,-0.6554,-0.4853,12000.0
2152.9,12.71,-0.4884,-0.5338,12010.0
2152.95,12.63,-0.4596,-0.4128,12000.0
2153.0,12.55,-0.4307,-0.2917,11980.0
2153.05,12.63,-0.2974,-0.2861,11960.0
2153.1,12.72,-0.164,-0.2805,11940.0
2153.15,12.62,-0.1178,-0.3169,11910.0
2153.2,12.53,-0.07166,-0.3534,11890.0
2153.25,12.43,0.1125,-0.1599,11860.0
2153.3,12.33,0.2966,0.03365,11840.0
2153.35,12.49,0.4425,0.1189,11830.0
2153.4,12.64,0.5884,0.2041,11830.0
2153.45,12.65,0.6658,0.07816,11840.0
2153.5,12.65,0.7432,-0.0478,11860.0
2153.55,12.59,0.8266,-0.009023,11880.0
2153.6,12.53,0.91,0.02975,11890.0
2153.65,12.37,1.004,-0.08572,11890.0
2153.7,12.2,1.097,-0.2012,11860.0
2153.75,12.01,1.007,-0.4953,11820.0
2153.8,11.82,0.9176,-0.7894,11780.0
2153.85,11.68,1.009,-0.6592,11750.0
2153.9,11.54,1.1,-0.529,11730.0
2153.95,11.53,1.305,-0.4325,11740.0
2154.0,11.52,1.51,-0.3361,11750.0
2154.05,11.55,1.426,-0.451,11780.0
2154.1,11.57,1.342,-0.566,11810.0
2154.15,11.6,1.232,-0.536,11820.0
2154.2,11.62,1.122,-0.506,11820.0
2154.25,11.7,1.013,-0.4978,11800.0
2154.3,11.79,0.904,-0.4895,11780.0
2154.35,11.83,0.9255,-0.6327,11760.0
2154.4,11.86,0.947,-0.776,11740.0
2154.45,11.84,0.9363,-0.7577,11720.0
2154.5,11.81,0.9255,-0.7394,11720.0
2154.55,11.77,0.8051,-0.546,11730.0
2154.6,11.73,0.6847,-0.3526,11750.0
2154.65,11.63,0.6296,-0.2433,11770.0
2154.7,11.53,0.5744,-0.1339,11770.0
2154.75,11.51,0.4461,-0.09572,11770.0
2154.8,11.5,0.3177,-0.05755,11760.0
2154.85,11.48,0.3607,-0.03609,11750.0
2154.9,11.46,0.4037,-0.01463,11740.0
2154.95,11.45,0.6065,0.1792,11720.0
2155.0,11.45,0.8093,0.3731,11720.0
2155.05,11.59,0.704,0.3817,11720.0
2155.1,11.73,0.5987,0.3902,11730.0
2155.15,11.83,0.5229,0.1672,11750.0
2155.2,11.93,0.447,-0.05585,11750.0
2155.25,11.97,0.4196,-0.1399,11760.0
2155.3,12.0,0.3921,-0.2239,11750.0
2155.35,12.06,0.2112,-0.2442,11720.0
2155.4,12.12,0.03025,-0.2646,11690.0
2155.45,12.41,-0.01632,-0.3909,11670.0
2155.5,12.7,-0.0629,-0.5173,11650.0
2155.55,12.98,0.1055,-0.2529,11640.0
2155.6,13.26,0.2739,0.01146,11650.0
2155.65,13.29,0.1075,0.07158,11670.0
2155.7,13.31,-0.05892,0.1317,11700.0
2155.75,13.32,-0.3561,0.04195,11720.0
2155.8,13.32,-0.6533,-0.0478,11730.0
2155.85,13.3,-0.6839,-0.1108,11720.0
2155.9,13.28,-0.7146,-0.1739,11700.0
2155.95,13.29,-0.7321,-0.08853,11660.0
2156.0,13.31,-0.7496,-0.00317,11620.0
2156.05,13.23,-0.7416,0.01036,11580.0
2156.1,13.16,-0.7337,0.0239,11560.0
2156.15,13.04,-0.6887,-0.001463,11560.0
2156.2,12.92,-0.6437,-0.02683,11580.0
2156.25,12.99,-0.7305,0.1486,11610.0
2156.3,13.05,-0.8173,0.3241,11640.0
2156.35,13.14,-0.6978,0.4685,11670.0
2156.4,13.23,-0.5784,0.6129,11680.0
2156.45,13.02,-0.5105,0.7609,11670.0
2156.5,12.81,-0.4427,0.9089,11630.0
2156.55,12.75,-0.3808,0.9873,11580.0
2156.6,12.7,-0.3189,1.066,11540.0
2156.65,12.77,-0.5205,0.8949,11500.0
2156.7,12.85,-0.7221,0.7241,11480.0
2156.75,12.79,-0.6423,0.5782,11490.0
2156.8,12.73,-0.5625,0.4324,11510.0
2156.85,12.73,-0.6419,0.5276,11550.0
2156.9,12.74,-0.7213,0.6229,11570.0
2156.95,12.66,-0.5072,0.571,11580.0
2157.0,12.58,-0.293,0.5192,11570.0
2157.05,12.43,-0.08718,0.4193,11540.0
2157.1,12.28,0.1186,0.3195,11510.0
2157.15,12.22,0.05732,0.3491,11490.0
2157.2,12.16,-0.003981,0.3787,11460.0
2157.25,12.18,0.06847,0.3773,11450.0
2157.3,12.2,0.1409,0.3758,11450.0
2157.35,12.13,0.03543,0.549,11470.0
2157.4,12.06,-0.07006,0.7221,11480.0
2157.45,12.02,-0.1154,0.5757,11490.0
2157.5,11.98,-0.1608,0.4292,11500.0
2157.55,12.04,-0.1594,0.2399,11490.0
2157.6,12.09,-0.158,0.05048,11470.0
2157.65,12.18,-0.03165,0.2028,11440.0
2157.7,12.28,0.09474,0.3551,11410.0
2157.75,12.38,0.1706,0.4524,11400.0
2157.8,12.49,0.2464,0.5497,11410.0
2157.85,12.53,0.287,0.5281,11430.0
2157.9,12.58,0.3276,0.5065,11460.0
2157.95,12.34,0.1214,0.3865,11500.0
2158.0,12.11,-0.08479,0.2666,11530.0
2158.05,12.26,-0.1238,0.3379,11530.0
2158.1,12.4,-0.1628,0.4092,11510.0
2158.15,12.28,-0.1865,0.5942,11480.0
2158.2,12.16,-0.2102,0.7792,11440.0
2158.25,12.07,0.01752,0.4754,11420.0
2158.3,11.98,0.2452,0.1717,11410.0
2158.35,12.21,0.05255,0.04963,11430.0
2158.4,12.43,-0.1401,-0.07243,11460.0
2158.45,12.31,-0.2942,0.02317,11500.0
2158.5,12.2,-0.4482,0.1188,11540.0
2158.55,12.18,-0.5318,-0.05231,11560.0
2158.6,12.17,-0.6154,-0.2234,11560.0
2158.65,12.17,-0.6292,-0.2819,11540.0
2158.7,12.16,-0.6429,-0.3405,11500.0
2158.75,12.15,-0.5695,-0.3273,11470.0
2158.8,12.14,-0.496,-0.3141,11450.0
2158.85,12.2,-0.3638,-0.2258,11440.0
2158.9,12.27,-0.2317,-0.1375,11450.0
2158.95,12.41,-0.09733,-0.04524,11470.0
2159.0,12.55,0.03702,0.04707,11500.0
2159.05,12.54,0.1533,0.1394,11520.0
2159.1,12.52,0.2695,0.2317,11520.0
2159.15,12.38,0.2615,0.1408,11520.0
2159.2,12.24,0.2536,0.04999,11520.0
2159.25,12.01,0.2233,0.02695,11500.0
2159.3,11.78,0.1931,0.003902,11490.0
2159.35,11.75,0.01115,-0.04817,11470.0
2159.4,11.72,-0.1708,-0.1002,11470.0
2159.45,11.72,-0.173,-0.1317,11480.0
2159.5,11.72,-0.1752,-0.1632,11480.0
2159.55,11.73,-0.1342,-0.1445,11490.0
2159.6,11.73,-0.09315,-0.1258,11500.0
2159.65,11.81,-0.02926,-0.196,11510.0
2159.7,11.88,0.03463,-0.2661,11500.0
2159.75,11.98,-0.0617,-0.2989,11490.0
2159.8,12.08,-0.158,-0.3317,11470.0
2159.85,12.18,0.1154,-0.3813,11450.0
2159.9,12.29,0.3889,-0.4309,11440.0
2159.95,12.24,0.2506,-0.4942,11440.0
2160.0,12.2,0.1123,-0.5575,11460.0
2160.05,12.11,0.1931,-0.5792,11490.0
2160.1,12.03,0.2739,-0.6009,11530.0
2160.15,12.12,0.2472,-0.442,11570.0
2160.2,12.21,0.2205,-0.2831,11580.0
2160.25,12.36,0.1133,-0.2483,11570.0
2160.3,12.51,0.005971,-0.2134,11540.0
2160.35,12.36,-0.03503,-0.3041,11500.0
2160.4,12.21,-0.07603,-0.3948,11460.0
2160.45,12.2,0.07464,-0.3487,11430.0
2160.5,12.2,0.2253,-0.3026,11430.0
2160.55,12.36,0.2789,-0.1922,11460.0
2160.6,12.52,0.3324,-0.0817,11520.0
2160.65,12.77,0.3435,-0.0767,11580.0
2160.7,13.02,0.3547,-0.0717,11640.0
2160.75,12.81,0.3296,-0.03695,11670.0
2160.8,12.6,0.3045,-0.002195,11680.0
2160.85,12.72,0.2866,-0.01646,11660.0
2160.9,12.85,0.2687,-0.03073,11610.0
2160.95,12.92,0.1399,-0.1191,11560.0
2161.0,13.0,0.01115,-0.2075,11520.0
2161.05,13.02,-0.09295,-0.2236,11510.0
2161.1,13.03,-0.1971,-0.2397,11530.0
2161.15,13.17,-0.09315,-0.2503,11580.0
2161.2,13.32,0.01075,-0.2609,11630.0
2161.25,13.46,-0.001194,-0.307,11690.0
2161.3,13.59,-0.01314,-0.3531,11730.0
2161.35,13.39,0.0828,-0.1288,11760.0
2161.4,13.18,0.1787,0.0956,11760.0
2161.45,13.12,0.1079,0.227,11750.0
2161.5,13.06,0.03702,0.3585,11730.0
2161.55,13.16,0.379,0.3522,11710.0
2161.6,13.27,0.7209,0.3458,11700.0
2161.65,13.24,0.8943,0.1751,11700.0
2161.7,13.22,1.068,0.00439,11720.0
2161.75,13.21,0.9554,-0.0795,11760.0
2161.8,13.2,0.8431,-0.1634,11800.0
2161.85,13.24,0.7572,-0.2562,11840.0
2161.9,13.29,0.6712,-0.349,11860.0
2161.95,13.22,0.7265,-0.258,11870.0
2162.0,13.16,0.7818,-0.1671,11870.0
2162.05,13.09,0.6125,-0.2312,11870.0
2162.1,13.02,0.4431,-0.2953,11870.0
2162.15,13.13,0.5714,-0.5325,11870.0
2162.2,13.24,0.6998,-0.7697,11880.0
2162.25,13.39,0.7191,-0.777,11890.0
2162.3,13.54,0.7384,-0.7843,11900.0
2162.35,13.73,0.6937,-0.8247,11910.0
2162.4,13.93,0.6489,-0.865,11920.0
2162.45,14.01,0.6029,-0.9177,11920.0
2162.5,14.09,0.5569,-0.9704,11930.0
2162.55,14.1,0.3439,-1.055,11940.0
2162.6,14.11,0.131,-1.14,11950.0
2162.65,14.21,-0.04936,-1.01,11960.0
2162.7,14.31,-0.2297,-0.8801,11960.0
2162.75,14.33,-0.2026,-0.7842,11970.0
2162.8,14.36,-0.1756,-0.6882,11980.0
2162.85,14.38,-0.08041,-0.6815,11980.0
2162.9,14.4,0.01473,-0.6748,11990.0
2162.95,14.29,-0.08917,-0.6121,12000.0
2163.0,14.18,-0.1931,-0.5495,12020.0
2163.05,13.89,-0.2331,-0.4467,12020.0
2163.1,13.61,-0.2731,-0.3439,12020.0
2163.15,13.68,-0.3427,-0.3857,12010.0
2163.2,13.75,-0.4124,-0.4275,11990.0
2163.25,13.82,-0.5806,-0.777,11980.0
2163.3,13.9,-0.7488,-1.126,11980.0
2163.35,13.69,-0.826,-0.9356,11990.0
2163.4,13.48,-0.9033,-0.7448,12020.0
2163.45,13.59,-0.9687,-0.4587,12060.0
2163.5,13.69,-1.034,-0.1727,12100.0
2163.55,13.66,-1.13,-0.1729,12130.0
2163.6,13.63,-1.225,-0.1732,12130.0
2163.65,13.7,-1.31,-0.1501,12110.0
2163.7,13.76,-1.396,-0.1271,12070.0
2163.75,13.75,-1.312,-0.2714,12040.0
2163.8,13.75,-1.229,-0.4158,12010.0
2163.85,13.7,-1.229,-0.6658,12000.0
2163.9,13.65,-1.228,-0.9158,12020.0
2163.95,13.63,-1.119,-0.8367,12060.0
2164.0,13.61,-1.01,-0.7577,12120.0
2164.05,13.59,-1.167,-0.6905,12180.0
2164.1,13.57,-1.324,-0.6233,12210.0
2164.15,13.49,-1.28,-0.6283,12240.0
2164.2,13.41,-1.235,-0.6333,12240.0
2164.25,13.34,-1.09,-0.5726,12220.0
2164.3,13.27,-0.9447,-0.5119,12180.0
2164.35,13.46,-0.7255,-0.536,12160.0
2164.4,13.64,-0.5064,-0.5602,12150.0
2164.45,13.68,-0.4417,-0.7505,12160.0
2164.5,13.72,-0.377,-0.9409,12190.0
2164.55,13.74,-0.4936,-0.9493,12230.0
2164.6,13.76,-0.6103,-0.9577,12280.0
2164.65,13.82,-0.3903,-0.8601,12350.0
2164.7,13.88,-0.1704,-0.7626,12400.0
2164.75,13.71,-0.04717,-0.7516,12430.0
2164.8,13.55,0.07603,-0.7407,12440.0
2164.85,13.76,0.007763,-0.7213,12440.0
2164.9,13.97,-0.06051,-0.7019,12430.0
2164.95,14.04,-0.02249,-0.6272,12420.0
2165.0,14.12,0.01553,-0.5526,12420.0
2165.05,14.04,0.1336,-0.4774,12430.0
2165.1,13.96,0.2516,-0.4022,12460.0
2165.15,13.8,0.3081,-0.3918,12500.0
2165.2,13.64,0.3646,-0.3814,12530.0
2165.25,13.81,0.3684,-0.4907,12560.0
2165.3,13.98,0.3722,-0.5999,12590.0
2165.35,14.01,0.3519,-0.6411,12620.0
2165.4,14.04,0.3316,-0.6824,12650.0
2165.45,14.17,0.3969,-0.673,12670.0
2165.5,14.31,0.4622,-0.6636,12690.0
2165.55,14.33,0.5714,-0.7127,12710.0
2165.6,14.35,0.6807,-0.7619,12730.0
2165.65,14.34,0.5476,-0.8316,12730.0
2165.7,14.33,0.4144,-0.9014,12730.0
2165.75,14.27,0.4047,-0.8254,12730.0
2165.8,14.22,0.3949,-0.7494,12750.0
2165.85,14.14,0.6252,-0.5926,12780.0
2165.9,14.05,0.8555,-0.4358,12820.0
2165.95,14.16,0.9166,-0.4746,12850.0
2166.0,14.26,0.9777,-0.5134,12900.0
2166.05,14.19,0.998,-0.3942,12940.0
2166.1,14.12,1.018,-0.2751,12960.0
2166.15,14.24,0.9478,-0.2247,12970.0
2166.2,14.36,0.8774,-0.1744,12970.0
2166.25,14.42,0.622,-0.03122,12980.0
2166.3,14.48,0.3666,0.1119,12990.0
2166.35,14.57,0.5655,0.2998,13000.0
2166.4,14.67,0.7643,0.4878,13010.0
2166.45,14.6,0.6596,0.4717,13030.0
2166.5,14.54,0.5549,0.4556,13050.0
2166.55,14.4,0.5151,0.4217,13080.0
2166.6,14.27,0.4753,0.3878,13090.0
2166.65,14.02,0.4102,0.4076,13120.0
2166.7,13.77,0.3451,0.4275,13140.0
2166.75,13.97,0.2213,0.4559,13170.0
2166.8,14.17,0.09753,0.4843,13180.0
2166.85,14.24,-0.01493,0.3298,13190.0
2166.9,14.31,-0.1274,0.1753,13190.0
2166.95,14.29,0.2229,0.1291,13200.0
2167.0,14.27,0.5732,0.08292,13210.0
2167.05,14.4,0.489,0.2295,13230.0
2167.1,14.52,0.4049,0.3761,13240.0
2167.15,14.63,0.5324,0.4345,13260.0
2167.2,14.73,0.66,0.4929,13290.0
2167.25,14.87,0.6548,0.6471,13310.0
2167.3,15.01,0.6497,0.8014,13320.0
2167.35,15.05,0.6431,0.7065,13320.0
2167.4,15.09,0.6365,0.6116,13330.0
2167.45,15.02,0.589,0.3962,13340.0
2167.5,14.96,0.5414,0.1807,13360.0
2167.55,14.9,0.4896,0.4162,13390.0
2167.6,14.85,0.4379,0.6516,13420.0
2167.65,15.02,0.3505,0.6621,13450.0
2167.7,15.2,0.2631,0.6726,13480.0
2167.75,15.07,0.4315,0.5636,13480.0
2167.8,14.95,0.5999,0.4546,13470.0
2167.85,14.88,0.4783,0.4769,13450.0
2167.9,14.81,0.3567,0.4992,13460.0
2167.95,14.86,0.174,0.5721,13480.0
2168.0,14.9,-0.008758,0.6451,13500.0
2168.05,14.94,0.1525,0.3423,13540.0
2168.1,14.98,0.3137,0.03951,13580.0
2168.15,14.99,0.3109,-0.06804,13620.0
2168.2,14.99,0.3081,-0.1756,13640.0
2168.25,14.91,0.1133,-0.2185,13660.0
2168.3,14.82,-0.08161,-0.2614,13680.0
2168.35,14.93,-0.2729,-0.08584,13690.0
2168.4,15.03,-0.4642,0.08975,13710.0
2168.45,15.04,-0.4216,-0.03926,13710.0
2168.5,15.06,-0.379,-0.1683,13720.0
2168.55,14.98,-0.1939,-0.2078,13740.0
2168.6,14.91,-0.008758,-0.2473,13750.0
2168.65,14.88,-0.1489,-0.1432,13770.0
2168.7,14.85,-0.289,-0.03902,13780.0
2168.75,14.81,-0.419,-0.2634,13810.0
2168.8,14.77,-0.549,-0.4878,13840.0
2168.85,14.47,-0.715,-0.6207,13890.0
2168.9,14.17,-0.881,-0.7536,13940.0
2168.95,14.28,-0.5846,-0.5946,13990.0
2169.0,14.4,-0.2882,-0.4356,14010.0
2169.05,14.43,-0.1344,-0.6201,14020.0
2169.1,14.45,0.01951,-0.8045,14010.0
2169.15,14.53,-0.006369,-0.6169,13990.0
2169.2,14.62,-0.03224,-0.4292,13960.0
2169.25,14.52,-0.1704,-0.3173,13960.0
2169.3,14.42,-0.3085,-0.2053,13980.0
2169.35,14.26,-0.1121,-0.03244,14020.0
2169.4,14.1,0.08439,0.1405,14070.0
2169.45,14.1,-0.08698,0.01158,14120.0
2169.5,14.1,-0.2584,-0.1173,14170.0
2169.55,14.04,-0.3151,-0.0211,14210.0
2169.6,13.97,-0.3718,0.07511,14230.0
2169.65,14.16,-0.3557,-0.04109,14240.0
2169.7,14.35,-0.3396,-0.1573,14240.0
2169.75,14.39,-0.381,-0.06792,14240.0
2169.8,14.44,-0.4224,0.02146,14240.0
2169.85,14.49,-0.5519,-0.1318,14240.0
2169.9,14.54,-0.6815,-0.2851,14250.0
2169.95,14.69,-0.7195,-0.1829,14250.0
2170.0,14.84,-0.7576,-0.08072,14270.0
2170.05,14.82,-0.6582,-0.1084,14300.0
2170.1,14.79,-0.5589,-0.1361,14350.0
2170.15,14.78,-0.5541,0.03902,14380.0
2170.2,14.78,-0.5494,0.2141,14410.0
2170.25,14.74,-0.4839,-0.02158,14420.0
2170.3,14.7,-0.4184,-0.2573,14440.0
2170.35,14.78,-0.4502,-0.3391,14450.0
2170.4,14.86,-0.4821,-0.4209,14460.0
2170.45,14.72,-0.5269,-0.3101,14470.0
2170.5,14.58,-0.5716,-0.1992,14500.0
2170.55,14.68,-0.5221,-0.1997,14520.0
2170.6,14.78,-0.4725,-0.2002,14520.0
2170.65,14.96,-0.4445,-0.0728,14520.0
2170.7,15.15,-0.4164,0.05463,14520.0
2170.75,14.99,-0.5661,0.01622,14520.0
2170.8,14.83,-0.7158,-0.02219,14530.0
2170.85,14.72,-0.6903,0.07524,14540.0
2170.9,14.61,-0.6648,0.1727,14560.0
2170.95,14.61,-0.5675,0.3385,14600.0
2171.0,14.61,-0.4701,0.5043,14640.0
2171.05,14.66,-0.2394,0.4547,14690.0
2171.1,14.71,-0.008758,0.4051,14720.0
2171.15,14.67,0.05454,0.5177,14740.0
2171.2,14.63,0.1178,0.6304,14750.0
2171.25,14.57,0.1965,0.6682,14740.0
2171.3,14.52,0.2751,0.706,14710.0
2171.35,14.57,0.06887,0.6821,14670.0
2171.4,14.62,-0.1373,0.6582,14650.0
2171.45,14.56,-0.2052,0.7616,14660.0
2171.5,14.49,-0.2731,0.865,14700.0
2171.55,14.46,-0.17,0.8784,14760.0
2171.6,14.42,-0.06688,0.8919,14830.0
2171.65,14.59,0.06509,0.8975,14890.0
2171.7,14.76,0.1971,0.9031,14930.0
2171.75,14.59,0.03981,0.8333,14940.0
2171.8,14.43,-0.1174,0.7636,14920.0
2171.85,14.35,-0.2176,0.7637,14880.0
2171.9,14.28,-0.3177,0.7638,14840.0
2171.95,14.32,-0.3503,0.521,14810.0
2172.0,14.36,-0.383,0.2783,14810.0
2172.05,14.38,-0.5438,0.0178,14820.0
2172.1,14.4,-0.7046,-0.2427,14860.0
2172.15,14.41,-0.6353,-0.2378,14910.0
2172.2,14.42,-0.5661,-0.2329,14950.0
2172.25,14.25,-0.4654,-0.2968,14970.0
2172.3,14.09,-0.3646,-0.3607,14990.0
2172.35,14.12,-0.4307,-0.2251,15000.0
2172.4,14.16,-0.4968,-0.0895,15000.0
2172.45,14.0,-0.4761,0.04719,14990.0
2172.5,13.84,-0.4554,0.1839,14970.0
2172.55,13.86,-0.3873,0.1703,14960.0
2172.6,13.88,-0.3193,0.1568,14950.0
2172.65,14.11,-0.4019,0.2374,14950.0
2172.7,14.35,-0.4845,0.318,14960.0
2172.75,14.5,-0.5989,0.09292,14970.0
2172.8,14.66,-0.7134,-0.1322,14980.0
2172.85,14.65,-0.7806,-0.06816,15000.0
2172.9,14.64,-0.8479,-0.004146,15010.0
2172.95,14.59,-0.8591,0.01707,15000.0
2173.0,14.53,-0.8702,0.03829,15000.0
2173.05,14.6,-0.8081,-0.0856,15010.0
2173.1,14.67,-0.746,-0.2095,15010.0
2173.15,14.58,-0.6439,-0.1044,15020.0
2173.2,14.49,-0.5418,0.0007316,15030.0
2173.25,14.62,-0.3302,0.1273,15040.0
2173.3,14.75,-0.1186,0.2539,15050.0
2173.35,14.96,-0.06469,0.2545,15060.0
2173.4,15.18,-0.01075,0.2551,15050.0
2173.45,15.18,0.03842,0.2173,15030.0
2173.5,15.18,0.08758,0.1795,15010.0
2173.55,15.06,0.1841,0.2322,15000.0
2173.6,14.93,0.2806,0.2848,14990.0
2173.65,15.07,0.3742,0.2764,15000.0
2173.7,15.21,0.4677,0.268,15040.0
2173.75,15.17,0.4536,0.1503,15090.0
2173.8,15.13,0.4395,0.03268,15140.0
2173.85,15.1,0.5189,0.1833,15170.0
2173.9,15.07,0.5983,0.3339,15170.0
2173.95,15.18,0.6216,0.2844,15150.0
2174.0,15.29,0.6449,0.2349,15130.0
2174.05,15.36,0.4948,0.3908,15090.0
2174.1,15.42,0.3447,0.5468,15070.0
2174.15,15.55,0.5271,0.552,15060.0
2174.2,15.69,0.7094,0.5573,15080.0
2174.25,15.57,0.6154,0.2814,15130.0
2174.3,15.44,0.5215,0.005609,15180.0
2174.35,15.48,0.5776,0.304,15210.0
2174.4,15.51,0.6337,0.6024,15230.0
2174.45,15.55,0.5549,0.6136,15240.0
2174.5,15.58,0.4761,0.6248,15250.0
2174.55,15.29,0.4865,0.5885,15240.0
2174.6,14.99,0.4968,0.5521,15220.0
2174.65,15.09,0.1359,0.4563,15210.0
2174.7,15.19,-0.2249,0.3604,15210.0
2174.75,15.18,-0.125,0.248,15220.0
2174.8,15.17,-0.02508,0.1356,15220.0
2174.85,15.11,-0.05036,0.09926,15230.0
2174.9,15.05,-0.07564,0.06292,15250.0
2174.95,14.92,0.2231,-0.02963,15280.0
2175.0,14.78,0.5219,-0.1222,15310.0
2175.05,14.77,0.7106,-0.08158,15320.0
2175.1,14.76,0.8993,-0.04097,15320.0
2175.15,14.43,0.9186,0.002073,15300.0
2175.2,14.11,0.9379,0.04512,15270.0
2175.25,14.08,0.9236,0.1468,15250.0
2175.3,14.06,0.9092,0.2485,15230.0
2175.35,13.97,0.9886,0.3252,15230.0
2175.4,13.89,1.068,0.4019,15240.0
2175.45,13.67,1.051,0.663,15260.0
2175.5,13.44,1.033,0.924,15280.0
2175.55,13.63,0.9114,1.021,15280.0
2175.6,13.82,0.7894,1.119,15270.0
2175.65,13.8,0.7677,0.8717,15250.0
2175.7,13.77,0.746,0.6246,15250.0
2175.75,13.69,0.8527,0.5738,15250.0
2175.8,13.61,0.9594,0.5231,15250.0
2175.85,13.57,0.9353,0.5102,15250.0
2175.9,13.54,0.9112,0.4973,15260.0
2175.95,13.53,0.8264,0.4343,15250.0
2176.0,13.52,0.7416,0.3714,15240.0
2176.05,13.38,0.841,0.2816,15220.0
2176.1,13.25,0.9403,0.1917,15220.0
2176.15,13.3,1.004,0.1495,15240.0
2176.2,13.35,1.067,0.1073,15270.0
2176.25,13.24,1.217,0.08182,15290.0
2176.3,13.13,1.367,0.05634,15290.0
2176.35,13.11,1.404,0.1683,15290.0
2176.4,13.09,1.44,0.2802,15270.0
2176.45,13.13,1.33,0.2706,15250.0
2176.5,13.18,1.219,0.2609,15220.0
2176.55,12.97,1.042,0.2333,15210.0
2176.6,12.76,0.8646,0.2056,15220.0
2176.65,12.66,0.947,0.3152,15250.0
2176.7,12.57,1.029,0.4248,15280.0
2176.75,12.68,1.043,0.3028,15290.0
2176.8,12.78,1.057,0.1807,15290.0
2176.85,12.8,1.055,0.01683,15290.0
2176.9,12.82,1.053,-0.1471,15280.0
2176.95,12.71,0.9411,0.1575,15250.0
2177.0,12.61,0.8296,0.4621,15210.0
2177.05,12.53,0.9345,0.3296,15180.0
2177.1,12.46,1.039,0.1971,15180.0
2177.15,12.46,0.9371,0.3456,15180.0
2177.2,12.47,0.8348,0.4941,15200.0
2177.25,12.74,0.5866,0.548,15220.0
2177.3,13.01,0.3384,0.6019,15240.0
2177.35,13.14,0.2777,0.5776,15250.0
2177.4,13.27,0.217,0.5534,15260.0
2177.45,13.32,0.2251,0.5513,15260.0
2177.5,13.37,0.2333,0.5492,15240.0
2177.55,13.45,0.1397,0.3945,15210.0
2177.6,13.52,0.04618,0.2397,15180.0
2177.65,13.53,0.05374,0.2641,15150.0
2177.7,13.53,0.0613,0.2885,15110.0
2177.75,13.35,0.1931,0.2458,15090.0
2177.8,13.18,0.3248,0.2031,15090.0
2177.85,13.17,0.3344,0.1544,15100.0
2177.9,13.16,0.3439,0.1056,15120.0
2177.95,13.12,0.4707,0.1429,15130.0
2178.0,13.08,0.5975,0.1802,15140.0
2178.05,13.21,0.6123,0.4073,15140.0
2178.1,13.34,0.627,0.6343,15130.0
2178.15,13.34,0.7315,0.737,15100.0
2178.2,13.34,0.836,0.8397,15060.0
2178.25,13.3,0.831,0.7788,15030.0
2178.3,13.27,0.826,0.718,15020.0
2178.35,13.31,0.905,0.8003,15020.0
2178.4,13.34,0.9841,0.8826,15010.0
2178.45,13.38,0.9415,0.7254,15010.0
2178.5,13.41,0.8989,0.5682,15010.0
2178.55,13.43,0.8646,0.4231,15030.0
2178.6,13.44,0.8304,0.278,15040.0
2178.65,13.43,0.7273,0.328,15040.0
2178.7,13.43,0.6242,0.378,15030.0
2178.75,13.54,0.6753,0.4258,15030.0
2178.8,13.65,0.7265,0.4736,15030.0
2178.85,13.77,0.9074,0.6247,15010.0
2178.9,13.88,1.088,0.7758,14990.0
2178.95,13.7,0.963,0.3402,14970.0
2179.0,13.52,0.8376,-0.09536,14960.0
2179.05,13.46,0.8509,-0.1583,14970.0
2179.1,13.39,0.8642,-0.2212,14960.0
2179.15,13.41,0.9038,-0.1228,14960.0
2179.2,13.42,0.9435,-0.02439,14970.0
2179.25,13.34,0.8605,0.01927,14980.0
2179.3,13.25,0.7775,0.06292,14990.0
2179.35,13.2,0.8529,-0.1855,14980.0
2179.4,13.15,0.9283,-0.4339,14970.0
2179.45,12.99,0.953,-0.2977,14970.0
2179.5,12.83,0.9777,-0.1614,14970.0
2179.55,12.88,0.9815,0.02219,14970.0
2179.6,12.93,0.9853,0.2058,14950.0
2179.65,13.08,0.9206,0.1841,14940.0
2179.7,13.22,0.8559,0.1624,14950.0
2179.75,13.33,0.6594,0.001951,14960.0
2179.8,13.43,0.463,-0.1585,14960.0
2179.85,13.23,0.4729,-0.1245,14950.0
2179.9,13.04,0.4829,-0.09048,14950.0
2179.95,13.1,0.4144,-0.05341,14960.0
2180.0,13.17,0.3459,-0.01634,14980.0
2180.05,13.34,0.2826,0.02622,14990.0
2180.1,13.52,0.2193,0.06877,15000.0
2180.15,13.63,0.1883,0.02231,15020.0
2180.2,13.75,0.1572,-0.02414,15030.0
2180.25,13.95,0.3975,0.1095,15020.0
2180.3,14.14,0.6377,0.2431,14980.0
2180.35,14.16,0.6123,0.2916,14940.0
2180.4,14.19,0.5868,0.34,14910.0
2180.45,14.12,0.5971,0.2341,14900.0
2180.5,14.06,0.6075,0.1283,14900.0
2180.55,13.94,0.5969,0.1155,14920.0
2180.6,13.82,0.5864,0.1027,14970.0
2180.65,13.8,0.7058,0.05195,15020.0
2180.7,13.78,0.8252,0.001219,15060.0
2180.75,14.06,1.015,0.07487,15060.0
2180.8,14.33,1.204,0.1485,15040.0
2180.85,14.3,1.168,0.05536,15010.0
2180.9,14.26,1.132,-0.0378,14970.0
2180.95,14.09,1.279,-0.07024,14940.0
2181.0,13.93,1.426,-0.1027,14910.0
2181.05,13.8,1.321,-0.01524,14910.0
2181.1,13.68,1.216,0.07219,14940.0
2181.15,13.75,1.23,0.07194,14980.0
2181.2,13.83,1.244,0.0717,15010.0
2181.25,13.8,1.304,0.1354,15030.0
2181.3,13.77,1.364,0.199,15050.0
2181.35,13.96,1.231,0.2418,15050.0
2181.4,14.15,1.098,0.2846,15030.0
2181.45,14.29,1.091,0.2768,15010.0
2181.5,14.44,1.083,0.269,14980.0
2181.55,14.28,0.9074,0.3339,14970.0
2181.6,14.13,0.7321,0.3987,14980.0
2181.65,14.1,0.7167,0.4821,14990.0
2181.7,14.08,0.7014,0.5655,14990.0
2181.75,14.25,0.6455,0.4329,14980.0
2181.8,14.42,0.5896,0.3002,14980.0
2181.85,14.37,0.6706,0.2218,14980.0
2181.9,14.32,0.7516,0.1434,14970.0
2181.95,14.38,0.7546,0.1449,14970.0
2182.0,14.45,0.7576,0.1463,14980.0
2182.05,14.42,1.113,0.1216,15010.0
2182.1,14.39,1.469,0.09682,15040.0
2182.15,14.3,1.416,0.02792,15060.0
2182.2,14.21,1.363,-0.04097,15060.0
2182.25,14.34,1.34,-0.1723,15050.0
2182.3,14.46,1.316,-0.3036,15040.0
2182.35,14.23,1.311,-0.2538,15030.0
2182.4,14.0,1.306,-0.2039,15010.0
2182.45,14.07,1.374,-0.1845,15000.0
2182.5,14.14,1.443,-0.1651,15020.0
2182.55,14.11,1.352,-0.2188,15040.0
2182.6,14.08,1.262,-0.2724,15070.0
2182.65,14.09,1.397,-0.3714,15080.0
2182.7,14.11,1.532,-0.4704,15110.0
2182.75,14.0,1.515,-0.4658,15140.0
2182.8,13.9,1.498,-0.4612,15170.0
2182.85,13.89,1.431,-0.3278,15180.0
2182.9,13.88,1.365,-0.1944,15180.0
2182.95,13.87,1.424,-0.2322,15170.0
2183.0,13.85,1.483,-0.27,15160.0
2183.05,13.8,1.418,-0.3781,15140.0
2183.1,13.74,1.353,-0.4863,15110.0
2183.15,13.64,1.406,-0.5596,15080.0
2183.2,13.53,1.46,-0.6329,15090.0
2183.25,13.49,1.558,-0.6443,15130.0
2183.3,13.45,1.657,-0.6558,15170.0
2183.35,13.21,1.553,-0.631,15210.0
2183.4,12.96,1.448,-0.6063,15240.0
2183.45,13.03,1.322,-0.6097,15270.0
2183.5,13.1,1.197,-0.6131,15280.0
2183.55,12.98,1.348,-0.4831,15270.0
2183.6,12.87,1.499,-0.3531,15240.0
2183.65,12.93,1.536,-0.5118,15200.0
2183.7,12.99,1.574,-0.6704,15180.0
2183.75,13.03,1.421,-0.6764,15170.0
2183.8,13.07,1.268,-0.6824,15170.0
2183.85,13.17,1.183,-0.5726,15180.0
2183.9,13.28,1.098,-0.4629,15200.0
2183.95,13.22,1.113,-0.1792,15230.0
2184.0,13.16,1.129,0.1044,15260.0
2184.05,13.11,1.027,-0.04743,15270.0
2184.1,13.06,0.9255,-0.1992,15280.0
2184.15,12.85,1.01,-0.5376,15280.0
2184.2,12.65,1.094,-0.876,15280.0
2184.25,12.65,1.011,-0.87,15260.0
2184.3,12.65,0.9279,-0.8641,15240.0
2184.35,12.72,0.7392,-0.837,15220.0
2184.4,12.78,0.5505,-0.8099,15210.0
2184.45,12.81,0.5448,-0.5857,15200.0
2184.5,12.84,0.539,-0.3614,15210.0
2184.55,13.06,0.6202,-0.2466,15220.0
2184.6,13.29,0.7014,-0.1317,15240.0
2184.65,13.33,0.7649,-0.1971,15280.0
2184.7,13.38,0.8284,-0.2624,15310.0
2184.75,13.47,1.05,-0.3147,15330.0
2184.8,13.56,1.271,-0.367,15340.0
2184.85,13.6,1.414,-0.4186,15340.0
2184.9,13.64,1.557,-0.4702,15330.0
2184.95,13.62,1.64,-0.5766,15320.0
2185.0,13.61,1.723,-0.6831,15320.0
2185.05,13.64,1.753,-0.395,15340.0
2185.1,13.67,1.783,-0.1068,15360.0
2185.15,13.69,1.627,-0.06048,15380.0
2185.2,13.71,1.47,-0.01414,15400.0
2185.25,13.6,1.536,0.08901,15410.0
2185.3,13.49,1.601,0.1922,15420.0
2185.35,13.34,1.616,0.2467,15420.0
2185.4,13.18,1.631,0.3012,15410.0
2185.45,13.27,1.461,0.2305,15420.0
2185.5,13.36,1.29,0.1597,15430.0
2185.55,13.33,1.139,0.05036,15450.0
2185.6,13.3,0.9872,-0.05902,15480.0
2185.65,13.45,0.9375,-0.2373,15510.0
2185.7,13.61,0.8877,-0.4156,15530.0
2185.75,13.7,0.9952,-0.2089,15550.0
2185.8,13.78,1.103,-0.002195,15550.0
2185.85,13.98,0.9721,0.1136,15530.0
2185.9,14.18,0.8415,0.2295,15510.0
2185.95,14.33,0.7647,0.1988,15490.0
2186.0,14.48,0.6879,0.168,15490.0
2186.05,14.51,0.6978,0.06268,15490.0
2186.1,14.54,0.7078,-0.04268,15510.0
2186.15,14.52,0.5153,0.0003658,15530.0
2186.2,14.51,0.3228,0.04341,15570.0
2186.25,14.49,0.4383,-0.1058,15590.0
2186.3,14.47,0.5537,-0.2551,15610.0
2186.35,14.67,0.6771,-0.1833,15610.0
2186.4,14.87,0.8005,-0.1115,15600.0
2186.45,14.84,0.7635,-0.2509,15590.0
2186.5,14.82,0.7265,-0.3904,15560.0
2186.55,15.04,0.7651,-0.4436,15530.0
2186.6,15.26,0.8037,-0.4968,15530.0
2186.65,15.52,0.7175,-0.3687,15540.0
2186.7,15.78,0.6314,-0.2407,15560.0
2186.75,15.71,0.5591,-0.2618,15580.0
2186.8,15.64,0.4869,-0.2829,15610.0
2186.85,15.85,0.2713,-0.2618,15620.0
2186.9,16.05,0.05573,-0.2407,15610.0
2186.95,16.08,0.05693,-0.1638,15600.0
2187.0,16.11,0.05812,-0.08682,15580.0
2187.05,16.2,0.06867,-0.06329,15570.0
2187.1,16.29,0.07922,-0.03975,15580.0
2187.15,16.18,0.1859,-0.02731,15590.0
2187.2,16.07,0.2926,-0.01488,15610.0
2187.25,16.13,0.2205,-0.01427,15630.0
2187.3,16.18,0.1485,-0.01366,15660.0
2187.35,16.29,0.2038,0.2418,15670.0
2187.4,16.4,0.2592,0.4973,15660.0
2187.45,16.53,0.3246,0.4778,15650.0
2187.5,16.66,0.3901,0.4582,15640.0
2187.55,16.7,0.3165,0.3386,15630.0
2187.6,16.75,0.2428,0.219,15630.0
2187.65,16.89,0.1373,0.2606,15640.0
2187.7,17.03,0.03185,0.3022,15660.0
2187.75,17.08,-0.00418,0.5047,15700.0
2187.8,17.13,-0.04021,0.7072,15740.0
2187.85,17.17,0.1208,0.6153,15750.0
2187.9,17.21,0.2818,0.5234,15750.0
2187.95,17.3,0.1861,0.5976,15740.0
2188.0,17.4,0.09036,0.6719,15720.0
2188.05,17.27,0.1457,0.626,15700.0
2188.1,17.15,0.201,0.5802,15680.0
2188.15,17.08,0.1027,0.7927,15680.0
2188.2,17.01,0.004379,1.005,15690.0
2188.25,17.0,0.09872,0.9337,15720.0
2188.3,16.99,0.1931,0.8621,15750.0
2188.35,17.12,0.2209,0.69,15780.0
2188.4,17.24,0.2488,0.518,15800.0
2188.45,17.18,0.07006,0.4717,15810.0
2188.5,17.13,-0.1087,0.4253,15800.0
2188.55,17.14,-0.2824,0.3829,15770.0
2188.6,17.16,-0.4562,0.3405,15750.0
2188.65,17.18,-0.3551,0.4315,15740.0
2188.7,17.19,-0.254,0.5226,15750.0
2188.75,17.29,-0.3252,0.5827,15760.0
2188.8,17.38,-0.3965,0.6429,15760.0
2188.85,17.17,-0.4457,0.4981,15770.0
2188.9,16.97,-0.4948,0.3534,15790.0
2188.95,17.0,-0.5995,0.4298,15810.0
2189.0,17.03,-0.7042,0.5063,15800.0
2189.05,17.14,-0.6761,0.1999,15800.0
2189.1,17.25,-0.6481,-0.1066,15810.0
2189.15,17.23,-0.574,-0.1502,15830.0
2189.2,17.21,-0.5,-0.1939,15840.0
2189.25,17.25,-0.5476,-0.2111,15840.0
2189.3,17.29,-0.5951,-0.2283,15840.0
2189.35,17.24,-0.173,-0.4051,15850.0
2189.4,17.19,0.2492,-0.5819,15870.0
2189.45,17.28,0.2566,-0.6162,15870.0
2189.5,17.37,0.2639,-0.6504,15880.0
2189.55,17.28,0.2052,-0.3674,15900.0
2189.6,17.19,0.1465,-0.08438,15920.0
2189.65,17.1,0.1566,0.009511,15940.0
2189.7,17.0,0.1668,0.1034,15950.0
2189.75,17.04,0.05593,0.1711,15950.0
2189.8,17.08,-0.05494,0.2388,15960.0
2189.85,16.77,-0.1208,0.3413,15970.0
2189.9,16.45,-0.1867,0.4439,15980.0
2189.95,16.53,-0.1509,0.4965,15980.0
2190.0,16.6,-0.115,0.5492,16000.0
2190.05,16.64,-0.08758,0.4928,16020.0
2190.1,16.68,-0.06011,0.4363,16040.0
2190.15,16.52,-0.002986,0.6037,16070.0
2190.2,16.36,0.05414,0.7711,16080.0
2190.25,16.43,0.1397,0.788,16080.0
2190.3,16.49,0.2253,0.8048,16070.0
2190.35,16.38,-0.04896,0.7474,16060.0
2190.4,16.28,-0.3232,0.6899,16050.0
2190.45,16.17,-0.3232,0.6203,16050.0
2190.5,16.06,-0.3232,0.5507,16060.0
2190.55,15.96,-0.3483,0.5029,16070.0
2190.6,15.86,-0.3734,0.4551,16080.0
2190.65,15.97,-0.505,0.1746,16090.0
2190.7,16.09,-0.6365,-0.1058,16100.0
2190.75,16.06,-0.6166,0.002683,16110.0
2190.8,16.03,-0.5967,0.1112,16120.0
2190.85,15.95,-0.2172,0.143,16110.0
2190.9,15.88,0.1624,0.1749,16100.0
2190.95,15.81,0.1415,0.228,16090.0
2191.0,15.73,0.1206,0.2812,16080.0
2191.05,15.84,0.002986,0.3411,16070.0
2191.1,15.94,-0.1146,0.4009,16080.0
2191.15,16.24,-0.1105,0.304,16110.0
2191.2,16.54,-0.1063,0.2071,16130.0
2191.25,16.63,-0.1429,-0.04914,16140.0
2191.3,16.73,-0.1795,-0.3053,16130.0
2191.35,16.55,-0.2566,-0.4213,16130.0
2191.4,16.37,-0.3336,-0.5373,16130.0
2191.45,16.44,-0.2552,-0.4325,16130.0
2191.5,16.51,-0.1767,-0.3278,16120.0
2191.55,16.16,-0.2275,-0.2055,16120.0
2191.6,15.81,-0.2783,-0.08316,16140.0
2191.65,15.76,-0.3217,0.002195,16170.0
2191.7,15.71,-0.365,0.08755,16180.0
2191.75,15.58,-0.365,0.08914,16190.0
2191.8,15.44,-0.365,0.09072,16190.0
2191.85,15.62,-0.5133,0.1196,16190.0
2191.9,15.8,-0.6616,0.1485,16200.0
2191.95,15.83,-0.508,0.05402,16200.0
2192.0,15.86,-0.3543,-0.04048,16200.0
2192.05,15.78,-0.3525,-0.2305,16220.0
2192.1,15.69,-0.3507,-0.4204,16250.0
2192.15,15.77,-0.3776,-0.5513,16280.0
2192.2,15.86,-0.4045,-0.6821,16290.0
2192.25,16.01,-0.2219,-0.6863,16290.0
2192.3,16.17,-0.03941,-0.6904,16290.0
2192.35,16.22,-0.09853,-0.6897,16280.0
2192.4,16.27,-0.1576,-0.6889,16270.0
2192.45,16.17,-0.1421,-0.5902,16260.0
2192.5,16.06,-0.1266,-0.4914,16260.0
2192.55,16.09,-0.1232,-0.364,16280.0
2192.6,16.11,-0.1198,-0.2366,16310.0
2192.65,16.08,-0.09872,-0.1625,16340.0
2192.7,16.05,-0.07763,-0.08853,16350.0
2192.75,16.05,0.1003,-0.0828,16360.0
2192.8,16.05,0.2783,-0.07706,16350.0
2192.85,16.23,0.1716,-0.09145,16340.0
2192.9,16.41,0.06489,-0.1058,16310.0
2192.95,16.61,-0.05852,-0.3557,16290.0
2193.0,16.82,-0.1819,-0.6055,16270.0
2193.05,16.92,-0.0414,-0.6499,16280.0
2193.1,17.02,0.09912,-0.6943,16290.0
2193.15,16.88,0.2775,-0.6404,16310.0
2193.2,16.74,0.4558,-0.5865,16330.0
2193.25,16.7,0.3155,-0.3868,16340.0
2193.3,16.67,0.1752,-0.1871,16340.0
2193.35,16.62,0.2699,-0.08036,16330.0
2193.4,16.58,0.3646,0.02634,16310.0
2193.45,16.51,0.3764,0.1417,16290.0
2193.5,16.44,0.3881,0.257,16280.0
2193.55,16.45,0.3023,0.3098,16280.0
2193.6,16.45,0.2166,0.3626,16300.0
2193.65,16.54,0.2187,0.3623,16320.0
2193.7,16.63,0.2209,0.3619,16340.0
2193.75,16.71,0.3957,0.4481,16360.0
2193.8,16.79,0.5705,0.5343,16350.0
2193.85,16.73,0.5611,0.7421,16340.0
2193.9,16.67,0.5517,0.9499,16330.0
2193.95,16.8,0.4898,0.747,16320.0
2194.0,16.93,0.4279,0.5441,16330.0
2194.05,16.93,0.4214,0.4015,16350.0
2194.1,16.93,0.4148,0.259,16360.0
2194.15,17.05,0.2651,0.2202,16390.0
2194.2,17.18,0.1154,0.1814,16410.0
2194.25,17.31,-0.09952,0.06707,16430.0
2194.3,17.43,-0.3145,-0.04731,16460.0
2194.35,17.53,-0.3945,-0.002073,16470.0
2194.4,17.63,-0.4745,0.04317,16470.0
2194.45,17.53,-0.3155,0.07999,16470.0
2194.5,17.44,-0.1564,0.1168,16470.0
2194.55,17.28,0.02408,-0.1235,16460.0
2194.6,17.11,0.2046,-0.3639,16460.0
2194.65,17.18,0.2118,-0.3259,16470.0
2194.7,17.26,0.2189,-0.288,16510.0
2194.75,17.02,0.07663,-0.2453,16550.0
2194.8,16.78,-0.06568,-0.2027,16580.0
2194.85,16.81,-0.2886,-0.2295,16610.0
2194.9,16.84,-0.5115,-0.2563,16620.0
2194.95,16.8,-0.5537,-0.05438,16620.0
2195.0,16.76,-0.5959,0.1475,16600.0
2195.05,16.59,-0.4176,0.1071,16570.0
2195.1,16.42,-0.2392,0.06658,16550.0
2195.15,16.39,-0.2275,-0.03183,16540.0
2195.2,16.35,-0.2158,-0.1302,16550.0
2195.25,16.3,-0.2307,-0.04292,16580.0
2195.3,16.25,-0.2456,0.04439,16610.0
2195.35,16.16,-0.3316,0.1545,16640.0
2195.4,16.08,-0.4176,0.2646,16670.0
2195.45,16.06,-0.5324,0.2001,16690.0
2195.5,16.03,-0.6473,0.1356,16670.0
2195.55,16.0,-0.5074,0.165,16640.0
2195.6,15.97,-0.3674,0.1944,16610.0
2195.65,16.05,-0.4882,0.0556,16590.0
2195.7,16.13,-0.6091,-0.08316,16570.0
2195.75,16.14,-0.5241,-0.04085,16560.0
2195.8,16.15,-0.4391,0.001463,16570.0
2195.85,16.19,-0.3903,0.02695,16600.0
2195.9,16.23,-0.3416,0.05243,16630.0
2195.95,16.18,-0.3617,0.2191,16660.0
2196.0,16.14,-0.3818,0.3858,16680.0
2196.05,16.03,-0.2574,0.4641,16690.0
2196.1,15.93,-0.133,0.5424,16680.0
2196.15,16.1,-0.2976,0.4892,16660.0
2196.2,16.26,-0.4622,0.436,16640.0
2196.25,16.12,-0.6043,0.4198,16630.0
2196.3,15.98,-0.7464,0.4036,16640.0
2196.35,16.12,-0.6823,0.2892,16660.0
2196.4,16.25,-0.6182,0.1749,16700.0
2196.45,16.21,-0.6736,0.1375,16730.0
2196.5,16.17,-0.7289,0.1002,16740.0
2196.55,16.05,-0.461,0.2342,16750.0
2196.6,15.92,-0.1931,0.3683,16760.0
2196.65,15.95,0.01652,0.5362,16770.0
2196.7,15.97,0.2261,0.7041,16780.0
2196.75,15.94,0.1574,0.6202,16790.0
2196.8,15.91,0.08877,0.5363,16790.0
2196.85,15.87,0.3017,0.4317,16800.0
2196.9,15.83,0.5147,0.327,16790.0
2196.95,15.99,0.4415,0.373,16790.0
2197.0,16.16,0.3682,0.419,16790.0
2197.05,16.3,0.3728,0.1829,16820.0
2197.1,16.44,0.3774,-0.05316,16860.0
2197.15,16.37,0.5137,-0.03183,16890.0
2197.2,16.29,0.6501,-0.01049,16900.0
2197.25,16.28,0.4303,0.05231,16910.0
2197.3,16.26,0.2106,0.1151,16910.0
2197.35,16.25,0.173,0.2798,16910.0
2197.4,16.23,0.1353,0.4446,16890.0
2197.45,16.27,0.08599,0.4267,16870.0
2197.5,16.31,0.03662,0.4087,16860.0
2197.55,16.48,-0.1146,0.2803,16880.0
2197.6,16.65,-0.2659,0.1519,16900.0
2197.65,16.76,-0.1125,0.2429,16920.0
2197.7,16.86,0.041,0.3339,16920.0
2197.75,16.8,0.09156,0.6159,16940.0
2197.8,16.75,0.1421,0.8979,16960.0
2197.85,16.75,0.2765,0.8858,16970.0
2197.9,16.75,0.4108,0.8736,16960.0
2197.95,16.64,0.3883,0.7558,16940.0
2198.0,16.53,0.3658,0.638,16930.0
2198.05,16.64,0.1984,0.6197,16930.0
2198.1,16.75,0.03105,0.6014,16930.0
2198.15,16.6,0.1178,0.7061,16930.0
2198.2,16.45,0.2046,0.8109,16950.0
2198.25,16.36,0.2683,0.9771,16970.0
2198.3,16.27,0.332,1.143,16990.0
2198.35,16.25,0.5185,0.9098,16990.0
2198.4,16.23,0.705,0.6763,16980.0
2198.45,16.21,0.8479,0.5521,16960.0
2198.5,16.18,0.9908,0.428,16960.0
2198.55,16.24,1.058,0.5295,16960.0
2198.6,16.29,1.125,0.6309,16970.0
2198.65,16.34,1.021,0.5908,16970.0
2198.7,16.39,0.9172,0.5507,16990.0
2198.75,16.34,0.9747,0.5981,17020.0
2198.8,16.3,1.032,0.6455,17030.0
2198.85,16.29,1.131,0.6646,17040.0
2198.9,16.27,1.23,0.6836,17050.0
2198.95,16.27,1.268,0.5862,17060.0
2199.0,16.26,1.306,0.4887,17070.0
2199.05,16.18,1.343,0.4585,17070.0
2199.1,16.1,1.381,0.4282,17050.0
2199.15,16.19,1.225,0.4289,17040.0
2199.2,16.28,1.069,0.4295,17040.0
2199.25,16.06,1.263,0.5679,17050.0
2199.3,15.84,1.456,0.7063,17050.0
2199.35,15.94,1.268,0.8953,17070.0
2199.4,16.05,1.081,1.084,17090.0
2199.45,16.15,0.9799,0.9418,17130.0
2199.5,16.24,0.879,0.7994,17160.0
2199.55,16.23,0.7012,0.6172,17170.0
2199.6,16.23,0.5235,0.4351,17170.0
2199.65,16.11,0.545,0.5663,17170.0
2199.7,15.99,0.5665,0.6975,17170.0
2199.75,15.76,0.5716,0.7176,17150.0
2199.8,15.52,0.5768,0.7377,17130.0
2199.85,15.74,0.6357,0.7298,17120.0
2199.9,15.96,0.6947,0.7219,17140.0
2199.95,15.88,0.7343,0.623,17160.0
2200.0,15.81,0.7739,0.5241,17180.0
2200.05,15.65,0.8885,0.5342,17200.0
2200.1,15.49,1.003,0.5443,17220.0
2200.15,15.57,0.7733,0.6094,17250.0
2200.2,15.66,0.5434,0.6746,17280.0
2200.25,15.63,0.5018,0.8823,17280.0
2200.3,15.59,0.4602,1.09,17270.0
2200.35,15.82,0.671,0.8192,17270.0
2200.4,16.04,0.8818,0.5482,17260.0
2200.45,15.92,0.7848,0.3556,17250.0
2200.5,15.79,0.6879,0.1629,17240.0
2200.55,15.71,0.7187,0.0817,17240.0
2200.6,15.62,0.7496,0.0004877,17260.0
2200.65,15.53,0.5418,-0.02707,17280.0
2200.7,15.44,0.334,-0.05463,17290.0
2200.75,15.56,0.3593,-0.1711,17310.0
2200.8,15.68,0.3845,-0.2875,17330.0
2200.85,15.64,0.3304,-0.5365,17350.0
2200.9,15.61,0.2763,-0.7855,17350.0
2200.95,15.6,0.2408,-0.7477,17330.0
2201.0,15.6,0.2054,-0.7099,17320.0
2201.05,15.69,0.3262,-0.394,17320.0
2201.1,15.78,0.447,-0.07804,17330.0
2201.15,15.63,0.3013,-0.0984,17350.0
2201.2,15.48,0.1557,-0.1188,17370.0
2201.25,15.54,0.1399,-0.1485,17400.0
2201.3,15.59,0.1242,-0.1783,17420.0
2201.35,15.73,0.2018,-0.1314,17430.0
2201.4,15.86,0.2795,-0.08462,17430.0
2201.45,16.1,0.2701,-0.05597,17420.0
2201.5,16.35,0.2607,-0.02731,17410.0
2201.55,16.39,0.2693,-0.01646,17410.0
2201.6,16.43,0.2779,-0.005609,17400.0
2201.65,16.39,0.3875,0.1125,17390.0
2201.7,16.35,0.4972,0.2307,17400.0
2201.75,16.3,0.5273,0.3226,17450.0
2201.8,16.24,0.5573,0.4146,17500.0
2201.85,16.26,0.4357,0.3873,17540.0
2201.9,16.28,0.3141,0.36,17560.0
2201.95,16.13,0.2301,0.5187,17560.0
2202.0,15.98,0.1461,0.6775,17550.0
2202.05,15.94,-0.07444,0.6162,17510.0
2202.1,15.91,-0.295,0.5548,17470.0
2202.15,16.01,-0.2313,0.5031,17450.0
2202.2,16.11,-0.1676,0.4514,17450.0
2202.25,15.92,-0.1115,0.718,17470.0
2202.3,15.74,-0.05533,0.9845,17500.0
2202.35,15.71,-0.02926,0.9179,17530.0
2202.4,15.69,-0.003185,0.8514,17570.0
2202.45,15.73,0.3179,0.8971,17610.0
2202.5,15.76,0.6389,0.9428,17620.0
2202.55,15.71,0.3079,0.8287,17600.0
2202.6,15.66,-0.02309,0.7146,17560.0
2202.65,15.9,-0.2496,0.8299,17520.0
2202.7,16.15,-0.4761,0.9453,17490.0
2202.75,16.08,-0.59,0.8919,17480.0
2202.8,16.02,-0.7038,0.8384,17480.0
2202.85,16.16,-0.7189,0.8197,17510.0
2202.9,16.3,-0.7341,0.8009,17560.0
2202.95,16.3,-0.4892,0.8989,17600.0
2203.0,16.3,-0.2444,0.997,17620.0
2203.05,16.37,-0.1385,0.8962,17610.0
2203.1,16.44,-0.03264,0.7955,17600.0
2203.15,16.56,-0.1328,0.6385,17570.0
2203.2,16.68,-0.2329,0.4814,17530.0
2203.25,16.53,-0.2078,0.3441,17500.0
2203.3,16.39,-0.1827,0.2068,17480.0
2203.35,16.44,-0.2603,0.3133,17500.0
2203.4,16.48,-0.338,0.4197,17550.0
2203.45,16.6,-0.4279,0.5062,17590.0
2203.5,16.72,-0.5179,0.5926,17630.0
2203.55,16.8,-0.3951,0.1349,17650.0
2203.6,16.88,-0.2723,-0.3229,17650.0
2203.65,16.69,-0.3969,-0.1763,17620.0
2203.7,16.51,-0.5215,-0.02975,17570.0
2203.75,16.57,-0.5864,0.08999,17530.0
2203.8,16.63,-0.6513,0.2097,17500.0
2203.85,16.79,-0.4666,0.01183,17500.0
2203.9,16.96,-0.2818,-0.1861,17520.0
2203.95,16.85,-0.2986,-0.1779,17560.0
2204.0,16.74,-0.3153,-0.1697,17600.0
2204.05,16.71,-0.123,-0.07975,17640.0
2204.1,16.68,0.06927,0.01024,17660.0
2204.15,16.72,-0.1222,0.2844,17650.0
2204.2,16.76,-0.3137,0.5585,17620.0
2204.25,16.87,-0.1463,0.5826,17590.0
2204.3,16.97,0.0211,0.6068,17560.0
2204.35,17.07,0.1489,0.5953,17560.0
2204.4,17.17,0.2767,0.5838,17570.0
2204.45,17.25,0.3157,0.474,17570.0
2204.5,17.32,0.3547,0.3641,17580.0
2204.55,17.34,0.3107,0.435,17600.0
2204.6,17.36,0.2667,0.5058,17610.0
2204.65,17.39,0.3589,0.2653,17610.0
2204.7,17.42,0.451,0.02488,17600.0
2204.75,17.43,0.4847,-0.1994,17600.0
2204.8,17.43,0.5183,-0.4236,17610.0
2204.85,17.76,0.4439,-0.4646,17600.0
2204.9,18.08,0.3694,-0.5056,17590.0
2204.95,17.91,0.5042,-0.6981,17580.0
2205.0,17.74,0.6389,-0.8906,17580.0
2205.05,17.68,0.5866,-0.9178,17590.0
2205.1,17.61,0.5342,-0.945,17580.0
2205.15,17.66,0.542,-0.9434,17560.0
2205.2,17.72,0.5498,-0.9418,17560.0
2205.25,17.87,0.5099,-0.8955,17570.0
2205.3,18.02,0.4701,-0.8492,17580.0
2205.35,17.87,0.3171,-0.7152,17580.0
2205.4,17.72,0.164,-0.5812,17570.0
2205.45,17.69,0.1059,-0.6007,17560.0
2205.5,17.66,0.04777,-0.6202,17550.0
2205.55,17.81,0.07404,-0.5857,17540.0
2205.6,17.96,0.1003,-0.5512,17530.0
2205.65,17.97,0.1342,-0.6024,17520.0
2205.7,17.98,0.168,-0.6536,17520.0
2205.75,17.97,0.1869,-0.536,17540.0
2205.8,17.95,0.2058,-0.4185,17560.0
2205.85,18.08,0.1491,-0.3812,17560.0
2205.9,18.21,0.09236,-0.3439,17540.0
2205.95,18.12,0.1375,-0.189,17520.0
2206.0,18.03,0.1827,-0.03414,17490.0
2206.05,18.09,0.2293,0.09292,17470.0
2206.1,18.15,0.2759,0.22,17450.0
2206.15,18.17,0.042,0.279,17440.0
2206.2,18.2,-0.1919,0.338,17450.0
2206.25,18.1,-0.1148,0.005731,17450.0
2206.3,17.99,-0.03782,-0.3265,17440.0
2206.35,18.11,-0.01353,-0.6892,17430.0
2206.4,18.23,0.01075,-1.052,17430.0
2206.45,18.01,-0.01095,-0.9973,17430.0
2206.5,17.79,-0.03264,-0.9428,17420.0
2206.55,17.85,-0.1686,-0.8855,17410.0
2206.6,17.91,-0.3045,-0.8282,17400.0
2206.65,17.8,-0.1457,-0.7917,17390.0
2206.7,17.68,0.01314,-0.7553,17360.0
2206.75,17.74,0.09813,-0.6791,17320.0
2206.8,17.79,0.1831,-0.6029,17280.0
2206.85,17.83,0.1976,-0.4764,17250.0
2206.9,17.87,0.2122,-0.35,17230.0
2206.95,17.78,0.1071,-0.3361,17240.0
2207.0,17.7,0.00199,-0.3222,17260.0
2207.05,17.96,-0.1875,-0.4451,17290.0
2207.1,18.22,-0.377,-0.568,17300.0
2207.15,18.16,-0.3519,-0.4781,17310.0
2207.2,18.09,-0.3268,-0.3882,17310.0
2207.25,18.15,-0.2928,-0.2603,17290.0
2207.3,18.2,-0.2588,-0.1324,17260.0
2207.35,18.12,-0.1765,0.03792,17220.0
2207.4,18.03,-0.09435,0.2083,17150.0
2207.45,18.01,-0.03284,0.1328,17100.0
2207.5,17.99,0.02866,0.05731,17070.0
2207.55,17.96,-0.1871,0.2477,17070.0
2207.6,17.94,-0.4029,0.438,17100.0
2207.65,17.77,-0.4831,0.3426,17140.0
2207.7,17.6,-0.5633,0.2473,17190.0
2207.75,17.62,-0.4082,0.452,17210.0
2207.8,17.63,-0.2532,0.6568,17200.0
2207.85,17.6,-0.1308,0.5765,17160.0
2207.9,17.57,-0.00836,0.4963,17090.0
2207.95,17.35,-0.1152,0.3798,17020.0
2208.0,17.12,-0.2221,0.2634,16970.0
2208.05,17.01,-0.1568,0.285,16940.0
2208.1,16.9,-0.09156,0.3066,16940.0
2208.15,16.83,0.03881,0.269,16950.0
2208.2,16.75,0.1692,0.2314,16970.0
2208.25,16.74,0.3059,0.3633,16970.0
2208.3,16.72,0.4427,0.4951,16960.0
2208.35,16.83,0.3818,0.5099,16940.0
2208.4,16.93,0.3209,0.5248,16920.0
2208.45,16.94,0.3008,0.5852,16900.0
2208.5,16.94,0.2806,0.6455,16870.0
2208.55,17.07,0.5091,0.4945,16850.0
2208.6,17.19,0.7376,0.3434,16830.0
2208.65,17.11,0.7647,0.3442,16800.0
2208.7,17.04,0.7918,0.3451,16790.0
2208.75,16.82,0.538,0.4614,16780.0
2208.8,16.6,0.2842,0.5777,16780.0
2208.85,16.63,0.45,0.3856,16780.0
2208.9,16.67,0.6158,0.1934,16760.0
2208.95,16.65,0.5977,0.1291,16730.0
2209.0,16.63,0.5796,0.06487,16680.0
2209.05,16.63,0.7164,0.1513,16640.0
2209.1,16.63,0.8531,0.2378,16630.0
2209.15,16.71,0.6063,0.06414,16640.0
2209.2,16.8,0.3595,-0.1095,16670.0
2209.25,16.77,0.2466,-0.3357,16690.0
2209.3,16.74,0.1338,-0.5619,16710.0
2209.35,16.85,0.2032,-0.5768,16720.0
2209.4,16.96,0.2727,-0.5916,16710.0
2209.45,16.93,0.55,-0.4913,16670.0
2209.5,16.91,0.8272,-0.3909,16620.0
2209.55,17.06,0.9218,-0.3569,16560.0
2209.6,17.21,1.016,-0.3229,16530.0
2209.65,17.17,0.8613,-0.3129,16510.0
2209.7,17.14,0.7062,-0.3029,16500.0
2209.75,17.12,0.8678,-0.3578,16510.0
2209.8,17.11,1.029,-0.4126,16520.0
2209.85,17.03,1.151,-0.4528,16550.0
2209.9,16.96,1.273,-0.4929,16600.0
2209.95,17.1,1.365,-0.5644,16630.0
2210.0,17.25,1.458,-0.636,16640.0
2210.05,17.31,1.427,-0.5801,16620.0
2210.1,17.37,1.396,-0.5241,16580.0
2210.15,17.6,1.471,-0.5565,16520.0
2210.2,17.83,1.547,-0.589,16440.0
2210.25,17.76,1.187,-0.4932,16380.0
2210.3,17.68,0.8272,-0.3975,16340.0
2210.35,17.56,0.7538,-0.3912,16340.0
2210.4,17.43,0.6803,-0.3848,16370.0
2210.45,17.28,0.6067,-0.3187,16410.0
2210.5,17.13,0.533,-0.2527,16460.0
2210.55,17.15,0.5997,-0.2389,16490.0
2210.6,17.18,0.6664,-0.2251,16500.0
2210.65,17.24,0.8973,-0.2272,16480.0
2210.7,17.29,1.128,-0.2292,16430.0
2210.75,17.3,1.254,-0.2892,16380.0
2210.8,17.3,1.381,-0.3492,16340.0
2210.85,17.27,1.294,-0.2767,16300.0
2210.9,17.25,1.207,-0.2041,16270.0
2210.95,17.22,1.028,-0.1156,16260.0
2211.0,17.19,0.8491,-0.02707,16270.0
2211.05,17.22,0.9948,0.05475,16290.0
2211.1,17.25,1.141,0.1366,16310.0
2211.15,17.08,1.116,-0.01805,16310.0
2211.2,16.9,1.092,-0.1727,16300.0
2211.25,16.82,0.8551,-0.03085,16300.0
2211.3,16.74,0.6178,0.111,16290.0
2211.35,16.8,0.4074,0.1393,16270.0
2211.4,16.87,0.1971,0.1675,16240.0
2211.45,16.97,0.3704,0.1123,16220.0
2211.5,17.07,0.5438,0.05707,16220.0
2211.55,17.18,0.4439,-0.03573,16220.0
2211.6,17.28,0.3439,-0.1285,16220.0
2211.65,17.16,0.5892,0.1021,16200.0
2211.7,17.03,0.8344,0.3326,16190.0
2211.75,17.0,0.8294,0.2045,16180.0
2211.8,16.98,0.8244,0.07633,16160.0
2211.85,17.01,0.7199,-0.008658,16130.0
2211.9,17.04,0.6154,-0.09365,16100.0
2211.95,17.15,0.6761,-0.2314,16110.0
2212.0,17.26,0.7369,-0.3692,16140.0
2212.05,17.12,0.8571,-0.2301,16160.0
2212.1,16.99,0.9773,-0.09097,16160.0
2212.15,16.84,0.7432,-0.08121,16150.0
2212.2,16.68,0.5091,-0.07146,16130.0
2212.25,16.54,0.3913,-0.2475,16100.0
2212.3,16.39,0.2735,-0.4236,16070.0
2212.35,16.44,0.3217,-0.2424,16040.0
2212.4,16.49,0.3698,-0.06121,16020.0
2212.45,16.59,0.4385,-0.08426,16010.0
2212.5,16.69,0.5072,-0.1073,16020.0
2212.55,16.53,0.4009,-0.1307,16020.0
2212.6,16.37,0.2946,-0.1541,16010.0
2212.65,16.13,0.1867,-0.01171,16010.0
2212.7,15.89,0.07882,0.1307,16010.0
2212.75,15.72,0.06648,0.1508,16010.0
2212.8,15.55,0.05414,0.171,15990.0
2212.85,15.58,0.06668,-0.07828,15970.0
2212.9,15.61,0.07922,-0.3275,15960.0
2212.95,15.37,0.3141,-0.3365,15950.0
2213.0,15.12,0.549,-0.3456,15920.0
2213.05,15.08,0.532,-0.2757,15880.0
2213.1,15.03,0.5151,-0.2058,15840.0
2213.15,14.96,0.4132,-0.09597,15830.0
2213.2,14.9,0.3113,0.0139,15830.0
2213.25,14.91,0.1967,0.0878,15830.0
2213.3,14.92,0.08201,0.1617,15830.0
2213.35,14.95,0.1131,0.2381,15850.0
2213.4,14.97,0.1441,0.3146,15870.0
2213.45,14.9,0.2404,0.4759,15860.0
2213.5,14.82,0.3368,0.6372,15830.0
2213.55,14.91,0.4291,0.7527,15770.0
2213.6,15.0,0.5215,0.8682,15730.0
2213.65,15.15,0.5428,0.9122,15680.0
2213.7,15.29,0.5641,0.9562,15650.0
2213.75,15.18,0.4421,0.955,15640.0
2213.8,15.07,0.3201,0.9538,15650.0
2213.85,14.92,0.3648,1.052,15690.0
2213.9,14.76,0.4096,1.15,15720.0
2213.95,14.63,0.4737,1.16,15740.0
2214.0,14.51,0.5378,1.171,15730.0
2214.05,14.51,0.3219,1.092,15710.0
2214.1,14.52,0.1059,1.013,15660.0
2214.15,14.67,0.0414,0.8997,15610.0
2214.2,14.82,-0.02309,0.7867,15570.0
2214.25,14.74,0.1194,0.6865,15550.0
2214.3,14.66,0.2619,0.5863,15560.0
2214.35,14.67,0.3583,0.3318,15590.0
2214.4,14.67,0.4546,0.07731,15620.0
2214.45,14.55,0.4986,-0.01671,15630.0
2214.5,14.42,0.5426,-0.1107,15640.0
2214.55,14.23,0.5191,-0.08377,15630.0
2214.6,14.05,0.4956,-0.05682,15600.0
2214.65,13.95,0.4256,-0.008414,15560.0
2214.7,13.85,0.3555,0.04,15520.0
2214.75,14.08,0.4775,0.001341,15510.0
2214.8,14.32,0.5995,-0.03731,15510.0
2214.85,14.11,0.6162,-0.2514,15540.0
2214.9,13.9,0.633,-0.4656,15560.0
2214.95,13.88,0.8308,-0.4885,15570.0
2215.0,13.86,1.029,-0.5114,15570.0
2215.05,13.85,0.9644,-0.5573,15560.0
2215.1,13.84,0.9001,-0.6031,15530.0
2215.15,13.53,0.7301,-0.379,15480.0
2215.2,13.22,0.5601,-0.1549,15450.0
2215.25,13.31,0.5876,0.01402,15430.0
2215.3,13.4,0.615,0.1829,15420.0
2215.35,13.46,0.4855,0.1961,15420.0
2215.4,13.52,0.3559,0.2092,15430.0
2215.45,13.54,0.2347,0.173,15460.0
2215.5,13.56,0.1135,0.1368,15490.0
2215.55,13.6,-0.008559,0.02219,15490.0
2215.6,13.65,-0.1306,-0.09243,15460.0
2215.65,13.88,-0.01732,-0.05829,15410.0
2215.7,14.11,0.09594,-0.02414,15370.0
2215.75,14.01,0.02309,-0.125,15330.0
2215.8,13.91,-0.04976,-0.2258,15300.0
2215.85,13.76,-0.4498,-0.2617,15290.0
2215.9,13.6,-0.8499,-0.2975,15300.0
2215.95,13.45,-0.7834,-0.5353,15320.0
2216.0,13.29,-0.7169,-0.7731,15340.0
2216.05,13.09,-0.8611,-0.7292,15340.0
2216.1,12.9,-1.005,-0.6853,15330.0
2216.15,12.85,-1.153,-0.6544,15340.0
2216.2,12.8,-1.301,-0.6236,15330.0
2216.25,12.6,-1.318,-0.761,15310.0
2216.3,12.39,-1.336,-0.8984,15280.0
2216.35,12.47,-1.157,-0.8842,15250.0
2216.4,12.55,-0.9777,-0.8699,15230.0
2216.45,12.33,-0.8646,-0.8122,15220.0
2216.5,12.12,-0.7516,-0.7546,15210.0
2216.55,12.15,-0.9078,-0.8558,15200.0
2216.6,12.19,-1.064,-0.957,15210.0
2216.65,12.34,-1.149,-0.9011,15230.0
2216.7,12.5,-1.234,-0.8453,15250.0
2216.75,12.6,-0.9035,-0.7361,15250.0
2216.8,12.69,-0.5732,-0.627,15240.0
2216.85,12.53,-0.287,-0.6243,15240.0
2216.9,12.37,-0.0007962,-0.6216,15250.0
2216.95,12.33,-0.07006,-0.4476,15240.0
2217.0,12.3,-0.1393,-0.2736,15220.0
2217.05,12.25,-0.2721,-0.3619,15200.0
2217.1,12.21,-0.4049,-0.4502,15200.0
2217.15,12.11,-0.3107,-0.5747,15180.0
2217.2,12.02,-0.2166,-0.6992,15160.0
2217.25,12.19,-0.1079,-0.6313,15130.0
2217.3,12.36,0.0007962,-0.5634,15130.0
2217.35,12.27,-0.05175,-0.3931,15150.0
2217.4,12.17,-0.1043,-0.2229,15180.0
2217.45,12.18,-0.09216,-0.1401,15200.0
2217.5,12.19,-0.08001,-0.05731,15210.0
2217.55,12.37,-0.05056,-0.1082,15210.0
2217.6,12.56,-0.0211,-0.159,15190.0
2217.65,12.51,0.06588,-0.2566,15150.0
2217.7,12.46,0.1529,-0.3541,15080.0
2217.75,12.4,0.1164,-0.3439,15030.0
2217.8,12.34,0.08001,-0.3336,15010.0
2217.85,12.34,-0.09176,-0.2036,15020.0
2217.9,12.34,-0.2635,-0.07365,15040.0
2217.95,12.6,-0.3171,-0.2559,15060.0
2218.0,12.86,-0.3706,-0.4382,15090.0
2218.05,12.9,-0.3163,-0.3233,15110.0
2218.1,12.95,-0.2619,-0.2083,15110.0
2218.15,13.02,-0.2381,-0.1038,15070.0
2218.2,13.1,-0.2142,0.0007316,15020.0
2218.25,13.22,0.03483,-0.2211,14980.0
2218.3,13.34,0.2838,-0.4429,14950.0
2218.35,13.36,0.1612,-0.3956,14950.0
2218.4,13.38,0.03861,-0.3483,14940.0
2218.45,13.34,-0.1732,-0.1618,14950.0
2218.5,13.31,-0.3849,0.02463,14970.0
2218.55,13.52,-0.3591,0.06402,15000.0
2218.6,13.73,-0.3332,0.1034,15010.0
2218.65,13.9,-0.1284,0.08084,15000.0
2218.7,14.06,0.07643,0.05829,14990.0
2218.75,13.95,0.1475,-0.1043,14970.0
2218.8,13.84,0.2185,-0.2668,14960.0
2218.85,13.78,0.2271,-0.3992,14930.0
2218.9,13.73,0.2357,-0.5316,14900.0
2218.95,13.93,0.2185,-0.5798,14890.0
2219.0,14.13,0.2014,-0.628,14900.0
2219.05,14.08,0.4086,-0.4126,14910.0
2219.1,14.03,0.6158,-0.1973,14920.0
2219.15,14.19,0.5804,-0.1713,14940.0
2219.2,14.35,0.545,-0.1453,14970.0
2219.25,14.44,0.412,0.1173,14990.0
2219.3,14.53,0.2791,0.38,14980.0
2219.35,14.57,-0.01971,0.3598,14950.0
2219.4,14.61,-0.3185,0.3397,14910.0
2219.45,14.61,-0.4701,0.3403,14880.0
2219.5,14.61,-0.6218,0.3409,14870.0
2219.55,14.73,-0.5352,0.3096,14880.0
2219.6,14.86,-0.4486,0.2783,14900.0
2219.65,14.75,-0.41,0.1805,14950.0
2219.7,14.64,-0.3714,0.08267,15000.0
2219.75,14.77,-0.3372,0.05597,15030.0
2219.8,14.9,-0.3029,0.02927,15020.0
2219.85,14.93,-0.4349,0.002805,15000.0
2219.9,14.95,-0.5669,-0.02366,14960.0
2219.95,14.85,-0.5438,-0.1433,14920.0
2220.0,14.75,-0.5207,-0.2629,14870.0
2220.05,14.87,-0.5567,0.0706,14840.0
2220.1,15.0,-0.5927,0.4041,14830.0
2220.15,15.12,-0.5135,0.3761,14860.0
2220.2,15.24,-0.4343,0.348,14900.0
2220.25,15.35,-0.1459,0.3887,14940.0
2220.3,15.46,0.1425,0.4295,14970.0
2220.35,15.41,0.2669,0.3056,15000.0
2220.4,15.36,0.3913,0.1817,14990.0
2220.45,15.38,0.4066,0.2113,14960.0
2220.5,15.41,0.422,0.2409,14900.0
2220.55,15.45,0.3063,0.2902,14850.0
2220.6,15.49,0.1907,0.3395,14800.0
2220.65,15.45,0.09454,0.339,14770.0
2220.7,15.42,-0.001592,0.3385,14760.0
2220.75,15.42,0.2064,0.3369,14790.0
2220.8,15.42,0.4144,0.3353,14830.0
2220.85,15.35,0.3577,0.2755,14880.0
2220.9,15.27,0.301,0.2156,14910.0
2220.95,15.18,0.3732,0.2227,14920.0
2221.0,15.09,0.4455,0.2297,14920.0
2221.05,15.14,0.6061,0.1888,14900.0
2221.1,15.18,0.7667,0.1478,14860.0
2221.15,15.38,0.6401,0.2952,14820.0
2221.2,15.58,0.5135,0.4426,14790.0
2221.25,15.69,0.6507,0.5671,14780.0
2221.3,15.8,0.7878,0.6916,14800.0
2221.35,15.69,0.7731,0.5959,14830.0
2221.4,15.57,0.7583,0.5002,14840.0
2221.45,15.52,0.5239,0.4032,14860.0
2221.5,15.46,0.2894,0.3063,14860.0
2221.55,15.43,0.3083,0.1779,14860.0
2221.6,15.41,0.3272,0.04951,14850.0
2221.65,15.38,0.2745,0.1652,14820.0
2221.7,15.34,0.2217,0.2809,14800.0
2221.75,15.46,0.2237,0.4473,14790.0
2221.8,15.58,0.2257,0.6136,14800.0
2221.85,15.52,0.157,0.5574,14810.0
2221.9,15.47,0.08837,0.5012,14810.0
2221.95,15.46,0.06728,0.2873,14830.0
2222.0,15.45,0.04618,0.07341,14850.0
2222.05,15.46,-0.05693,0.08609,14850.0
2222.1,15.47,-0.16,0.09877,14840.0
2222.15,15.39,-0.1212,0.1211,14810.0
2222.2,15.32,-0.0824,0.1434,14790.0
2222.25,15.19,0.1881,0.05146,14780.0
2222.3,15.07,0.4586,-0.04048,14770.0
2222.35,14.97,0.5012,0.08182,14770.0
2222.4,14.88,0.5438,0.2041,14780.0
2222.45,14.93,0.3836,0.4013,14810.0
2222.5,14.98,0.2233,0.5985,14840.0
2222.55,14.92,0.2761,0.4431,14850.0
2222.6,14.86,0.3288,0.2878,14850.0
2222.65,14.81,0.4459,0.3528,14840.0
2222.7,14.76,0.5629,0.4178,14810.0
2222.75,14.76,0.4787,0.2683,14770.0
2222.8,14.76,0.3945,0.1188,14730.0
2222.85,15.02,0.4015,0.03646,14690.0
2222.9,15.27,0.4084,-0.04585,14680.0
2222.95,15.34,0.4204,0.1495,14700.0
2223.0,15.4,0.4323,0.3448,14730.0
2223.05,15.45,0.3217,0.2335,14760.0
2223.1,15.5,0.211,0.1222,14780.0
2223.15,15.35,0.1226,-0.0128,14800.0
2223.2,15.2,0.03424,-0.1478,14790.0
2223.25,15.05,0.1672,-0.3387,14740.0
2223.3,14.9,0.3002,-0.5297,14680.0
2223.35,15.03,0.5834,-0.4568,14620.0
2223.4,15.17,0.8666,-0.3839,14580.0
2223.45,15.02,0.7617,-0.2948,14560.0
2223.5,14.87,0.6568,-0.2058,14570.0
2223.55,14.81,0.6696,-0.1847,14600.0
2223.6,14.75,0.6823,-0.1636,14640.0
2223.65,14.66,0.6698,-0.1851,14690.0
2223.7,14.57,0.6572,-0.2066,14720.0
2223.75,14.37,0.5404,-0.1936,14720.0
2223.8,14.17,0.4236,-0.1807,14700.0
2223.85,14.1,0.202,-0.2468,14660.0
2223.9,14.03,-0.01951,-0.3129,14610.0
2223.95,14.15,-0.1336,-0.3658,14560.0
2224.0,14.26,-0.2476,-0.4187,14530.0
2224.05,14.32,-0.3927,-0.363,14520.0
2224.1,14.38,-0.5378,-0.3073,14540.0
2224.15,14.26,-0.4642,-0.3826,14590.0
2224.2,14.14,-0.3905,-0.458,14640.0
2224.25,14.11,-0.5754,-0.5302,14680.0
2224.3,14.09,-0.7603,-0.6024,14700.0
2224.35,14.15,-0.5788,-0.5093,14710.0
2224.4,14.22,-0.3973,-0.4163,14680.0
2224.45,13.94,-0.4256,-0.3541,14640.0
2224.5,13.65,-0.4538,-0.2919,14570.0
2224.55,13.66,-0.3658,-0.1984,14520.0
2224.6,13.67,-0.2779,-0.1049,14490.0
2224.65,13.65,-0.3718,-0.2996,14510.0
2224.7,13.63,-0.4658,-0.4943,14560.0
2224.75,13.68,-0.5585,-0.7515,14620.0
2224.8,13.72,-0.6513,-1.009,14690.0
2224.85,13.57,-0.8201,-0.7898,14740.0
2224.9,13.42,-0.9888,-0.5709,14750.0
2224.95,13.51,-0.9976,-0.373,14730.0
2225.0,13.61,-1.006,-0.1751,14670.0
2225.05,13.44,-0.9759,-0.194,14610.0
2225.1,13.27,-0.9454,-0.2129,14550.0
2225.15,13.26,-0.7331,-0.1811,14530.0
2225.2,13.24,-0.5207,-0.1493,14520.0
2225.25,13.25,-0.6771,-0.3309,14550.0
2225.3,13.25,-0.8336,-0.5126,14590.0
2225.35,13.37,-0.8581,-0.5509,14650.0
2225.4,13.49,-0.8826,-0.5892,14690.0
2225.45,13.51,-0.7719,-0.796,14710.0
2225.5,13.53,-0.6612,-1.003,14690.0
2225.55,13.66,-0.6546,-0.8013,14670.0
2225.6,13.79,-0.6481,-0.5997,14630.0
2225.65,13.92,-0.5012,-0.6419,14590.0
2225.7,14.06,-0.3543,-0.6841,14560.0
2225.75,13.95,-0.2219,-0.6605,14550.0
2225.8,13.84,-0.08957,-0.637,14560.0
2225.85,13.76,0.0828,-0.4896,14580.0
2225.9,13.68,0.2552,-0.3422,14610.0
2225.95,13.37,0.2301,-0.2318,14630.0
2226.0,13.06,0.205,-0.1215,14640.0
2226.05,12.93,0.174,-0.1115,14630.0
2226.1,12.79,0.1429,-0.1015,14620.0
2226.15,12.82,0.1355,-0.1305,14600.0
2226.2,12.84,0.1282,-0.1595,14590.0
2226.25,12.71,-0.0215,-0.06816,14600.0
2226.3,12.59,-0.1712,0.02317,14610.0
2226.35,12.6,-0.1967,-0.08987,14630.0
2226.4,12.61,-0.2221,-0.2029,14640.0
2226.45,12.6,-0.2396,-0.3497,14660.0
2226.5,12.6,-0.2572,-0.4965,14660.0
2226.55,12.37,-0.0627,-0.4173,14660.0
2226.6,12.14,0.1318,-0.338,14650.0
2226.65,12.23,0.168,-0.4523,14640.0
2226.7,12.32,0.2042,-0.5665,14630.0
2226.75,12.36,0.2088,-0.5324,14630.0
2226.8,12.4,0.2134,-0.4982,14640.0
2226.85,12.32,0.2727,-0.4674,14670.0
2226.9,12.24,0.332,-0.4365,14700.0
2226.95,12.16,0.241,-0.3586,14730.0
2227.0,12.07,0.1501,-0.2807,14760.0
2227.05,12.09,-0.005374,-0.4381,14770.0
2227.1,12.12,-0.1608,-0.5955,14750.0
2227.15,12.24,-0.1572,-0.6296,14710.0
2227.2,12.37,-0.1537,-0.6636,14670.0
2227.25,12.26,-0.1397,-0.4923,14650.0
2227.3,12.16,-0.1258,-0.3209,14650.0
2227.35,12.24,-0.0213,-0.521,14680.0
2227.4,12.32,0.0832,-0.7211,14720.0
2227.45,12.42,0.06728,-0.6992,14790.0
2227.5,12.53,0.05135,-0.6772,14840.0
2227.55,12.57,0.08419,-0.5959,14870.0
2227.6,12.61,0.117,-0.5146,14860.0
2227.65,12.92,0.1702,-0.4948,14820.0
2227.7,13.23,0.2233,-0.4751,14760.0
2227.75,13.45,0.1286,-0.3514,14710.0
2227.8,13.67,0.03384,-0.2278,14680.0
2227.85,13.76,0.1411,-0.2529,14670.0
2227.9,13.85,0.2484,-0.278,14700.0
2227.95,13.89,0.1178,-0.1711,14750.0
2228.0,13.92,-0.01274,-0.06414,14810.0
2228.05,14.08,0.0836,-0.02658,14860.0
2228.1,14.25,0.1799,0.01097,14880.0
2228.15,14.42,0.1212,0.05146,14870.0
2228.2,14.58,0.0625,0.09194,14850.0
2228.25,14.84,0.1146,0.09036,14810.0
2228.3,15.1,0.1668,0.08877,14770.0
2228.35,15.24,0.08658,-0.1655,14730.0
2228.4,15.39,0.006369,-0.4197,14720.0
2228.45,15.25,-0.1316,-0.3642,14730.0
2228.5,15.12,-0.2695,-0.3087,14760.0
2228.55,14.91,-0.04399,-0.2183,14790.0
2228.6,14.7,0.1815,-0.1278,14820.0
2228.65,14.65,0.3256,-0.1894,14850.0
2228.7,14.6,0.4697,-0.2509,14870.0
2228.75,14.63,0.6505,-0.4137,14850.0
2228.8,14.67,0.8312,-0.5765,14820.0
2228.85,14.78,0.7444,-0.5559,14790.0
2228.9,14.88,0.6576,-0.5353,14780.0
2228.95,14.92,0.5983,-0.3852,14790.0
2229.0,14.96,0.539,-0.2351,14800.0
2229.05,15.04,0.4853,-0.5212,14830.0
2229.1,15.11,0.4315,-0.8072,14860.0
2229.15,15.19,0.6123,-0.981,14880.0
2229.2,15.26,0.793,-1.155,14880.0
2229.25,15.34,0.7814,-1.008,14860.0
2229.3,15.41,0.7699,-0.8606,14850.0
2229.35,15.3,0.6684,-0.9582,14840.0
2229.4,15.18,0.5669,-1.056,14830.0
2229.45,15.17,0.4642,-1.115,14820.0
2229.5,15.16,0.3615,-1.173,14820.0
2229.55,15.15,0.4574,-1.067,14850.0
2229.6,15.15,0.5533,-0.9601,14870.0
2229.65,15.36,0.8734,-0.9047,14890.0
2229.7,15.57,1.193,-0.8492,14900.0
2229.75,15.69,1.325,-0.778,14910.0
2229.8,15.82,1.457,-0.7068,14920.0
2229.85,15.69,1.256,-0.6746,14910.0
2229.9,15.57,1.055,-0.6424,14890.0
2229.95,15.46,1.239,-0.5048,14860.0
2230.0,15.35,1.424,-0.3673,14860.0
2230.05,15.27,1.488,-0.1903,14870.0
2230.1,15.19,1.553,-0.01341,14900.0
2230.15,15.18,1.61,-0.0489,14920.0
2230.2,15.16,1.667,-0.08438,14940.0
2230.25,15.06,1.636,-0.1614,14960.0
2230.3,14.96,1.604,-0.2385,14980.0
2230.35,14.81,1.596,-0.1679,14980.0
2230.4,14.66,1.587,-0.09731,14970.0
2230.45,14.76,1.361,-0.11,14960.0
2230.5,14.87,1.134,-0.1227,14960.0
2230.55,14.79,1.018,-0.0867,14960.0
2230.6,14.71,0.9013,-0.05073,14970.0
2230.65,14.66,0.8364,0.07402,14980.0
2230.7,14.61,0.7715,0.1988,14990.0
2230.75,14.67,0.7458,0.03719,15020.0
2230.8,14.74,0.7201,-0.1244,15030.0
2230.85,14.87,0.8107,-0.04926,15030.0
2230.9,15.0,0.9013,0.02585,15020.0
2230.95,14.93,1.006,0.01293,15020.0
2231.0,14.86,1.111,0.0,15020.0
2231.05,14.79,1.078,-0.169,15010.0
2231.1,14.72,1.045,-0.338,15010.0
2231.15,14.64,1.101,-0.5731,15010.0
2231.2,14.56,1.158,-0.8082,15030.0
2231.25,14.65,1.23,-0.8928,15060.0
2231.3,14.73,1.302,-0.9775,15070.0
2231.35,14.78,1.328,-1.017,15070.0
2231.4,14.83,1.353,-1.057,15070.0
2231.45,14.89,1.387,-1.096,15080.0
2231.5,14.94,1.421,-1.135,15090.0
2231.55,14.82,1.417,-1.205,15090.0
2231.6,14.71,1.412,-1.275,15080.0
2231.65,14.87,1.284,-1.183,15090.0
2231.7,15.02,1.156,-1.091,15110.0
2231.75,14.95,1.218,-1.044,15120.0
2231.8,14.88,1.279,-0.9977,15100.0
2231.85,14.88,1.346,-0.8517,15070.0
2231.9,14.87,1.413,-0.7058,15070.0
2231.95,14.93,1.234,-0.5215,15080.0
2232.0,15.0,1.056,-0.3373,15100.0
2232.05,15.26,0.7492,-0.3383,15100.0
2232.1,15.53,0.4427,-0.3392,15120.0
2232.15,15.28,0.4757,-0.4524,15140.0
2232.2,15.03,0.5088,-0.5655,15150.0
2232.25,14.98,0.7808,-0.477,15130.0
2232.3,14.92,1.053,-0.3885,15090.0
2232.35,14.96,1.126,-0.2837,15060.0
2232.4,14.99,1.2,-0.179,15050.0
2232.45,14.94,1.289,-0.0456,15050.0
2232.5,14.88,1.378,0.0878,15040.0
2232.55,14.65,1.418,0.277,15060.0
2232.6,14.41,1.458,0.4663,15090.0
2232.65,14.36,1.414,0.3331,15140.0
2232.7,14.31,1.371,0.2,15170.0
2232.75,14.4,1.553,0.1358,15170.0
2232.8,14.49,1.735,0.0717,15160.0
2232.85,14.72,1.7,0.2133,15160.0
2232.9,14.94,1.665,0.3548,15160.0
2232.95,15.12,1.729,0.2796,15140.0
2233.0,15.31,1.793,0.2044,15100.0
2233.05,15.29,1.684,0.1239,15070.0
2233.1,15.28,1.574,0.04341,15080.0
2233.15,15.25,1.409,-0.03768,15100.0
2233.2,15.22,1.244,-0.1188,15130.0
2233.25,15.19,1.109,-0.04439,15180.0
2233.3,15.17,0.9749,0.03,15240.0
2233.35,15.26,0.8232,0.06548,15290.0
2233.4,15.35,0.6716,0.101,15290.0
2233.45,15.43,0.6537,0.01183,15250.0
2233.5,15.51,0.6357,-0.07731,15190.0
2233.55,15.63,0.8033,-0.1838,15130.0
2233.6,15.76,0.9709,-0.2902,15100.0
2233.65,15.88,1.044,-0.4623,15090.0
2233.7,16.0,1.117,-0.6343,15100.0
2233.75,16.06,0.9632,-0.4035,15150.0
2233.8,16.13,0.8093,-0.1727,15220.0
2233.85,15.89,0.8326,-0.1819,15290.0
2233.9,15.66,0.8559,-0.1912,15320.0
2233.95,15.63,0.8826,-0.1434,15310.0
2234.0,15.61,0.9092,-0.0956,15280.0
2234.05,15.57,0.7769,-0.07292,15240.0
2234.1,15.53,0.6445,-0.05024,15210.0
2234.15,15.43,0.6164,0.05109,15170.0
2234.2,15.33,0.5884,0.1524,15150.0
2234.25,15.33,0.5519,0.2657,15170.0
2234.3,15.34,0.5155,0.379,15220.0
2234.35,15.35,0.7257,0.3984,15270.0
2234.4,15.36,0.9359,0.4178,15300.0
2234.45,15.34,0.9644,0.4971,15320.0
2234.5,15.31,0.9928,0.5765,15310.0
2234.55,15.21,0.8985,0.7316,15280.0
2234.6,15.1,0.8041,0.8867,15240.0
2234.65,15.09,0.7436,0.8498,15190.0
2234.7,15.09,0.6831,0.8128,15170.0
2234.75,15.15,0.7016,0.653,15190.0
2234.8,15.22,0.7201,0.4931,15220.0
2234.85,15.35,0.7763,0.5266,15260.0
2234.9,15.47,0.8324,0.5602,15300.0
2234.95,15.61,0.8055,0.6446,15330.0
2235.0,15.75,0.7787,0.7289,15330.0
2235.05,15.83,0.6308,0.5665,15310.0
2235.1,15.9,0.4829,0.4041,15260.0
2235.15,15.83,0.7705,0.4163,15210.0
2235.2,15.76,1.058,0.4285,15180.0
2235.25,15.79,1.068,0.4565,15170.0
2235.3,15.82,1.077,0.4846,15190.0
2235.35,15.87,0.8193,0.6431,15220.0
2235.4,15.92,0.5613,0.8016,15270.0
2235.45,15.87,0.3254,0.5818,15320.0
2235.5,15.82,0.08957,0.3619,15350.0
2235.55,15.78,0.01553,0.377,15350.0
2235.6,15.73,-0.05852,0.3922,15330.0
2235.65,15.65,-0.04419,0.2163,15290.0
2235.7,15.56,-0.02986,0.04048,15240.0
2235.75,15.64,0.1899,0.1942,15200.0
2235.8,15.73,0.4096,0.348,15180.0
2235.85,15.86,0.4757,0.2805,15200.0
2235.9,15.99,0.5418,0.2129,15250.0
2235.95,16.07,0.6337,0.1714,15300.0
2236.0,16.14,0.7257,0.13,15350.0
2236.05,16.17,0.7739,0.08584,15370.0
2236.1,16.2,0.822,0.0417,15370.0
2236.15,16.31,0.9773,-0.1541,15340.0
2236.2,16.42,1.133,-0.35,15310.0
2236.25,16.46,1.336,-0.4078,15270.0
2236.3,16.5,1.539,-0.4656,15250.0
2236.35,16.5,1.5,-0.511,15240.0
2236.4,16.5,1.46,-0.5565,15260.0
2236.45,16.47,1.382,-0.5854,15290.0
2236.5,16.43,1.304,-0.6143,15330.0
2236.55,16.41,1.282,-0.6566,15360.0
2236.6,16.4,1.261,-0.6989,15390.0
2236.65,16.36,1.049,-0.6094,15400.0
2236.7,16.32,0.8364,-0.5199,15390.0
2236.75,16.25,0.8943,-0.4764,15370.0
2236.8,16.18,0.9522,-0.4329,15350.0
2236.85,16.0,0.8947,-0.2825,15340.0
2236.9,15.82,0.8372,-0.1322,15340.0
2236.95,15.73,0.8017,0.0003658,15330.0
2237.0,15.64,0.7663,0.1329,15340.0
2237.05,15.77,0.6554,0.09206,15370.0
2237.1,15.91,0.5446,0.05121,15400.0
2237.15,15.84,0.5884,-0.07426,15420.0
2237.2,15.77,0.6322,-0.1997,15430.0
2237.25,15.79,0.6298,-0.01866,15440.0
2237.3,15.82,0.6274,0.1624,15440.0
2237.35,15.75,0.8569,0.06877,15440.0
2237.4,15.67,1.086,-0.02488,15430.0
2237.45,15.61,1.047,0.07463,15410.0
2237.5,15.55,1.008,0.1741,15400.0
2237.55,15.67,1.292,0.1339,15390.0
2237.6,15.78,1.576,0.09365,15390.0
2237.65,15.87,1.798,-0.1989,15380.0
2237.7,15.96,2.02,-0.4914,15390.0
2237.75,16.01,1.926,-0.5125,15410.0
2237.8,16.05,1.831,-0.5336,15430.0
2237.85,16.19,1.738,-0.5227,15440.0
2237.9,16.32,1.646,-0.5119,15440.0
2237.95,16.33,1.643,-0.6432,15430.0
2238.0,16.33,1.641,-0.7745,15420.0
2238.05,16.44,1.415,-0.7002,15400.0
2238.1,16.56,1.188,-0.6258,15390.0
2238.15,16.68,1.14,-0.6207,15370.0
2238.2,16.8,1.091,-0.6155,15370.0
2238.25,16.77,1.118,-0.6163,15370.0
2238.3,16.74,1.145,-0.617,15370.0
2238.35,16.81,1.163,-0.6931,15360.0
2238.4,16.88,1.181,-0.7692,15360.0
2238.45,16.79,1.489,-0.8131,15380.0
2238.5,16.7,1.798,-0.857,15410.0
2238.55,16.65,1.884,-0.7091,15440.0
2238.6,16.59,1.969,-0.5612,15450.0
2238.65,16.56,1.876,-0.4945,15450.0
2238.7,16.52,1.783,-0.4278,15440.0
2238.75,16.43,1.757,-0.4269,15400.0
2238.8,16.34,1.731,-0.4261,15360.0
2238.85,16.38,1.665,-0.1212,15320.0
2238.9,16.42,1.599,0.1836,15300.0
2238.95,16.38,1.627,0.3436,15310.0
2239.0,16.35,1.655,0.5036,15340.0
2239.05,16.24,1.483,0.2522,15380.0
2239.1,16.13,1.312,0.0007316,15430.0
2239.15,16.15,1.191,-0.07585,15460.0
2239.2,16.16,1.07,-0.1524,15470.0
2239.25,16.37,1.131,-0.07585,15450.0
2239.3,16.57,1.191,0.0007316,15400.0
2239.35,16.45,1.257,-0.2071,15360.0
2239.4,16.33,1.323,-0.4148,15330.0
2239.45,16.08,1.17,-0.09865,15320.0
2239.5,15.82,1.017,0.2175,15320.0
2239.55,15.73,0.9393,0.09243,15340.0
2239.6,15.63,0.8619,-0.03268,15380.0
2239.65,15.69,0.8547,-0.07755,15420.0
2239.7,15.76,0.8475,-0.1224,15460.0
2239.75,16.01,0.9986,-0.2097,15480.0
2239.8,16.26,1.15,-0.297,15490.0
2239.85,16.36,1.27,-0.5143,15500.0
2239.9,16.47,1.391,-0.7316,15500.0
2239.95,16.55,1.367,-0.6692,15470.0
2240.0,16.63,1.344,-0.6068,15430.0
2240.05,16.92,1.248,-0.6918,15390.0
2240.1,17.2,1.153,-0.7767,15350.0
2240.15,17.08,1.172,-0.7082,15340.0
2240.2,16.95,1.191,-0.6397,15350.0
2240.25,16.88,1.238,-0.7621,15380.0
2240.3,16.8,1.284,-0.8845,15430.0
2240.35,16.8,1.184,-0.866,15500.0
2240.4,16.79,1.085,-0.8475,15550.0
2240.45,16.84,1.404,-1.177,15580.0
2240.5,16.9,1.723,-1.507,15580.0
2240.55,17.0,1.641,-1.503,15560.0
2240.6,17.1,1.559,-1.498,15500.0
2240.65,17.02,1.477,-1.476,15440.0
2240.7,16.95,1.395,-1.454,15390.0
2240.75,17.2,1.45,-1.478,15370.0
2240.8,17.45,1.506,-1.502,15370.0
2240.85,17.49,1.47,-1.442,15410.0
2240.9,17.53,1.435,-1.382,15460.0
2240.95,17.37,1.321,-1.4,15530.0
2241.0,17.2,1.208,-1.417,15580.0
2241.05,17.26,1.563,-1.317,15620.0
2241.1,17.31,1.918,-1.217,15630.0
2241.15,17.25,2.23,-1.309,15610.0
2241.2,17.2,2.543,-1.402,15570.0
2241.25,17.4,2.353,-1.434,15520.0
2241.3,17.61,2.164,-1.467,15470.0
2241.35,17.48,2.011,-1.53,15450.0
2241.4,17.36,1.858,-1.594,15450.0
2241.45,17.43,1.835,-1.645,15470.0
2241.5,17.5,1.811,-1.696,15500.0
2241.55,17.39,1.673,-1.77,15520.0
2241.6,17.28,1.535,-1.845,15540.0
2241.65,17.34,1.774,-1.521,15560.0
2241.7,17.39,2.012,-1.198,15570.0
2241.75,17.47,1.967,-1.101,15580.0
2241.8,17.54,1.922,-1.005,15590.0
2241.85,17.32,2.18,-1.017,15590.0
2241.9,17.09,2.439,-1.03,15580.0
2241.95,17.17,2.333,-1.06,15560.0
2242.0,17.26,2.228,-1.09,15550.0
2242.05,17.21,2.156,-1.052,15550.0
2242.1,17.16,2.085,-1.013,15560.0
2242.15,17.12,2.128,-0.7898,15580.0
2242.2,17.08,2.172,-0.5663,15580.0
2242.25,17.01,2.203,-0.4476,15590.0
2242.3,16.94,2.235,-0.329,15590.0
2242.35,17.04,2.157,-0.2097,15600.0
2242.4,17.15,2.079,-0.09048,15600.0
2242.45,17.0,2.06,-0.1564,15610.0
2242.5,16.85,2.041,-0.2224,15630.0
2242.55,16.95,1.931,-0.1946,15650.0
2242.6,17.05,1.821,-0.1668,15680.0
2242.65,17.02,1.945,0.005609,15690.0
2242.7,16.99,2.068,0.178,15670.0
2242.75,17.0,1.971,0.2374,15640.0
2242.8,17.0,1.874,0.2968,15600.0
2242.85,17.05,1.971,0.1263,15560.0
2242.9,17.09,2.068,-0.04414,15530.0
2242.95,17.17,2.233,-0.1546,15530.0
2243.0,17.24,2.398,-0.2651,15560.0
2243.05,17.0,2.349,-0.3896,15610.0
2243.1,16.76,2.3,-0.5141,15670.0
2243.15,16.54,2.214,-0.4495,15710.0
2243.2,16.32,2.128,-0.3848,15740.0
2243.25,16.45,1.965,-0.2953,15730.0
2243.3,16.58,1.802,-0.2058,15710.0
2243.35,16.51,1.741,-0.2795,15660.0
2243.4,16.43,1.679,-0.3531,15610.0
2243.45,16.36,1.799,-0.3403,15580.0
2243.5,16.29,1.918,-0.3275,15570.0
2243.55,16.36,1.9,-0.4525,15600.0
2243.6,16.43,1.883,-0.5775,15650.0
2243.65,16.5,1.789,-0.5285,15710.0
2243.7,16.57,1.695,-0.4795,15760.0
2243.75,16.72,1.518,-0.4873,15800.0
2243.8,16.87,1.341,-0.4951,15820.0
2243.85,16.94,1.356,-0.377,15820.0
2243.9,17.02,1.372,-0.259,15790.0
2243.95,16.95,1.399,-0.0817,15750.0
2244.0,16.89,1.426,0.0956,15730.0
2244.05,16.91,1.376,0.211,15730.0
2244.1,16.93,1.326,0.3263,15740.0
2244.15,17.09,1.254,0.3695,15760.0
2244.2,17.24,1.182,0.4126,15790.0
2244.25,17.05,1.162,0.3365,15830.0
2244.3,16.86,1.142,0.2605,15870.0
2244.35,16.96,1.158,0.24,15900.0
2244.4,17.06,1.173,0.2195,15900.0
2244.45,17.19,1.376,0.4106,15900.0
2244.5,17.33,1.579,0.6016,15890.0
2244.55,17.24,1.794,0.5948,15880.0
2244.6,17.16,2.008,0.588,15880.0
2244.65,17.14,2.162,0.4762,15890.0
2244.7,17.12,2.316,0.3644,15920.0
2244.75,17.21,2.202,0.2792,15970.0
2244.8,17.3,2.088,0.1941,16010.0
2244.85,17.53,2.059,0.2096,16020.0
2244.9,17.75,2.031,0.2251,16030.0
2244.95,17.79,1.975,0.2303,16020.0
2245.0,17.84,1.919,0.2356,16010.0
2245.05,17.79,1.779,0.2306,15980.0
2245.1,17.75,1.638,0.2256,15970.0
2245.15,17.67,1.656,0.1931,15980.0
2245.2,17.59,1.673,0.1607,16010.0
2245.25,17.64,1.8,0.4013,16060.0
2245.3,17.69,1.926,0.6419,16110.0
2245.35,17.58,2.008,0.5744,16140.0
2245.4,17.48,2.089,0.507,16150.0
2245.45,17.53,1.896,0.377,16140.0
2245.5,17.58,1.703,0.247,16110.0
2245.55,17.72,1.475,0.1386,16090.0
2245.6,17.86,1.248,0.03024,16080.0
2245.65,17.89,1.128,0.01732,16090.0
2245.7,17.92,1.008,0.00439,16110.0
2245.75,17.96,1.374,-0.0956,16140.0
2245.8,17.99,1.741,-0.1956,16160.0
2245.85,17.74,1.724,-0.1614,16180.0
2245.9,17.49,1.707,-0.1273,16200.0
2245.95,17.36,1.586,-0.2039,16210.0
2246.0,17.22,1.466,-0.2805,16230.0
2246.05,17.27,1.451,-0.242,16240.0
2246.1,17.32,1.436,-0.2036,16260.0
2246.15,17.38,1.527,-0.1649,16270.0
2246.2,17.44,1.618,-0.1261,16270.0
2246.25,17.32,1.625,-0.1391,16280.0
2246.3,17.2,1.631,-0.1522,16280.0
2246.35,17.42,1.581,-0.3906,16290.0
2246.4,17.64,1.531,-0.629,16290.0
2246.45,17.64,1.475,-0.5512,16310.0
2246.5,17.63,1.419,-0.4734,16320.0
2246.55,17.64,1.45,-0.4146,16340.0
2246.6,17.65,1.481,-0.3558,16360.0
2246.65,17.62,1.394,-0.1907,16370.0
2246.7,17.58,1.307,-0.02561,16370.0
2246.75,17.42,1.063,-0.1841,16370.0
2246.8,17.26,0.8189,-0.3426,16380.0
2246.85,17.16,1.076,-0.4851,16400.0
2246.9,17.05,1.333,-0.6275,16420.0
2246.95,16.85,1.287,-0.5423,16450.0
2247.0,16.65,1.241,-0.457,16480.0
2247.05,16.56,1.31,-0.446,16500.0
2247.1,16.48,1.379,-0.4351,16510.0
2247.15,16.46,1.42,-0.5399,16490.0
2247.2,16.43,1.461,-0.6448,16460.0
2247.25,16.45,1.257,-0.4392,16450.0
2247.3,16.47,1.053,-0.2336,16460.0
2247.35,16.54,1.192,-0.3064,16480.0
2247.4,16.61,1.332,-0.3792,16520.0
2247.45,16.66,1.264,-0.4068,16560.0
2247.5,16.71,1.197,-0.4343,16610.0
2247.55,16.99,1.191,-0.3326,16650.0
2247.6,17.28,1.185,-0.231,16670.0
2247.65,17.33,0.8413,-0.3358,16660.0
2247.7,17.38,0.4972,-0.4407,16630.0
2247.75,17.27,0.537,-0.436,16600.0
2247.8,17.15,0.5768,-0.4314,16570.0
2247.85,16.99,0.615,-0.3276,16550.0
2247.9,16.82,0.6533,-0.2239,16550.0
2247.95,17.05,0.6144,-0.229,16600.0
2248.0,17.28,0.5756,-0.2341,16650.0
2248.05,17.49,0.8469,-0.2444,16720.0
2248.1,17.69,1.118,-0.2546,16770.0
2248.15,17.63,1.166,-0.1739,16800.0
2248.2,17.56,1.213,-0.09316,16800.0
2248.25,17.7,1.032,-0.1616,16780.0
2248.3,17.83,0.8519,-0.23,16730.0
2248.35,17.75,0.8244,-0.3164,16700.0
2248.4,17.66,0.797,-0.4029,16670.0
2248.45,17.63,0.7876,-0.3748,16680.0
2248.5,17.6,0.7783,-0.3468,16720.0
2248.55,17.51,0.703,-0.1733,16780.0
2248.6,17.43,0.6278,0.0002439,16830.0
2248.65,17.52,0.5792,0.0328,16870.0
2248.7,17.6,0.5306,0.06536,16900.0
2248.75,17.61,0.5171,-0.009999,16900.0
2248.8,17.61,0.5036,-0.08536,16890.0
2248.85,17.62,0.4677,-0.2106,16860.0
2248.9,17.63,0.4319,-0.3358,16830.0
2248.95,17.87,0.5882,-0.3951,16820.0
2249.0,18.1,0.7444,-0.4543,16830.0
2249.05,18.08,0.5718,-0.3446,16850.0
2249.1,18.05,0.3993,-0.2349,16880.0
2249.15,18.0,0.3099,-0.2228,16910.0
2249.2,17.95,0.2205,-0.2107,16940.0
2249.25,18.02,0.2221,-0.2456,16940.0
2249.3,18.09,0.2237,-0.2805,16930.0
2249.35,17.95,0.2816,-0.1045,16930.0
2249.4,17.8,0.3396,0.07146,16930.0
2249.45,17.89,0.2723,-0.1247,16930.0
2249.5,17.99,0.205,-0.3209,16930.0
2249.55,17.92,0.1503,-0.382,16930.0
2249.6,17.85,0.09554,-0.4431,16950.0
2249.65,17.79,0.04041,-0.5858,16980.0
2249.7,17.73,-0.01473,-0.7285,17000.0
2249.75,17.65,0.1087,-0.8369,17020.0
2249.8,17.56,0.2321,-0.9453,17040.0
2249.85,17.26,0.03822,-1.043,17040.0
2249.9,16.97,-0.1557,-1.141,17030.0
2249.95,16.94,0.03105,-1.149,17010.0
2250.0,16.92,0.2178,-1.157,16990.0
2250.05,17.01,0.09554,-0.9389,16980.0
2250.1,17.1,-0.02667,-0.7211,16990.0
2250.15,17.22,0.2154,-0.6593,17010.0
2250.2,17.34,0.4574,-0.5975,17030.0
2250.25,17.34,0.467,-0.7148,17060.0
2250.3,17.33,0.4765,-0.8321,17110.0
2250.35,17.43,0.6463,-0.8793,17150.0
2250.4,17.52,0.8161,-0.9265,17180.0
2250.45,17.52,0.6857,-0.8202,17180.0
2250.5,17.52,0.5553,-0.7138,17160.0
2250.55,17.41,0.6964,-0.5755,17130.0
2250.6,17.29,0.8376,-0.4373,17100.0
2250.65,17.26,0.6939,-0.2153,17060.0
2250.7,17.24,0.5502,0.006585,17050.0
2250.75,17.21,0.6827,0.04451,17070.0
2250.8,17.18,0.8153,0.08243,17120.0
2250.85,17.14,0.7365,0.006097,17190.0
2250.9,17.1,0.6576,-0.07024,17260.0
2250.95,17.1,0.7757,-0.129,17300.0
2251.0,17.1,0.8937,-0.1878,17330.0
2251.05,16.98,1.015,-0.2268,17330.0
2251.1,16.86,1.135,-0.2658,17300.0
2251.15,17.08,0.8843,-0.1543,17260.0
2251.2,17.3,0.6334,-0.04268,17220.0
2251.25,17.41,0.7022,-0.2131,17190.0
2251.3,17.53,0.7711,-0.3836,17180.0
2251.35,17.27,0.4884,-0.1918,17180.0
2251.4,17.02,0.2058,1.118e-08,17200.0
2251.45,17.03,0.1537,0.01597,17230.0
2251.5,17.03,0.1015,0.03195,17280.0
2251.55,16.96,0.1773,-0.2145,17330.0
2251.6,16.9,0.2532,-0.4609,17350.0
2251.65,16.98,0.247,-0.334,17360.0
2251.7,17.06,0.2408,-0.2071,17350.0
2251.75,17.09,0.284,-0.191,17340.0
2251.8,17.12,0.3272,-0.1749,17320.0
2251.85,16.98,0.3617,-0.07011,17300.0
2251.9,16.84,0.3961,0.03463,17290.0
2251.95,16.77,0.492,-0.004634,17290.0
2252.0,16.7,0.588,-0.0439,17300.0
2252.05,16.82,0.2637,0.09475,17320.0
2252.1,16.94,-0.06051,0.2334,17350.0
2252.15,16.89,-0.3342,0.1702,17380.0
2252.2,16.83,-0.6079,0.1071,17390.0
2252.25,16.82,-0.7333,0.1423,17380.0
2252.3,16.82,-0.8587,0.1775,17370.0
2252.35,16.99,-0.9202,0.3706,17370.0
2252.4,17.17,-0.9817,0.5636,17380.0
2252.45,17.08,-0.6517,0.4182,17410.0
2252.5,16.99,-0.3217,0.2729,17440.0
2252.55,16.89,-0.1537,0.2038,17470.0
2252.6,16.8,0.01433,0.1346,17500.0
2252.65,16.7,-0.09972,0.1011,17510.0
2252.7,16.6,-0.2138,0.06755,17500.0
2252.75,16.43,0.09474,0.1186,17470.0
2252.8,16.25,0.4033,0.1697,17420.0
2252.85,16.23,0.4423,-0.1373,17390.0
2252.9,16.22,0.4813,-0.4443,17390.0
2252.95,16.32,0.4375,-0.2546,17410.0
2253.0,16.42,0.3937,-0.06487,17450.0
2253.05,16.3,0.2446,-0.1863,17500.0
2253.1,16.19,0.09554,-0.3078,17560.0
2253.15,16.16,0.06748,-0.5132,17610.0
2253.2,16.13,0.03941,-0.7187,17640.0
2253.25,16.16,-0.009554,-0.4946,17630.0
2253.3,16.19,-0.05852,-0.2705,17600.0
2253.35,16.51,-0.06449,-0.3791,17550.0
2253.4,16.83,-0.07046,-0.4878,17500.0
2253.45,16.91,-0.0633,-0.3765,17450.0
2253.5,17.0,-0.05613,-0.2653,17430.0
2253.55,16.84,0.1186,-0.4306,17450.0
2253.6,16.69,0.2934,-0.5958,17480.0
2253.65,16.71,0.2605,-0.4517,17510.0
2253.7,16.74,0.2277,-0.3075,17550.0
2253.75,16.65,0.1365,-0.1911,17580.0
2253.8,16.55,0.04538,-0.07463,17610.0
2253.85,16.44,-0.0631,-0.1907,17620.0
2253.9,16.32,-0.1716,-0.3068,17600.0
2253.95,16.12,-0.1059,-0.2696,17570.0
2254.0,15.92,-0.04021,-0.2324,17530.0
2254.05,15.89,0.02966,-0.1875,17500.0
2254.1,15.87,0.09952,-0.1427,17480.0
2254.15,15.88,0.1357,-0.2311,17470.0
2254.2,15.88,0.172,-0.3195,17480.0
2254.25,15.88,0.1135,-0.3992,17520.0
2254.3,15.88,0.05494,-0.479,17560.0
2254.35,15.92,-0.0215,-0.5323,17590.0
2254.4,15.95,-0.09793,-0.5855,17610.0
2254.45,16.04,-0.2078,-0.5547,17620.0
2254.5,16.13,-0.3177,-0.5238,17620.0
2254.55,15.99,-0.2144,-0.3747,17620.0
2254.6,15.85,-0.1111,-0.2256,17630.0
2254.65,15.82,-0.2466,-0.2431,17630.0
2254.7,15.8,-0.3822,-0.2607,17630.0
2254.75,15.75,-0.2705,-0.2194,17640.0
2254.8,15.7,-0.1588,-0.178,17640.0
2254.85,15.69,-0.1467,-0.2172,17640.0
2254.9,15.67,-0.1346,-0.2563,17640.0
2254.95,15.76,-0.3089,-0.111,17640.0
2255.0,15.84,-0.4833,0.03439,17650.0
2255.05,15.78,-0.3812,-0.24,17660.0
2255.1,15.72,-0.2791,-0.5143,17680.0
2255.15,15.89,-0.2181,-0.5886,17710.0
2255.2,16.05,-0.1572,-0.6629,17740.0
2255.25,16.01,-0.1198,-0.7499,17750.0
2255.3,15.97,-0.0824,-0.837,17740.0
2255.35,16.04,-0.1624,-0.7152,17720.0
2255.4,16.11,-0.2424,-0.5933,17690.0
2255.45,15.98,-0.2711,-0.4595,17670.0
2255.5,15.85,-0.2998,-0.3256,17670.0
2255.55,15.74,-0.09435,-0.2755,17680.0
2255.6,15.62,0.1111,-0.2253,17680.0
2255.65,15.57,0.2361,-0.179,17680.0
2255.7,15.52,0.3611,-0.1327,17690.0
2255.75,15.6,0.2627,-0.2145,17700.0
2255.8,15.68,0.1644,-0.2963,17710.0
2255.85,15.8,0.252,-0.324,17710.0
2255.9,15.92,0.3396,-0.3517,17720.0
2255.95,15.79,0.3543,-0.5015,17720.0
2256.0,15.66,0.369,-0.6514,17730.0
2256.05,15.86,0.3766,-0.5746,17730.0
2256.1,16.05,0.3842,-0.4977,17720.0
2256.15,16.21,0.3625,-0.602,17710.0
2256.2,16.37,0.3408,-0.7063,17710.0
2256.25,16.42,0.4863,-0.5799,17700.0
2256.3,16.48,0.6318,-0.4536,17690.0
2256.35,16.54,0.7667,-0.415,17690.0
2256.4,16.6,0.9017,-0.3763,17710.0
2256.45,16.49,0.8849,-0.3545,17750.0
2256.5,16.38,0.8682,-0.3326,17790.0
2256.55,16.18,0.7205,-0.2818,17820.0
2256.6,15.99,0.5728,-0.231,17840.0
2256.65,16.0,0.5249,-0.3659,17840.0
2256.7,16.0,0.4769,-0.5009,17840.0
2256.75,16.24,0.2968,-0.4537,17820.0
2256.8,16.48,0.1166,-0.4065,17800.0
2256.85,16.29,0.08837,-0.456,17780.0
2256.9,16.1,0.06011,-0.5056,17780.0
2256.95,16.04,0.1029,-0.3457,17800.0
2257.0,15.98,0.1457,-0.1858,17820.0
2257.05,16.05,0.1553,-0.1383,17840.0
2257.1,16.12,0.1648,-0.09072,17860.0
2257.15,16.26,0.02428,-0.07853,17870.0
2257.2,16.4,-0.1162,-0.06633,17880.0
2257.25,16.45,-0.1057,-0.1041,17880.0
2257.3,16.5,-0.09514,-0.1419,17890.0
2257.35,16.6,-0.0414,-0.1543,17900.0
2257.4,16.69,0.01234,-0.1666,17900.0
2257.45,16.63,0.1037,-0.1128,17890.0
2257.5,16.57,0.1951,-0.05902,17880.0
2257.55,16.44,0.1397,0.1117,17860.0
2257.6,16.3,0.08439,0.2824,17840.0
2257.65,16.55,0.1288,0.2162,17820.0
2257.7,16.79,0.1732,0.15,17810.0
2257.75,16.72,0.2128,0.2288,17800.0
2257.8,16.64,0.2524,0.3075,17810.0
2257.85,16.53,0.09216,0.2833,17840.0
2257.9,16.42,-0.06807,0.259,17870.0
2257.95,16.44,-0.03404,0.003536,17890.0
2258.0,16.46,-6.985e-09,-0.2519,17900.0
2258.05,16.34,0.07444,0.189,17890.0
2258.1,16.23,0.1489,0.6299,17860.0
2258.15,16.2,0.1925,0.6405,17820.0
2258.2,16.17,0.2361,0.6511,17790.0
2258.25,16.08,0.3414,0.6116,17760.0
2258.3,15.99,0.4466,0.5721,17750.0
2258.35,15.98,0.2422,0.3574,17770.0
2258.4,15.97,0.03782,0.1427,17780.0
2258.45,16.06,-0.07822,-0.08633,17800.0
2258.5,16.14,-0.1943,-0.3153,17820.0
2258.55,16.15,-0.0824,-0.308,17820.0
2258.6,16.16,0.02946,-0.3007,17840.0
2258.65,16.36,-0.05115,-0.4043,17840.0
2258.7,16.57,-0.1318,-0.508,17830.0
2258.75,16.42,-0.1334,-0.5303,17820.0
2258.8,16.27,-0.135,-0.5526,17820.0
2258.85,16.4,-0.1409,-0.6431,17820.0
2258.9,16.53,-0.1469,-0.7336,17820.0
2258.95,16.61,-0.00617,-0.9144,17810.0
2259.0,16.7,0.1346,-1.095,17810.0
2259.05,16.4,0.1443,-0.9746,17820.0
2259.1,16.09,0.1541,-0.8541,17830.0
2259.15,16.09,0.3189,-0.8467,17830.0
2259.2,16.09,0.4837,-0.8394,17830.0
2259.25,16.22,0.4966,-0.5835,17830.0
2259.3,16.35,0.5095,-0.3275,17840.0
2259.35,16.13,0.5159,-0.2874,17850.0
2259.4,15.91,0.5223,-0.2473,17840.0
2259.45,16.18,0.496,-0.3459,17840.0
2259.5,16.44,0.4697,-0.4446,17850.0
2259.55,16.42,0.4813,-0.2958,17860.0
2259.6,16.4,0.4928,-0.1471,17860.0
2259.65,16.58,0.5703,-0.1928,17830.0
2259.7,16.75,0.6477,-0.2385,17800.0
2259.75,16.57,0.5886,-0.1651,17790.0
2259.8,16.4,0.5295,-0.0917,17780.0
2259.85,16.36,0.4357,-0.1747,17760.0
2259.9,16.32,0.342,-0.2578,17760.0
2259.95,16.22,0.3445,-0.5145,17780.0
2260.0,16.13,0.3471,-0.7711,17800.0
2260.05,16.2,0.06369,-0.6277,17810.0
2260.1,16.26,-0.2197,-0.4843,17810.0
2260.15,16.41,-0.2663,-0.6001,17800.0
2260.2,16.56,-0.3129,-0.7158,17790.0
2260.25,16.44,-0.1097,-0.6677,17760.0
2260.3,16.32,0.09355,-0.6197,17720.0
2260.35,16.38,0.09156,-0.6003,17690.0
2260.4,16.45,0.08957,-0.5809,17670.0
2260.45,16.36,0.09176,-0.6687,17660.0
2260.5,16.27,0.09395,-0.7565,17660.0
2260.55,16.31,-0.06966,-0.7944,17650.0
2260.6,16.34,-0.2333,-0.8323,17660.0
2260.65,16.08,-0.2856,-0.8228,17670.0
2260.7,15.82,-0.338,-0.8133,17680.0
2260.75,15.97,-0.2176,-0.5903,17690.0
2260.8,16.12,-0.09713,-0.3673,17700.0
2260.85,16.06,0.2012,-0.2213,17690.0
2260.9,15.99,0.4996,-0.07536,17670.0
2260.95,16.12,0.5876,0.04097,17640.0
2261.0,16.26,0.6755,0.1573,17600.0
2261.05,16.27,0.5661,0.1655,17550.0
2261.1,16.29,0.4566,0.1736,17510.0
2261.15,16.26,0.3232,0.1045,17510.0
2261.2,16.24,0.1899,0.03536,17530.0
2261.25,16.12,0.3129,-0.01463,17570.0
2261.3,15.99,0.4359,-0.06463,17620.0
2261.35,15.87,0.258,-0.1306,17670.0
2261.4,15.75,0.08001,-0.1966,17690.0
2261.45,15.71,0.02229,-0.131,17680.0
2261.5,15.67,-0.03543,-0.06536,17640.0
2261.55,15.38,-0.05732,-0.0756,17580.0
2261.6,15.09,-0.07922,-0.08584,17520.0
2261.65,15.05,-0.05016,-0.1869,17480.0
2261.7,15.01,-0.0211,-0.288,17460.0
2261.75,14.97,-0.07703,-0.3748,17470.0
2261.8,14.93,-0.133,-0.4617,17510.0
2261.85,14.91,-0.1238,-0.319,17560.0
2261.9,14.88,-0.1146,-0.1763,17590.0
2261.95,15.16,-0.04877,-0.13,17590.0
2262.0,15.44,0.01712,-0.08365,17560.0
2262.05,15.48,0.1537,-0.04951,17510.0
2262.1,15.52,0.2902,-0.01536,17470.0
2262.15,15.59,0.3525,-0.09438,17430.0
2262.2,15.67,0.4148,-0.1734,17410.0
2262.25,15.63,0.4542,-0.07572,17400.0
2262.3,15.58,0.4936,0.02195,17400.0
2262.35,15.58,0.7506,-0.01024,17420.0
2262.4,15.59,1.008,-0.04243,17430.0
2262.45,15.64,1.03,0.0328,17420.0
2262.5,15.7,1.052,0.108,17390.0
2262.55,15.63,0.9182,0.2149,17360.0
2262.6,15.56,0.7846,0.3217,17340.0
2262.65,15.31,0.8877,0.419,17310.0
2262.7,15.05,0.9908,0.5163,17270.0
2262.75,15.03,0.9054,0.5137,17240.0
2262.8,15.01,0.8201,0.5112,17240.0
2262.85,15.11,0.827,0.4914,17270.0
2262.9,15.21,0.834,0.4717,17290.0
2262.95,15.52,0.8031,0.3787,17300.0
2263.0,15.84,0.7723,0.2858,17310.0
2263.05,16.09,0.7146,0.1283,17310.0
2263.1,16.34,0.6568,-0.02927,17280.0
2263.15,16.23,0.6531,0.05853,17220.0
2263.2,16.11,0.6493,0.1463,17130.0
2263.25,16.19,0.4574,0.1383,17070.0
2263.3,16.27,0.2655,0.1302,17070.0
2263.35,16.33,0.3278,0.2049,17100.0
2263.4,16.4,0.3901,0.2795,17140.0
2263.45,16.38,0.4626,0.3853,17180.0
2263.5,16.37,0.535,0.4912,17230.0
2263.55,16.4,0.4401,0.5802,17280.0
2263.6,16.44,0.3451,0.6692,17270.0
2263.65,16.52,0.4425,0.6368,17210.0
2263.7,16.6,0.5398,0.6043,17110.0
2263.75,16.61,0.5589,0.6659,17030.0
2263.8,16.63,0.578,0.7275,16980.0
2263.85,16.72,0.3662,0.7327,16940.0
2263.9,16.82,0.1545,0.738,16930.0
2263.95,16.82,0.2613,0.5832,16960.0
2264.0,16.82,0.3682,0.4285,17030.0
2264.05,16.67,0.284,0.3868,17110.0
2264.1,16.53,0.1998,0.3451,17150.0
2264.15,16.43,0.1135,0.3062,17140.0
2264.2,16.33,0.02707,0.2673,17090.0
2264.25,16.37,-0.1813,0.05365,17020.0
2264.3,16.41,-0.3897,-0.16,16920.0
2264.35,16.49,-0.2412,-0.4613,16830.0
2264.4,16.56,-0.09275,-0.7626,16760.0
2264.45,16.56,0.24,-0.7596,16750.0
2264.5,16.56,0.5728,-0.7565,16780.0
2264.55,16.57,0.5179,-0.7402,16830.0
2264.6,16.58,0.463,-0.7238,16870.0
2264.65,16.61,0.4323,-0.473,16900.0
2264.7,16.64,0.4017,-0.2222,16900.0
2264.75,16.86,0.4192,-0.1338,16880.0
2264.8,17.07,0.4367,-0.04536,16820.0
2264.85,16.94,0.6541,-0.07658,16750.0
2264.9,16.82,0.8714,-0.1078,16680.0
2264.95,16.7,0.826,-0.3037,16640.0
2265.0,16.58,0.7806,-0.4997,16640.0
2265.05,16.47,0.6927,-0.5534,16640.0
2265.1,16.36,0.6047,-0.607,16630.0
2265.15,16.04,0.7976,-0.6855,16640.0
2265.2,15.73,0.9904,-0.7641,16670.0
2265.25,15.81,0.9853,-0.6197,16690.0
2265.3,15.88,0.9801,-0.4753,16670.0
2265.35,16.07,0.7625,-0.5637,16640.0
2265.4,16.25,0.545,-0.6521,16600.0
2265.45,16.14,0.4439,-0.8172,16570.0
2265.5,16.02,0.3427,-0.9823,16530.0
2265.55,16.14,0.3298,-0.8426,16510.0
2265.6,16.26,0.3169,-0.7028,16510.0
2265.65,16.28,0.3732,-0.4726,16560.0
2265.7,16.29,0.4295,-0.2424,16610.0
2265.75,16.19,0.6033,-0.2353,16630.0
2265.8,16.09,0.7771,-0.2283,16620.0
2265.85,16.09,0.7116,-0.2858,16600.0
2265.9,16.09,0.6461,-0.3434,16550.0
2265.95,16.16,0.706,-0.2491,16500.0
2266.0,16.22,0.7659,-0.1549,16440.0
2266.05,16.27,0.6889,-0.3439,16400.0
2266.1,16.31,0.6119,-0.5329,16420.0
2266.15,16.3,0.2106,-0.4793,16470.0
2266.2,16.3,-0.1907,-0.4258,16520.0
2266.25,16.25,-0.003384,-0.2975,16560.0
2266.3,16.2,0.1839,-0.1692,16590.0
2266.35,16.25,0.2808,-0.03097,16610.0
2266.4,16.31,0.3778,0.1073,16600.0
2266.45,16.39,0.4082,0.09523,16550.0
2266.5,16.48,0.4387,0.08316,16480.0
2266.55,16.58,0.3023,0.2241,16410.0
2266.6,16.68,0.166,0.3651,16370.0
2266.65,16.59,0.03344,0.3714,16350.0
2266.7,16.5,-0.09912,0.3778,16350.0
2266.75,16.51,0.04041,0.2211,16360.0
2266.8,16.52,0.1799,0.06438,16400.0
2266.85,16.51,0.1632,0.07731,16430.0
2266.9,16.51,0.1465,0.09023,16450.0
2266.95,16.5,0.2285,-0.08024,16440.0
2267.0,16.49,0.3105,-0.2507,16420.0
2267.05,16.44,0.2902,-0.4,16410.0
2267.1,16.39,0.2699,-0.5492,16370.0
2267.15,16.38,0.1511,-0.5849,16310.0
2267.2,16.37,0.03224,-0.6207,16240.0
2267.25,16.39,0.1391,-0.6502,16190.0
2267.3,16.41,0.246,-0.6797,16170.0
2267.35,16.33,-0.1425,-0.6647,16170.0
2267.4,16.25,-0.531,-0.6497,16190.0
2267.45,16.39,-0.6035,-0.6199,16220.0
2267.5,16.53,-0.6759,-0.5902,16270.0
2267.55,16.56,-0.4642,-0.5954,16290.0
2267.6,16.59,-0.2524,-0.6007,16270.0
2267.65,16.65,-0.167,-0.7152,16220.0
2267.7,16.71,-0.08161,-0.8297,16160.0
2267.75,16.71,-0.0416,-0.9506,16120.0
2267.8,16.71,-0.001592,-1.072,16080.0
2267.85,16.75,-0.006568,-1.075,16050.0
2267.9,16.79,-0.01154,-1.078,16040.0
2267.95,16.89,0.007365,-1.12,16060.0
2268.0,16.98,0.02627,-1.162,16100.0
2268.05,16.99,0.0838,-0.9483,16130.0
2268.1,17.0,0.1413,-0.7346,16140.0
2268.15,17.04,-0.002986,-0.6925,16140.0
2268.2,17.08,-0.1473,-0.6504,16120.0
2268.25,17.13,-0.02369,-0.5552,16090.0
2268.3,17.18,0.09992,-0.4599,16040.0
2268.35,17.26,0.041,-0.5704,16000.0
2268.4,17.34,-0.01791,-0.6809,15970.0
2268.45,17.2,0.002986,-0.8128,15970.0
2268.5,17.06,0.02388,-0.9448,16000.0
2268.55,17.26,-0.08419,-0.8927,16030.0
2268.6,17.45,-0.1923,-0.8406,16070.0
2268.65,17.44,-0.3748,-0.9051,16100.0
2268.7,17.43,-0.5573,-0.9696,16120.0
2268.75,17.47,-0.5066,-0.8355,16100.0
2268.8,17.51,-0.4558,-0.7014,16050.0
2268.85,17.61,-0.3631,-0.6786,16000.0
2268.9,17.71,-0.2703,-0.6558,15960.0
2268.95,17.56,-0.3842,-0.8367,15930.0
2269.0,17.42,-0.498,-1.018,15930.0
2269.05,17.52,-0.1419,-0.9721,15940.0
2269.1,17.62,0.2142,-0.9265,15960.0
2269.15,17.63,0.4703,-0.7487,15980.0
2269.2,17.63,0.7265,-0.5709,16010.0
2269.25,17.49,0.5295,-0.5935,16010.0
2269.3,17.35,0.3324,-0.616,15990.0
2269.35,17.28,0.3784,-0.7342,15960.0
2269.4,17.2,0.4244,-0.8523,15930.0
2269.45,17.08,0.3541,-0.7997,15900.0
2269.5,16.95,0.2838,-0.747,15860.0
2269.55,17.01,0.244,-0.6864,15820.0
2269.6,17.06,0.2042,-0.6258,15790.0
2269.65,17.15,0.3242,-0.7031,15790.0
2269.7,17.23,0.4443,-0.7804,15800.0
2269.75,17.29,0.6533,-0.7364,15810.0
2269.8,17.35,0.8622,-0.6924,15830.0
2269.85,17.39,0.9243,-0.6766,15850.0
2269.9,17.43,0.9865,-0.6609,15850.0
2269.95,17.32,1.2,-0.5025,15830.0
2270.0,17.2,1.414,-0.3441,15790.0
2270.05,17.07,1.252,-0.2439,15750.0
2270.1,16.94,1.091,-0.1436,15720.0
2270.15,16.84,0.9932,-0.2748,15710.0
2270.2,16.75,0.8953,-0.4061,15700.0
2270.25,16.67,0.8043,-0.2625,15700.0
2270.3,16.58,0.7134,-0.119,15700.0
2270.35,16.71,0.6009,-0.2569,15690.0
2270.4,16.83,0.4884,-0.3948,15670.0
2270.45,16.91,0.3953,-0.3659,15670.0
2270.5,16.98,0.3021,-0.337,15680.0
2270.55,17.15,0.3135,-0.3012,15710.0
2270.6,17.31,0.3248,-0.2653,15730.0
2270.65,17.15,0.3979,-0.325,15730.0
2270.7,16.99,0.4709,-0.3846,15710.0
2270.75,17.21,0.1988,-0.3902,15690.0
2270.8,17.42,-0.07325,-0.3958,15670.0
2270.85,17.27,-0.07166,-0.3484,15640.0
2270.9,17.12,-0.07006,-0.3009,15620.0
2270.95,17.07,-0.02667,-0.2068,15630.0
2271.0,17.03,0.01672,-0.1127,15650.0
2271.05,17.14,0.08499,0.06548,15670.0
2271.1,17.25,0.1533,0.2436,15670.0
2271.15,17.15,-0.003782,0.1901,15670.0
2271.2,17.05,-0.1608,0.1366,15680.0
2271.25,17.04,-0.1732,0.02585,15680.0
2271.3,17.03,-0.1855,-0.08487,15680.0
2271.35,16.82,-0.1523,-0.284,15670.0
2271.4,16.6,-0.119,-0.4831,15670.0
2271.45,16.62,-0.2042,-0.4304,15680.0
2271.5,16.64,-0.2894,-0.3778,15670.0
2271.55,16.63,-0.2613,-0.397,15650.0
2271.6,16.63,-0.2333,-0.4163,15630.0
2271.65,16.51,-0.2231,-0.3175,15600.0
2271.7,16.4,-0.213,-0.2188,15590.0
2271.75,16.38,-0.1523,-0.2759,15580.0
2271.8,16.36,-0.09156,-0.3331,15580.0
2271.85,16.3,0.01075,-0.3023,15600.0
2271.9,16.25,0.1131,-0.2714,15630.0
2271.95,16.29,0.1497,-0.312,15650.0
2272.0,16.34,0.1863,-0.3526,15640.0
2272.05,16.37,0.2627,-0.265,15600.0
2272.1,16.41,0.3392,-0.1773,15560.0
2272.15,16.43,0.3201,-0.2345,15510.0
2272.2,16.46,0.301,-0.2917,15480.0
2272.25,16.54,0.2586,-0.2779,15460.0
2272.3,16.63,0.2162,-0.2641,15460.0
2272.35,16.29,0.2291,-0.2464,15480.0
2272.4,15.96,0.242,-0.2288,15500.0
2272.45,15.82,0.0408,-0.2855,15520.0
2272.5,15.68,-0.1604,-0.3422,15520.0
2272.55,15.52,-0.03702,-0.4407,15520.0
2272.6,15.36,0.08638,-0.5392,15510.0
2272.65,15.38,-0.02707,-0.4125,15490.0
2272.7,15.4,-0.1405,-0.2858,15450.0
2272.75,15.31,-0.09255,-0.3307,15400.0
2272.8,15.22,-0.04459,-0.3756,15380.0
2272.85,15.26,-0.1369,-0.2486,15380.0
2272.9,15.3,-0.2293,-0.1217,15380.0
2272.95,15.25,-0.1266,-0.009755,15390.0
2273.0,15.21,-0.02388,0.1022,15400.0
2273.05,15.19,0.03503,-0.0778,15410.0
2273.1,15.16,0.09395,-0.2578,15420.0
2273.15,15.21,-0.0199,-0.1384,15400.0
2273.2,15.26,-0.1338,-0.01902,15380.0
2273.25,15.28,-0.2193,-0.005487,15360.0
2273.3,15.3,-0.3049,0.008048,15350.0
2273.35,15.13,-0.5002,0.05524,15350.0
2273.4,14.96,-0.6955,0.1024,15340.0
2273.45,14.94,-0.8364,0.04682,15330.0
2273.5,14.91,-0.9773,-0.00878,15340.0
2273.55,15.06,-0.8027,0.003902,15360.0
2273.6,15.21,-0.6282,0.01658,15370.0
2273.65,15.24,-0.6911,0.199,15370.0
2273.7,15.27,-0.754,0.3814,15350.0
2273.75,15.35,-0.7564,0.3701,15330.0
2273.8,15.44,-0.7587,0.3587,15310.0
2273.85,15.49,-0.5836,0.3742,15290.0
2273.9,15.54,-0.4084,0.3897,15280.0
2273.95,15.53,-0.3173,0.4404,15280.0
2274.0,15.53,-0.2261,0.4912,15310.0
2274.05,15.46,-0.1501,0.4413,15340.0
2274.1,15.39,-0.07404,0.3914,15350.0
2274.15,15.31,-0.1379,0.3644,15350.0
2274.2,15.22,-0.2018,0.3373,15320.0
2274.25,15.25,-0.01951,0.3982,15300.0
2274.3,15.28,0.1628,0.4592,15270.0
2274.35,15.39,0.2315,0.394,15240.0
2274.4,15.5,0.3002,0.3287,15200.0
2274.45,15.31,0.2631,0.3017,15190.0
2274.5,15.12,0.2261,0.2746,15200.0
2274.55,15.13,0.257,0.253,15220.0
2274.6,15.14,0.2878,0.2314,15240.0
2274.65,15.16,0.2633,0.2172,15230.0
2274.7,15.19,0.2389,0.2029,15220.0
2274.75,15.2,0.2183,0.2196,15210.0
2274.8,15.22,0.1978,0.2363,15180.0
2274.85,15.25,-0.000199,0.00817,15140.0
2274.9,15.27,-0.1982,-0.22,15100.0
2274.95,15.58,-0.005573,-0.3298,15090.0
2275.0,15.88,0.1871,-0.4397,15100.0
2275.05,15.75,0.3828,-0.5298,15110.0
2275.1,15.63,0.5784,-0.6199,15110.0
2275.15,15.6,0.424,-0.5156,15120.0
2275.2,15.58,0.2695,-0.4112,15140.0
2275.25,15.54,0.2486,-0.2968,15150.0
2275.3,15.5,0.2277,-0.1824,15130.0
2275.35,15.5,0.01871,-0.1955,15090.0
2275.4,15.5,-0.1903,-0.2085,15060.0
2275.45,15.59,-0.2022,-0.1557,15040.0
2275.5,15.69,-0.2142,-0.1029,15030.0
2275.55,15.69,-0.1955,-0.09804,15010.0
2275.6,15.69,-0.1767,-0.09316,15000.0
2275.65,15.65,-0.0207,-0.208,15020.0
2275.7,15.61,0.1353,-0.3229,15050.0
2275.75,15.65,0.1849,-0.22,15070.0
2275.8,15.69,0.2345,-0.1171,15070.0
2275.85,15.75,0.1955,-0.129,15060.0
2275.9,15.81,0.1564,-0.141,15050.0
2275.95,15.87,0.1477,-0.01939,15020.0
2276.0,15.93,0.1389,0.1022,14980.0
2276.05,15.89,0.1381,0.08158,14940.0
2276.1,15.85,0.1373,0.06097,14930.0
2276.15,15.91,0.2866,0.07841,14940.0
2276.2,15.96,0.4359,0.09584,14960.0
2276.25,15.85,0.4206,-0.07146,14980.0
2276.3,15.74,0.4052,-0.2388,14980.0
2276.35,15.8,0.4214,-0.04548,14980.0
2276.4,15.86,0.4375,0.1478,14970.0
2276.45,16.12,0.4158,0.3346,14960.0
2276.5,16.39,0.3941,0.5214,14930.0
2276.55,16.23,0.4001,0.4229,14920.0
2276.6,16.07,0.406,0.3244,14920.0
2276.65,16.09,0.335,0.3503,14910.0
2276.7,16.1,0.2639,0.3763,14900.0
2276.75,16.02,0.3722,0.5518,14890.0
2276.8,15.94,0.4805,0.7272,14890.0
2276.85,15.94,0.4727,0.5276,14890.0
2276.9,15.94,0.465,0.328,14890.0
2276.95,15.85,0.3929,0.4318,14890.0
2277.0,15.77,0.3209,0.5356,14880.0
2277.05,15.85,0.2607,0.6142,14880.0
2277.1,15.92,0.2006,0.6929,14880.0
2277.15,16.01,0.3658,0.5501,14870.0
2277.2,16.09,0.531,0.4073,14860.0
2277.25,16.0,0.4337,0.4131,14840.0
2277.3,15.91,0.3364,0.419,14830.0
2277.35,15.79,-0.01154,0.3018,14830.0
2277.4,15.68,-0.3595,0.1846,14800.0
2277.45,15.61,-0.4082,0.1068,14780.0
2277.5,15.53,-0.457,0.02902,14760.0
2277.55,15.51,-0.288,-0.07938,14760.0
2277.6,15.48,-0.119,-0.1878,14760.0
2277.65,15.47,-0.2176,-0.1895,14750.0
2277.7,15.45,-0.3161,-0.1912,14750.0
2277.75,15.34,-0.3023,0.179,14760.0
2277.8,15.23,-0.2886,0.5492,14760.0
2277.85,15.25,-0.1656,0.3478,14740.0
2277.9,15.27,-0.04259,0.1463,14710.0
2277.95,15.44,0.07982,0.1129,14700.0
2278.0,15.62,0.2022,0.0795,14700.0
2278.05,15.48,0.2864,0.2856,14690.0
2278.1,15.33,0.3706,0.4917,14660.0
2278.15,15.28,0.5129,0.3672,14640.0
2278.2,15.23,0.6552,0.2427,14630.0
2278.25,15.2,0.7625,0.2469,14620.0
2278.3,15.16,0.8698,0.2512,14610.0
2278.35,15.09,0.8712,0.4208,14600.0
2278.4,15.02,0.8726,0.5904,14600.0
2278.45,14.97,0.9399,0.5786,14610.0
2278.5,14.92,1.007,0.5668,14620.0
2278.55,15.04,0.8945,0.6631,14620.0
2278.6,15.17,0.7818,0.7594,14620.0
2278.65,15.26,0.8955,0.5846,14610.0
2278.7,15.35,1.009,0.4097,14590.0
2278.75,15.28,1.052,0.4215,14560.0
2278.8,15.21,1.096,0.4334,14520.0
2278.85,15.19,1.087,0.4556,14490.0
2278.9,15.17,1.078,0.4778,14480.0
2278.95,15.16,0.9582,0.4613,14490.0
2279.0,15.16,0.8388,0.4448,14520.0
2279.05,15.17,0.8708,0.4341,14550.0
2279.1,15.19,0.9029,0.4234,14580.0
2279.15,15.3,0.8648,0.3539,14590.0
2279.2,15.41,0.8268,0.2844,14590.0
2279.25,15.28,0.7643,0.1977,14550.0
2279.3,15.14,0.7018,0.111,14500.0
2279.35,14.93,0.7038,-0.005975,14450.0
2279.4,14.72,0.7058,-0.1229,14420.0
2279.45,14.71,0.6123,-0.01975,14400.0
2279.5,14.7,0.5187,0.08341,14410.0
2279.55,14.68,0.542,-0.03597,14440.0
2279.6,14.66,0.5653,-0.1553,14470.0
2279.65,14.91,0.4234,-0.1952,14490.0
2279.7,15.17,0.2814,-0.2351,14490.0
2279.75,15.17,0.2765,-0.2719,14470.0
2279.8,15.17,0.2715,-0.3087,14440.0
2279.85,15.15,0.2229,-0.1857,14410.0
2279.9,15.12,0.1744,-0.06268,14380.0
2279.95,15.1,0.1304,-0.04682,14360.0
2280.0,15.08,0.08638,-0.03097,14350.0
2280.05,14.98,0.09912,0.01207,14360.0
2280.1,14.88,0.1119,0.05512,14370.0
2280.15,14.86,-0.1531,-0.1001,14360.0
2280.2,14.85,-0.418,-0.2553,14340.0
2280.25,14.62,-0.55,-0.188,14320.0
2280.3,14.39,-0.6819,-0.1207,14290.0
2280.35,14.23,-0.6136,-0.2222,14270.0
2280.4,14.06,-0.5454,-0.3236,14250.0
2280.45,14.15,-0.9347,-0.2585,14250.0
2280.5,14.24,-1.324,-0.1934,14260.0
2280.55,14.26,-1.429,-0.2617,14270.0
2280.6,14.28,-1.534,-0.33,14280.0
2280.65,14.34,-1.79,-0.1638,14280.0
2280.7,14.4,-2.045,0.002439,14280.0
2280.75,14.36,-1.77,0.1046,14280.0
2280.8,14.31,-1.494,0.2068,14260.0
2280.85,14.26,-1.4,0.2395,14210.0
2280.9,14.21,-1.306,0.2722,14150.0
2280.95,14.05,-1.07,0.09682,14110.0
2281.0,13.9,-0.8348,-0.07853,14080.0
2281.05,14.02,-0.8551,-0.1834,14080.0
2281.1,14.14,-0.8754,-0.2883,14090.0
2281.15,14.17,-0.8824,-0.2756,14120.0
2281.2,14.2,-0.8893,-0.2629,14160.0
2281.25,14.12,-0.9148,-0.3055,14190.0
2281.3,14.03,-0.9403,-0.348,14220.0
2281.35,14.04,-1.197,-0.3385,14220.0
2281.4,14.04,-1.453,-0.329,14190.0
2281.45,13.9,-1.337,-0.4692,14160.0
2281.5,13.76,-1.221,-0.6094,14110.0
2281.55,13.58,-1.268,-0.4985,14060.0
2281.6,13.41,-1.314,-0.3875,14020.0
2281.65,13.48,-1.309,-0.2136,13990.0
2281.7,13.54,-1.304,-0.03975,13990.0
2281.75,13.4,-1.445,0.04414,14020.0
2281.8,13.25,-1.586,0.128,14060.0
2281.85,13.17,-1.306,0.2338,14110.0
2281.9,13.1,-1.025,0.3395,14150.0
2281.95,13.22,-1.091,0.2787,14160.0
2282.0,13.35,-1.157,0.218,14140.0
2282.05,13.34,-1.201,0.1614,14090.0
2282.1,13.33,-1.245,0.1049,14040.0
2282.15,13.41,-1.35,-0.05658,13990.0
2282.2,13.5,-1.456,-0.218,13960.0
2282.25,13.47,-1.593,-0.2651,13960.0
2282.3,13.45,-1.729,-0.3122,13980.0
2282.35,13.27,-1.657,-0.1122,14000.0
2282.4,13.09,-1.585,0.0878,14030.0
2282.45,13.15,-1.339,0.2029,14040.0
2282.5,13.21,-1.092,0.318,14030.0
2282.55,13.16,-1.144,0.3101,14000.0
2282.6,13.1,-1.195,0.3022,13970.0
2282.65,12.95,-1.208,0.2435,13950.0
2282.7,12.79,-1.22,0.1849,13940.0
2282.75,12.71,-1.241,0.1538,13930.0
2282.8,12.63,-1.262,0.1227,13920.0
2282.85,12.81,-1.227,0.03353,13920.0
2282.9,12.98,-1.193,-0.0556,13920.0
2282.95,12.96,-1.155,-0.2327,13910.0
2283.0,12.94,-1.117,-0.4097,13890.0
2283.05,13.14,-1.075,-0.4664,13870.0
2283.1,13.33,-1.033,-0.5231,13860.0
2283.15,13.19,-0.8579,-0.6003,13850.0
2283.2,13.04,-0.6827,-0.6775,13850.0
2283.25,12.95,-0.8264,-0.7241,13860.0
2283.3,12.87,-0.9701,-0.7706,13860.0
2283.35,12.83,-1.046,-0.6613,13870.0
2283.4,12.8,-1.122,-0.5519,13860.0
2283.45,12.83,-1.053,-0.552,13840.0
2283.5,12.86,-0.9845,-0.5521,13820.0
2283.55,12.9,-0.9478,-0.5547,13800.0
2283.6,12.94,-0.9112,-0.5573,13780.0
2283.65,13.08,-0.9904,-0.2766,13760.0
2283.7,13.22,-1.07,0.004146,13740.0
2283.75,13.22,-1.276,0.2388,13720.0
2283.8,13.21,-1.482,0.4734,13710.0
2283.85,13.15,-1.373,0.134,13700.0
2283.9,13.08,-1.264,-0.2053,13700.0
2283.95,13.21,-1.4,-0.3308,13700.0
2284.0,13.34,-1.537,-0.4563,13710.0
2284.05,13.23,-1.418,-0.3979,13710.0
2284.1,13.13,-1.299,-0.3395,13710.0
2284.15,13.22,-1.222,-0.3986,13710.0
2284.2,13.31,-1.144,-0.4578,13700.0
2284.25,13.29,-1.058,-0.4556,13670.0
2284.3,13.27,-0.9717,-0.4534,13640.0
2284.35,13.29,-0.9528,-0.392,13610.0
2284.4,13.31,-0.9339,-0.3307,13590.0
2284.45,13.51,-1.028,-0.165,13590.0
2284.5,13.71,-1.123,0.0007316,13590.0
2284.55,13.81,-1.149,0.07999,13590.0
2284.6,13.91,-1.176,0.1593,13590.0
2284.65,14.01,-0.9795,0.02292,13600.0
2284.7,14.12,-0.7826,-0.1134,13600.0
2284.75,14.06,-0.7556,-0.0695,13590.0
2284.8,14.01,-0.7285,-0.02561,13560.0
2284.85,14.06,-0.8652,-0.08865,13540.0
2284.9,14.12,-1.002,-0.1517,13520.0
2284.95,14.19,-0.9116,-0.1703,13500.0
2285.0,14.27,-0.8212,-0.189,13490.0
2285.05,14.19,-0.837,0.1041,13480.0
2285.1,14.11,-0.8527,0.3973,13470.0
2285.15,14.02,-0.9168,0.3234,13450.0
2285.2,13.93,-0.9809,0.2495,13430.0
2285.25,14.13,-1.051,0.2403,13410.0
2285.3,14.34,-1.121,0.2312,13400.0
2285.35,14.31,-1.065,0.2733,13390.0
2285.4,14.28,-1.01,0.3153,13390.0
2285.45,14.32,-0.8509,0.3184,13390.0
2285.5,14.35,-0.6923,0.3214,13390.0
2285.55,14.38,-0.7325,0.2773,13390.0
2285.6,14.4,-0.7727,0.2331,13380.0
2285.65,14.31,-0.6529,0.1054,13370.0
2285.7,14.22,-0.533,-0.02244,13350.0
2285.75,14.29,-0.6031,-0.1155,13330.0
2285.8,14.36,-0.6732,-0.2085,13310.0
2285.85,14.47,-0.6716,-0.136,13290.0
2285.9,14.58,-0.67,-0.06341,13280.0
2285.95,14.55,-0.8041,0.1254,13290.0
2286.0,14.52,-0.9383,0.3141,13310.0
2286.05,14.53,-0.872,0.24,13330.0
2286.1,14.54,-0.8057,0.1658,13350.0
2286.15,14.47,-0.8837,0.2514,13360.0
2286.2,14.4,-0.9618,0.337,13360.0
2286.25,14.41,-0.7225,0.3436,13340.0
2286.3,14.42,-0.4833,0.3502,13310.0
2286.35,14.45,-0.3961,0.09914,13270.0
2286.4,14.48,-0.3089,-0.1519,13250.0
2286.45,14.29,-0.3481,-0.151,13250.0
2286.5,14.1,-0.3873,-0.15,13270.0
2286.55,14.06,-0.5265,0.07072,13300.0
2286.6,14.02,-0.6656,0.2914,13340.0
2286.65,13.89,-0.7713,0.1866,13370.0
2286.7,13.75,-0.877,0.0817,13390.0
2286.75,13.52,-0.8678,0.1115,13370.0
2286.8,13.29,-0.8587,0.1412,13330.0
2286.85,13.5,-0.8567,0.2808,13270.0
2286.9,13.7,-0.8547,0.4204,13220.0
2286.95,13.76,-0.8039,0.4512,13190.0
2287.0,13.83,-0.7532,0.4819,13170.0
2287.05,13.94,-0.9671,0.3943,13180.0
2287.1,14.05,-1.181,0.3068,13230.0
2287.15,13.98,-1.042,0.09328,13290.0
2287.2,13.9,-0.9033,-0.1202,13330.0
2287.25,13.8,-0.8455,-0.01012,13350.0
2287.3,13.71,-0.7878,0.09999,13330.0
2287.35,13.78,-1.039,-0.02329,13300.0
2287.4,13.85,-1.291,-0.1466,13260.0
2287.45,13.78,-1.464,-0.2062,13200.0
2287.5,13.71,-1.637,-0.2658,13150.0
2287.55,13.72,-1.679,-0.1856,13130.0
2287.6,13.72,-1.72,-0.1054,13130.0
2287.65,13.58,-1.735,-0.08377,13150.0
2287.7,13.43,-1.75,-0.06219,13170.0
2287.75,13.49,-1.56,-0.008901,13200.0
2287.8,13.54,-1.371,0.04439,13220.0
2287.85,13.59,-1.266,-0.1288,13240.0
2287.9,13.63,-1.162,-0.3019,13230.0
2287.95,13.58,-1.213,-0.4228,13190.0
2288.0,13.53,-1.264,-0.5436,13140.0
2288.05,13.56,-1.294,-0.3517,13090.0
2288.1,13.59,-1.324,-0.1597,13050.0
2288.15,13.78,-1.196,-0.09097,13010.0
2288.2,13.96,-1.069,-0.02219,12990.0
2288.25,13.97,-1.053,-0.1056,13010.0
2288.3,13.98,-1.037,-0.189,13050.0
2288.35,13.88,-1.139,-0.07024,13080.0
2288.4,13.78,-1.24,0.04853,13090.0
2288.45,13.97,-1.334,0.148,13070.0
2288.5,14.16,-1.428,0.2475,13050.0
2288.55,14.21,-1.5,0.32,13020.0
2288.6,14.26,-1.571,0.3924,12980.0
2288.65,14.15,-1.452,0.4096,12940.0
2288.7,14.05,-1.333,0.4268,12920.0
2288.75,14.11,-1.248,0.4012,12920.0
2288.8,14.17,-1.164,0.3756,12930.0
2288.85,14.09,-1.148,0.4025,12940.0
2288.9,14.01,-1.133,0.4295,12940.0
2288.95,14.09,-1.274,0.3924,12950.0
2289.0,14.18,-1.416,0.3553,12970.0
2289.05,14.23,-1.366,0.4451,12970.0
2289.1,14.29,-1.317,0.5348,12950.0
2289.15,14.27,-1.339,0.5512,12930.0
2289.2,14.25,-1.361,0.5675,12930.0
2289.25,14.09,-1.335,0.4942,12930.0
2289.3,13.93,-1.308,0.4209,12930.0
2289.35,14.09,-1.35,0.5264,12930.0
2289.4,14.25,-1.391,0.6319,12940.0
2289.45,14.26,-1.281,0.6451,12960.0
2289.5,14.27,-1.172,0.6582,12970.0
2289.55,14.25,-1.108,0.6046,12960.0
2289.6,14.23,-1.043,0.5509,12940.0
2289.65,14.29,-1.007,0.6125,12940.0
2289.7,14.36,-0.9713,0.6741,12950.0
2289.75,14.45,-0.8965,0.7585,12950.0
2289.8,14.55,-0.8216,0.8428,12960.0
2289.85,14.7,-0.7472,0.5396,12960.0
2289.9,14.84,-0.6728,0.2363,12980.0
2289.95,14.95,-0.8254,0.1536,12990.0
2290.0,15.06,-0.9781,0.07097,12990.0
2290.05,14.85,-1.044,0.02402,12980.0
2290.1,14.64,-1.11,-0.02292,12980.0
2290.15,14.46,-1.062,-0.08975,12990.0
2290.2,14.29,-1.015,-0.1566,13000.0
2290.25,14.49,-0.8826,-0.1603,12980.0
2290.3,14.68,-0.7504,-0.1641,12970.0
2290.35,14.74,-0.8565,-0.2003,12980.0
2290.4,14.8,-0.9626,-0.2366,12990.0
2290.45,14.78,-1.081,-0.2479,13000.0
2290.5,14.75,-1.2,-0.2592,13010.0
2290.55,14.92,-1.148,-0.2268,13010.0
2290.6,15.08,-1.096,-0.1944,13020.0
2290.65,15.11,-0.9705,-0.3217,13020.0
2290.7,15.14,-0.8451,-0.449,13020.0
2290.75,14.98,-0.7548,-0.2099,13000.0
2290.8,14.81,-0.6644,0.02927,13000.0
2290.85,14.7,-0.7824,0.04341,13000.0
2290.9,14.59,-0.9005,0.05755,13000.0
2290.95,14.64,-0.9013,0.006829,12990.0
2291.0,14.7,-0.9021,-0.0439,12980.0
2291.05,14.8,-0.9733,-0.04463,12980.0
2291.1,14.9,-1.045,-0.04536,12990.0
2291.15,15.0,-0.8917,-0.1507,12990.0
2291.2,15.11,-0.7388,-0.2561,12970.0
2291.25,14.98,-0.7544,-0.2342,12960.0
2291.3,14.86,-0.7699,-0.2124,12960.0
2291.35,14.97,-0.6017,-0.4519,12970.0
2291.4,15.08,-0.4335,-0.6914,12970.0
2291.45,15.2,-0.5115,-0.9259,12980.0
2291.5,15.31,-0.5896,-1.16,13000.0
2291.55,15.31,-0.5026,-1.258,13020.0
2291.6,15.31,-0.4156,-1.356,13010.0
2291.65,15.22,-0.5028,-1.403,12980.0
2291.7,15.14,-0.59,-1.449,12940.0
2291.75,15.33,-0.4045,-1.302,12910.0
2291.8,15.53,-0.2189,-1.155,12900.0
2291.85,15.48,-0.5064,-1.174,12900.0
2291.9,15.42,-0.7938,-1.192,12910.0
2291.95,15.43,-0.9222,-1.184,12950.0
2292.0,15.44,-1.051,-1.176,12990.0
2292.05,15.35,-0.9136,-1.128,13010.0
2292.1,15.26,-0.7767,-1.08,13010.0
2292.15,15.36,-1.0,-1.025,13000.0
2292.2,15.45,-1.224,-0.9706,12980.0
2292.25,15.58,-1.26,-0.9034,12950.0
2292.3,15.7,-1.297,-0.8362,12930.0
2292.35,15.77,-1.192,-0.9056,12910.0
2292.4,15.84,-1.088,-0.975,12890.0
2292.45,15.95,-0.8778,-0.8081,12900.0
2292.5,16.06,-0.6676,-0.6411,12920.0
2292.55,15.96,-0.6773,-0.7263,12940.0
2292.6,15.86,-0.6871,-0.8114,12970.0
2292.65,15.87,-0.7544,-0.7644,12990.0
2292.7,15.89,-0.8216,-0.7175,13000.0
2292.75,15.92,-0.7595,-0.6554,13010.0
2292.8,15.94,-0.6974,-0.5933,13000.0
2292.85,15.71,-0.7299,-0.5865,12970.0
2292.9,15.49,-0.7623,-0.5797,12940.0
2292.95,15.51,-0.7199,-0.6525,12920.0
2293.0,15.54,-0.6775,-0.7253,12920.0
2293.05,15.62,-0.7844,-0.8015,12930.0
2293.1,15.7,-0.8913,-0.8777,12960.0
2293.15,15.64,-0.8859,-0.8658,13000.0
2293.2,15.58,-0.8806,-0.8538,13050.0
2293.25,15.68,-0.7755,-0.9711,13070.0
2293.3,15.77,-0.6704,-1.088,13070.0
2293.35,15.83,-0.5633,-1.162,13050.0
2293.4,15.88,-0.4562,-1.236,13030.0
2293.45,15.96,-0.3808,-1.185,13010.0
2293.5,16.05,-0.3053,-1.133,13010.0
2293.55,16.2,-0.2771,-1.073,13020.0
2293.6,16.35,-0.2488,-1.013,13050.0
2293.65,16.37,-0.1815,-1.037,13090.0
2293.7,16.39,-0.1142,-1.061,13120.0
2293.75,16.37,-0.2586,-0.8923,13130.0
2293.8,16.35,-0.4029,-0.7236,13130.0
2293.85,16.4,-0.5241,-0.8487,13110.0
2293.9,16.45,-0.6453,-0.9738,13080.0
2293.95,16.57,-0.4391,-0.9548,13050.0
2294.0,16.7,-0.2329,-0.9358,13040.0
2294.05,16.61,-0.03941,-0.8623,13060.0
2294.1,16.51,0.1541,-0.7889,13100.0
2294.15,16.55,-0.01413,-0.7357,13140.0
2294.2,16.59,-0.1823,-0.6824,13180.0
2294.25,16.41,-0.2532,-0.637,13200.0
2294.3,16.23,-0.324,-0.5916,13200.0
2294.35,16.09,-0.281,-0.6291,13180.0
2294.4,15.94,-0.2381,-0.6665,13150.0
2294.45,16.0,-0.3203,-0.6483,13120.0
2294.5,16.07,-0.4025,-0.6302,13100.0
2294.55,16.22,-0.5577,-0.4587,13090.0
2294.6,16.37,-0.713,-0.2873,13100.0
2294.65,16.51,-0.7279,-0.3283,13130.0
2294.7,16.64,-0.7428,-0.3692,13160.0
2294.75,16.78,-0.5089,-0.4739,13190.0
2294.8,16.93,-0.2751,-0.5785,13220.0
2294.85,16.79,-0.3499,-0.3718,13220.0
2294.9,16.65,-0.4248,-0.1651,13210.0
2294.95,16.48,-0.4831,-0.2329,13180.0
2295.0,16.31,-0.5414,-0.3007,13150.0
2295.05,16.46,-0.7769,-0.2598,13130.0
2295.1,16.61,-1.012,-0.219,13120.0
2295.15,16.57,-1.155,-0.07328,13120.0
2295.2,16.53,-1.297,0.07243,13140.0
2295.25,16.36,-1.494,0.04109,13160.0
2295.3,16.19,-1.691,0.009755,13180.0
2295.35,16.32,-1.75,-0.1869,13180.0
2295.4,16.46,-1.808,-0.3836,13170.0
2295.45,16.54,-1.852,-0.4668,13150.0
2295.5,16.62,-1.896,-0.5499,13130.0
2295.55,16.58,-1.937,-0.5586,13130.0
2295.6,16.53,-1.978,-0.5673,13140.0
2295.65,16.52,-2.189,-0.5432,13150.0
2295.7,16.51,-2.4,-0.5192,13160.0
2295.75,16.49,-2.27,-0.3108,13170.0
2295.8,16.47,-2.141,-0.1024,13170.0
2295.85,16.65,-2.239,-0.1825,13160.0
2295.9,16.82,-2.338,-0.2627,13140.0
2295.95,16.84,-2.169,-0.2458,13120.0
2296.0,16.86,-2.0,-0.229,13110.0
2296.05,16.75,-1.778,-0.04682,13110.0
2296.1,16.63,-1.556,0.1354,13120.0
2296.15,16.56,-1.737,0.1851,13140.0
2296.2,16.49,-1.918,0.2349,13160.0
2296.25,16.4,-1.976,0.08719,13190.0
2296.3,16.3,-2.033,-0.06048,13210.0
2296.35,16.41,-2.085,-0.1089,13230.0
2296.4,16.51,-2.138,-0.1573,13230.0
2296.45,16.49,-2.28,-0.1193,13240.0
2296.5,16.46,-2.423,-0.08121,13230.0
2296.55,16.55,-2.397,-0.1545,13220.0
2296.6,16.65,-2.371,-0.2278,13200.0
2296.65,16.6,-2.277,-0.4754,13200.0
2296.7,16.55,-2.183,-0.7231,13210.0
2296.75,16.34,-2.007,-0.6837,13240.0
2296.8,16.13,-1.831,-0.6443,13280.0
2296.85,16.2,-1.65,-0.6441,13320.0
2296.9,16.28,-1.469,-0.6438,13360.0
2296.95,16.35,-1.649,-0.4849,13390.0
2297.0,16.41,-1.829,-0.3261,13400.0
2297.05,16.44,-1.765,-0.2969,13400.0
2297.1,16.46,-1.701,-0.2678,13390.0
2297.15,16.5,-1.607,-0.3625,13390.0
2297.2,16.53,-1.512,-0.4573,13390.0
2297.25,16.77,-1.471,-0.4799,13390.0
2297.3,17.0,-1.43,-0.5026,13390.0
2297.35,16.94,-1.66,-0.4787,13410.0
2297.4,16.89,-1.89,-0.4548,13440.0
2297.45,17.01,-1.896,-0.2347,13470.0
2297.5,17.13,-1.901,-0.01463,13510.0
2297.55,17.05,-1.69,-0.06024,13550.0
2297.6,16.96,-1.48,-0.1058,13580.0
2297.65,16.77,-1.279,-0.1022,13610.0
2297.7,16.59,-1.078,-0.09853,13620.0
2297.75,16.54,-1.095,-0.2001,13620.0
2297.8,16.49,-1.111,-0.3017,13600.0
2297.85,16.33,-1.077,-0.4068,13590.0
2297.9,16.18,-1.042,-0.5119,13580.0
2297.95,16.26,-0.8135,-0.3724,13580.0
2298.0,16.35,-0.5848,-0.2329,13580.0
2298.05,16.46,-0.6576,-0.3369,13610.0
2298.1,16.57,-0.7305,-0.4409,13650.0
2298.15,16.52,-0.8857,-0.2281,13690.0
2298.2,16.46,-1.041,-0.01536,13730.0
2298.25,16.37,-1.136,-0.07475,13750.0
2298.3,16.27,-1.231,-0.1341,13750.0
2298.35,16.35,-1.223,-0.1117,13750.0
2298.4,16.43,-1.215,-0.08926,13730.0
2298.45,16.63,-1.199,-0.0439,13700.0
2298.5,16.83,-1.184,0.001463,13670.0
2298.55,16.71,-1.259,0.1072,13670.0
2298.6,16.58,-1.335,0.2129,13680.0
2298.65,16.76,-1.112,0.1273,13700.0
2298.7,16.94,-0.8889,0.0417,13720.0
2298.75,17.09,-1.035,-0.1141,13740.0
2298.8,17.24,-1.182,-0.27,13760.0
2298.85,17.28,-1.22,-0.3526,13770.0
2298.9,17.31,-1.259,-0.4353,13770.0
2298.95,17.36,-1.256,-0.2047,13750.0
2299.0,17.41,-1.254,0.02585,13740.0
2299.05,17.28,-1.486,-0.05268,13740.0
2299.1,17.16,-1.719,-0.1312,13730.0
2299.15,17.2,-1.62,-0.1529,13720.0
2299.2,17.24,-1.521,-0.1746,13700.0
2299.25,17.18,-1.444,-0.05804,13700.0
2299.3,17.12,-1.366,0.05853,13710.0
2299.35,16.93,-1.395,0.07987,13730.0
2299.4,16.73,-1.424,0.1012,13730.0
2299.45,16.82,-1.473,0.1072,13750.0
2299.5,16.91,-1.521,0.1132,13770.0
2299.55,16.89,-1.367,0.1386,13780.0
2299.6,16.87,-1.214,0.1641,13770.0
2299.65,16.8,-1.212,0.2155,13750.0
2299.7,16.74,-1.21,0.2668,13740.0
2299.75,16.84,-1.482,0.433,13740.0
2299.8,16.94,-1.753,0.5992,13740.0
2299.85,16.91,-1.831,0.3974,13740.0
2299.9,16.88,-1.909,0.1956,13750.0
2299.95,16.86,-1.76,0.04634,13780.0
2300.0,16.85,-1.611,-0.1029,13800.0
2300.05,16.66,-1.587,0.0217,13810.0
2300.1,16.47,-1.562,0.1463,13820.0
2300.15,16.45,-1.393,0.1188,13830.0
2300.2,16.43,-1.224,0.09121,13830.0
2300.25,16.25,-1.005,-0.0984,13840.0
2300.3,16.08,-0.7862,-0.288,13850.0
2300.35,15.96,-0.7245,-0.235,13850.0
2300.4,15.84,-0.6628,-0.1819,13850.0
2300.45,15.9,-0.5754,-0.1185,13870.0
2300.5,15.96,-0.4881,-0.05512,13900.0
2300.55,15.95,-0.4178,-0.06255,13920.0
2300.6,15.93,-0.3475,-0.06999,13940.0
2300.65,15.87,-0.3676,0.06451,13950.0
2300.7,15.81,-0.3877,0.199,13970.0
2300.75,15.8,-0.3258,0.3765,13980.0
2300.8,15.8,-0.2639,0.5541,13990.0
2300.85,15.73,-0.2066,0.5905,14000.0
2300.9,15.67,-0.1493,0.627,14010.0
2300.95,15.73,-0.3175,0.5353,14030.0
2301.0,15.8,-0.4857,0.4436,14050.0
2301.05,15.61,-0.5084,0.3224,14060.0
2301.1,15.43,-0.531,0.2012,14070.0
2301.15,15.49,-0.5306,0.154,14090.0
2301.2,15.54,-0.5302,0.1068,14110.0
2301.25,15.58,-0.4299,0.09633,14120.0
2301.3,15.62,-0.3296,0.08584,14130.0
2301.35,15.46,-0.3107,0.1791,14140.0
2301.4,15.3,-0.2918,0.2724,14160.0
2301.45,15.29,-0.1688,0.2879,14170.0
2301.5,15.29,-0.04578,0.3034,14170.0
2301.55,15.31,-0.1383,0.248,14170.0
2301.6,15.33,-0.2309,0.1927,14180.0
2301.65,15.22,-0.5068,-0.02036,14190.0
2301.7,15.11,-0.7826,-0.2334,14210.0
2301.75,15.04,-0.7299,-0.1957,14230.0
2301.8,14.96,-0.6771,-0.158,14240.0
2301.85,14.94,-0.6025,-0.1719,14240.0
2301.9,14.91,-0.5279,-0.1858,14240.0
2301.95,14.83,-0.7225,-0.1269,14220.0
2302.0,14.74,-0.9172,-0.06804,14200.0
2302.05,14.79,-0.9789,-0.1725,14190.0
2302.1,14.83,-1.041,-0.277,14190.0
2302.15,15.04,-1.008,-0.2266,14210.0
2302.2,15.26,-0.9745,-0.1761,14220.0
2302.25,15.22,-1.028,-0.1295,14240.0
2302.3,15.17,-1.082,-0.08292,14250.0
2302.35,15.23,-0.9182,-0.238,14250.0
2302.4,15.29,-0.754,-0.3931,14250.0
2302.45,15.23,-0.5121,-0.3541,14250.0
2302.5,15.18,-0.2703,-0.3151,14250.0
2302.55,15.35,-0.3621,-0.1972,14240.0
2302.6,15.52,-0.4538,-0.07926,14240.0
2302.65,15.3,-0.6523,-0.06914,14220.0
2302.7,15.08,-0.8507,-0.05902,14210.0
2302.75,15.15,-0.8585,-0.001585,14200.0
2302.8,15.23,-0.8662,0.05585,14220.0
2302.85,15.37,-0.8332,0.08341,14240.0
2302.9,15.52,-0.8001,0.111,14280.0
2302.95,15.59,-0.9138,0.168,14320.0
2303.0,15.66,-1.027,0.2251,14350.0
2303.05,15.71,-1.056,0.1671,14360.0
2303.1,15.77,-1.084,0.109,14340.0
2303.15,15.79,-0.9715,-0.02622,14300.0
2303.2,15.8,-0.8595,-0.1614,14250.0
2303.25,15.93,-0.9385,-0.1377,14220.0
2303.3,16.07,-1.018,-0.1139,14240.0
2303.35,16.11,-0.998,-0.09072,14280.0
2303.4,16.15,-0.9785,-0.06755,14330.0
2303.45,16.1,-0.9425,-0.1161,14380.0
2303.5,16.04,-0.9064,-0.1646,14430.0
2303.55,16.18,-0.9301,-0.314,14460.0
2303.6,16.31,-0.9538,-0.4634,14450.0
2303.65,16.31,-0.8246,-0.3891,14420.0
2303.7,16.31,-0.6955,-0.3148,14400.0
2303.75,16.31,-0.8475,-0.2844,14380.0
2303.8,16.31,-0.9996,-0.2539,14370.0
2303.85,16.57,-1.156,0.009511,14380.0
2303.9,16.83,-1.312,0.2729,14400.0
2303.95,16.87,-1.345,0.1723,14420.0
2304.0,16.91,-1.377,0.0717,14450.0
2304.05,17.02,-1.441,0.02914,14470.0
2304.1,17.13,-1.506,-0.01341,14490.0
2304.15,17.12,-1.284,-0.06243,14510.0
2304.2,17.11,-1.063,-0.1115,14510.0
2304.25,17.16,-0.8897,0.1513,14500.0
2304.3,17.22,-0.7162,0.4141,14490.0
2304.35,17.04,-0.7201,0.2178,14480.0
2304.4,16.86,-0.7241,0.02146,14470.0
2304.45,16.79,-0.7167,0.1553,14470.0
2304.5,16.73,-0.7094,0.2892,14490.0
2304.55,16.91,-0.6568,0.3197,14520.0
2304.6,17.1,-0.6043,0.3502,14550.0
2304.65,17.39,-0.6351,0.344,14570.0
2304.7,17.67,-0.666,0.3378,14570.0
2304.75,17.55,-0.6879,0.2846,14550.0
2304.8,17.43,-0.7098,0.2314,14530.0
2304.85,17.48,-0.6855,0.09084,14500.0
2304.9,17.54,-0.6612,-0.04975,14490.0
2304.95,17.67,-0.6268,-0.2486,14490.0
2305.0,17.81,-0.5923,-0.4475,14520.0
2305.05,17.78,-0.671,-0.5326,14560.0
2305.1,17.75,-0.7496,-0.6177,14590.0
2305.15,17.65,-0.9174,-0.523,14610.0
2305.2,17.55,-1.085,-0.4282,14620.0
2305.25,17.48,-1.042,-0.4828,14610.0
2305.3,17.41,-0.9984,-0.5373,14600.0
2305.35,17.46,-1.199,-0.5752,14570.0
2305.4,17.52,-1.399,-0.6131,14540.0
2305.45,17.4,-1.403,-0.4719,14530.0
2305.5,17.29,-1.406,-0.3307,14530.0
2305.55,17.26,-1.278,-0.1261,14550.0
2305.6,17.23,-1.15,0.07853,14580.0
2305.65,17.11,-1.286,-0.2395,14620.0
2305.7,16.99,-1.422,-0.5575,14660.0
2305.75,16.78,-1.475,-0.4514,14690.0
2305.8,16.58,-1.527,-0.3453,14700.0
2305.85,16.6,-1.403,-0.4715,14690.0
2305.9,16.62,-1.279,-0.5977,14670.0
2305.95,16.61,-1.371,-0.4985,14640.0
2306.0,16.59,-1.463,-0.3992,14600.0
2306.05,16.76,-1.468,-0.4084,14570.0
2306.1,16.92,-1.472,-0.4175,14570.0
2306.15,16.89,-1.24,-0.3161,14600.0
2306.2,16.87,-1.009,-0.2146,14640.0
2306.25,16.98,-1.053,-0.183,14700.0
2306.3,17.09,-1.097,-0.1514,14750.0
2306.35,16.94,-0.9007,-0.2979,14780.0
2306.4,16.79,-0.7046,-0.4443,14790.0
2306.45,16.73,-0.871,-0.4187,14770.0
2306.5,16.66,-1.037,-0.3931,14730.0
2306.55,16.6,-1.031,-0.3645,14700.0
2306.6,16.54,-1.025,-0.3358,14690.0
2306.65,16.67,-1.1,-0.2778,14690.0
2306.7,16.79,-1.175,-0.2197,14690.0
2306.75,16.82,-1.305,-0.2308,14690.0
2306.8,16.84,-1.435,-0.2419,14710.0
2306.85,16.98,-1.272,-0.07194,14740.0
2306.9,17.12,-1.109,0.09804,14760.0
2306.95,17.01,-0.9285,0.2717,14770.0
2307.0,16.91,-0.7476,0.4453,14780.0
2307.05,17.13,-0.7378,0.4235,14780.0
2307.1,17.35,-0.7281,0.4017,14770.0
2307.15,17.43,-0.7544,0.144,14750.0
2307.2,17.51,-0.7806,-0.1136,14750.0
2307.25,17.56,-0.6582,-0.2016,14770.0
2307.3,17.62,-0.5358,-0.2895,14790.0
2307.35,17.48,-0.5919,-0.2313,14790.0
2307.4,17.34,-0.6481,-0.1732,14770.0
2307.45,17.37,-0.547,0.007072,14750.0
2307.5,17.41,-0.4459,0.1873,14730.0
2307.55,17.43,-0.2874,0.2474,14720.0
2307.6,17.46,-0.129,0.3075,14720.0
2307.65,17.56,-0.0629,0.5097,14730.0
2307.7,17.67,0.003185,0.7119,14770.0
2307.75,17.47,0.02667,0.6299,14810.0
2307.8,17.27,0.05016,0.548,14840.0
2307.85,17.16,0.04697,0.3626,14840.0
2307.9,17.05,0.04379,0.1773,14840.0
2307.95,16.9,-0.02707,0.04792,14820.0
2308.0,16.74,-0.09793,-0.08145,14800.0
2308.05,16.83,-0.1921,-0.1263,14770.0
2308.1,16.92,-0.2862,-0.1712,14740.0
2308.15,16.96,-0.2066,-0.3006,14720.0
2308.2,16.99,-0.127,-0.43,14730.0
2308.25,16.91,-0.3268,-0.6113,14750.0
2308.3,16.82,-0.5267,-0.7926,14780.0
2308.35,16.73,-0.5711,-0.8659,14810.0
2308.4,16.63,-0.6154,-0.9392,14840.0
2308.45,16.65,-0.5864,-0.8308,14870.0
2308.5,16.68,-0.5573,-0.7224,14860.0
2308.55,16.43,-0.6471,-0.5396,14830.0
2308.6,16.19,-0.7369,-0.3568,14790.0
2308.65,16.17,-0.7956,-0.5364,14750.0
2308.7,16.15,-0.8543,-0.716,14710.0
2308.75,16.18,-0.7996,-0.6796,14690.0
2308.8,16.21,-0.7448,-0.6431,14690.0
2308.85,16.12,-0.6389,-0.6314,14730.0
2308.9,16.03,-0.533,-0.6197,14770.0
2308.95,16.21,-0.4369,-0.5395,14800.0
2309.0,16.39,-0.3408,-0.4592,14820.0
2309.05,16.37,-0.4544,-0.5499,14820.0
2309.1,16.36,-0.5681,-0.6407,14810.0
2309.15,16.13,-0.503,-0.5942,14780.0
2309.2,15.9,-0.4379,-0.5477,14750.0
2309.25,15.87,-0.3889,-0.5477,14710.0
2309.3,15.84,-0.34,-0.5477,14690.0
2309.35,15.79,-0.4154,-0.3436,14690.0
2309.4,15.74,-0.4908,-0.1395,14690.0
2309.45,15.64,-0.4612,-0.2572,14700.0
2309.5,15.53,-0.4315,-0.3748,14710.0
2309.55,15.56,-0.2428,-0.3908,14720.0
2309.6,15.6,-0.05414,-0.4068,14730.0
2309.65,15.69,0.01214,-0.2916,14730.0
2309.7,15.79,0.07842,-0.1763,14720.0
2309.75,15.76,0.009156,-0.09548,14710.0
2309.8,15.73,-0.06011,-0.01463,14690.0
2309.85,15.7,-0.1781,-0.09158,14680.0
2309.9,15.67,-0.2962,-0.1685,14670.0
2309.95,15.63,-0.4283,-0.287,14660.0
2310.0,15.6,-0.5605,-0.4056,14640.0
2310.05,15.55,-0.5609,-0.3697,14640.0
2310.1,15.5,-0.5613,-0.3339,14640.0
2310.15,15.44,-0.4662,-0.2552,14650.0
2310.2,15.39,-0.371,-0.1766,14650.0
2310.25,15.43,-0.3738,-0.05938,14650.0
2310.3,15.47,-0.3766,0.0578,14640.0
2310.35,15.54,-0.2566,-0.1443,14630.0
2310.4,15.61,-0.1365,-0.3463,14620.0
2310.45,15.66,-0.2878,-0.2514,14600.0
2310.5,15.72,-0.4391,-0.1566,14590.0
2310.55,15.74,-0.5478,-0.1955,14590.0
2310.6,15.77,-0.6564,-0.2344,14600.0
2310.65,15.77,-0.8025,-0.2797,14600.0
2310.7,15.78,-0.9486,-0.3251,14600.0
2310.75,15.54,-0.834,-0.1333,14600.0
2310.8,15.3,-0.7193,0.05853,14600.0
2310.85,15.32,-0.6658,-0.1956,14590.0
2310.9,15.34,-0.6123,-0.4497,14570.0
2310.95,15.37,-0.3203,-0.2703,14540.0
2311.0,15.4,-0.02826,-0.09097,14520.0
2311.05,15.37,0.2078,-0.01171,14520.0
2311.1,15.34,0.4439,0.06755,14530.0
2311.15,15.36,0.3798,0.1838,14550.0
2311.2,15.38,0.3157,0.3,14560.0
2311.25,15.4,0.2697,0.1842,14580.0
2311.3,15.42,0.2237,0.06853,14590.0
2311.35,15.44,0.03543,-0.1452,14560.0
2311.4,15.47,-0.1529,-0.359,14520.0
2311.45,15.63,-0.1638,-0.2062,14480.0
2311.5,15.78,-0.1748,-0.05341,14450.0
2311.55,15.82,-0.3752,-0.2001,14440.0
2311.6,15.86,-0.5756,-0.3468,14440.0
2311.65,15.77,-0.4873,-0.2194,14450.0
2311.7,15.68,-0.3989,-0.09194,14470.0
2311.75,15.82,-0.1915,0.02451,14490.0
2311.8,15.97,0.01592,0.141,14510.0
2311.85,16.11,-0.2313,0.2102,14510.0
2311.9,16.26,-0.4785,0.2795,14490.0
2311.95,16.17,-0.6785,0.1018,14490.0
2312.0,16.09,-0.8786,-0.07585,14480.0
2312.05,15.96,-0.8153,0.1097,14460.0
2312.1,15.83,-0.752,0.2953,14430.0
2312.15,15.89,-0.8453,0.3076,14420.0
2312.2,15.94,-0.9387,0.32,14420.0
2312.25,16.14,-1.019,0.2341,14430.0
2312.3,16.33,-1.099,0.1483,14430.0
2312.35,16.29,-1.03,0.1832,14430.0
2312.4,16.24,-0.9606,0.218,14430.0
2312.45,16.3,-0.8565,0.2351,14440.0
2312.5,16.36,-0.7524,0.2522,14450.0
2312.55,16.36,-0.8563,0.04256,14450.0
2312.6,16.37,-0.9602,-0.1671,14460.0
2312.65,16.16,-1.007,-0.2752,14480.0
2312.7,15.95,-1.053,-0.3834,14480.0
2312.75,15.82,-1.029,-0.6246,14460.0
2312.8,15.69,-1.005,-0.8658,14420.0
2312.85,15.72,-1.232,-0.8275,14380.0
2312.9,15.75,-1.459,-0.7892,14360.0
2312.95,15.97,-1.294,-0.7897,14350.0
2313.0,16.2,-1.13,-0.7902,14350.0
2313.05,16.11,-0.881,-0.7828,14370.0
2313.1,16.02,-0.6318,-0.7755,14410.0
2313.15,15.94,-0.7092,-0.7217,14430.0
2313.2,15.87,-0.7866,-0.668,14430.0
2313.25,15.85,-0.7643,-0.77,14400.0
2313.3,15.83,-0.742,-0.8721,14380.0
2313.35,15.87,-0.8722,-0.6005,14350.0
2313.4,15.91,-1.002,-0.329,14320.0
2313.45,15.77,-0.9407,-0.3356,14310.0
2313.5,15.63,-0.879,-0.3422,14310.0
2313.55,15.51,-0.8812,-0.2909,14330.0
2313.6,15.39,-0.8833,-0.2397,14340.0
2313.65,15.33,-0.8447,-0.1533,14320.0
2313.7,15.27,-0.8061,-0.06682,14300.0
2313.75,15.24,-0.7974,-0.02402,14270.0
2313.8,15.2,-0.7886,0.01878,14260.0
2313.85,15.28,-0.826,-0.1479,14260.0
2313.9,15.35,-0.8634,-0.3146,14260.0
2313.95,15.23,-0.913,-0.4425,14260.0
2314.0,15.11,-0.9626,-0.5704,14280.0
2314.05,14.98,-1.082,-0.6324,14290.0
2314.1,14.85,-1.202,-0.6943,14280.0
2314.15,14.72,-1.079,-0.6496,14240.0
2314.2,14.58,-0.9566,-0.6048,14210.0
2314.25,14.66,-0.8839,-0.4707,14180.0
2314.3,14.73,-0.8113,-0.3365,14160.0
2314.35,14.92,-0.9206,-0.2361,14150.0
2314.4,15.11,-1.03,-0.1356,14140.0
2314.45,14.98,-1.063,0.003902,14140.0
2314.5,14.86,-1.096,0.1434,14140.0
2314.55,14.87,-1.036,0.1597,14150.0
2314.6,14.88,-0.9753,0.1761,14160.0
2314.65,14.72,-1.015,0.2906,14180.0
2314.7,14.56,-1.054,0.4051,14220.0
2314.75,14.64,-1.026,0.4648,14230.0
2314.8,14.73,-0.9976,0.5246,14210.0
2314.85,14.73,-0.9713,0.6308,14160.0
2314.9,14.74,-0.945,0.737,14110.0
2314.95,14.78,-0.9259,0.5957,14070.0
2315.0,14.82,-0.9068,0.4543,14050.0
2315.05,14.8,-0.8238,0.5558,14040.0
2315.1,14.77,-0.7408,0.6572,14050.0
2315.15,14.96,-0.8282,0.5985,14090.0
2315.2,15.14,-0.9156,0.5397,14140.0
2315.25,15.19,-0.9954,0.5377,14180.0
2315.3,15.25,-1.075,0.5358,14180.0
2315.35,15.16,-1.218,0.4192,14180.0
2315.4,15.07,-1.361,0.3026,14160.0
2315.45,15.2,-1.411,0.574,14140.0
2315.5,15.34,-1.461,0.8453,14090.0
2315.55,15.45,-1.321,0.705,14040.0
2315.6,15.55,-1.182,0.5648,14020.0
2315.65,15.46,-1.014,0.3708,14010.0
2315.7,15.37,-0.8467,0.1768,14000.0
2315.75,15.32,-1.025,0.09987,13990.0
2315.8,15.27,-1.204,0.02292,14000.0
2315.85,15.25,-1.165,0.03244,14040.0
2315.9,15.24,-1.125,0.04195,14070.0
2315.95,15.06,-1.107,-0.05743,14080.0
2316.0,14.87,-1.088,-0.1568,14070.0
2316.05,14.86,-0.909,-0.1645,14050.0
2316.1,14.85,-0.7301,-0.1722,14040.0
2316.15,14.88,-0.6984,-0.1278,14020.0
2316.2,14.91,-0.6668,-0.08341,13990.0
2316.25,14.86,-0.7621,0.02756,13970.0
2316.3,14.81,-0.8575,0.1385,13980.0
2316.35,14.76,-0.7773,-0.005731,13990.0
2316.4,14.7,-0.697,-0.15,13980.0
2316.45,14.79,-0.8519,-0.1423,13960.0
2316.5,14.88,-1.007,-0.1346,13930.0
2316.55,14.93,-0.9528,-0.1706,13910.0
2316.6,14.98,-0.8989,-0.2066,13910.0
2316.65,14.95,-0.7878,-0.2711,13910.0
2316.7,14.93,-0.6767,-0.3356,13920.0
2316.75,14.98,-0.7048,-0.3601,13950.0
2316.8,15.04,-0.7329,-0.3846,13980.0
2316.85,14.99,-0.8091,-0.3252,14000.0
2316.9,14.95,-0.8853,-0.2658,13990.0
2316.95,14.92,-0.9522,-0.1571,13960.0
2317.0,14.88,-1.019,-0.04829,13920.0
2317.05,14.86,-1.097,0.1396,13880.0
2317.1,14.83,-1.175,0.3275,13840.0
2317.15,14.84,-1.192,0.2978,13810.0
2317.2,14.85,-1.21,0.268,13800.0
2317.25,14.76,-1.207,0.2808,13820.0
2317.3,14.67,-1.204,0.2936,13860.0
2317.35,14.63,-0.9695,0.3468,13900.0
2317.4,14.58,-0.7349,0.4,13930.0
2317.45,14.44,-0.7048,0.344,13950.0
2317.5,14.3,-0.6748,0.288,13970.0
2317.55,14.24,-0.6533,0.2291,13970.0
2317.6,14.18,-0.6318,0.1702,13950.0
2317.65,14.23,-0.4691,-0.002561,13900.0
2317.7,14.28,-0.3065,-0.1753,13860.0
2317.75,14.23,-0.3099,0.05024,13830.0
2317.8,14.19,-0.3133,0.2758,13810.0
2317.85,14.17,-0.5217,0.1775,13800.0
2317.9,14.15,-0.7301,0.07926,13800.0
2317.95,14.14,-0.874,0.153,13830.0
2318.0,14.14,-1.018,0.2268,13880.0
2318.05,14.26,-1.065,0.2406,13910.0
2318.1,14.38,-1.113,0.2544,13920.0
2318.15,14.3,-1.071,0.2561,13920.0
2318.2,14.22,-1.028,0.2578,13910.0
2318.25,14.17,-0.8328,0.3076,13890.0
2318.3,14.13,-0.6373,0.3575,13860.0
2318.35,14.23,-0.6071,0.4357,13830.0
2318.4,14.34,-0.5768,0.5138,13790.0
2318.45,14.55,-0.5434,0.4176,13780.0
2318.5,14.77,-0.5099,0.3214,13770.0
2318.55,14.84,-0.6455,0.42,13760.0
2318.6,14.91,-0.781,0.5185,13750.0
2318.65,14.92,-0.5681,0.4273,13760.0
2318.7,14.94,-0.3551,0.3361,13790.0
2318.75,15.01,-0.3903,0.2908,13810.0
2318.8,15.08,-0.4256,0.2456,13830.0
2318.85,15.07,-0.4007,0.1927,13850.0
2318.9,15.06,-0.3758,0.1397,13860.0
2318.95,15.11,-0.3724,0.1683,13860.0
2319.0,15.17,-0.369,0.1968,13830.0
2319.05,14.8,-0.329,0.2084,13780.0
2319.1,14.43,-0.289,0.22,13730.0
2319.15,14.38,-0.3507,0.4599,13700.0
2319.2,14.34,-0.4124,0.6999,13680.0
2319.25,14.29,-0.5563,0.6564,13670.0
2319.3,14.24,-0.7002,0.6129,13690.0
2319.35,14.12,-0.6622,0.6532,13720.0
2319.4,14.01,-0.6242,0.6936,13750.0
2319.45,14.01,-0.6192,0.7735,13770.0
2319.5,14.0,-0.6142,0.8533,13770.0
2319.55,14.18,-0.5271,0.7197,13740.0
2319.6,14.35,-0.4399,0.586,13720.0
2319.65,14.36,-0.1415,0.662,13690.0
2319.7,14.37,0.1568,0.738,13660.0
2319.75,14.19,0.1421,0.9075,13620.0
2319.8,14.0,0.1274,1.077,13600.0
2319.85,13.99,0.2452,1.099,13600.0
2319.9,13.99,0.3631,1.122,13600.0
2319.95,14.0,0.2377,1.117,13610.0
2320.0,14.02,0.1123,1.112,13620.0
2320.05,14.15,0.05275,1.173,13630.0
2320.1,14.29,-0.006767,1.234,13640.0
2320.15,14.12,0.07524,1.128,13640.0
2320.2,13.95,0.1572,1.023,13640.0
2320.25,13.75,0.083,1.036,13640.0
2320.3,13.56,0.008758,1.049,13630.0
2320.35,13.61,-0.06887,0.9039,13620.0
2320.4,13.67,-0.1465,0.7585,13610.0
2320.45,13.87,-0.1694,0.7982,13600.0
2320.5,14.07,-0.1923,0.838,13600.0
2320.55,14.08,-0.1238,0.7426,13600.0
2320.6,14.08,-0.05533,0.6472,13600.0
2320.65,13.96,-0.1678,0.5687,13600.0
2320.7,13.84,-0.2803,0.4902,13590.0
2320.75,13.75,-0.3636,0.3996,13570.0
2320.8,13.65,-0.447,0.309,13560.0
2320.85,13.81,-0.4761,0.2663,13560.0
2320.9,13.96,-0.5052,0.2236,13590.0
2320.95,13.98,-0.4474,0.3168,13610.0
2321.0,14.0,-0.3897,0.41,13630.0
2321.05,14.0,-0.3925,0.3225,13640.0
2321.1,14.01,-0.3953,0.2351,13630.0
2321.15,13.86,-0.5623,0.06158,13590.0
2321.2,13.71,-0.7293,-0.1119,13540.0
2321.25,13.67,-0.6188,-0.2861,13480.0
2321.3,13.63,-0.5084,-0.4602,13430.0
2321.35,13.59,-0.3617,-0.3133,13410.0
2321.4,13.55,-0.215,-0.1663,13430.0
2321.45,13.49,-0.324,-0.2168,13470.0
2321.5,13.44,-0.4331,-0.2673,13510.0
2321.55,13.43,-0.3905,-0.3203,13560.0
2321.6,13.43,-0.3479,-0.3734,13590.0
2321.65,13.41,-0.2446,-0.2803,13590.0
2321.7,13.4,-0.1413,-0.1873,13560.0
2321.75,13.45,-0.1779,-0.2734,13500.0
2321.8,13.51,-0.2146,-0.3595,13440.0
2321.85,13.5,-0.1471,-0.3334,13400.0
2321.9,13.49,-0.07962,-0.3073,13370.0
2321.95,13.43,-0.1771,-0.131,13360.0
2322.0,13.36,-0.2747,0.04536,13380.0
2322.05,13.32,-0.2299,0.08097,13420.0
2322.1,13.29,-0.1851,0.1166,13470.0
2322.15,13.33,-0.282,0.05512,13510.0
2322.2,13.37,-0.379,-0.006341,13530.0
2322.25,13.16,-0.3324,-0.1797,13530.0
2322.3,12.96,-0.2858,-0.3531,13510.0
2322.35,13.12,-0.1596,-0.2606,13480.0
2322.4,13.29,-0.03344,-0.168,13440.0
2322.45,13.18,-0.2146,-0.1674,13410.0
2322.5,13.06,-0.3957,-0.1668,13390.0
2322.55,13.1,-0.3907,-0.3284,13380.0
2322.6,13.14,-0.3857,-0.4899,13390.0
2322.65,13.11,-0.4389,-0.2856,13410.0
2322.7,13.09,-0.492,-0.08121,13440.0
2322.75,13.13,-0.4049,-0.2645,13460.0
2322.8,13.17,-0.3177,-0.4478,13460.0
2322.85,12.98,-0.2231,-0.4902,13450.0
2322.9,12.8,-0.1286,-0.5326,13440.0
2322.95,12.72,-0.1839,-0.3606,13420.0
2323.0,12.63,-0.2392,-0.1885,13410.0
2323.05,12.74,-0.1871,-0.3819,13430.0
2323.1,12.84,-0.135,-0.5753,13450.0
2323.15,13.0,-0.2803,-0.6914,13450.0
2323.2,13.17,-0.4256,-0.8075,13440.0
2323.25,13.2,-0.3471,-0.7389,13410.0
2323.3,13.23,-0.2687,-0.6704,13380.0
2323.35,13.23,-0.534,-0.5974,13360.0
2323.4,13.24,-0.7994,-0.5243,13340.0
2323.45,13.43,-0.5937,-0.5868,13330.0
2323.5,13.63,-0.3881,-0.6492,13350.0
2323.55,13.73,-0.373,-0.5275,13370.0
2323.6,13.83,-0.3579,-0.4058,13400.0
2323.65,13.94,-0.3207,-0.2257,13400.0
2323.7,14.04,-0.2834,-0.0456,13390.0
2323.75,14.11,-0.2743,-0.08914,13370.0
2323.8,14.18,-0.2651,-0.1327,13360.0
2323.85,14.26,-0.1668,-0.158,13340.0
2323.9,14.35,-0.06847,-0.1834,13310.0
2323.95,14.31,0.01015,-0.3124,13270.0
2324.0,14.26,0.08877,-0.4414,13250.0
2324.05,14.19,-0.08818,-0.4034,13230.0
2324.1,14.12,-0.2651,-0.3653,13210.0
2324.15,14.29,-0.3901,0.02841,13190.0
2324.2,14.47,-0.5151,0.4221,13200.0
2324.25,14.31,-0.7207,0.4101,13220.0
2324.3,14.14,-0.9263,0.398,13230.0
2324.35,13.98,-0.9126,0.2857,13220.0
2324.4,13.82,-0.8989,0.1734,13200.0
2324.45,13.93,-0.7892,-0.02085,13200.0
2324.5,14.05,-0.6795,-0.2151,13200.0
2324.55,14.07,-0.8039,-0.09609,13190.0
2324.6,14.09,-0.9283,0.02292,13170.0
2324.65,14.02,-0.8786,-0.04439,13160.0
2324.7,13.95,-0.8288,-0.1117,13140.0
2324.75,13.92,-0.7376,-0.1334,13120.0
2324.8,13.89,-0.6465,-0.1551,13090.0
2324.85,13.81,-0.4379,-0.04987,13070.0
2324.9,13.74,-0.2293,0.05536,13060.0
2324.95,13.6,-0.2721,0.08036,13090.0
2325.0,13.46,-0.3149,0.1054,13120.0
2325.05,13.4,-0.4385,-0.08499,13140.0
2325.1,13.35,-0.5621,-0.2753,13160.0
2325.15,13.43,-0.5119,-0.4509,13180.0
2325.2,13.51,-0.4618,-0.6265,13190.0
2325.25,13.31,-0.5217,-0.6186,13170.0
2325.3,13.11,-0.5816,-0.6107,13130.0
2325.35,13.02,-0.5505,-0.6169,13090.0
2325.4,12.93,-0.5195,-0.6231,13050.0
2325.45,12.92,-0.4972,-0.5569,13040.0
2325.5,12.92,-0.4749,-0.4907,13040.0
2325.55,12.85,-0.6302,-0.4413,13060.0
2325.6,12.77,-0.7854,-0.3919,13090.0
2325.65,12.58,-0.7884,-0.4445,13130.0
2325.7,12.39,-0.7914,-0.497,13160.0
2325.75,12.48,-0.7422,-0.4019,13170.0
2325.8,12.57,-0.6931,-0.3068,13160.0
2325.85,12.59,-0.7552,-0.3437,13150.0
2325.9,12.62,-0.8173,-0.3807,13140.0
2325.95,12.56,-0.8065,-0.2228,13130.0
2326.0,12.51,-0.7958,-0.06487,13120.0
2326.05,12.34,-0.8121,-0.1179,13110.0
2326.1,12.18,-0.8284,-0.171,13120.0
2326.15,12.3,-0.827,-0.2263,13140.0
2326.2,12.41,-0.8256,-0.2817,13140.0
2326.25,12.56,-0.6037,-0.2619,13130.0
2326.3,12.71,-0.3818,-0.2422,13120.0
2326.35,12.79,-0.3631,-0.3214,13130.0
2326.4,12.88,-0.3443,-0.4007,13140.0
2326.45,12.88,-0.4518,-0.4653,13150.0
2326.5,12.89,-0.5593,-0.5299,13160.0
2326.55,12.95,-0.588,-0.5649,13190.0
2326.6,13.02,-0.6166,-0.5999,13210.0
2326.65,13.11,-0.3151,-0.5592,13210.0
2326.7,13.21,-0.01353,-0.5185,13190.0
2326.75,13.29,0.1767,-0.4837,13160.0
2326.8,13.37,0.367,-0.449,13150.0
2326.85,13.52,0.4616,-0.3952,13140.0
2326.9,13.67,0.5561,-0.3414,13130.0
2326.95,13.8,0.3035,-0.2668,13130.0
2327.0,13.93,0.05095,-0.1922,13150.0
2327.05,13.96,-0.1708,-0.0795,13170.0
2327.1,13.99,-0.3925,0.03317,13170.0
2327.15,13.97,-0.3806,0.2216,13160.0
2327.2,13.94,-0.3686,0.41,13150.0
2327.25,14.12,-0.3553,0.4758,13150.0
2327.3,14.3,-0.342,0.5416,13160.0
2327.35,14.47,-0.3511,0.4749,13170.0
2327.4,14.65,-0.3603,0.4082,13170.0
2327.45,14.64,-0.214,0.288,13170.0
2327.5,14.62,-0.06767,0.1678,13180.0
2327.55,14.56,-0.06847,0.1282,13180.0
2327.6,14.5,-0.06927,0.08853,13170.0
2327.65,14.64,-0.02707,0.1319,13160.0
2327.7,14.79,0.01513,0.1753,13150.0
2327.75,14.79,0.1178,0.1301,13150.0
2327.8,14.79,0.2205,0.08487,13150.0
2327.85,14.82,0.1887,0.06804,13140.0
2327.9,14.85,0.1568,0.05121,13150.0
2327.95,14.8,0.1949,0.1594,13160.0
2328.0,14.75,0.2329,0.2675,13190.0
2328.05,14.79,0.1115,0.214,13210.0
2328.1,14.82,-0.009952,0.1605,13210.0
2328.15,14.77,0.04618,0.2389,13210.0
2328.2,14.72,0.1023,0.3173,13200.0
2328.25,14.86,0.1348,0.3467,13190.0
2328.3,15.01,0.1672,0.3761,13160.0
2328.35,14.99,0.3159,0.3447,13140.0
2328.4,14.98,0.4646,0.3134,13120.0
2328.45,14.94,0.3869,0.2794,13120.0
2328.5,14.91,0.3093,0.2453,13130.0
2328.55,14.85,0.1859,0.009755,13150.0
2328.6,14.79,0.0625,-0.2258,13170.0
2328.65,14.84,0.08658,-0.4464,13210.0
2328.7,14.9,0.1107,-0.667,13250.0
2328.75,14.76,0.06409,-0.6904,13260.0
2328.8,14.63,0.01752,-0.7138,13240.0
2328.85,14.69,0.002787,-0.6504,13200.0
2328.9,14.75,-0.01194,-0.587,13170.0
2328.95,14.75,0.1455,-0.4652,13150.0
2329.0,14.74,0.3029,-0.3434,13120.0
2329.05,14.8,0.2042,-0.4185,13110.0
2329.1,14.85,0.1055,-0.4936,13130.0
2329.15,14.78,-0.05414,-0.4436,13170.0
2329.2,14.7,-0.2138,-0.3936,13200.0
2329.25,14.84,-0.3324,-0.25,13230.0
2329.3,14.97,-0.451,-0.1063,13250.0
2329.35,15.06,-0.4944,-0.1821,13260.0
2329.4,15.14,-0.5378,-0.2578,13260.0
2329.45,15.27,-0.4743,-0.2203,13240.0
2329.5,15.39,-0.4108,-0.1829,13220.0
2329.55,15.22,-0.3945,-0.04731,13200.0
2329.6,15.04,-0.3782,0.08828,13200.0
2329.65,14.99,-0.6357,-0.008536,13200.0
2329.7,14.94,-0.8933,-0.1054,13210.0
2329.75,14.83,-0.6521,-0.06877,13230.0
2329.8,14.71,-0.4108,-0.03219,13260.0
2329.85,14.61,-0.4019,-0.2289,13280.0
2329.9,14.51,-0.3929,-0.4256,13290.0
2329.95,14.36,-0.5157,-0.4306,13280.0
2330.0,14.21,-0.6385,-0.4356,13270.0
2330.05,14.37,-0.6556,-0.5042,13260.0
2330.1,14.52,-0.6728,-0.5729,13250.0
2330.15,14.3,-0.5529,-0.5136,13260.0
2330.2,14.08,-0.4331,-0.4543,13270.0
2330.25,13.99,-0.2697,-0.3961,13290.0
2330.3,13.91,-0.1063,-0.3378,13310.0
2330.35,13.99,-0.4106,-0.07328,13310.0
2330.4,14.06,-0.715,0.1912,13290.0
2330.45,14.05,-0.6859,0.1867,13270.0
2330.5,14.03,-0.6568,0.1822,13250.0
2330.55,14.04,-0.415,0.206,13250.0
2330.6,14.05,-0.1732,0.2297,13250.0
2330.65,14.16,-0.2396,0.3747,13260.0
2330.7,14.28,-0.3061,0.5197,13280.0
2330.75,14.34,-0.4709,0.5479,13300.0
2330.8,14.4,-0.6357,0.576,13320.0
2330.85,14.46,-0.6021,0.7138,13330.0
2330.9,14.52,-0.5685,0.8516,13330.0
2330.95,14.54,-0.5082,0.6965,13330.0
2331.0,14.57,-0.4478,0.5414,13320.0
2331.05,14.58,-0.3031,0.2757,13300.0
2331.1,14.6,-0.1584,0.009999,13280.0
2331.15,14.52,-0.08459,-0.1023,13260.0
2331.2,14.45,-0.01075,-0.2146,13260.0
2331.25,14.58,0.1652,-0.06743,13280.0
2331.3,14.71,0.3412,0.07975,13290.0
2331.35,14.77,0.246,0.165,13320.0
2331.4,14.83,0.1509,0.2502,13340.0
2331.45,14.67,0.1929,-0.0317,13370.0
2331.5,14.51,0.2349,-0.3136,13390.0
2331.55,14.35,0.1417,-0.2444,13400.0
2331.6,14.2,0.04857,-0.1751,13420.0
2331.65,13.92,-0.03901,-0.1866,13420.0
2331.7,13.64,-0.1266,-0.198,13420.0
2331.75,13.72,-0.1393,-0.1118,13410.0
2331.8,13.79,-0.1521,-0.02561,13410.0
2331.85,13.82,-0.1258,-0.07316,13400.0
2331.9,13.85,-0.09952,-0.1207,13410.0
2331.95,13.93,-0.125,-0.009023,13420.0
2332.0,14.01,-0.1505,0.1027,13450.0
2332.05,14.11,-0.1473,0.00378,13480.0
2332.1,14.2,-0.1441,-0.09511,13520.0
2332.15,14.05,-0.2661,0.02817,13550.0
2332.2,13.9,-0.3881,0.1514,13580.0
2332.25,13.96,-0.4729,0.163,13610.0
2332.3,14.01,-0.5577,0.1746,13630.0
2332.35,13.88,-0.5567,0.2095,13650.0
2332.4,13.75,-0.5557,0.2444,13660.0
2332.45,13.75,-0.548,0.3156,13660.0
2332.5,13.76,-0.5402,0.3868,13670.0
2332.55,13.67,-0.6304,0.3826,13670.0
2332.6,13.58,-0.7205,0.3785,13660.0
2332.65,13.5,-0.748,0.4885,13670.0
2332.7,13.42,-0.7755,0.5985,13700.0
2332.75,13.51,-0.9735,0.3831,13720.0
2332.8,13.6,-1.172,0.1678,13750.0
2332.85,13.7,-1.255,0.1047,13780.0
2332.9,13.8,-1.339,0.0417,13800.0
2332.95,13.83,-1.217,-0.1247,13830.0
2333.0,13.85,-1.095,-0.2912,13850.0
2333.05,13.83,-0.9902,-0.1842,13860.0
2333.1,13.81,-0.8853,-0.07731,13870.0
2333.15,13.81,-0.7299,-0.01354,13880.0
2333.2,13.81,-0.5744,0.05024,13880.0
2333.25,13.78,-0.5177,0.02536,13870.0
2333.3,13.75,-0.461,0.0004878,13860.0
2333.35,13.52,-0.1807,0.1914,13850.0
2333.4,13.28,0.09952,0.3824,13860.0
2333.45,13.31,0.2086,0.3403,13870.0
2333.5,13.33,0.3177,0.2983,13890.0
2333.55,13.45,0.2538,0.3119,13910.0
2333.6,13.56,0.1899,0.3256,13940.0
2333.65,13.54,0.2952,0.2464,13960.0
2333.7,13.51,0.4005,0.1673,13980.0
2333.75,13.47,0.3328,0.06292,13970.0
2333.8,13.43,0.2651,-0.04146,13960.0
2333.85,13.56,0.3702,-0.1295,13950.0
2333.9,13.69,0.4753,-0.2175,13940.0
2333.95,13.71,0.5326,-0.2028,13920.0
2334.0,13.72,0.59,-0.188,13910.0
2334.05,13.76,0.5207,-0.243,13910.0
2334.1,13.8,0.4514,-0.298,13930.0
2334.15,13.86,0.2741,-0.2056,13960.0
2334.2,13.93,0.09673,-0.1132,13980.0
2334.25,14.11,0.07524,0.08645,13980.0
2334.3,14.3,0.05374,0.2861,13990.0
2334.35,14.35,0.1871,0.1821,13990.0
2334.4,14.41,0.3205,0.07804,13980.0
2334.45,14.46,0.1564,-0.1233,13960.0
2334.5,14.51,-0.007564,-0.3246,13960.0
2334.55,14.36,-0.05553,-0.1995,13980.0
2334.6,14.21,-0.1035,-0.07438,14010.0
2334.65,14.28,-0.09196,-0.03012,14030.0
2334.7,14.36,-0.08041,0.01414,14040.0
2334.75,14.6,-0.007763,-0.1071,14040.0
2334.8,14.85,0.06489,-0.2283,14040.0
2334.85,14.91,0.17,-0.2349,14030.0
2334.9,14.97,0.2751,-0.2414,14020.0
2334.95,15.03,0.4427,-0.2057,14010.0
2335.0,15.08,0.6103,-0.17,14030.0
2335.05,15.02,0.6909,-0.3056,14070.0
2335.1,14.96,0.7715,-0.4412,14110.0
2335.15,15.25,0.7341,-0.4268,14140.0
2335.2,15.53,0.6966,-0.4124,14160.0
2335.25,15.63,0.7351,-0.3692,14190.0
2335.3,15.72,0.7735,-0.3261,14210.0
2335.35,15.86,0.5396,-0.4203,14220.0
2335.4,16.0,0.3057,-0.5146,14210.0
2335.45,15.77,0.3412,-0.6677,14200.0
2335.5,15.54,0.3766,-0.8209,14200.0
2335.55,15.46,0.1823,-0.9989,14210.0
2335.6,15.37,-0.01194,-1.177,14210.0
2335.65,15.55,-0.2412,-1.059,14210.0
2335.7,15.73,-0.4705,-0.9411,14230.0
2335.75,15.62,-0.4705,-0.974,14290.0
2335.8,15.51,-0.4705,-1.007,14350.0
2335.85,15.5,-0.4375,-0.9944,14390.0
2335.9,15.48,-0.4045,-0.9818,14420.0
2335.95,15.54,-0.2345,-1.145,14450.0
2336.0,15.59,-0.06449,-1.308,14470.0
2336.05,15.62,-0.1978,-1.273,14460.0
2336.1,15.66,-0.3312,-1.238,14410.0
2336.15,15.72,-0.2735,-1.475,14370.0
2336.2,15.78,-0.2158,-1.712,14360.0
2336.25,15.72,-0.002388,-1.709,14380.0
2336.3,15.67,0.211,-1.707,14400.0
2336.35,15.71,0.2052,-1.442,14440.0
2336.4,15.75,0.1994,-1.176,14500.0
2336.45,15.86,0.01373,-0.899,14570.0
2336.5,15.96,-0.172,-0.6216,14610.0
2336.55,15.83,-0.1266,-0.6687,14620.0
2336.6,15.69,-0.08121,-0.7158,14590.0
2336.65,15.68,-0.05593,-0.5997,14560.0
2336.7,15.66,-0.03065,-0.4836,14550.0
2336.75,15.46,-0.1342,-0.415,14530.0
2336.8,15.25,-0.2377,-0.3463,14510.0
2336.85,15.39,-0.2277,-0.03768,14510.0
2336.9,15.52,-0.2178,0.2709,14540.0
2336.95,15.46,-0.2132,0.2861,14590.0
2337.0,15.39,-0.2086,0.3012,14610.0
2337.05,15.29,-0.341,0.1996,14610.0
2337.1,15.2,-0.4733,0.09804,14610.0
2337.15,15.28,-0.4361,0.148,14620.0
2337.2,15.36,-0.3989,0.198,14620.0
2337.25,15.41,-0.3507,0.3511,14610.0
2337.3,15.46,-0.3025,0.5041,14600.0
2337.35,15.55,-0.542,0.4824,14620.0
2337.4,15.65,-0.7814,0.4607,14650.0
2337.45,15.48,-0.8973,0.2466,14670.0
2337.5,15.31,-1.013,0.03244,14680.0
2337.55,15.43,-0.8666,-0.01695,14680.0
2337.6,15.55,-0.7201,-0.06633,14680.0
2337.65,15.6,-0.6425,0.07828,14690.0
2337.7,15.65,-0.5649,0.2229,14680.0
2337.75,15.55,-0.755,0.2979,14660.0
2337.8,15.46,-0.945,0.3729,14680.0
2337.85,15.48,-1.083,0.1885,14710.0
2337.9,15.49,-1.221,0.004146,14750.0
2337.95,15.71,-1.324,0.1177,14780.0
2338.0,15.92,-1.426,0.2312,14810.0
2338.05,16.02,-1.436,0.1378,14840.0
2338.1,16.13,-1.445,0.04439,14880.0
2338.15,16.26,-1.366,0.1562,14900.0
2338.2,16.39,-1.287,0.268,14890.0
2338.25,16.41,-1.323,0.1391,14880.0
2338.3,16.44,-1.359,0.01024,14860.0
2338.35,16.39,-1.265,-0.04975,14850.0
2338.4,16.34,-1.172,-0.1097,14840.0
2338.45,16.2,-1.13,-0.1823,14840.0
2338.5,16.07,-1.088,-0.2548,14880.0
2338.55,16.16,-0.9882,-0.332,14950.0
2338.6,16.25,-0.8881,-0.4092,15020.0
2338.65,16.3,-1.093,-0.5942,15080.0
2338.7,16.36,-1.298,-0.7792,15110.0
2338.75,16.36,-1.145,-0.6671,15110.0
2338.8,16.35,-0.992,-0.5551,15080.0
2338.85,16.22,-0.9102,-0.4175,15020.0
2338.9,16.08,-0.8284,-0.28,14960.0
2338.95,15.94,-0.7743,-0.3509,14910.0
2339.0,15.8,-0.7201,-0.4219,14910.0
2339.05,15.97,-0.8177,-0.3285,14940.0
2339.1,16.13,-0.9152,-0.2351,15000.0
2339.15,16.08,-1.027,-0.1113,15060.0
2339.2,16.03,-1.14,0.01244,15100.0
2339.25,15.97,-0.9815,-0.03109,15130.0
2339.3,15.91,-0.8232,-0.07463,15140.0
2339.35,15.93,-0.9476,-0.04609,15120.0
2339.4,15.95,-1.072,-0.01756,15080.0
2339.45,16.08,-1.212,-0.05597,15040.0
2339.5,16.22,-1.351,-0.09438,14990.0
2339.55,16.27,-1.23,-0.03853,14960.0
2339.6,16.32,-1.108,0.01732,14950.0
2339.65,16.28,-0.9413,0.2858,14950.0
2339.7,16.24,-0.7743,0.5543,14970.0
2339.75,16.14,-0.6748,0.5734,14990.0
2339.8,16.03,-0.5752,0.5924,15030.0
2339.85,16.15,-0.792,0.5073,15050.0
2339.9,16.26,-1.009,0.4221,15060.0
2339.95,16.09,-1.02,0.2263,15060.0
2340.0,15.91,-1.031,0.03048,15040.0
2340.05,15.77,-1.023,-0.05548,15020.0
2340.1,15.63,-1.015,-0.1414,15000.0
2340.15,15.62,-1.019,-0.211,15000.0
2340.2,15.61,-1.023,-0.2805,15010.0
2340.25,15.55,-0.873,-0.254,15020.0
2340.3,15.49,-0.7229,-0.2275,15050.0
2340.35,15.7,-0.8561,0.04987,15080.0
2340.4,15.91,-0.9892,0.3273,15110.0
2340.45,15.93,-1.042,0.2517,15120.0
2340.5,15.94,-1.095,0.1761,15130.0
2340.55,15.94,-1.033,0.2485,15120.0
2340.6,15.94,-0.9709,0.3209,15130.0
2340.65,15.84,-1.107,0.5536,15160.0
2340.7,15.75,-1.244,0.7863,15180.0
2340.75,15.79,-1.256,0.6755,15210.0
2340.8,15.83,-1.267,0.5648,15240.0
2340.85,15.89,-1.193,0.4556,15270.0
2340.9,15.95,-1.119,0.3463,15290.0
2340.95,15.7,-1.076,0.314,15280.0
2341.0,15.46,-1.033,0.2817,15270.0
2341.05,15.43,-0.9673,0.5308,15270.0
2341.1,15.4,-0.9021,0.7799,15280.0
2341.15,15.56,-0.8161,0.6854,15280.0
2341.2,15.73,-0.7301,0.5909,15290.0
2341.25,15.8,-0.8015,0.6288,15300.0
2341.3,15.86,-0.873,0.6668,15340.0
2341.35,16.0,-0.9606,0.8116,15380.0
2341.4,16.14,-1.048,0.9565,15400.0
2341.45,16.14,-1.103,0.9644,15400.0
2341.5,16.15,-1.158,0.9723,15390.0
2341.55,16.05,-1.212,0.9583,15380.0
2341.6,15.95,-1.267,0.9443,15360.0
2341.65,15.91,-1.217,0.7967,15320.0
2341.7,15.87,-1.166,0.6492,15290.0
2341.75,15.95,-1.051,0.7257,15290.0
2341.8,16.04,-0.9355,0.8021,15320.0
2341.85,16.03,-1.065,0.7491,15350.0
2341.9,16.02,-1.194,0.696,15360.0
2341.95,15.9,-0.9785,0.7083,15370.0
2342.0,15.78,-0.7631,0.7207,15360.0
2342.05,15.64,-0.617,0.6401,15340.0
2342.1,15.49,-0.4709,0.5595,15310.0
2342.15,15.66,-0.5878,0.4431,15280.0
2342.2,15.83,-0.7046,0.3268,15260.0
2342.25,15.89,-0.7058,0.443,15260.0
2342.3,15.95,-0.707,0.5592,15260.0
2342.35,15.81,-0.7114,0.5598,15260.0
2342.4,15.68,-0.7158,0.5604,15260.0
2342.45,15.76,-0.6517,0.5801,15270.0
2342.5,15.85,-0.5876,0.5997,15270.0
2342.55,15.84,-0.3682,0.5773,15260.0
2342.6,15.83,-0.1489,0.5548,15230.0
2342.65,15.84,-0.2225,0.3241,15210.0
2342.7,15.85,-0.2962,0.0934,15210.0
2342.75,15.85,-0.07802,0.1547,15220.0
2342.8,15.86,0.1401,0.2161,15230.0
2342.85,15.71,0.1477,-0.03402,15250.0
2342.9,15.56,0.1553,-0.2841,15270.0
2342.95,15.83,0.17,-0.3731,15290.0
2343.0,16.1,0.1847,-0.4621,15310.0
2343.05,16.09,0.09415,-0.2217,15320.0
2343.1,16.08,0.003583,0.01878,15320.0
2343.15,15.98,0.07424,-0.0128,15310.0
2343.2,15.87,0.1449,-0.04439,15310.0
2343.25,15.77,0.2661,0.01171,15290.0
2343.3,15.67,0.3873,0.0678,15280.0
2343.35,15.62,0.499,0.08084,15270.0
2343.4,15.57,0.6107,0.09389,15280.0
2343.45,15.56,0.6785,-0.08255,15320.0
2343.5,15.55,0.7464,-0.259,15360.0
2343.55,15.69,0.7864,-0.3575,15400.0
2343.6,15.83,0.8264,-0.456,15430.0
2343.65,15.89,0.6829,-0.4051,15450.0
2343.7,15.94,0.5394,-0.3541,15440.0
2343.75,15.97,0.4019,-0.3892,15400.0
2343.8,16.0,0.2643,-0.4243,15350.0
2343.85,16.06,0.2068,-0.448,15310.0
2343.9,16.12,0.1493,-0.4717,15300.0
2343.95,16.07,0.06767,-0.434,15300.0
2344.0,16.03,-0.01393,-0.3963,15310.0
2344.05,15.83,0.002588,-0.5334,15340.0
2344.1,15.64,0.01911,-0.6704,15380.0
2344.15,15.73,-0.1413,-0.7437,15420.0
2344.2,15.81,-0.3017,-0.817,15430.0
2344.25,15.71,-0.365,-0.8965,15430.0
2344.3,15.61,-0.4283,-0.976,15410.0
2344.35,15.74,-0.1584,-0.6385,15390.0
2344.4,15.87,0.1115,-0.3009,15340.0
2344.45,15.93,0.03125,-0.2373,15290.0
2344.5,15.98,-0.04896,-0.1736,15250.0
2344.55,15.76,-0.0199,-0.03109,15240.0
2344.6,15.54,0.009156,0.1115,15250.0
2344.65,15.66,0.04817,0.05377,15270.0
2344.7,15.77,0.08718,-0.003902,15290.0
2344.75,15.64,-0.04419,-0.005609,15330.0
2344.8,15.52,-0.1756,-0.007316,15360.0
2344.85,15.34,-0.1971,0.2212,15350.0
2344.9,15.16,-0.2185,0.4497,15310.0
2344.95,15.12,-0.3477,0.492,15260.0
2345.0,15.07,-0.4769,0.5343,15210.0
2345.05,15.13,-0.4152,0.5442,15180.0
2345.1,15.18,-0.3535,0.5541,15160.0
2345.15,14.91,-0.2056,0.3668,15150.0
2345.2,14.64,-0.05772,0.1795,15160.0
2345.25,14.58,-0.06867,0.163,15190.0
2345.3,14.52,-0.07962,0.1466,15230.0
2345.35,14.49,-0.09912,0.01134,15260.0
2345.4,14.46,-0.1186,-0.1239,15250.0
2345.45,14.53,-0.09693,-0.1385,15230.0
2345.5,14.6,-0.07524,-0.1532,15220.0
2345.55,14.39,0.1256,-0.1721,15210.0
2345.6,14.17,0.3264,-0.191,15190.0
2345.65,14.24,0.3987,-0.1414,15180.0
2345.7,14.3,0.4709,-0.09194,15180.0
2345.75,14.46,0.379,-0.1443,15210.0
2345.8,14.61,0.287,-0.1966,15240.0
2345.85,14.42,0.07783,-0.06841,15250.0
2345.9,14.23,-0.1314,0.05975,15250.0
2345.95,14.33,-0.1097,0.1149,15250.0
2346.0,14.42,-0.08798,0.17,15270.0
2346.05,14.41,-0.1326,0.025,15260.0
2346.1,14.4,-0.1771,-0.12,15250.0
2346.15,14.14,-0.1712,0.1016,15240.0
2346.2,13.87,-0.1652,0.3231,15260.0
2346.25,13.73,-0.03682,0.2964,15280.0
2346.3,13.59,0.09156,0.2697,15280.0
2346.35,13.56,0.005175,0.1388,15280.0
2346.4,13.54,-0.08121,0.007804,15300.0
2346.45,13.47,-0.1308,-0.05865,15330.0
2346.5,13.39,-0.1803,-0.1251,15340.0
2346.55,13.36,-0.2771,-0.2484,15330.0
2346.6,13.32,-0.3738,-0.3717,15310.0
2346.65,13.19,-0.3091,-0.438,15290.0
2346.7,13.06,-0.2444,-0.5043,15280.0
2346.75,12.98,0.00836,-0.5519,15280.0
2346.8,12.9,0.2611,-0.5994,15270.0
2346.85,12.96,0.5018,-0.2578,15290.0
2346.9,13.01,0.7424,0.08389,15320.0
2346.95,12.81,0.5139,0.08853,15350.0
2347.0,12.6,0.2854,0.09316,15350.0
2347.05,12.62,0.2874,0.1552,15360.0
2347.1,12.64,0.2894,0.2173,15360.0
2347.15,12.8,0.2518,0.2589,15360.0
2347.2,12.95,0.2142,0.3005,15340.0
2347.25,12.92,-0.1314,0.3358,15320.0
2347.3,12.89,-0.4769,0.3712,15310.0
2347.35,12.83,-0.2791,0.3728,15310.0
2347.4,12.76,-0.08121,0.3743,15290.0
2347.45,12.75,-0.1939,0.5195,15280.0
2347.5,12.75,-0.3065,0.6646,15260.0
2347.55,12.81,-0.4333,0.5624,15260.0
2347.6,12.88,-0.5601,0.4602,15280.0
2347.65,12.95,-0.6417,0.1856,15300.0
2347.7,13.02,-0.7233,-0.08901,15320.0
2347.75,13.03,-0.8849,-0.006585,15320.0
2347.8,13.04,-1.047,0.07585,15320.0
2347.85,13.11,-0.8521,0.2902,15300.0
2347.9,13.18,-0.6576,0.5046,15290.0
2347.95,13.25,-0.7378,0.4389,15260.0
2348.0,13.31,-0.8181,0.3731,15230.0
2348.05,13.26,-0.8646,0.1612,15210.0
2348.1,13.21,-0.9112,-0.05073,15210.0
2348.15,13.27,-0.8119,0.05256,15210.0
2348.2,13.33,-0.7126,0.1558,15210.0
2348.25,13.2,-0.5169,0.2289,15220.0
2348.3,13.07,-0.3213,0.3019,15230.0
2348.35,13.09,-0.2116,0.5297,15260.0
2348.4,13.1,-0.1019,0.7575,15280.0
2348.45,13.06,-0.09255,0.697,15280.0
2348.5,13.01,-0.0832,0.6365,15270.0
2348.55,13.34,0.004976,0.4863,15260.0
2348.6,13.67,0.09315,0.3361,15250.0
2348.65,13.59,0.03244,0.4921,15220.0
2348.7,13.51,-0.02826,0.6482,15190.0
2348.75,13.34,-0.1903,0.5627,15180.0
2348.8,13.16,-0.3523,0.4773,15200.0
2348.85,13.32,-0.3316,0.3341,15220.0
2348.9,13.47,-0.3109,0.191,15220.0
2348.95,13.47,-0.4457,0.2769,15230.0
2349.0,13.47,-0.5804,0.3629,15260.0
2349.05,13.4,-0.5595,0.3041,15280.0
2349.1,13.33,-0.5386,0.2453,15290.0
2349.15,13.39,-0.5243,0.3765,15270.0
2349.2,13.45,-0.5099,0.5077,15250.0
2349.25,13.62,-0.629,0.5038,15240.0
2349.3,13.78,-0.748,0.4999,15240.0
2349.35,13.87,-0.8083,0.527,15240.0
2349.4,13.96,-0.8686,0.5541,15230.0
2349.45,13.82,-0.7824,0.5595,15240.0
2349.5,13.69,-0.6962,0.5648,15260.0
2349.55,13.83,-0.833,0.5431,15270.0
2349.6,13.98,-0.9697,0.5214,15270.0
2349.65,14.14,-1.074,0.6032,15260.0
2349.7,14.3,-1.179,0.685,15260.0
2349.75,14.34,-1.202,0.6385,15260.0
2349.8,14.38,-1.224,0.5919,15270.0
2349.85,14.34,-1.117,0.4231,15260.0
2349.9,14.29,-1.01,0.2544,15250.0
2349.95,14.22,-1.016,0.3028,15250.0
2350.0,14.15,-1.021,0.3512,15260.0
2350.05,14.11,-0.7824,0.4776,15260.0
2350.1,14.06,-0.5434,0.6041,15240.0
2350.15,14.12,-0.5563,0.5524,15230.0
2350.2,14.18,-0.5693,0.5007,15230.0
2350.25,14.36,-0.6875,0.4977,15230.0
2350.3,14.54,-0.8057,0.4948,15230.0
2350.35,14.56,-0.9789,0.4368,15220.0
2350.4,14.57,-1.152,0.3787,15220.0
2350.45,14.52,-0.9035,0.6966,15250.0
2350.5,14.47,-0.6548,1.015,15270.0
2350.55,14.6,-0.6632,0.9767,15260.0
2350.6,14.72,-0.6716,0.9389,15240.0
2350.65,14.91,-0.4918,0.9012,15220.0
2350.7,15.09,-0.3121,0.8636,15220.0
2350.75,15.01,-0.4164,1.299,15200.0
2350.8,14.94,-0.5207,1.733,15180.0
2350.85,14.93,-0.6117,1.752,15170.0
2350.9,14.93,-0.7026,1.771,15190.0
2350.95,14.89,-0.6079,1.737,15220.0
2351.0,14.85,-0.5131,1.703,15250.0
2351.05,14.87,-0.4019,1.517,15250.0
2351.1,14.9,-0.2906,1.33,15250.0
2351.15,14.84,-0.2456,1.261,15260.0
2351.2,14.77,-0.2006,1.192,15250.0
2351.25,14.66,0.0617,1.269,15220.0
2351.3,14.55,0.324,1.345,15190.0
2351.35,14.6,0.2886,1.243,15170.0
2351.4,14.66,0.2532,1.14,15160.0
2351.45,14.68,0.248,1.069,15160.0
2351.5,14.71,0.2428,0.9977,15160.0
2351.55,14.66,0.2367,0.8553,15170.0
2351.6,14.62,0.2305,0.7128,15210.0
2351.65,14.73,0.2749,0.6847,15250.0
2351.7,14.84,0.3193,0.6565,15270.0
2351.75,14.64,0.3867,0.6041,15260.0
2351.8,14.43,0.4542,0.5516,15250.0
2351.85,14.44,0.2293,0.3731,15250.0
2351.9,14.44,0.004379,0.1946,15240.0
2351.95,14.51,-0.3489,0.2907,15210.0
2352.0,14.58,-0.7022,0.3868,15170.0
2352.05,14.61,-0.6395,0.3486,15170.0
2352.1,14.64,-0.5768,0.3105,15180.0
2352.15,14.71,-0.6984,0.3972,15190.0
2352.2,14.78,-0.8201,0.4838,15200.0
2352.25,14.9,-0.7705,0.4004,15220.0
2352.3,15.03,-0.7209,0.317,15260.0
2352.35,15.11,-0.9096,0.282,15290.0
2352.4,15.2,-1.098,0.247,15300.0
2352.45,15.15,-1.052,0.1215,15280.0
2352.5,15.11,-1.005,-0.004146,15260.0
2352.55,15.18,-0.9454,-0.1393,15240.0
2352.6,15.25,-0.8861,-0.2744,15220.0
2352.65,15.33,-0.8007,-0.1835,15180.0
2352.7,15.4,-0.7154,-0.09267,15170.0
2352.75,15.05,-0.6803,0.03548,15190.0
2352.8,14.69,-0.6453,0.1636,15230.0
2352.85,14.49,-0.5832,0.1419,15260.0
2352.9,14.28,-0.5211,0.1202,15270.0
2352.95,14.42,-0.3519,0.08889,15270.0
2353.0,14.56,-0.1827,0.05755,15270.0
2353.05,14.63,-0.2446,-0.05719,15260.0
2353.1,14.7,-0.3065,-0.1719,15230.0
2353.15,14.8,-0.1716,-0.01707,15190.0
2353.2,14.9,-0.03662,0.1378,15170.0
2353.25,14.76,-0.07802,0.226,15190.0
2353.3,14.63,-0.1194,0.3141,15200.0
2353.35,14.69,0.08201,0.4938,15200.0
2353.4,14.75,0.2834,0.6736,15190.0
2353.45,14.66,0.4803,0.5536,15180.0
2353.5,14.58,0.6771,0.4336,15180.0
2353.55,14.77,0.4001,0.3176,15170.0
2353.6,14.95,0.123,0.2017,15150.0
2353.65,14.87,-0.08479,-0.03341,15140.0
2353.7,14.78,-0.2926,-0.2685,15160.0
2353.75,14.72,-0.05314,-0.1494,15180.0
2353.8,14.66,0.1863,-0.03024,15190.0
2353.85,14.68,0.2088,0.0478,15180.0
2353.9,14.7,0.2313,0.1258,15170.0
2353.95,14.66,0.3915,0.215,15150.0
2354.0,14.62,0.5517,0.3041,15120.0
2354.05,14.55,0.8559,0.4187,15070.0
2354.1,14.48,1.16,0.5334,15040.0
2354.15,14.34,1.234,0.3298,15050.0
2354.2,14.2,1.307,0.1263,15080.0
2354.25,14.0,1.323,0.07597,15110.0
2354.3,13.8,1.339,0.02561,15130.0
2354.35,13.62,1.547,0.1372,15150.0
2354.4,13.44,1.755,0.2488,15160.0
2354.45,13.51,1.454,0.08402,15150.0
2354.5,13.57,1.152,-0.08072,15120.0
2354.55,13.49,1.213,-0.1507,15070.0
2354.6,13.41,1.273,-0.2207,15030.0
2354.65,13.3,1.182,-0.3334,15010.0
2354.7,13.19,1.09,-0.446,15020.0
2354.75,13.18,1.117,-0.5515,15020.0
2354.8,13.17,1.144,-0.657,15040.0
2354.85,13.23,0.9861,-0.5966,15080.0
2354.9,13.3,0.828,-0.5363,15130.0
2354.95,13.35,0.7637,-0.3554,15160.0
2355.0,13.4,0.6994,-0.1746,15160.0
2355.05,13.51,0.7581,-0.3376,15130.0
2355.1,13.62,0.8169,-0.5007,15100.0
2355.15,13.53,0.8782,-0.2935,15060.0
2355.2,13.44,0.9395,-0.08633,15020.0
2355.25,13.43,0.8041,-0.07158,14980.0
2355.3,13.42,0.6688,-0.05682,14970.0
2355.35,13.54,0.6128,-0.2351,14990.0
2355.4,13.66,0.5569,-0.4134,15040.0
2355.45,13.82,0.5016,-0.552,15080.0
2355.5,13.97,0.4463,-0.6907,15110.0
2355.55,13.98,0.6109,-0.458,15120.0
2355.6,13.99,0.7755,-0.2253,15110.0
2355.65,13.95,0.6017,-0.1863,15080.0
2355.7,13.92,0.4279,-0.1473,15030.0
2355.75,14.08,0.4275,-0.3118,14990.0
2355.8,14.25,0.4271,-0.4763,14970.0
2355.85,14.12,0.6469,-0.509,14970.0
2355.9,14.0,0.8666,-0.5416,14980.0
2355.95,13.93,0.5432,-0.5526,14980.0
2356.0,13.86,0.2197,-0.5636,14990.0
2356.05,13.93,0.09116,-0.5168,14990.0
2356.1,14.0,-0.03742,-0.4699,14990.0
2356.15,13.96,-0.2028,-0.3119,14960.0
2356.2,13.93,-0.3682,-0.1539,14930.0
2356.25,13.85,-0.2496,-0.1068,14920.0
2356.3,13.77,-0.131,-0.05975,14920.0
2356.35,13.67,-0.1738,-0.07194,14940.0
2356.4,13.56,-0.2166,-0.08414,14950.0
2356.45,13.64,-0.1284,-0.1972,14950.0
2356.5,13.72,-0.04021,-0.3102,14950.0
2356.55,13.75,0.1284,-0.1618,14950.0
2356.6,13.78,0.297,-0.01341,14930.0
2356.65,13.63,0.4614,-0.1099,14890.0
2356.7,13.47,0.6258,-0.2063,14860.0
2356.75,13.44,0.6801,-0.2273,14840.0
2356.8,13.41,0.7345,-0.2483,14830.0
2356.85,13.35,0.7426,-0.198,14840.0
2356.9,13.28,0.7508,-0.1478,14850.0
2356.95,13.13,0.8089,-0.2106,14870.0
2357.0,12.99,0.867,-0.2734,14900.0
2357.05,12.97,0.9431,-0.272,14920.0
2357.1,12.96,1.019,-0.2707,14920.0
2357.15,12.93,1.136,-0.3285,14910.0
2357.2,12.9,1.254,-0.3863,14890.0
2357.25,13.14,1.243,-0.1944,14870.0
2357.3,13.39,1.233,-0.002439,14850.0
2357.35,13.3,1.072,0.04731,14830.0
2357.4,13.22,0.9116,0.09706,14830.0
2357.45,13.33,0.7824,0.04548,14830.0
2357.5,13.44,0.6533,-0.006097,14840.0
2357.55,13.44,0.5806,-0.217,14850.0
2357.6,13.43,0.508,-0.428,14870.0
2357.65,13.28,0.4699,-0.2046,14890.0
2357.7,13.13,0.4319,0.01878,14900.0
2357.75,13.26,0.6417,0.1836,14910.0
2357.8,13.39,0.8515,0.3485,14900.0
2357.85,13.54,0.8388,0.4197,14880.0
2357.9,13.7,0.826,0.4909,14870.0
2357.95,13.77,0.8973,0.4263,14860.0
2358.0,13.84,0.9685,0.3617,14850.0
2358.05,13.92,0.91,0.313,14830.0
2358.1,13.99,0.8515,0.2644,14820.0
2358.15,13.96,1.096,0.2061,14820.0
2358.2,13.92,1.341,0.1478,14810.0
2358.25,13.97,1.341,0.3513,14810.0
2358.3,14.02,1.342,0.5548,14820.0
2358.35,14.2,1.298,0.5564,14830.0
2358.4,14.38,1.254,0.558,14840.0
2358.45,14.54,1.239,0.2688,14850.0
2358.5,14.69,1.224,-0.02049,14850.0
2358.55,14.72,1.12,-0.1119,14850.0
2358.6,14.75,1.016,-0.2034,14850.0
2358.65,14.8,0.9843,-0.0578,14830.0
2358.7,14.85,0.9526,0.0878,14810.0
2358.75,14.99,0.9719,-0.00817,14790.0
2358.8,15.12,0.9912,-0.1041,14770.0
2358.85,15.06,0.8875,-0.1196,14740.0
2358.9,15.01,0.7838,-0.1351,14730.0
2358.95,14.9,0.8933,-0.2005,14730.0
2359.0,14.8,1.003,-0.2658,14750.0
2359.05,14.94,1.07,-0.1541,14760.0
2359.1,15.07,1.137,-0.04243,14780.0
2359.15,14.97,1.33,0.1101,14810.0
2359.2,14.86,1.524,0.2627,14830.0
2359.25,14.91,1.665,0.2666,14830.0
2359.3,14.96,1.806,0.2705,14810.0
2359.35,15.09,1.651,0.3435,14780.0
2359.4,15.22,1.497,0.4165,14740.0
2359.45,15.3,1.307,0.5749,14700.0
2359.5,15.38,1.117,0.7333,14670.0
2359.55,15.44,1.125,0.7538,14670.0
2359.6,15.5,1.134,0.7743,14680.0
2359.65,15.5,1.093,0.748,14720.0
2359.7,15.51,1.053,0.7216,14760.0
2359.75,15.41,1.042,0.6166,14790.0
2359.8,15.32,1.032,0.5117,14810.0
2359.85,15.34,1.038,0.3945,14820.0
2359.9,15.36,1.043,0.2773,14820.0
2359.95,15.47,1.076,0.1484,14800.0
2360.0,15.58,1.109,0.01951,14770.0
2360.05,15.59,1.123,0.04109,14730.0
2360.1,15.6,1.136,0.06268,14700.0
2360.15,15.56,1.262,0.09792,14680.0
2360.2,15.52,1.388,0.1332,14680.0
2360.25,15.51,1.144,0.0895,14710.0
2360.3,15.51,0.9005,0.04585,14760.0
2360.35,15.41,1.019,-0.1038,14800.0
2360.4,15.3,1.137,-0.2534,14820.0
2360.45,15.25,1.038,-0.2878,14810.0
2360.5,15.2,0.9383,-0.3222,14780.0
2360.55,15.21,0.9859,-0.1007,14750.0
2360.6,15.22,1.033,0.1207,14710.0
2360.65,15.14,1.154,-0.1074,14690.0
2360.7,15.07,1.275,-0.3356,14690.0
2360.75,15.01,1.379,-0.4307,14710.0
2360.8,14.95,1.483,-0.5258,14740.0
2360.85,14.86,1.522,-0.2592,14770.0
2360.9,14.77,1.56,0.007316,14770.0
2360.95,14.91,1.399,-0.04951,14770.0
2361.0,15.04,1.237,-0.1063,14760.0
2361.05,15.08,1.153,-0.08743,14740.0
2361.1,15.13,1.068,-0.06853,14720.0
2361.15,15.15,1.209,-0.1702,14710.0
2361.2,15.16,1.349,-0.2719,14710.0
2361.25,15.18,1.381,-0.3518,14730.0
2361.3,15.2,1.413,-0.4317,14750.0
2361.35,15.1,1.447,-0.3387,14760.0
2361.4,15.0,1.48,-0.2458,14760.0
2361.45,14.99,1.319,-0.1961,14760.0
2361.5,14.99,1.157,-0.1463,14740.0
2361.55,14.82,0.9279,0.05877,14730.0
2361.6,14.65,0.6986,0.2639,14720.0
2361.65,14.74,0.6437,0.2664,14730.0
2361.7,14.84,0.5888,0.269,14740.0
2361.75,15.03,0.8254,0.2479,14770.0
2361.8,15.22,1.062,0.2268,14780.0
2361.85,15.16,1.121,-0.01732,14780.0
2361.9,15.1,1.179,-0.2614,14780.0
2361.95,15.06,1.048,-0.3228,14770.0
2362.0,15.03,0.9164,-0.3841,14750.0
2362.05,15.22,0.9884,-0.3597,14740.0
2362.1,15.41,1.06,-0.3353,14740.0
2362.15,15.43,0.9667,-0.5568,14740.0
2362.2,15.46,0.873,-0.7782,14760.0
2362.25,15.48,0.6925,-0.957,14780.0
2362.3,15.51,0.5119,-1.136,14790.0
2362.35,15.58,0.4747,-1.058,14800.0
2362.4,15.66,0.4375,-0.9811,14820.0
2362.45,15.72,0.2243,-0.7194,14830.0
2362.5,15.79,0.01115,-0.4578,14830.0
2362.55,15.79,-0.0631,-0.5095,14820.0
2362.6,15.79,-0.1373,-0.5612,14820.0
2362.65,15.83,0.05792,-0.653,14810.0
2362.7,15.86,0.2532,-0.7448,14810.0
2362.75,15.94,0.383,-0.7786,14800.0
2362.8,16.01,0.5127,-0.8123,14810.0
2362.85,16.02,0.6081,-0.7783,14820.0
2362.9,16.02,0.7034,-0.7443,14840.0
2362.95,15.96,0.7058,-0.6898,14860.0
2363.0,15.9,0.7082,-0.6353,14860.0
2363.05,15.86,0.531,-0.5497,14860.0
2363.1,15.81,0.3539,-0.4641,14840.0
2363.15,15.59,0.4472,-0.1975,14810.0
2363.2,15.37,0.5406,0.06902,14800.0
2363.25,15.36,0.6176,0.1596,14790.0
2363.3,15.34,0.6947,0.2502,14800.0
2363.35,15.27,0.7948,0.2312,14820.0
2363.4,15.21,0.8949,0.2122,14830.0
2363.45,15.28,1.011,0.01963,14840.0
2363.5,15.35,1.126,-0.1729,14830.0
2363.55,15.41,1.15,-0.2322,14820.0
2363.6,15.47,1.173,-0.2914,14800.0
2363.65,15.32,1.22,-0.1222,14770.0
2363.7,15.16,1.267,0.04707,14760.0
2363.75,15.13,1.173,0.2578,14760.0
2363.8,15.11,1.078,0.4685,14770.0
2363.85,15.4,1.099,0.4014,14790.0
2363.9,15.68,1.12,0.3344,14800.0
2363.95,15.5,0.9452,0.1291,14820.0
2364.0,15.31,0.7707,-0.07609,14820.0
2364.05,15.22,0.7502,-0.2101,14810.0
2364.1,15.13,0.7297,-0.3441,14790.0
2364.15,15.21,0.7603,-0.3301,14770.0
2364.2,15.28,0.791,-0.3161,14760.0
2364.25,15.23,0.8131,-0.2313,14750.0
2364.3,15.18,0.8352,-0.1466,14740.0
2364.35,15.01,1.068,-0.2162,14730.0
2364.4,14.84,1.301,-0.2858,14740.0
2364.45,14.64,1.222,-0.2909,14750.0
2364.5,14.45,1.142,-0.2961,14760.0
2364.55,14.43,1.116,-0.392,14780.0
2364.6,14.4,1.09,-0.488,14800.0
2364.65,14.23,1.043,-0.5143,14820.0
2364.7,14.06,0.9952,-0.5407,14840.0
2364.75,13.95,0.8007,-0.3739,14840.0
2364.8,13.85,0.6063,-0.2071,14830.0
2364.85,13.82,0.7454,-0.2768,14820.0
2364.9,13.8,0.8845,-0.3465,14810.0
2364.95,13.64,0.9574,-0.3268,14800.0
2365.0,13.48,1.03,-0.307,14800.0
2365.05,13.43,0.9371,-0.4291,14810.0
2365.1,13.37,0.8439,-0.5512,14820.0
2365.15,13.35,0.7556,-0.3207,14840.0
2365.2,13.34,0.6672,-0.09023,14870.0
2365.25,13.4,0.7599,0.1729,14890.0
2365.3,13.47,0.8527,0.436,14910.0
2365.35,13.42,0.8702,0.4089,14930.0
2365.4,13.37,0.8877,0.3817,14950.0
2365.45,13.36,0.9094,0.3426,14950.0
2365.5,13.35,0.9311,0.3036,14940.0
2365.55,13.36,1.179,0.3531,14910.0
2365.6,13.38,1.427,0.4026,14890.0
2365.65,13.38,1.505,0.3269,14870.0
2365.7,13.37,1.582,0.2512,14860.0
2365.75,13.3,1.55,0.0528,14860.0
2365.8,13.23,1.517,-0.1456,14880.0
2365.85,13.33,1.393,-0.07121,14920.0
2365.9,13.43,1.269,0.00317,14950.0
2365.95,13.59,1.202,0.1113,14960.0
2366.0,13.76,1.135,0.2195,14950.0
2366.05,13.9,1.067,0.4368,14940.0
2366.1,14.03,1.0,0.6541,14920.0
2366.15,14.29,1.101,0.4699,14890.0
2366.2,14.54,1.203,0.2858,14860.0
2366.25,14.8,0.999,0.4871,14850.0
2366.3,15.06,0.7954,0.6885,14850.0
2366.35,15.06,0.629,0.7596,14870.0
2366.4,15.06,0.4626,0.8306,14900.0
2366.45,15.06,0.5388,0.8233,14920.0
2366.5,15.06,0.615,0.816,14950.0
2366.55,15.13,0.5243,0.7208,14970.0
2366.6,15.2,0.4335,0.6255,14970.0
2366.65,15.28,0.4908,0.4628,14950.0
2366.7,15.35,0.5482,0.3,14910.0
2366.75,15.18,0.5251,0.3116,14880.0
2366.8,15.0,0.502,0.3231,14860.0
2366.85,14.95,0.3617,0.4562,14850.0
2366.9,14.89,0.2213,0.5892,14850.0
2366.95,14.94,0.2761,0.5662,14880.0
2367.0,14.98,0.3308,0.5431,14920.0
2367.05,15.03,0.2496,0.4558,14970.0
2367.1,15.07,0.1684,0.3685,15000.0
2367.15,14.95,0.1658,0.3897,15010.0
2367.2,14.83,0.1632,0.4109,15000.0
2367.25,14.84,0.09076,0.4823,14990.0
2367.3,14.85,0.01831,0.5536,14970.0
2367.35,15.05,-0.07922,0.6138,14940.0
2367.4,15.24,-0.1767,0.6741,14920.0
2367.45,15.24,-0.03165,0.6461,14920.0
2367.5,15.23,0.1135,0.6182,14960.0
2367.55,15.17,0.04419,0.4819,15000.0
2367.6,15.11,-0.02508,0.3456,15040.0
2367.65,15.28,-0.02747,0.4168,15070.0
2367.7,15.46,-0.02986,0.488,15090.0
2367.75,15.71,0.01453,0.4869,15100.0
2367.8,15.96,0.05892,0.4858,15080.0
2367.85,15.91,-0.03284,0.4986,15050.0
2367.9,15.86,-0.1246,0.5114,15040.0
2367.95,15.72,-0.04279,0.4726,15050.0
2368.0,15.58,0.03901,0.4339,15070.0
2368.05,15.59,0.007166,0.5835,15090.0
2368.1,15.59,-0.02468,0.7331,15100.0
2368.15,15.54,-0.001791,0.8732,15110.0
2368.2,15.48,0.0211,1.013,15120.0
2368.25,15.29,-0.07603,0.9696,15110.0
2368.3,15.09,-0.1732,0.926,15110.0
2368.35,15.05,-0.03424,0.8781,15110.0
2368.4,15.0,0.1047,0.8302,15120.0
2368.45,14.8,0.1166,0.7072,15140.0
2368.5,14.59,0.1286,0.5843,15150.0
2368.55,14.73,0.1714,0.7831,15140.0
2368.6,14.88,0.2142,0.9818,15120.0
2368.65,14.79,0.0629,0.9276,15090.0
2368.7,14.71,-0.08837,0.8733,15070.0
2368.75,14.68,0.01851,0.7859,15050.0
2368.8,14.66,0.1254,0.6985,15050.0
2368.85,14.78,-0.127,0.624,15080.0
2368.9,14.9,-0.3794,0.5495,15130.0
2368.95,14.94,-0.4841,0.6286,15170.0
2369.0,14.98,-0.5888,0.7077,15190.0
2369.05,14.89,-0.4691,0.7039,15180.0
2369.1,14.81,-0.3495,0.7002,15160.0
2369.15,14.82,-0.4357,0.5882,15120.0
2369.2,14.83,-0.5219,0.4763,15080.0
2369.25,15.1,-0.4556,0.3355,15050.0
2369.3,15.37,-0.3893,0.1946,15050.0
2369.35,15.32,-0.2842,0.4365,15070.0
2369.4,15.26,-0.1791,0.6785,15090.0
2369.45,15.23,-0.217,0.6027,15110.0
2369.5,15.19,-0.2548,0.527,15120.0
2369.55,15.25,-0.3201,0.7198,15140.0
2369.6,15.31,-0.3853,0.9126,15150.0
2369.65,15.32,-0.1419,1.043,15140.0
2369.7,15.32,0.1015,1.174,15110.0
2369.75,15.27,0.1103,0.9987,15100.0
2369.8,15.22,0.119,0.8231,15100.0
2369.85,15.17,0.05314,0.7942,15110.0
2369.9,15.12,-0.01274,0.7653,15120.0
2369.95,15.05,-0.1596,0.8812,15140.0
2370.0,14.98,-0.3065,0.9972,15150.0
2370.05,15.02,-0.532,0.7928,15160.0
2370.1,15.06,-0.7576,0.5885,15170.0
2370.15,15.19,-0.6919,0.5647,15170.0
2370.2,15.33,-0.6262,0.5409,15160.0
2370.25,15.47,-0.5955,0.3793,15160.0
2370.3,15.62,-0.5649,0.2178,15160.0
2370.35,15.8,-0.4445,0.3709,15150.0
2370.4,15.98,-0.324,0.5241,15150.0
2370.45,15.89,-0.4492,0.6155,15160.0
2370.5,15.79,-0.5744,0.707,15180.0
2370.55,15.64,-0.6907,0.7424,15200.0
2370.6,15.48,-0.8069,0.7777,15210.0
2370.65,15.58,-0.5308,0.4478,15210.0
2370.7,15.68,-0.2548,0.1178,15210.0
2370.75,15.47,-0.05971,-0.03585,15190.0
2370.8,15.25,0.1353,-0.1895,15170.0
2370.85,15.23,0.292,-0.03305,15140.0
2370.9,15.21,0.4486,0.1234,15130.0
2370.95,15.0,0.4184,0.2619,15150.0
2371.0,14.79,0.3881,0.4004,15180.0
2371.05,14.7,0.2476,0.3756,15200.0
2371.1,14.61,0.1071,0.3507,15220.0
2371.15,14.68,-0.07862,0.2458,15210.0
2371.2,14.74,-0.2643,0.141,15200.0
2371.25,14.51,-0.02607,0.1135,15170.0
2371.3,14.29,0.2122,0.08609,15140.0
2371.35,14.34,0.457,0.007804,15110.0
2371.4,14.39,0.7018,-0.07048,15090.0
2371.45,14.32,0.8312,-0.09865,15100.0
2371.5,14.26,0.9606,-0.1268,15140.0
2371.55,14.28,0.9092,-0.05463,15170.0
2371.6,14.31,0.8579,0.01756,15200.0
2371.65,14.28,0.7986,0.1272,15220.0
2371.7,14.25,0.7392,0.2368,15230.0
2371.75,14.44,0.9064,0.001463,15220.0
2371.8,14.63,1.074,-0.2339,15180.0
2371.85,14.81,1.098,-0.3692,15140.0
2371.9,14.99,1.121,-0.5046,15120.0
2371.95,15.09,1.057,-0.4968,15110.0
2372.0,15.19,0.9924,-0.489,15110.0
2372.05,15.28,0.905,-0.3965,15120.0
2372.1,15.38,0.8177,-0.3041,15140.0
2372.15,15.48,0.7098,-0.3275,15170.0
2372.2,15.58,0.6019,-0.3509,15200.0
2372.25,15.41,0.5044,-0.4274,15220.0
2372.3,15.25,0.4068,-0.5038,15210.0
2372.35,15.28,0.4214,-0.6925,15200.0
2372.4,15.31,0.4359,-0.8811,15210.0
2372.45,15.34,0.3439,-0.6444,15200.0
2372.5,15.38,0.252,-0.4078,15180.0
2372.55,15.41,0.3449,-0.2948,15160.0
2372.6,15.44,0.4379,-0.1819,15160.0
2372.65,15.31,0.4303,-0.1291,15170.0
2372.7,15.18,0.4228,-0.07633,15180.0
2372.75,15.18,0.4435,-0.08633,15180.0
2372.8,15.17,0.4642,-0.09633,15190.0
2372.85,15.32,0.3292,-0.2459,15210.0
2372.9,15.46,0.1943,-0.3956,15230.0
2372.95,15.51,-0.05474,-0.3987,15230.0
2373.0,15.56,-0.3037,-0.4019,15220.0
2373.05,15.54,-0.4924,-0.3789,15220.0
2373.1,15.52,-0.6811,-0.3558,15230.0
2373.15,15.49,-0.5728,-0.5025,15230.0
2373.2,15.46,-0.4646,-0.6492,15220.0
2373.25,15.52,-0.46,-0.477,15190.0
2373.3,15.58,-0.4554,-0.3048,15170.0
2373.35,15.71,-0.3213,-0.4029,15160.0
2373.4,15.83,-0.1871,-0.5009,15160.0
2373.45,15.81,-0.3133,-0.3395,15140.0
2373.5,15.78,-0.4395,-0.178,15150.0
2373.55,15.73,-0.3826,-0.3964,15190.0
2373.6,15.68,-0.3256,-0.6148,15240.0
2373.65,15.69,-0.4116,-0.3881,15270.0
2373.7,15.7,-0.4976,-0.1614,15260.0
2373.75,15.66,-0.6121,-0.1223,15230.0
2373.8,15.61,-0.7265,-0.08316,15180.0
2373.85,15.61,-0.6978,-0.1713,15120.0
2373.9,15.6,-0.6692,-0.2595,15060.0
2373.95,15.41,-0.7528,-0.3517,15020.0
2374.0,15.22,-0.8364,-0.4439,15040.0
2374.05,15.19,-0.8628,-0.5326,15090.0
2374.1,15.16,-0.8893,-0.6214,15160.0
2374.15,14.99,-0.7691,-0.4573,15200.0
2374.2,14.81,-0.6489,-0.2931,15230.0
2374.25,14.77,-0.2233,-0.2874,15240.0
2374.3,14.72,0.2022,-0.2817,15210.0
2374.35,14.72,0.1857,-0.3346,15160.0
2374.4,14.71,0.1692,-0.3875,15090.0
2374.45,14.74,0.06568,-0.4934,15040.0
2374.5,14.77,-0.03782,-0.5992,15020.0
2374.55,14.68,-0.07683,-0.6936,15030.0
2374.6,14.59,-0.1158,-0.788,15040.0
2374.65,14.55,-0.253,-0.94,15050.0
2374.7,14.5,-0.3901,-1.092,15090.0
2374.75,14.46,-0.6355,-1.061,15130.0
2374.8,14.42,-0.881,-1.029,15150.0
2374.85,14.34,-0.7822,-1.02,15140.0
2374.9,14.25,-0.6835,-1.01,15130.0
2374.95,14.22,-0.7396,-0.9695,15110.0
2375.0,14.19,-0.7958,-0.9289,15090.0
2375.05,14.19,-0.9936,-0.7344,15050.0
2375.1,14.18,-1.191,-0.5399,15000.0
2375.15,14.33,-1.183,-0.4314,14970.0
2375.2,14.49,-1.174,-0.3229,14990.0
2375.25,14.59,-1.06,-0.5179,15020.0
2375.3,14.69,-0.9466,-0.7128,15040.0
2375.35,14.73,-1.034,-0.5623,15060.0
2375.4,14.77,-1.121,-0.4117,15080.0
2375.45,14.72,-0.8642,-0.627,15090.0
2375.5,14.67,-0.6075,-0.8423,15070.0
2375.55,14.63,-0.7906,-0.6503,15030.0
2375.6,14.6,-0.9737,-0.4582,15000.0
2375.65,14.67,-1.074,-0.5213,14990.0
2375.7,14.74,-1.175,-0.5843,15000.0
2375.75,14.75,-1.281,-0.5931,15010.0
2375.8,14.77,-1.387,-0.6019,15000.0
2375.85,14.64,-1.458,-0.5321,15000.0
2375.9,14.52,-1.528,-0.4624,15010.0
2375.95,14.53,-1.625,-0.5013,15010.0
2376.0,14.55,-1.721,-0.5402,14990.0
2376.05,14.58,-1.689,-0.3898,14960.0
2376.1,14.6,-1.658,-0.2395,14940.0
2376.15,14.76,-1.657,-0.2906,14940.0
2376.2,14.91,-1.657,-0.3417,14960.0
2376.25,14.89,-1.488,-0.5329,14960.0
2376.3,14.87,-1.318,-0.7241,14960.0
2376.35,14.85,-1.385,-0.7969,14970.0
2376.4,14.84,-1.452,-0.8697,15000.0
2376.45,15.05,-1.483,-0.9187,15010.0
2376.5,15.26,-1.513,-0.9677,15010.0
2376.55,15.3,-1.695,-0.8955,14990.0
2376.6,15.34,-1.878,-0.8233,14980.0
2376.65,15.33,-1.702,-0.7737,14980.0
2376.7,15.32,-1.526,-0.7241,14960.0
2376.75,15.4,-1.184,-0.6086,14940.0
2376.8,15.48,-0.8415,-0.4931,14930.0
2376.85,15.55,-0.7289,-0.5652,14970.0
2376.9,15.61,-0.6162,-0.6372,15020.0
2376.95,15.82,-0.581,-0.6586,15070.0
2377.0,16.03,-0.5458,-0.6799,15100.0
2377.05,15.9,-0.6564,-0.6887,15110.0
2377.1,15.76,-0.7671,-0.6975,15100.0
2377.15,15.68,-0.8714,-0.717,15060.0
2377.2,15.61,-0.9757,-0.7365,15010.0
2377.25,15.69,-0.8814,-0.6009,14960.0
2377.3,15.77,-0.787,-0.4653,14950.0
2377.35,15.77,-0.7874,-0.4197,14970.0
2377.4,15.78,-0.7878,-0.3741,15010.0
2377.45,15.92,-0.6958,-0.2774,15040.0
2377.5,16.05,-0.6039,-0.1807,15060.0
2377.55,16.16,-0.5951,-0.149,15080.0
2377.6,16.27,-0.5864,-0.1173,15090.0
2377.65,16.36,-0.5601,-0.2188,15070.0
2377.7,16.45,-0.5338,-0.3202,15030.0
2377.75,16.31,-0.6592,-0.4129,15000.0
2377.8,16.17,-0.7846,-0.5056,14990.0
2377.85,16.22,-0.785,-0.2635,14990.0
2377.9,16.26,-0.7854,-0.02146,15000.0
2377.95,16.24,-0.8423,-0.1919,14990.0
2378.0,16.22,-0.8993,-0.3624,14990.0
2378.05,16.22,-0.9146,-0.3331,15000.0
2378.1,16.22,-0.9299,-0.3039,15000.0
2378.15,16.28,-1.017,-0.2495,14990.0
2378.2,16.33,-1.103,-0.1951,14970.0
2378.25,16.04,-1.146,-0.3356,14970.0
2378.3,15.74,-1.19,-0.476,14980.0
2378.35,15.53,-1.316,-0.3467,14970.0
2378.4,15.32,-1.441,-0.2173,14930.0
2378.45,15.14,-1.668,-0.2616,14890.0
2378.5,14.97,-1.894,-0.3058,14870.0
2378.55,14.88,-1.759,-0.2618,14860.0
2378.6,14.8,-1.624,-0.2178,14860.0
2378.65,14.81,-1.632,-0.2612,14860.0
2378.7,14.83,-1.64,-0.3046,14870.0
2378.75,14.95,-1.72,-0.2781,14890.0
2378.8,15.07,-1.801,-0.2517,14890.0
2378.85,15.16,-1.721,-0.2002,14870.0
2378.9,15.25,-1.642,-0.1488,14830.0
2378.95,15.43,-1.524,-0.09426,14800.0
2379.0,15.6,-1.407,-0.03975,14800.0
2379.05,15.61,-1.459,-0.1889,14800.0
2379.1,15.61,-1.512,-0.338,14810.0
2379.15,15.56,-1.525,-0.1733,14830.0
2379.2,15.51,-1.539,-0.008536,14850.0
2379.25,15.84,-1.518,0.0589,14870.0
2379.3,16.17,-1.496,0.1263,14860.0
2379.35,16.13,-1.482,-0.1029,14840.0
2379.4,16.08,-1.469,-0.3322,14830.0
2379.45,15.97,-1.246,-0.373,14820.0
2379.5,15.86,-1.023,-0.4139,14830.0
2379.55,15.86,-1.271,-0.3139,14830.0
2379.6,15.85,-1.518,-0.2139,14850.0
2379.65,15.75,-1.6,-0.2341,14860.0
2379.7,15.65,-1.683,-0.2544,14880.0
2379.75,15.67,-1.529,-0.3296,14870.0
2379.8,15.69,-1.375,-0.4048,14860.0
2379.85,15.57,-1.311,-0.3841,14860.0
2379.9,15.45,-1.248,-0.3634,14860.0
2379.95,15.58,-1.314,-0.4713,14860.0
2380.0,15.7,-1.379,-0.5792,14860.0
2380.05,15.87,-1.308,-0.5979,14850.0
2380.1,16.04,-1.238,-0.6165,14840.0
2380.15,16.14,-1.345,-0.5185,14850.0
2380.2,16.23,-1.453,-0.4204,14850.0
2380.25,16.35,-1.378,-0.3692,14850.0
2380.3,16.47,-1.302,-0.318,14840.0
2380.35,16.45,-1.201,-0.4176,14840.0
2380.4,16.43,-1.1,-0.5173,14840.0
2380.45,16.38,-1.242,-0.5515,14830.0
2380.5,16.32,-1.385,-0.5858,14820.0
2380.55,16.25,-1.439,-0.382,14810.0
2380.6,16.17,-1.492,-0.1783,14810.0
2380.65,16.37,-1.582,-0.2002,14800.0
2380.7,16.56,-1.671,-0.2222,14790.0
2380.75,16.55,-1.724,-0.1817,14790.0
2380.8,16.55,-1.776,-0.1412,14790.0
2380.85,16.44,-1.803,-0.247,14800.0
2380.9,16.33,-1.831,-0.3529,14790.0
2380.95,16.11,-1.957,-0.2295,14770.0
2381.0,15.89,-2.082,-0.1061,14740.0
2381.05,15.71,-2.039,-0.1011,14730.0
2381.1,15.54,-1.996,-0.09609,14710.0
2381.15,15.55,-1.894,-0.1562,14680.0
2381.2,15.55,-1.793,-0.2163,14660.0
2381.25,15.29,-1.804,-0.12,14670.0
2381.3,15.03,-1.816,-0.02366,14680.0
2381.35,15.1,-1.749,0.00695,14690.0
2381.4,15.16,-1.682,0.03756,14680.0
2381.45,15.33,-1.759,-0.02366,14660.0
2381.5,15.49,-1.835,-0.08487,14640.0
2381.55,15.31,-1.807,-0.1371,14610.0
2381.6,15.13,-1.779,-0.1892,14560.0
2381.65,15.14,-1.686,-0.08694,14530.0
2381.7,15.15,-1.593,0.01536,14540.0
2381.75,15.03,-1.634,-0.2847,14570.0
2381.8,14.91,-1.674,-0.5848,14600.0
2381.85,14.96,-1.66,-0.7688,14610.0
2381.9,15.0,-1.647,-0.9528,14620.0
2381.95,14.98,-1.78,-0.8948,14620.0
2382.0,14.97,-1.913,-0.8367,14600.0
2382.05,14.84,-1.868,-1.046,14550.0
2382.1,14.7,-1.824,-1.255,14510.0
2382.15,14.79,-1.489,-1.069,14490.0
2382.2,14.87,-1.155,-0.8833,14500.0
2382.25,14.9,-1.245,-0.939,14530.0
2382.3,14.93,-1.336,-0.9948,14550.0
2382.35,14.94,-1.282,-0.7965,14560.0
2382.4,14.95,-1.228,-0.5982,14570.0
2382.45,14.94,-1.298,-0.5834,14570.0
2382.5,14.93,-1.367,-0.5685,14540.0
2382.55,15.15,-1.268,-0.4759,14520.0
2382.6,15.36,-1.17,-0.3834,14510.0
2382.65,15.27,-1.124,-0.3148,14510.0
2382.7,15.19,-1.079,-0.2463,14520.0
2382.75,15.15,-1.066,-0.3476,14520.0
2382.8,15.11,-1.053,-0.449,14510.0
2382.85,15.14,-1.313,-0.4636,14490.0
2382.9,15.18,-1.573,-0.4782,14490.0
2382.95,14.97,-1.304,-0.1958,14480.0
2383.0,14.76,-1.034,0.08658,14460.0
2383.05,14.73,-0.8628,0.1522,14430.0
2383.1,14.71,-0.6915,0.2178,14420.0
2383.15,14.72,-0.664,0.08402,14420.0
2383.2,14.73,-0.6365,-0.04975,14420.0
2383.25,14.69,-0.5925,0.04609,14420.0
2383.3,14.66,-0.5486,0.1419,14420.0
2383.35,14.67,-0.5197,0.2301,14440.0
2383.4,14.69,-0.4908,0.3183,14450.0
2383.45,14.81,-0.3662,0.4628,14450.0
2383.5,14.92,-0.2416,0.6073,14420.0
2383.55,15.04,-0.3079,0.6112,14390.0
2383.6,15.15,-0.3742,0.6151,14350.0
2383.65,15.1,-0.4528,0.6151,14310.0
2383.7,15.05,-0.5314,0.6151,14260.0
2383.75,14.9,-0.3806,0.3952,14240.0
2383.8,14.75,-0.2297,0.1753,14250.0
2383.85,14.78,-0.3764,0.03804,14290.0
2383.9,14.82,-0.5231,-0.09926,14320.0
2383.95,14.94,-0.3784,-0.2081,14350.0
2384.0,15.07,-0.2337,-0.317,14360.0
2384.05,15.11,-0.2408,-0.2995,14350.0
2384.1,15.16,-0.248,-0.2819,14330.0
2384.15,15.15,-0.5014,-0.2123,14290.0
2384.2,15.15,-0.7548,-0.1427,14230.0
2384.25,14.86,-0.5762,-0.02719,14180.0
2384.3,14.57,-0.3977,0.08828,14140.0
2384.35,14.42,-0.2597,0.05682,14130.0
2384.4,14.27,-0.1218,0.02536,14140.0
2384.45,14.31,-0.1682,0.07682,14180.0
2384.5,14.36,-0.2146,0.1283,14230.0
2384.55,14.2,-0.1574,0.1245,14270.0
2384.6,14.04,-0.1003,0.1207,14290.0
2384.65,14.1,-0.2088,0.2008,14280.0
2384.7,14.16,-0.3173,0.2809,14230.0
2384.75,14.17,-0.416,0.3197,14170.0
2384.8,14.17,-0.5147,0.3585,14120.0
2384.85,14.13,-0.7062,0.3729,14080.0
2384.9,14.08,-0.8977,0.3873,14070.0
2384.95,13.91,-0.9731,0.3009,14090.0
2385.0,13.74,-1.049,0.2146,14120.0
2385.05,13.56,-0.6835,0.2157,14170.0
2385.1,13.39,-0.3185,0.2168,14190.0
2385.15,13.39,-0.2956,0.2289,14190.0
2385.2,13.39,-0.2727,0.2409,14180.0
2385.25,13.34,-0.3023,0.2588,14150.0
2385.3,13.29,-0.332,0.2766,14110.0
2385.35,13.13,-0.3625,0.3473,14070.0
2385.4,12.98,-0.3929,0.418,14040.0
2385.45,13.02,-0.457,0.4913,14030.0
2385.5,13.07,-0.5211,0.5646,14040.0
2385.55,13.11,-0.6642,0.4468,14050.0
2385.6,13.15,-0.8073,0.329,14070.0
2385.65,13.3,-1.037,0.4356,14090.0
2385.7,13.44,-1.267,0.5421,14110.0
2385.75,13.57,-1.16,0.5342,14110.0
2385.8,13.71,-1.053,0.5263,14070.0
2385.85,13.63,-1.157,0.4821,14010.0
2385.9,13.56,-1.26,0.438,13960.0
2385.95,13.76,-1.387,0.5203,13940.0
2386.0,13.96,-1.513,0.6026,13930.0
2386.05,13.79,-1.427,0.3475,13940.0
2386.1,13.63,-1.341,0.09243,13970.0
2386.15,13.65,-1.352,0.1568,14000.0
2386.2,13.68,-1.363,0.2212,14030.0
2386.25,13.7,-1.319,0.2395,14030.0
2386.3,13.72,-1.274,0.2578,14000.0
2386.35,13.76,-1.1,0.3301,13960.0
2386.4,13.79,-0.9263,0.4024,13910.0
2386.45,13.75,-0.6537,0.3859,13870.0
2386.5,13.71,-0.381,0.3695,13840.0
2386.55,13.58,-0.4156,0.3972,13820.0
2386.6,13.44,-0.4502,0.4248,13830.0
2386.65,13.37,-0.5484,0.2514,13850.0
2386.7,13.3,-0.6465,0.07804,13880.0
2386.75,13.43,-0.7333,0.1119,13900.0
2386.8,13.56,-0.8201,0.1458,13910.0
2386.85,13.84,-0.8125,0.4582,13900.0
2386.9,14.12,-0.8049,0.7706,13880.0
2386.95,14.2,-0.8676,0.8137,13840.0
2387.0,14.28,-0.9303,0.8567,13780.0
2387.05,14.14,-0.9381,0.691,13730.0
2387.1,14.0,-0.9458,0.5253,13710.0
2387.15,14.05,-1.123,0.4362,13720.0
2387.2,14.09,-1.299,0.347,13740.0
2387.25,14.11,-1.432,0.5503,13770.0
2387.3,14.13,-1.565,0.7536,13800.0
2387.35,14.19,-1.449,0.6263,13830.0
2387.4,14.24,-1.333,0.499,13840.0
2387.45,14.23,-1.29,0.6025,13820.0
2387.5,14.21,-1.248,0.706,13780.0
2387.55,14.17,-1.138,0.7174,13740.0
2387.6,14.14,-1.028,0.7287,13710.0
2387.65,14.12,-1.067,0.8531,13690.0
2387.7,14.09,-1.105,0.9775,13690.0
2387.75,14.23,-1.355,0.9665,13710.0
2387.8,14.37,-1.605,0.9555,13750.0
2387.85,14.06,-1.674,0.9261,13790.0
2387.9,13.75,-1.743,0.8967,13810.0
2387.95,13.86,-1.575,0.8672,13800.0
2388.0,13.98,-1.406,0.8377,13780.0
2388.05,13.83,-1.565,0.7282,13750.0
2388.1,13.69,-1.724,0.6187,13720.0
2388.15,13.81,-1.766,0.725,13680.0
2388.2,13.93,-1.807,0.8314,13660.0
2388.25,14.11,-1.938,0.7244,13650.0
2388.3,14.28,-2.069,0.6175,13680.0
2388.35,14.5,-2.076,0.6153,13710.0
2388.4,14.73,-2.083,0.6131,13730.0
2388.45,14.74,-1.996,0.5453,13750.0
2388.5,14.75,-1.91,0.4775,13760.0
2388.55,14.66,-1.798,0.6237,13760.0
2388.6,14.57,-1.686,0.7699,13730.0
2388.65,14.63,-1.421,0.9416,13680.0
2388.7,14.69,-1.156,1.113,13630.0
2388.75,14.73,-1.287,1.091,13610.0
2388.8,14.77,-1.419,1.068,13600.0
2388.85,14.76,-1.32,0.9772,13610.0
2388.9,14.74,-1.221,0.886,13630.0
2388.95,14.82,-1.336,0.7193,13660.0
2389.0,14.91,-1.451,0.5526,13690.0
2389.05,14.83,-1.43,0.4984,13700.0
2389.1,14.74,-1.41,0.4441,13690.0
2389.15,14.81,-1.424,0.3617,13660.0
2389.2,14.88,-1.438,0.2792,13640.0
2389.25,14.84,-1.523,0.2238,13620.0
2389.3,14.8,-1.609,0.1683,13590.0
2389.35,14.67,-1.468,0.1224,13560.0
2389.4,14.54,-1.326,0.07658,13530.0
2389.45,14.74,-1.138,0.2085,13530.0
2389.5,14.95,-0.9494,0.3405,13550.0
2389.55,14.81,-1.137,0.4613,13560.0
2389.6,14.68,-1.325,0.5821,13560.0
2389.65,14.88,-1.337,0.5635,13570.0
2389.7,15.08,-1.348,0.5448,13570.0
2389.75,15.21,-1.364,0.5193,13560.0
2389.8,15.34,-1.38,0.4938,13540.0
2389.85,15.4,-1.664,0.358,13500.0
2389.9,15.47,-1.948,0.2222,13490.0
2389.95,15.6,-2.02,0.2229,13480.0
2390.0,15.72,-2.092,0.2236,13480.0
2390.05,15.83,-2.181,0.1516,13480.0
2390.1,15.94,-2.27,0.0795,13480.0
2390.15,16.07,-2.074,0.0339,13500.0
2390.2,16.2,-1.877,-0.01171,13510.0
2390.25,16.31,-1.724,0.08438,13500.0
2390.3,16.41,-1.571,0.1805,13480.0
2390.35,16.43,-1.717,0.3353,13460.0
2390.4,16.45,-1.863,0.4902,13440.0
2390.45,16.34,-1.915,0.6171,13430.0
2390.5,16.23,-1.968,0.7441,13420.0
2390.55,16.33,-1.769,0.726,13430.0
2390.6,16.42,-1.57,0.708,13470.0
2390.65,16.42,-1.642,0.5859,13510.0
2390.7,16.41,-1.715,0.4639,13540.0
2390.75,16.45,-1.697,0.5566,13550.0
2390.8,16.48,-1.68,0.6494,13530.0
2390.85,16.57,-1.438,0.5719,13510.0
2390.9,16.65,-1.195,0.4943,13460.0
2390.95,16.69,-1.298,0.5073,13410.0
2391.0,16.73,-1.401,0.5202,13380.0
2391.05,16.65,-1.524,0.4795,13380.0
2391.1,16.57,-1.647,0.4387,13410.0
2391.15,16.45,-1.667,0.5245,13470.0
2391.2,16.33,-1.687,0.6102,13520.0
2391.25,16.34,-1.575,0.6265,13580.0
2391.3,16.35,-1.463,0.6429,13610.0
2391.35,16.41,-1.581,0.6025,13620.0
2391.4,16.48,-1.699,0.5621,13580.0
2391.45,16.26,-1.8,0.5591,13530.0
2391.5,16.05,-1.9,0.556,13480.0
2391.55,16.12,-1.747,0.533,13460.0
2391.6,16.19,-1.594,0.5099,13450.0
2391.65,16.07,-1.753,0.5566,13460.0
2391.7,15.95,-1.912,0.6033,13480.0
2391.75,16.12,-1.768,0.6904,13520.0
2391.8,16.28,-1.625,0.7775,13560.0
2391.85,16.32,-1.507,0.7609,13590.0
2391.9,16.35,-1.389,0.7443,13610.0
2391.95,16.43,-1.19,0.6747,13620.0
2392.0,16.5,-0.9908,0.6051,13630.0
2392.05,16.46,-1.052,0.5371,13620.0
2392.1,16.42,-1.112,0.4692,13600.0
2392.15,16.36,-1.158,0.237,13570.0
2392.2,16.29,-1.204,0.004877,13560.0
2392.25,16.39,-1.261,-0.02756,13560.0
2392.3,16.49,-1.318,-0.05999,13570.0
2392.35,16.61,-1.277,-0.003292,13570.0
2392.4,16.72,-1.237,0.05341,13590.0
2392.45,16.9,-1.114,-0.01829,13610.0
2392.5,17.08,-0.9904,-0.08999,13630.0
2392.55,17.06,-1.127,-0.03524,13640.0
2392.6,17.04,-1.263,0.01951,13640.0
2392.65,16.85,-1.306,0.1375,13640.0
2392.7,16.65,-1.349,0.2556,13630.0
2392.75,16.61,-1.35,0.3747,13620.0
2392.8,16.58,-1.351,0.4938,13610.0
2392.85,16.68,-1.528,0.379,13600.0
2392.9,16.79,-1.705,0.2641,13590.0
2392.95,16.94,-1.705,0.2646,13600.0
2393.0,17.09,-1.705,0.2651,13620.0
2393.05,17.18,-1.679,0.3892,13630.0
2393.1,17.27,-1.654,0.5134,13650.0
2393.15,17.35,-1.683,0.4879,13660.0
2393.2,17.42,-1.712,0.4624,13660.0
2393.25,17.53,-1.717,0.4069,13640.0
2393.3,17.64,-1.722,0.3514,13610.0
2393.35,17.57,-1.906,0.3278,13600.0
2393.4,17.49,-2.09,0.3041,13600.0
2393.45,17.47,-1.836,0.4629,13610.0
2393.5,17.45,-1.583,0.6216,13620.0
2393.55,17.45,-1.685,0.5081,13640.0
2393.6,17.44,-1.788,0.3946,13680.0
2393.65,17.24,-1.815,0.1786,13710.0
2393.7,17.04,-1.842,-0.03731,13710.0
2393.75,16.86,-1.995,0.01585,13700.0
2393.8,16.69,-2.148,0.06902,13670.0
2393.85,16.77,-2.341,-0.02085,13660.0
2393.9,16.85,-2.534,-0.1107,13640.0
2393.95,16.76,-2.622,-0.2501,13630.0
2394.0,16.66,-2.71,-0.3895,13630.0
2394.05,16.44,-2.534,-0.1796,13670.0
2394.1,16.22,-2.358,0.03024,13720.0
2394.15,16.3,-2.245,-0.06316,13770.0
2394.2,16.38,-2.133,-0.1566,13790.0
2394.25,16.35,-2.217,-0.03561,13790.0
2394.3,16.32,-2.3,0.08536,13780.0
2394.35,16.22,-2.306,0.1047,13760.0
2394.4,16.12,-2.312,0.1241,13730.0
2394.45,16.06,-2.429,0.05865,13700.0
2394.5,16.0,-2.547,-0.006829,13700.0
2394.55,15.96,-2.343,-0.06316,13710.0
2394.6,15.92,-2.138,-0.1195,13740.0
2394.65,15.95,-1.7,-0.01549,13760.0
2394.7,15.97,-1.262,0.08853,13780.0
2394.75,15.77,-1.291,0.1022,13810.0
2394.8,15.57,-1.32,0.1158,13840.0
2394.85,15.56,-1.263,0.2755,13840.0
2394.9,15.54,-1.205,0.4351,13820.0
2394.95,15.64,-1.281,0.338,13790.0
2395.0,15.74,-1.358,0.2409,13760.0
2395.05,15.82,-1.392,0.02695,13740.0
2395.1,15.9,-1.427,-0.1871,13730.0
2395.15,16.08,-1.35,-0.3211,13740.0
2395.2,16.27,-1.272,-0.4551,13780.0
2395.25,16.33,-1.304,-0.3456,13830.0
2395.3,16.38,-1.336,-0.2361,13880.0
2395.35,16.41,-1.45,-0.03914,13890.0
2395.4,16.44,-1.564,0.1578,13870.0
2395.45,16.28,-1.441,0.0967,13850.0
2395.5,16.12,-1.318,0.03561,13810.0
2395.55,16.0,-1.226,0.2175,13780.0
2395.6,15.89,-1.134,0.3995,13760.0
2395.65,15.83,-1.16,0.3295,13760.0
2395.7,15.78,-1.187,0.2595,13800.0
2395.75,15.68,-1.36,0.1183,13850.0
2395.8,15.58,-1.533,-0.02292,13900.0
2395.85,15.71,-1.641,-0.05377,13920.0
2395.9,15.83,-1.75,-0.08462,13930.0
2395.95,15.61,-1.743,-0.2111,13940.0
2396.0,15.39,-1.736,-0.3375,13930.0
2396.05,15.4,-1.867,-0.4337,13900.0
2396.1,15.4,-1.998,-0.5299,13870.0
2396.15,15.47,-1.862,-0.4497,13860.0
2396.2,15.53,-1.726,-0.3695,13870.0
2396.25,15.58,-1.658,-0.5846,13880.0
2396.3,15.64,-1.59,-0.7997,13910.0
2396.35,15.59,-1.481,-0.762,13950.0
2396.4,15.54,-1.373,-0.7243,14000.0
2396.45,15.49,-1.051,-0.6237,14050.0
2396.5,15.45,-0.7293,-0.5231,14070.0
2396.55,15.53,-0.8304,-0.4973,14060.0
2396.6,15.61,-0.9315,-0.4714,14030.0
2396.65,15.56,-0.9154,-0.4375,14000.0
2396.7,15.5,-0.8993,-0.4036,13980.0
2396.75,15.56,-0.8021,-0.2434,13970.0
2396.8,15.61,-0.705,-0.08316,13970.0
2396.85,15.76,-0.787,-0.04999,14010.0
2396.9,15.91,-0.869,-0.01683,14070.0
2396.95,15.99,-0.881,-0.0678,14130.0
2397.0,16.07,-0.8929,-0.1188,14170.0
2397.05,15.95,-1.02,-0.04219,14170.0
2397.1,15.83,-1.146,0.03439,14160.0
2397.15,15.67,-0.9831,-0.09718,14130.0
2397.2,15.51,-0.8197,-0.2288,14100.0
2397.25,15.55,-0.7974,-0.1503,14070.0
2397.3,15.59,-0.7751,-0.07194,14060.0
2397.35,15.59,-0.8615,-0.1575,14080.0
2397.4,15.6,-0.9478,-0.2431,14130.0
2397.45,15.59,-0.8931,-0.3528,14180.0
2397.5,15.58,-0.8384,-0.4624,14210.0
2397.55,15.49,-0.9984,-0.2458,14220.0
2397.6,15.39,-1.158,-0.02927,14220.0
2397.65,15.25,-1.204,-0.03853,14200.0
2397.7,15.1,-1.249,-0.0478,14170.0
2397.75,15.06,-0.871,-0.04914,14140.0
2397.8,15.03,-0.4928,-0.05048,14130.0
2397.85,15.07,-0.447,0.03,14140.0
2397.9,15.11,-0.4013,0.1105,14170.0
2397.95,15.28,-0.4767,0.02292,14190.0
2398.0,15.46,-0.5521,-0.06463,14210.0
2398.05,15.68,-0.5567,-0.1134,14220.0
2398.1,15.89,-0.5613,-0.1622,14230.0
2398.15,15.86,-0.5269,-0.4354,14240.0
2398.2,15.82,-0.4924,-0.7087,14220.0
2398.25,16.03,-0.4562,-0.5249,14210.0
2398.3,16.23,-0.42,-0.3412,14200.0
2398.35,16.26,-0.3577,-0.2408,14200.0
2398.4,16.28,-0.2954,-0.1405,14200.0
2398.45,16.29,-0.02667,-0.06451,14210.0
2398.5,16.31,0.242,0.01146,14210.0
2398.55,16.45,0.1533,-0.1097,14220.0
2398.6,16.6,0.06449,-0.231,14240.0
2398.65,16.6,0.1248,-0.3105,14250.0
2398.7,16.59,0.1851,-0.39,14260.0
2398.75,16.58,0.3328,-0.3668,14280.0
2398.8,16.56,0.4805,-0.3436,14310.0
2398.85,16.65,0.3631,-0.4059,14340.0
2398.9,16.74,0.2456,-0.4682,14340.0
2398.95,16.56,0.06111,-0.3558,14330.0
2399.0,16.38,-0.1234,-0.2434,14320.0
2399.05,16.33,0.0613,-0.4085,14320.0
2399.1,16.28,0.246,-0.5736,14310.0
2399.15,16.19,0.07564,-0.5603,14300.0
2399.2,16.09,-0.09474,-0.547,14320.0
2399.25,16.0,-0.1728,-0.4418,14360.0
2399.3,15.9,-0.2508,-0.3365,14400.0
2399.35,15.69,-0.1431,-0.3929,14440.0
2399.4,15.48,-0.03543,-0.4492,14460.0
2399.45,15.48,-0.08619,-0.259,14470.0
2399.5,15.48,-0.1369,-0.06877,14480.0
2399.55,15.68,-0.07962,0.1375,14470.0
2399.6,15.89,-0.02229,0.3439,14450.0
2399.65,15.76,0.07404,0.3783,14430.0
2399.7,15.63,0.1704,0.4126,14440.0
2399.75,15.77,0.1694,0.3107,14460.0
2399.8,15.92,0.1684,0.2088,14480.0
2399.85,15.88,0.1264,0.1651,14480.0
2399.9,15.85,0.08439,0.1215,14490.0
2399.95,15.69,-0.03264,0.2294,14500.0
2400.0,15.53,-0.1497,0.3373,14520.0
2400.05,15.52,0.03443,0.3603,14520.0
2400.1,15.51,0.2185,0.3834,14510.0
2400.15,15.59,0.2392,0.3155,14520.0
2400.2,15.67,0.2599,0.2475,14540.0
2400.25,15.79,0.1959,0.3218,14550.0
2400.3,15.91,0.1318,0.3961,14530.0
2400.35,15.82,0.1383,0.434,14510.0
2400.4,15.72,0.1449,0.4719,14510.0
2400.45,15.77,-0.01632,0.4347,14530.0
2400.5,15.81,-0.1775,0.3975,14540.0
2400.55,15.87,-0.1142,0.5153,14540.0
2400.6,15.92,-0.05095,0.6331,14540.0
2400.65,15.8,0.004379,0.8715,14560.0
2400.7,15.67,0.05971,1.11,14560.0
2400.75,15.79,0.0625,0.996,14550.0
2400.8,15.9,0.06529,0.8821,14540.0
2400.85,15.74,0.1771,0.8404,14550.0
2400.9,15.57,0.289,0.7987,14570.0
2400.95,15.52,0.1978,0.5654,14590.0
2401.0,15.47,0.1067,0.3322,14590.0
2401.05,15.48,-0.02826,0.3191,14580.0
2401.1,15.5,-0.1632,0.3061,14580.0
2401.15,15.72,-0.1234,0.1105,14580.0
2401.2,15.93,-0.0836,-0.08511,14570.0
2401.25,15.98,0.1144,-0.2168,14540.0
2401.3,16.02,0.3125,-0.3485,14530.0
2401.35,16.02,0.3189,-0.1678,14550.0
2401.4,16.02,0.3252,0.01293,14570.0
2401.45,15.97,0.2084,-0.06207,14590.0
2401.5,15.93,0.09156,-0.1371,14610.0
2401.55,15.93,0.3063,-0.2533,14640.0
2401.6,15.93,0.5211,-0.3695,14660.0
2401.65,15.87,0.4277,-0.2152,14670.0
2401.7,15.8,0.3344,-0.06097,14660.0
2401.75,15.72,0.1095,-0.05951,14640.0
2401.8,15.65,-0.1154,-0.05804,14630.0
2401.85,15.67,-0.2197,-0.05048,14630.0
2401.9,15.7,-0.324,-0.04292,14630.0
2401.95,15.85,-0.1937,0.04219,14630.0
2402.0,16.0,-0.0633,0.1273,14640.0
2402.05,15.78,-0.117,-0.07597,14660.0
2402.1,15.56,-0.1708,-0.2792,14690.0
2402.15,15.62,-0.1089,-0.2846,14710.0
2402.2,15.67,-0.04697,-0.29,14730.0
2402.25,15.7,0.1481,-0.429,14750.0
2402.3,15.74,0.3431,-0.568,14780.0
2402.35,15.82,0.5251,-0.4759,14800.0
2402.4,15.91,0.707,-0.3839,14800.0
2402.45,15.83,0.62,-0.3759,14760.0
2402.5,15.76,0.533,-0.368,14720.0
2402.55,15.72,0.741,-0.5254,14690.0
2402.6,15.69,0.949,-0.6829,14670.0
2402.65,15.74,0.5464,-0.4942,14670.0
2402.7,15.8,0.1437,-0.3056,14700.0
2402.75,15.81,-0.03364,-0.1863,14750.0
2402.8,15.81,-0.211,-0.06707,14810.0
2402.85,15.84,0.1284,0.003292,14840.0
2402.9,15.87,0.4677,0.07365,14850.0
2402.95,15.85,0.5571,-0.1071,14830.0
2403.0,15.83,0.6465,-0.2878,14790.0
2403.05,15.99,0.6614,-0.1582,14750.0
2403.1,16.15,0.6763,-0.02853,14720.0
2403.15,16.15,0.6268,0.03329,14700.0
2403.2,16.15,0.5772,0.09511,14700.0
2403.25,16.32,0.7488,0.2333,14720.0
2403.3,16.48,0.9204,0.3714,14750.0
2403.35,16.49,0.9265,0.4736,14770.0
2403.4,16.49,0.9327,0.5758,14790.0
2403.45,16.6,1.072,0.6461,14800.0
2403.5,16.71,1.211,0.7165,14820.0
2403.55,16.69,1.17,0.5188,14820.0
2403.6,16.67,1.129,0.3212,14800.0
2403.65,16.81,0.9391,0.4954,14760.0
2403.7,16.95,0.7496,0.6697,14730.0
2403.75,16.94,0.8119,0.6535,14730.0
2403.8,16.93,0.8742,0.6372,14730.0
2403.85,17.04,1.081,0.5963,14740.0
2403.9,17.16,1.288,0.5553,14760.0
2403.95,17.11,1.109,0.4613,14780.0
2404.0,17.07,0.9303,0.3673,14800.0
2404.05,17.17,1.003,0.4903,14810.0
2404.1,17.28,1.075,0.6133,14790.0
2404.15,17.07,1.032,0.4769,14770.0
2404.2,16.87,0.9892,0.3405,14760.0
2404.25,16.86,0.9876,0.2735,14750.0
2404.3,16.85,0.9861,0.2066,14730.0
2404.35,16.99,1.082,0.2692,14730.0
2404.4,17.12,1.177,0.3319,14750.0
2404.45,17.21,1.204,0.5306,14780.0
2404.5,17.29,1.231,0.7292,14800.0
2404.55,17.16,1.279,0.4807,14800.0
2404.6,17.03,1.327,0.2322,14790.0
2404.65,17.09,1.315,0.0667,14780.0
2404.7,17.16,1.303,-0.09877,14760.0
2404.75,17.07,1.223,-0.09718,14730.0
2404.8,16.97,1.142,-0.0956,14710.0
2404.85,17.02,1.123,-0.1269,14710.0
2404.9,17.06,1.104,-0.1583,14730.0
2404.95,17.26,1.135,-0.2057,14750.0
2405.0,17.47,1.166,-0.2531,14770.0
2405.05,17.51,1.177,-0.3313,14800.0
2405.1,17.56,1.188,-0.4095,14830.0
2405.15,17.55,1.091,-0.405,14850.0
2405.2,17.54,0.9944,-0.4004,14830.0
2405.25,17.34,0.9281,-0.4364,14790.0
2405.3,17.13,0.8619,-0.4724,14760.0
2405.35,16.99,0.6718,-0.5057,14740.0
2405.4,16.85,0.4817,-0.539,14720.0
2405.45,16.73,0.4829,-0.4903,14710.0
2405.5,16.62,0.4841,-0.4417,14710.0
2405.55,16.61,0.7378,-0.2369,14740.0
2405.6,16.6,0.9916,-0.03219,14780.0
2405.65,16.47,1.059,-0.176,14800.0
2405.7,16.33,1.125,-0.3197,14820.0
2405.75,16.29,1.041,-0.4699,14820.0
2405.8,16.24,0.9574,-0.6202,14820.0
2405.85,16.07,0.9458,-0.5768,14800.0
2405.9,15.9,0.9343,-0.5334,14770.0
2405.95,16.05,0.8893,-0.4232,14750.0
2406.0,16.19,0.8443,-0.3131,14730.0
2406.05,16.2,0.8069,-0.4729,14730.0
2406.1,16.21,0.7695,-0.6326,14740.0
2406.15,16.2,0.6966,-0.6592,14730.0
2406.2,16.19,0.6238,-0.6858,14730.0
2406.25,16.06,0.5127,-0.5859,14740.0
2406.3,15.94,0.4017,-0.486,14760.0
2406.35,15.94,0.3712,-0.4669,14770.0
2406.4,15.94,0.3408,-0.4478,14780.0
2406.45,15.98,0.4703,-0.2535,14790.0
2406.5,16.01,0.5999,-0.05926,14800.0
2406.55,15.96,0.3865,-0.05694,14800.0
2406.6,15.9,0.1732,-0.05463,14780.0
2406.65,15.98,0.09673,0.06707,14760.0
2406.7,16.07,0.0203,0.1888,14750.0
2406.75,16.04,0.07026,0.1958,14740.0
2406.8,16.01,0.1202,0.2029,14740.0
2406.85,16.09,0.1252,0.1129,14740.0
2406.9,16.16,0.1302,0.02292,14750.0
2406.95,16.36,0.07663,0.1236,14770.0
2407.0,16.55,0.02309,0.2244,14780.0
2407.05,16.49,0.06887,0.1167,14790.0
2407.1,16.43,0.1146,0.009023,14780.0
2407.15,16.42,0.2016,-0.05938,14780.0
2407.2,16.4,0.2886,-0.1278,14780.0
2407.25,16.42,0.4025,-0.2824,14790.0
2407.3,16.45,0.5163,-0.437,14780.0
2407.35,16.43,0.4542,-0.3711,14770.0
2407.4,16.41,0.3921,-0.3051,14770.0
2407.45,16.44,0.3696,-0.2441,14760.0
2407.5,16.46,0.3471,-0.1832,14740.0
2407.55,16.45,0.3392,-0.1753,14730.0
2407.6,16.43,0.3312,-0.1675,14720.0
2407.65,16.35,0.336,-0.2946,14730.0
2407.7,16.26,0.3408,-0.4217,14750.0
2407.75,16.18,0.4387,-0.3076,14770.0
2407.8,16.1,0.5366,-0.1936,14780.0
2407.85,15.97,0.5671,-0.09194,14790.0
2407.9,15.84,0.5975,0.009755,14800.0
2407.95,15.69,0.9405,-0.05451,14810.0
2408.0,15.54,1.283,-0.1188,14800.0
2408.05,15.45,1.375,-0.1185,14790.0
2408.1,15.36,1.466,-0.1183,14770.0
2408.15,15.34,1.767,-0.01061,14750.0
2408.2,15.32,2.068,0.09706,14740.0
2408.25,15.2,2.16,0.09011,14720.0
2408.3,15.08,2.253,0.08316,14710.0
2408.35,15.1,2.227,0.04414,14730.0
2408.4,15.12,2.201,0.005121,14760.0
2408.45,15.12,1.875,0.3228,14800.0
2408.5,15.13,1.549,0.6404,14810.0
2408.55,15.2,1.512,0.6132,14820.0
2408.6,15.26,1.476,0.586,14810.0
2408.65,15.27,1.53,0.438,14790.0
2408.7,15.29,1.583,0.29,14760.0
2408.75,15.34,1.769,0.07182,14730.0
2408.8,15.38,1.955,-0.1463,14700.0
2408.85,15.45,1.951,0.0278,14690.0
2408.9,15.51,1.947,0.2019,14690.0
2408.95,15.6,2.157,0.2383,14700.0
2409.0,15.69,2.367,0.2746,14700.0
2409.05,15.72,2.243,0.1201,14710.0
2409.1,15.75,2.119,-0.03439,14730.0
2409.15,15.66,2.17,0.2708,14750.0
2409.2,15.57,2.22,0.576,14750.0
2409.25,15.73,2.074,0.4884,14740.0
2409.3,15.89,1.929,0.4007,14730.0
2409.35,16.0,1.816,0.4463,14720.0
2409.4,16.11,1.703,0.4919,14700.0
2409.45,15.87,1.781,0.4979,14680.0
2409.5,15.64,1.858,0.5038,14670.0
2409.55,15.6,1.779,0.4692,14670.0
2409.6,15.57,1.701,0.4346,14690.0
2409.65,15.58,1.491,0.3808,14700.0
2409.7,15.6,1.281,0.327,14700.0
2409.75,15.51,1.226,0.2828,14700.0
2409.8,15.43,1.17,0.2385,14700.0
2409.85,15.44,1.226,0.453,14690.0
2409.9,15.46,1.283,0.6675,14690.0
2409.95,15.7,1.321,0.7154,14680.0
2410.0,15.94,1.36,0.7633,14690.0
2410.05,15.95,1.214,0.6676,14710.0
2410.1,15.95,1.067,0.5719,14700.0
2410.15,16.0,1.101,0.4165,14680.0
2410.2,16.05,1.135,0.2612,14660.0
2410.25,16.04,1.129,0.1578,14650.0
2410.3,16.03,1.122,0.05438,14650.0
2410.35,15.92,1.103,0.2296,14650.0
2410.4,15.82,1.084,0.4048,14660.0
2410.45,15.92,1.125,0.333,14680.0
2410.5,16.03,1.167,0.2612,14720.0
2410.55,15.97,1.171,0.259,14750.0
2410.6,15.92,1.174,0.2568,14770.0
2410.65,15.78,1.209,0.344,14760.0
2410.7,15.64,1.243,0.4312,14740.0
2410.75,15.56,1.386,0.3453,14730.0
2410.8,15.48,1.528,0.2595,14710.0
2410.85,15.47,1.346,0.3055,14690.0
2410.9,15.47,1.163,0.3514,14670.0
2410.95,15.69,1.119,0.1955,14680.0
2411.0,15.92,1.074,0.03951,14710.0
2411.05,15.81,1.158,0.02609,14750.0
2411.1,15.71,1.242,0.01268,14770.0
2411.15,15.71,1.339,0.2491,14780.0
2411.2,15.71,1.435,0.4856,14780.0
2411.25,15.72,1.159,0.4318,14770.0
2411.3,15.72,0.8829,0.378,14760.0
2411.35,15.66,0.8626,0.304,14750.0
2411.4,15.59,0.8423,0.23,14740.0
2411.45,15.46,0.9208,0.1761,14750.0
2411.5,15.33,0.9992,0.1222,14750.0
2411.55,15.4,0.9132,0.2086,14740.0
2411.6,15.47,0.8272,0.2951,14710.0
2411.65,15.43,0.8087,0.3369,14700.0
2411.7,15.4,0.7902,0.3787,14700.0
2411.75,15.37,1.023,0.3779,14720.0
2411.8,15.34,1.255,0.377,14730.0
2411.85,15.28,1.111,0.4031,14750.0
2411.9,15.21,0.9665,0.4292,14780.0
2411.95,15.25,0.8501,0.2605,14790.0
2412.0,15.3,0.7337,0.0917,14770.0
2412.05,15.42,0.8949,-0.03244,14730.0
2412.1,15.55,1.056,-0.1566,14700.0
2412.15,15.4,0.9311,-0.04439,14680.0
2412.2,15.24,0.8061,0.0678,14680.0
2412.25,15.23,0.8033,0.07975,14670.0
2412.3,15.21,0.8005,0.0917,14680.0
2412.35,15.13,0.7729,-0.08792,14710.0
2412.4,15.06,0.7452,-0.2675,14740.0
2412.45,15.17,0.5695,-0.2236,14750.0
2412.5,15.27,0.3937,-0.1797,14750.0
2412.55,15.38,0.5378,-0.1264,14730.0
2412.6,15.48,0.6819,-0.07316,14720.0
2412.65,15.47,0.6562,0.04768,14690.0
2412.7,15.47,0.6306,0.1685,14660.0
2412.75,15.45,0.7317,0.2072,14640.0
2412.8,15.43,0.8328,0.2458,14640.0
2412.85,15.41,0.7444,0.2557,14670.0
2412.9,15.39,0.656,0.2656,14690.0
2412.95,15.51,0.5991,0.3018,14700.0
2413.0,15.63,0.5422,0.338,14710.0
2413.05,15.53,0.7522,0.3602,14720.0
2413.1,15.43,0.9622,0.3824,14710.0
2413.15,15.48,0.9745,0.3522,14690.0
2413.2,15.53,0.9868,0.3219,14650.0
2413.25,15.56,0.9526,0.4923,14630.0
2413.3,15.58,0.9184,0.6626,14640.0
2413.35,15.57,0.8632,0.5971,14670.0
2413.4,15.55,0.8081,0.5316,14690.0
2413.45,15.41,0.8762,0.3993,14720.0
2413.5,15.26,0.9443,0.267,14760.0
2413.55,15.28,1.01,0.3318,14770.0
2413.6,15.29,1.076,0.3965,14740.0
2413.65,15.28,1.094,0.2972,14680.0
2413.7,15.27,1.111,0.1978,14630.0
2413.75,15.2,1.056,0.205,14610.0
2413.8,15.13,1.001,0.2122,14620.0
2413.85,15.28,1.088,-0.1032,14640.0
2413.9,15.42,1.175,-0.4185,14680.0
2413.95,15.48,1.103,-0.4876,14740.0
2414.0,15.53,1.03,-0.5568,14800.0
2414.05,15.57,1.114,-0.5596,14830.0
2414.1,15.6,1.198,-0.5624,14820.0
2414.15,15.62,1.21,-0.5532,14790.0
2414.2,15.64,1.221,-0.5441,14760.0
2414.25,15.66,1.164,-0.6469,14710.0
2414.3,15.67,1.107,-0.7497,14650.0
2414.35,15.43,1.061,-0.6402,14610.0
2414.4,15.2,1.015,-0.5307,14600.0
2414.45,15.14,0.7954,-0.607,14620.0
2414.5,15.07,0.5756,-0.6833,14670.0
2414.55,15.09,0.6007,-0.6221,14710.0
2414.6,15.1,0.6258,-0.5609,14760.0
2414.65,15.11,0.6455,-0.5299,14790.0
2414.7,15.11,0.6652,-0.499,14810.0
2414.75,14.84,0.7275,-0.4969,14790.0
2414.8,14.56,0.7898,-0.4948,14740.0
2414.85,14.46,0.6638,-0.5423,14690.0
2414.9,14.37,0.5378,-0.5897,14660.0
2414.95,14.33,0.371,-0.4915,14630.0
2415.0,14.3,0.2042,-0.3934,14610.0
2415.05,14.27,0.2442,-0.3274,14600.0
2415.1,14.24,0.2842,-0.2614,14630.0
2415.15,14.25,0.2574,-0.3896,14660.0
2415.2,14.26,0.2305,-0.5177,14680.0
2415.25,14.28,0.1754,-0.4617,14700.0
2415.3,14.3,0.1202,-0.4056,14710.0
2415.35,14.37,-0.003583,-0.4152,14720.0
2415.4,14.43,-0.1274,-0.4248,14720.0
2415.45,14.43,-0.21,-0.273,14700.0
2415.5,14.42,-0.2926,-0.1212,14670.0
2415.55,14.53,-0.3822,-0.2274,14660.0
2415.6,14.65,-0.4717,-0.3336,14660.0
2415.65,14.78,-0.2816,-0.357,14660.0
2415.7,14.92,-0.09156,-0.3804,14640.0
2415.75,14.85,0.04319,-0.3292,14630.0
2415.8,14.79,0.1779,-0.278,14630.0
2415.85,14.92,0.1298,-0.3064,14630.0
2415.9,15.05,0.08161,-0.3348,14630.0
2415.95,14.96,0.00836,-0.3919,14630.0
2416.0,14.87,-0.06489,-0.449,14650.0
2416.05,14.87,0.0619,-0.4437,14690.0
2416.1,14.87,0.1887,-0.4385,14730.0
2416.15,14.87,0.2174,-0.3542,14740.0
2416.2,14.87,0.246,-0.27,14720.0
2416.25,14.77,0.1553,-0.2129,14700.0
2416.3,14.68,0.06449,-0.1558,14660.0
2416.35,14.77,0.3248,-0.01366,14620.0
2416.4,14.86,0.5852,0.1285,14580.0
2416.45,14.82,0.424,0.2823,14570.0
2416.5,14.79,0.2627,0.436,14580.0
2416.55,14.92,0.3495,0.5521,14610.0
2416.6,15.06,0.4363,0.6682,14660.0
2416.65,14.93,0.4369,0.7721,14700.0
2416.7,14.8,0.4375,0.876,14750.0
2416.75,14.71,0.5384,0.7071,14780.0
2416.8,14.62,0.6393,0.5382,14800.0
2416.85,14.47,0.6624,0.5646,14790.0
2416.9,14.32,0.6855,0.5909,14740.0
2416.95,14.41,0.7279,0.5457,14680.0
2417.0,14.5,0.7703,0.5004,14630.0
2417.05,14.37,0.7757,0.5582,14580.0
2417.1,14.24,0.781,0.616,14550.0
2417.15,14.3,0.6332,0.3835,14560.0
2417.2,14.37,0.4853,0.151,14620.0
2417.25,14.27,0.3545,0.1078,14690.0
2417.3,14.18,0.2237,0.06463,14750.0
2417.35,14.19,0.1073,0.07914,14780.0
2417.4,14.21,-0.009156,0.09365,14780.0
2417.45,14.15,0.1039,0.1624,14770.0
2417.5,14.09,0.217,0.2312,14750.0
2417.55,13.94,0.3674,0.1994,14710.0
2417.6,13.78,0.5179,0.1675,14670.0
2417.65,13.91,0.673,-0.1688,14640.0
2417.7,14.03,0.828,-0.5051,14640.0
2417.75,14.08,0.6487,-0.3901,14650.0
2417.8,14.14,0.4693,-0.2751,14670.0
2417.85,13.76,0.5565,-0.03146,14680.0
2417.9,13.38,0.6437,0.2122,14690.0
2417.95,13.28,0.4196,0.2074,14710.0
2418.0,13.19,0.1955,0.2027,14720.0
2418.05,13.28,0.1726,0.07182,14720.0
2418.1,13.37,0.1497,-0.05902,14730.0
2418.15,13.53,0.03025,-0.0695,14750.0
2418.2,13.7,-0.08917,-0.07999,14770.0
2418.25,13.67,-0.08857,-0.05792,14780.0
2418.3,13.64,-0.08798,-0.03585,14780.0
2418.35,13.62,-0.0422,-0.01122,14770.0
2418.4,13.6,0.003583,0.01341,14750.0
2418.45,13.53,-0.1654,-0.03378,14730.0
2418.5,13.46,-0.3344,-0.08097,14690.0
2418.55,13.39,-0.2611,-0.2639,14660.0
2418.6,13.33,-0.1879,-0.4468,14660.0
2418.65,13.19,-0.2152,-0.4581,14680.0
2418.7,13.06,-0.2424,-0.4695,14720.0
2418.75,12.95,-0.4658,-0.4675,14760.0
2418.8,12.83,-0.6891,-0.4656,14790.0
2418.85,12.86,-0.6777,-0.4701,14820.0
2418.9,12.88,-0.6664,-0.4746,14830.0
2418.95,12.81,-0.6391,-0.4451,14810.0
2419.0,12.73,-0.6119,-0.4156,14760.0
2419.05,12.84,-0.502,-0.1964,14720.0
2419.1,12.94,-0.3921,0.02268,14690.0
2419.15,12.94,-0.2926,-0.101,14660.0
2419.2,12.95,-0.1931,-0.2246,14640.0
2419.25,12.92,-0.2241,-0.3686,14640.0
2419.3,12.9,-0.2552,-0.5126,14680.0
2419.35,12.79,-0.34,-0.3112,14730.0
2419.4,12.68,-0.4248,-0.1097,14790.0
2419.45,12.81,-0.5255,-0.09706,14820.0
2419.5,12.94,-0.6262,-0.08438,14830.0
2419.55,12.9,-0.6421,-0.06768,14830.0
2419.6,12.86,-0.658,-0.05097,14800.0
2419.65,12.85,-0.666,0.2169,14740.0
2419.7,12.84,-0.674,0.4848,14690.0
2419.75,12.79,-0.6929,0.5548,14660.0
2419.8,12.74,-0.7118,0.6248,14670.0
2419.85,12.89,-0.5127,0.4969,14680.0
2419.9,13.04,-0.3137,0.369,14710.0
2419.95,13.16,-0.5002,0.4996,14730.0
2420.0,13.27,-0.6867,0.6302,14770.0
2420.05,13.39,-0.5705,0.6546,14790.0
2420.1,13.51,-0.4542,0.6789,14800.0
2420.15,13.47,-0.3855,0.6124,14800.0
2420.2,13.42,-0.3169,0.5458,14790.0
2420.25,13.43,-0.3947,0.4686,14780.0
2420.3,13.44,-0.4725,0.3914,14760.0
2420.35,13.43,-0.6588,0.4219,14740.0
2420.4,13.41,-0.8451,0.4524,14730.0
2420.45,13.6,-0.9982,0.4032,14730.0
2420.5,13.78,-1.151,0.3541,14750.0
2420.55,13.71,-1.199,0.1739,14770.0
2420.6,13.64,-1.247,-0.006341,14790.0
2420.65,13.53,-1.181,0.143,14810.0
2420.7,13.43,-1.115,0.2924,14810.0
2420.75,13.43,-1.151,0.4008,14810.0
2420.8,13.43,-1.187,0.5092,14800.0
2420.85,13.6,-1.22,0.4721,14790.0
2420.9,13.77,-1.252,0.4351,14780.0
2420.95,13.62,-1.245,0.5326,14780.0
2421.0,13.47,-1.237,0.6302,14800.0
2421.05,13.47,-1.345,0.523,14820.0
2421.1,13.48,-1.452,0.4158,14830.0
2421.15,13.28,-1.213,0.5026,14850.0
2421.2,13.07,-0.9729,0.5894,14860.0
2421.25,13.1,-0.9019,0.4963,14850.0
2421.3,13.12,-0.8308,0.4031,14820.0
2421.35,13.18,-0.8493,0.2831,14790.0
2421.4,13.24,-0.8678,0.1632,14770.0
2421.45,13.25,-0.8541,0.1223,14770.0
2421.5,13.26,-0.8404,0.08145,14800.0
2421.55,13.33,-0.8869,0.04573,14830.0
2421.6,13.4,-0.9335,0.009999,14870.0
2421.65,13.31,-0.6302,-0.03231,14900.0
2421.7,13.23,-0.3268,-0.07463,14910.0
2421.75,13.32,-0.3115,-0.1107,14910.0
2421.8,13.42,-0.2962,-0.1468,14880.0
2421.85,13.45,-0.1841,-0.169,14840.0
2421.9,13.49,-0.07205,-0.1912,14800.0
2421.95,13.36,-0.3006,-0.1795,14770.0
2422.0,13.23,-0.5291,-0.1678,14760.0
2422.05,13.32,-0.5209,-0.183,14770.0
2422.1,13.42,-0.5127,-0.1983,14800.0
2422.15,13.46,-0.3601,-0.1372,14830.0
2422.2,13.5,-0.2074,-0.07609,14870.0
2422.25,13.77,-0.3585,-0.2544,14890.0
2422.3,14.04,-0.5095,-0.4326,14900.0
2422.35,14.16,-0.5324,-0.5225,14890.0
2422.4,14.29,-0.5553,-0.6124,14870.0
2422.45,14.27,-0.3967,-0.5844,14830.0
2422.5,14.26,-0.2381,-0.5565,14800.0
2422.55,14.25,-0.4869,-0.7044,14770.0
2422.6,14.24,-0.7357,-0.8523,14750.0
2422.65,14.2,-0.6847,-1.088,14740.0
2422.7,14.16,-0.6337,-1.323,14740.0
2422.75,14.23,-0.7008,-1.217,14750.0
2422.8,14.31,-0.7679,-1.111,14770.0
2422.85,14.29,-0.9906,-1.045,14800.0
2422.9,14.27,-1.213,-0.9794,14820.0
2422.95,14.39,-1.146,-1.015,14840.0
2423.0,14.51,-1.079,-1.05,14850.0
2423.05,14.61,-1.072,-0.8754,14850.0
2423.1,14.71,-1.064,-0.7011,14840.0
2423.15,14.89,-1.045,-0.5147,14810.0
2423.2,15.07,-1.026,-0.3283,14780.0
2423.25,14.99,-1.054,-0.128,14750.0
2423.3,14.91,-1.081,0.07219,14730.0
2423.35,14.73,-1.092,0.1567,14720.0
2423.4,14.56,-1.102,0.2412,14730.0
2423.45,14.54,-1.262,0.2759,14750.0
2423.5,14.52,-1.422,0.3107,14790.0
2423.55,14.54,-1.408,0.272,14810.0
2423.6,14.55,-1.394,0.2334,14820.0
2423.65,14.41,-1.284,0.1782,14820.0
2423.7,14.28,-1.174,0.1229,14810.0
2423.75,14.29,-1.097,-0.04902,14810.0
2423.8,14.3,-1.02,-0.221,14790.0
2423.85,14.51,-0.9138,-0.08853,14770.0
2423.9,14.73,-0.8073,0.0439,14750.0
2423.95,14.71,-0.6634,0.1792,14740.0
2424.0,14.68,-0.5195,0.3146,14740.0
2424.05,14.79,-0.5623,0.3586,14730.0
2424.1,14.9,-0.6051,0.4026,14730.0
2424.15,14.89,-0.6626,0.4189,14730.0
2424.2,14.88,-0.7201,0.4351,14750.0
2424.25,14.98,-0.8859,0.4012,14770.0
2424.3,15.08,-1.052,0.3673,14790.0
2424.35,15.15,-1.066,0.3882,14790.0
2424.4,15.22,-1.081,0.4092,14800.0
2424.45,15.3,-0.9729,0.3041,14810.0
2424.5,15.37,-0.8646,0.199,14790.0
2424.55,15.2,-0.7942,0.1912,14770.0
2424.6,15.03,-0.7237,0.1834,14740.0
2424.65,15.05,-0.7673,0.2689,14720.0
2424.7,15.07,-0.8109,0.3544,14710.0
2424.75,15.05,-0.8527,0.6113,14710.0
2424.8,15.04,-0.8945,0.8682,14720.0
2424.85,14.98,-0.7699,0.6009,14740.0
2424.9,14.93,-0.6453,0.3336,14760.0
2424.95,15.09,-0.7114,0.3635,14780.0
2425.0,15.25,-0.7775,0.3934,14780.0
2425.05,15.23,-0.71,0.2191,14780.0
2425.1,15.21,-0.6425,0.04487,14770.0
2425.15,15.39,-0.6188,0.01439,14760.0
2425.2,15.57,-0.5951,-0.0161,14740.0
2425.25,15.51,-0.4023,0.08206,14720.0
2425.3,15.44,-0.2094,0.1802,14700.0
2425.35,15.45,-0.1449,0.1966,14700.0
2425.4,15.45,-0.08041,0.2129,14700.0
2425.45,15.53,-0.239,0.08901,14700.0
2425.5,15.61,-0.3977,-0.03487,14710.0
2425.55,15.57,-0.5848,0.05999,14720.0
2425.6,15.52,-0.7719,0.1549,14740.0
2425.65,15.4,-0.8005,0.1245,14750.0
2425.7,15.28,-0.8292,0.09414,14740.0
2425.75,15.24,-0.5786,-0.02914,14720.0
2425.8,15.19,-0.328,-0.1524,14700.0
2425.85,15.11,-0.5774,-0.06743,14700.0
2425.9,15.02,-0.8268,0.01756,14690.0
2425.95,15.12,-0.9711,0.1165,14690.0
2426.0,15.22,-1.115,0.2153,14700.0
2426.05,15.26,-1.062,0.2567,14710.0
2426.1,15.3,-1.009,0.298,14720.0
2426.15,15.26,-0.92,0.1956,14700.0
2426.2,15.23,-0.8312,0.09316,14680.0
2426.25,15.12,-0.796,0.0439,14650.0
2426.3,15.02,-0.7607,-0.005365,14640.0
2426.35,15.08,-0.8087,0.2099,14630.0
2426.4,15.13,-0.8567,0.4251,14630.0
2426.45,15.06,-0.6751,0.4029,14640.0
2426.5,14.98,-0.4936,0.3807,14660.0
2426.55,15.01,-0.4875,0.3373,14680.0
2426.6,15.04,-0.4813,0.2939,14690.0
2426.65,14.85,-0.2617,0.444,14700.0
2426.7,14.66,-0.0422,0.5941,14690.0
2426.75,14.62,-0.04518,0.5232,14670.0
2426.8,14.58,-0.04817,0.4524,14640.0
2426.85,14.47,-0.0412,0.3319,14600.0
2426.9,14.37,-0.03424,0.2114,14560.0
2426.95,14.15,-0.1582,0.06231,14540.0
2427.0,13.92,-0.2822,-0.08682,14560.0
2427.05,13.97,-0.342,-0.1829,14600.0
2427.1,14.01,-0.4017,-0.279,14650.0
2427.15,13.98,-0.3449,-0.2514,14700.0
2427.2,13.95,-0.2882,-0.2239,14740.0
2427.25,13.86,-0.4259,-0.1822,14750.0
2427.3,13.77,-0.5637,-0.1405,14730.0
2427.35,13.77,-0.4371,-0.04,14670.0
2427.4,13.77,-0.3105,0.06048,14610.0
2427.45,13.8,-0.03185,0.1699,14570.0
2427.5,13.84,0.2468,0.2792,14550.0
2427.55,13.93,0.1825,0.1101,14560.0
2427.6,14.02,0.1182,-0.05902,14580.0
2427.65,14.04,0.04518,0.02219,14620.0
2427.7,14.06,-0.02787,0.1034,14660.0
2427.75,14.13,-0.207,0.108,14700.0
2427.8,14.2,-0.3861,0.1127,14710.0
2427.85,14.26,-0.3119,0.1552,14710.0
2427.9,14.32,-0.2377,0.1978,14700.0
2427.95,14.24,-0.3141,0.09414,14690.0
2428.0,14.16,-0.3905,-0.009511,14660.0
2428.05,13.86,-0.1598,-0.003414,14640.0
2428.1,13.55,0.07086,0.002683,14610.0
2428.15,13.68,-0.1077,0.05487,14600.0
2428.2,13.8,-0.2862,0.1071,14600.0
2428.25,13.98,-0.2655,0.1572,14600.0
2428.3,14.17,-0.2448,0.2073,14610.0
2428.35,14.18,-0.3213,0.2088,14630.0
2428.4,14.2,-0.3977,0.2102,14640.0
2428.45,14.15,-0.5211,-0.1063,14660.0
2428.5,14.09,-0.6445,-0.4229,14660.0
2428.55,13.99,-1.03,-0.5059,14650.0
2428.6,13.89,-1.416,-0.589,14650.0
2428.65,13.91,-1.344,-0.748,14640.0
2428.7,13.93,-1.272,-0.907,14640.0
2428.75,13.99,-1.101,-0.683,14620.0
2428.8,14.05,-0.9303,-0.459,14600.0
2428.85,14.06,-0.9562,-0.4356,14580.0
2428.9,14.08,-0.9821,-0.4121,14560.0
2428.95,14.13,-0.9357,-0.5796,14540.0
2429.0,14.19,-0.8893,-0.747,14530.0
2429.05,14.16,-0.8513,-0.6437,14540.0
2429.1,14.13,-0.8133,-0.5404,14540.0
2429.15,14.16,-0.8573,-0.5376,14560.0
2429.2,14.19,-0.9013,-0.5348,14580.0
2429.25,14.22,-0.7773,-0.4898,14590.0
2429.3,14.24,-0.6533,-0.4448,14600.0
2429.35,14.33,-0.6847,-0.6822,14600.0
2429.4,14.41,-0.7162,-0.9197,14590.0
2429.45,14.41,-0.6877,-0.8728,14570.0
2429.5,14.4,-0.6592,-0.826,14530.0
2429.55,14.36,-0.5517,-1.028,14480.0
2429.6,14.32,-0.4443,-1.231,14450.0
2429.65,14.36,-0.2488,-0.9661,14430.0
2429.7,14.4,-0.05334,-0.7016,14440.0
2429.75,14.44,-0.01015,-0.7335,14460.0
2429.8,14.49,0.03304,-0.7653,14480.0
2429.85,14.61,-0.3923,-0.7394,14520.0
2429.9,14.73,-0.8177,-0.7136,14550.0
2429.95,14.82,-0.9544,-0.6296,14570.0
2430.0,14.92,-1.091,-0.5455,14570.0
2430.05,15.0,-1.175,-0.4323,14540.0
2430.1,15.08,-1.258,-0.319,14490.0
2430.15,15.0,-1.174,-0.2689,14450.0
2430.2,14.92,-1.09,-0.2188,14420.0
2430.25,15.08,-0.8682,-0.06377,14400.0
2430.3,15.25,-0.6469,0.09121,14380.0
2430.35,15.35,-0.6497,-0.09389,14380.0
2430.4,15.46,-0.6525,-0.279,14400.0
2430.45,15.53,-0.4632,-0.2112,14410.0
2430.5,15.59,-0.2739,-0.1434,14430.0
2430.55,15.58,-0.4242,-0.02512,14450.0
2430.6,15.57,-0.5744,0.09316,14470.0
2430.65,15.46,-0.7181,-0.04073,14480.0
2430.7,15.35,-0.8619,-0.1746,14490.0
2430.75,15.32,-0.8204,-0.195,14470.0
2430.8,15.29,-0.779,-0.2153,14440.0
2430.85,15.43,-0.828,-0.1497,14390.0
2430.9,15.56,-0.877,-0.08414,14350.0
2430.95,15.42,-0.7777,0.009511,14330.0
2431.0,15.27,-0.6783,0.1032,14320.0
2431.05,15.21,-0.831,0.175,14330.0
2431.1,15.15,-0.9837,0.2468,14360.0
2431.15,15.01,-0.8897,0.1205,14400.0
2431.2,14.88,-0.7958,-0.005853,14440.0
2431.25,14.86,-0.9548,0.1583,14460.0
2431.3,14.84,-1.114,0.3224,14470.0
2431.35,14.99,-1.032,0.2891,14470.0
2431.4,15.13,-0.9502,0.2558,14450.0
2431.45,14.99,-0.8648,0.3262,14420.0
2431.5,14.86,-0.7794,0.3965,14370.0
2431.55,14.85,-0.5999,0.3292,14340.0
2431.6,14.84,-0.4204,0.2619,14330.0
2431.65,14.66,-0.3694,0.2318,14340.0
2431.7,14.49,-0.3185,0.2017,14350.0
2431.75,14.37,-0.537,0.1306,14370.0
2431.8,14.25,-0.7556,0.05951,14400.0
2431.85,14.28,-0.7418,0.05609,14410.0
2431.9,14.32,-0.7281,0.05268,14410.0
2431.95,14.27,-0.8017,0.05719,14390.0
2432.0,14.22,-0.8754,0.0617,14380.0
2432.05,14.17,-0.8941,0.1379,14380.0
2432.1,14.13,-0.9128,0.2141,14380.0
2432.15,14.19,-1.021,0.3574,14390.0
2432.2,14.25,-1.13,0.5007,14390.0
2432.25,14.11,-1.167,0.5835,14380.0
2432.3,13.97,-1.203,0.6663,14370.0
2432.35,14.07,-1.062,0.6244,14350.0
2432.4,14.17,-0.9212,0.5826,14300.0
2432.45,14.38,-0.741,0.4248,14270.0
2432.5,14.6,-0.5609,0.267,14270.0
2432.55,14.49,-0.615,0.4849,14290.0
2432.6,14.39,-0.6692,0.7028,14310.0
2432.65,14.26,-0.55,0.6819,14340.0
2432.7,14.13,-0.4307,0.6609,14360.0
2432.75,14.13,-0.5882,0.4871,14380.0
2432.8,14.14,-0.7456,0.3134,14380.0
2432.85,14.37,-0.7496,0.3952,14360.0
2432.9,14.6,-0.7536,0.477,14320.0
2432.95,14.56,-0.8485,0.3964,14290.0
2433.0,14.53,-0.9435,0.3158,14270.0
2433.05,14.61,-1.001,0.506,14250.0
2433.1,14.69,-1.058,0.6963,14230.0
2433.15,14.78,-0.9144,0.4696,14210.0
2433.2,14.87,-0.7707,0.2429,14220.0
2433.25,14.77,-0.7808,0.3414,14250.0
2433.3,14.68,-0.791,0.44,14270.0
2433.35,14.64,-1.032,0.4093,14290.0
2433.4,14.59,-1.274,0.3787,14320.0
2433.45,14.61,-1.408,0.3718,14340.0
2433.5,14.64,-1.542,0.3648,14340.0
2433.55,14.32,-1.403,0.3644,14310.0
2433.6,14.0,-1.264,0.3639,14270.0
2433.65,13.93,-1.156,0.4756,14250.0
2433.7,13.87,-1.049,0.5873,14240.0
2433.75,13.85,-1.1,0.4847,14240.0
2433.8,13.83,-1.152,0.3822,14240.0
2433.85,13.83,-0.9751,0.2731,14240.0
2433.9,13.84,-0.7982,0.1641,14260.0
2433.95,13.75,-0.9247,0.2084,14270.0
2434.0,13.66,-1.051,0.2527,14270.0
2434.05,13.98,-1.149,0.1952,14270.0
2434.1,14.29,-1.247,0.1378,14270.0
2434.15,14.37,-1.355,0.2635,14280.0
2434.2,14.44,-1.464,0.3892,14290.0
2434.25,14.28,-1.274,0.3498,14290.0
2434.3,14.13,-1.084,0.3105,14280.0
2434.35,14.26,-1.189,0.3864,14270.0
2434.4,14.39,-1.295,0.4624,14260.0
2434.45,14.41,-1.213,0.4919,14240.0
2434.5,14.42,-1.131,0.5214,14220.0
2434.55,14.54,-1.227,0.558,14190.0
2434.6,14.66,-1.324,0.5946,14190.0
2434.65,14.35,-1.337,0.4441,14190.0
2434.7,14.04,-1.35,0.2936,14200.0
2434.75,14.05,-1.252,0.1374,14220.0
2434.8,14.06,-1.154,-0.01878,14230.0
2434.85,14.2,-1.034,0.119,14260.0
2434.9,14.34,-0.9136,0.2568,14280.0
2434.95,14.27,-0.6867,0.3678,14270.0
2435.0,14.19,-0.4598,0.4787,14250.0
2435.05,14.22,-0.4544,0.4142,14230.0
2435.1,14.25,-0.449,0.3497,14210.0
2435.15,14.45,-0.706,0.3018,14170.0
2435.2,14.66,-0.963,0.2539,14130.0
2435.25,14.32,-1.056,0.2656,14100.0
2435.3,13.98,-1.148,0.2773,14100.0
2435.35,13.72,-1.137,0.2078,14130.0
2435.4,13.46,-1.125,0.1383,14170.0
2435.45,13.62,-1.138,0.3364,14210.0
2435.5,13.77,-1.151,0.5346,14240.0
2435.55,13.98,-1.108,0.5348,14260.0
2435.6,14.19,-1.064,0.5351,14250.0
2435.65,14.3,-1.082,0.4873,14220.0
2435.7,14.4,-1.099,0.4395,14180.0
2435.75,14.28,-1.24,0.6094,14150.0
2435.8,14.16,-1.382,0.7794,14130.0
2435.85,14.13,-1.299,0.6248,14130.0
2435.9,14.09,-1.217,0.4702,14120.0
2435.95,14.17,-1.081,0.3501,14120.0
2436.0,14.25,-0.9458,0.23,14120.0
2436.05,14.22,-0.7974,0.2362,14130.0
2436.1,14.19,-0.6489,0.2424,14150.0
2436.15,13.97,-0.6598,0.2095,14170.0
2436.2,13.74,-0.6708,0.1766,14190.0
2436.25,13.98,-0.6596,0.09133,14220.0
2436.3,14.22,-0.6485,0.006097,14250.0
2436.35,14.11,-0.7223,-0.08645,14260.0
2436.4,13.99,-0.7962,-0.179,14240.0
2436.45,13.91,-0.6734,-0.2466,14210.0
2436.5,13.84,-0.5505,-0.3141,14170.0
2436.55,13.85,-0.3133,-0.2074,14130.0
2436.6,13.86,-0.07603,-0.1007,14100.0
2436.65,13.76,-0.1986,-0.04597,14090.0
2436.7,13.67,-0.3213,0.00878,14100.0
2436.75,13.63,-0.3814,0.1511,14150.0
2436.8,13.59,-0.4415,0.2934,14210.0
2436.85,13.63,-0.2747,-0.02939,14250.0
2436.9,13.66,-0.1079,-0.3522,14280.0
2436.95,13.68,-0.1626,-0.4781,14290.0
2437.0,13.7,-0.2174,-0.6041,14280.0
2437.05,13.87,-0.1296,-0.5323,14240.0
2437.1,14.04,-0.0418,-0.4604,14200.0
2437.15,14.01,-0.1801,-0.2003,14160.0
2437.2,13.98,-0.3185,0.05975,14150.0
2437.25,13.94,0.0623,-0.1899,14140.0
2437.3,13.91,0.4431,-0.4395,14140.0
2437.35,13.64,0.2709,-0.2514,14150.0
2437.4,13.38,0.09872,-0.06341,14160.0
2437.45,13.41,-0.004777,-0.04756,14170.0
2437.5,13.43,-0.1083,-0.0317,14200.0
2437.55,13.44,-0.1158,-0.0606,14240.0
2437.6,13.45,-0.1234,-0.0895,14260.0
2437.65,13.49,-0.09435,0.01073,14270.0
2437.7,13.53,-0.06529,0.111,14250.0
2437.75,13.63,-0.0631,0.09145,14220.0
2437.8,13.74,-0.06091,0.07194,14180.0
2437.85,13.49,-0.2679,0.2214,14150.0
2437.9,13.25,-0.4749,0.3709,14120.0
2437.95,13.23,-0.6085,0.3425,14120.0
2438.0,13.21,-0.742,0.3141,14130.0
2438.05,13.17,-0.5786,0.2101,14160.0
2438.1,13.13,-0.4152,0.1061,14190.0
2438.15,13.25,-0.326,0.08475,14220.0
2438.2,13.37,-0.2369,0.06341,14230.0
2438.25,13.39,-0.3272,0.03597,14230.0
2438.3,13.41,-0.4176,0.008536,14220.0
2438.35,13.61,-0.3766,-0.07524,14210.0
2438.4,13.81,-0.3356,-0.159,14200.0
2438.45,13.75,-0.2323,-0.03512,14190.0
2438.5,13.7,-0.129,0.08877,14180.0
2438.55,13.79,-0.09295,0.1846,14190.0
2438.6,13.88,-0.05693,0.2805,14180.0
2438.65,13.7,-0.1296,0.3914,14170.0
2438.7,13.52,-0.2022,0.5024,14170.0
2438.75,13.52,0.041,0.3662,14160.0
2438.8,13.51,0.2842,0.23,14160.0
2438.85,13.43,0.2012,0.1802,14150.0
2438.9,13.36,0.1182,0.1305,14160.0
2438.95,13.45,-0.006767,0.1564,14180.0
2439.0,13.54,-0.1318,0.1824,14220.0
2439.05,13.66,0.1988,-0.01878,14240.0
2439.1,13.78,0.5295,-0.22,14260.0
2439.15,13.62,0.3963,-0.08914,14270.0
2439.2,13.45,0.2631,0.0417,14270.0
2439.25,13.5,0.1909,0.04524,14260.0
2439.3,13.54,0.1186,0.04878,14230.0
2439.35,13.52,0.05951,-0.03036,14210.0
2439.4,13.49,0.0003981,-0.1095,14190.0
2439.45,13.61,0.06548,-0.1349,14190.0
2439.5,13.73,0.1306,-0.1602,14200.0
2439.55,13.92,-0.02946,-0.2711,14220.0
2439.6,14.12,-0.1895,-0.3819,14260.0
2439.65,13.97,-0.3433,-0.4357,14310.0
2439.7,13.81,-0.4972,-0.4895,14350.0
2439.75,13.86,-0.7601,-0.2511,14380.0
2439.8,13.92,-1.023,-0.01268,14370.0
2439.85,14.01,-0.9178,0.04061,14350.0
2439.9,14.11,-0.8125,0.09389,14320.0
2439.95,13.94,-0.6901,0.09401,14290.0
2440.0,13.78,-0.5677,0.09414,14250.0
2440.05,13.74,-0.5896,0.2568,14220.0
2440.1,13.71,-0.6115,0.4195,14220.0
2440.15,13.7,-0.5919,0.238,14250.0
2440.2,13.69,-0.5724,0.05658,14280.0
2440.25,13.56,-0.7428,0.2278,14310.0
2440.3,13.43,-0.9132,0.399,14350.0
2440.35,13.55,-0.9056,0.3018,14380.0
2440.4,13.67,-0.8981,0.2046,14400.0
2440.45,13.56,-0.9904,0.1571,14380.0
2440.5,13.44,-1.083,0.1095,14350.0
2440.55,13.33,-1.045,-0.0328,14320.0
2440.6,13.21,-1.007,-0.1751,14310.0
2440.65,13.33,-0.8937,-0.3693,14310.0
2440.7,13.45,-0.7806,-0.5636,14310.0
2440.75,13.42,-0.8453,-0.4925,14310.0
2440.8,13.4,-0.91,-0.4214,14320.0
2440.85,13.44,-1.097,-0.1939,14330.0
2440.9,13.47,-1.283,0.03365,14350.0
2440.95,13.63,-1.498,0.1366,14360.0
2441.0,13.79,-1.713,0.2395,14380.0
2441.05,13.99,-1.612,0.2994,14410.0
2441.1,14.19,-1.511,0.3592,14440.0
2441.15,14.26,-1.459,0.3807,14460.0
2441.2,14.34,-1.407,0.4022,14450.0
2441.25,14.45,-1.318,0.4741,14430.0
2441.3,14.56,-1.228,0.546,14430.0
2441.35,14.54,-1.007,0.3864,14430.0
2441.4,14.53,-0.7846,0.2268,14430.0
2441.45,14.45,-0.7548,0.1582,14440.0
2441.5,14.37,-0.7249,0.0895,14470.0
2441.55,14.44,-0.5796,0.3426,14510.0
2441.6,14.5,-0.4343,0.5958,14540.0
2441.65,14.56,-0.4681,0.6424,14550.0
2441.7,14.61,-0.502,0.6889,14560.0
2441.75,14.56,-0.5969,0.7693,14580.0
2441.8,14.52,-0.6919,0.8497,14610.0
2441.85,14.7,-0.8479,0.9684,14610.0
2441.9,14.87,-1.004,1.087,14620.0
2441.95,14.84,-0.9437,1.037,14620.0
2442.0,14.81,-0.8833,0.987,14640.0
2442.05,14.77,-0.8656,0.8465,14650.0
2442.1,14.73,-0.8479,0.706,14640.0
2442.15,14.87,-0.7102,0.5838,14630.0
2442.2,15.01,-0.5724,0.4617,14640.0
2442.25,15.14,-0.6427,0.4512,14660.0
2442.3,15.27,-0.713,0.4407,14680.0
2442.35,15.38,-0.616,0.5525,14690.0
2442.4,15.48,-0.5191,0.6643,14700.0
2442.45,15.38,-0.6125,0.4998,14720.0
2442.5,15.28,-0.7058,0.3353,14740.0
2442.55,15.38,-0.5975,0.3456,14740.0
2442.6,15.47,-0.4892,0.3558,14730.0
2442.65,15.49,-0.6075,0.2313,14720.0
2442.7,15.51,-0.7257,0.1068,14710.0
2442.75,15.29,-0.7747,0.04475,14700.0
2442.8,15.07,-0.8236,-0.01732,14700.0
2442.85,14.97,-0.9186,0.0239,14690.0
2442.9,14.88,-1.014,0.06511,14700.0
2442.95,14.98,-1.046,0.2551,14730.0
2443.0,15.07,-1.079,0.4451,14750.0
2443.05,15.13,-0.8985,0.3884,14750.0
2443.1,15.18,-0.7177,0.3317,14750.0
2443.15,15.2,-0.4763,0.2352,14750.0
2443.2,15.22,-0.2349,0.1388,14760.0
2443.25,15.18,-0.3023,0.07328,14750.0
2443.3,15.13,-0.3698,0.007804,14750.0
2443.35,15.07,-0.4049,-0.114,14740.0
2443.4,15.0,-0.4399,-0.2358,14740.0
2443.45,14.89,-0.2309,-0.04134,14730.0
2443.5,14.77,-0.02189,0.1532,14720.0
2443.55,14.59,0.003981,0.216,14710.0
2443.6,14.4,0.02986,0.2787,14700.0
2443.65,14.35,0.2002,0.1701,14710.0
2443.7,14.29,0.3706,0.06146,14720.0
2443.75,14.17,0.4287,-0.1369,14730.0
2443.8,14.05,0.4869,-0.3353,14740.0
2443.85,14.1,0.6152,-0.3134,14760.0
2443.9,14.14,0.7436,-0.2914,14790.0
2443.95,14.11,0.7452,-0.239,14810.0
2444.0,14.08,0.7468,-0.1866,14810.0
2444.05,14.16,0.7737,-0.1054,14790.0
2444.1,14.25,0.8005,-0.02414,14780.0
2444.15,14.27,0.7781,-0.07633,14760.0
2444.2,14.29,0.7556,-0.1285,14750.0
2444.25,14.15,0.6618,-0.1058,14750.0
2444.3,14.01,0.5681,-0.08316,14770.0
2444.35,14.01,0.6134,-0.1714,14820.0
2444.4,14.01,0.6588,-0.2597,14870.0
2444.45,13.97,0.785,-0.2859,14910.0
2444.5,13.94,0.9112,-0.3122,14950.0
2444.55,14.04,0.7311,-0.3197,14970.0
2444.6,14.14,0.5509,-0.3273,14980.0
2444.65,14.18,0.6901,-0.4746,14970.0
2444.7,14.22,0.8292,-0.6219,14930.0
2444.75,14.32,0.7866,-0.3496,14900.0
2444.8,14.41,0.744,-0.07731,14890.0
2444.85,14.32,0.6182,-0.1358,14890.0
2444.9,14.23,0.4924,-0.1944,14910.0
2444.95,14.34,0.6063,-0.278,14930.0
2445.0,14.44,0.7201,-0.3617,14970.0
2445.05,14.45,0.6296,-0.4208,15010.0
2445.1,14.45,0.539,-0.4799,15040.0
2445.15,14.43,0.7078,-0.4624,15050.0
2445.2,14.41,0.8766,-0.4448,15050.0
2445.25,14.4,0.9604,-0.1908,15050.0
2445.3,14.39,1.044,0.06316,15040.0
2445.35,14.51,0.988,-0.008901,15020.0
2445.4,14.64,0.9319,-0.08097,14980.0
2445.45,14.62,0.9476,-0.2461,14960.0
2445.5,14.61,0.9634,-0.4112,14950.0
2445.55,14.45,0.996,-0.2848,14970.0
2445.6,14.29,1.029,-0.1585,15000.0
2445.65,14.41,0.9305,-0.1968,15030.0
2445.7,14.52,0.8324,-0.2351,15070.0
2445.75,14.49,0.8206,-0.0756,15100.0
2445.8,14.46,0.8089,0.08389,15110.0
2445.85,14.55,0.7675,-0.1434,15080.0
2445.9,14.63,0.7261,-0.3707,15050.0
2445.95,14.45,0.7729,-0.388,15020.0
2446.0,14.27,0.8197,-0.4053,15000.0
2446.05,14.32,0.7589,-0.383,14990.0
2446.1,14.37,0.6982,-0.3607,14990.0
2446.15,14.4,0.838,-0.2996,15000.0
2446.2,14.43,0.9777,-0.2385,15030.0
2446.25,14.5,1.038,-0.3072,15050.0
2446.3,14.57,1.098,-0.3758,15060.0
2446.35,14.42,1.087,-0.1591,15050.0
2446.4,14.26,1.076,0.05755,15050.0
2446.45,14.14,0.8951,-0.0004877,15060.0
2446.5,14.01,0.7138,-0.05853,15060.0
2446.55,14.22,0.6861,-0.002561,15060.0
2446.6,14.43,0.6584,0.05341,15060.0
2446.65,14.56,0.5046,-0.08499,15050.0
2446.7,14.7,0.3507,-0.2234,15040.0
2446.75,14.74,0.2966,-0.3758,15030.0
2446.8,14.79,0.2424,-0.5282,15030.0
2446.85,14.85,0.1974,-0.4153,15050.0
2446.9,14.9,0.1525,-0.3024,15090.0
2446.95,15.05,0.1668,-0.07438,15130.0
2447.0,15.21,0.1811,0.1536,15150.0
2447.05,15.03,0.208,0.118,15150.0
2447.1,14.85,0.2349,0.08243,15140.0
2447.15,14.74,0.1606,-0.05207,15130.0
2447.2,14.63,0.08638,-0.1866,15110.0
2447.25,14.69,-0.05494,-0.5192,15100.0
2447.3,14.74,-0.1963,-0.8519,15110.0
2447.35,14.7,-0.257,-0.7442,15130.0
2447.4,14.65,-0.3177,-0.6365,15160.0
2447.45,14.51,-0.1459,-0.5588,15170.0
2447.5,14.37,0.02588,-0.4812,15170.0
2447.55,14.35,-0.05474,-0.7464,15180.0
2447.6,14.32,-0.1353,-1.012,15190.0
2447.65,14.5,-0.4222,-0.8462,15190.0
2447.7,14.69,-0.709,-0.6809,15180.0
2447.75,14.65,-0.6718,-0.7431,15190.0
2447.8,14.62,-0.6345,-0.8053,15200.0
2447.85,14.54,-0.6322,-0.7725,15210.0
2447.9,14.46,-0.6298,-0.7397,15190.0
2447.95,14.38,-0.6568,-0.6954,15170.0
2448.0,14.31,-0.6839,-0.6511,15180.0
2448.05,14.22,-1.024,-0.5119,15200.0
2448.1,14.14,-1.365,-0.3726,15210.0
2448.15,14.27,-1.256,-0.109,15210.0
2448.2,14.41,-1.146,0.1546,15220.0
2448.25,14.39,-1.187,0.2135,15240.0
2448.3,14.37,-1.228,0.2724,15260.0
2448.35,14.14,-1.033,0.194,15240.0
2448.4,13.91,-0.838,0.1156,15220.0
2448.45,13.83,-0.9904,-0.002561,15220.0
2448.5,13.76,-1.143,-0.1207,15230.0
2448.55,13.55,-0.9048,-0.08414,15230.0
2448.6,13.35,-0.6668,-0.04756,15220.0
2448.65,13.2,-0.4405,0.06707,15200.0
2448.7,13.05,-0.2142,0.1817,15200.0
2448.75,12.83,-0.2422,0.198,15190.0
2448.8,12.61,-0.2703,0.2144,15160.0
2448.85,12.64,-0.3201,0.2394,15130.0
2448.9,12.67,-0.3698,0.2644,15120.0
2448.95,12.66,-0.2586,0.1307,15150.0
2449.0,12.66,-0.1473,-0.002926,15180.0
2449.05,12.75,-0.01652,-0.05487,15200.0
2449.1,12.83,0.1142,-0.1068,15220.0
2449.15,12.82,0.2066,0.1823,15230.0
2449.2,12.81,0.299,0.4714,15210.0
2449.25,12.79,0.1915,0.4426,15160.0
2449.3,12.77,0.084,0.4139,15090.0
2449.35,12.83,0.1359,0.3215,15050.0
2449.4,12.9,0.1879,0.2292,15040.0
2449.45,12.93,0.334,0.1868,15050.0
2449.5,12.97,0.4801,0.1444,15080.0
2449.55,12.97,0.619,0.2379,15110.0
2449.6,12.97,0.758,0.3314,15150.0
2449.65,12.85,0.6992,0.2118,15180.0
2449.7,12.72,0.6405,0.09218,15190.0
2449.75,12.94,0.617,0.1132,15190.0
2449.8,13.16,0.5935,0.1341,15160.0
2449.85,13.12,0.4538,0.3261,15130.0
2449.9,13.07,0.3141,0.518,15100.0
2449.95,12.83,0.2558,0.461,15070.0
2450.0,12.59,0.1974,0.4041,15040.0
2450.05,12.76,0.2412,0.3965,15030.0
2450.1,12.93,0.285,0.389,15040.0
2450.15,13.16,0.3473,0.5202,15090.0
2450.2,13.4,0.4096,0.6514,15140.0
2450.25,13.61,0.3473,0.493,15180.0
2450.3,13.83,0.285,0.3346,15190.0
2450.35,13.85,0.2723,0.2192,15200.0
2450.4,13.88,0.2596,0.1039,15190.0
2450.45,13.87,0.171,0.1619,15150.0
2450.5,13.87,0.0824,0.22,15110.0
2450.55,13.94,0.2781,0.4014,15080.0
2450.6,14.01,0.4737,0.5829,15080.0
2450.65,14.17,0.3549,0.5724,15100.0
2450.7,14.33,0.2361,0.5619,15110.0
2450.75,14.46,0.2448,0.4243,15140.0
2450.8,14.6,0.2536,0.2868,15170.0
2450.85,14.69,0.2166,0.2669,15200.0
2450.9,14.78,0.1795,0.247,15210.0
2450.95,14.78,0.0826,0.1967,15200.0
2451.0,14.78,-0.01433,0.1463,15190.0
2451.05,14.86,0.0213,0.04792,15180.0
2451.1,14.94,0.05693,-0.05048,15170.0
2451.15,15.19,0.04518,-0.01658,15160.0
2451.2,15.44,0.03344,0.01732,15140.0
2451.25,15.29,0.1043,-0.02195,15130.0
2451.3,15.14,0.1752,-0.06121,15130.0
2451.35,15.2,0.1825,-0.1978,15130.0
2451.4,15.25,0.1899,-0.3344,15130.0
2451.45,15.29,0.1176,-0.3853,15130.0
2451.5,15.33,0.04538,-0.4363,15140.0
2451.55,15.25,0.02249,-0.363,15150.0
2451.6,15.17,-0.0003981,-0.2897,15150.0
2451.65,15.14,-0.05633,-0.2568,15130.0
2451.7,15.12,-0.1123,-0.2239,15120.0
2451.75,15.25,-0.2601,-0.2261,15110.0
2451.8,15.37,-0.408,-0.2283,15090.0
2451.85,15.47,-0.6035,-0.08182,15070.0
2451.9,15.56,-0.799,0.06463,15050.0
2451.95,15.65,-0.7367,0.1351,15050.0
2452.0,15.74,-0.6744,0.2056,15070.0
2452.05,15.89,-0.4946,0.1627,15090.0
2452.1,16.04,-0.3149,0.1197,15090.0
2452.15,16.23,-0.5649,0.05707,15070.0
2452.2,16.41,-0.8149,-0.005609,15060.0
2452.25,16.29,-0.7496,0.004512,15050.0
2452.3,16.17,-0.6843,0.01463,15040.0
2452.35,16.17,-0.8412,-0.09206,15040.0
2452.4,16.18,-0.998,-0.1988,15050.0
2452.45,16.21,-1.022,-0.133,15070.0
2452.5,16.23,-1.047,-0.06731,15090.0
2452.55,16.2,-0.9104,-0.1358,15100.0
2452.6,16.17,-0.7743,-0.2044,15080.0
2452.65,16.32,-0.8111,-0.5204,15060.0
2452.7,16.47,-0.8479,-0.8365,15050.0
2452.75,16.7,-0.998,-0.7654,15040.0
2452.8,16.93,-1.148,-0.6943,15030.0
2452.85,16.98,-1.059,-0.4908,15030.0
2452.9,17.03,-0.9697,-0.2873,15050.0
2452.95,17.04,-0.9456,-0.4062,15090.0
2453.0,17.04,-0.9216,-0.5251,15120.0
2453.05,17.07,-0.8603,-0.4991,15130.0
2453.1,17.1,-0.799,-0.4731,15120.0
2453.15,17.06,-0.862,-0.2434,15100.0
2453.2,17.02,-0.9251,-0.01366,15100.0
2453.25,16.88,-1.024,-0.1246,15090.0
2453.3,16.74,-1.123,-0.2356,15080.0
2453.35,16.58,-1.245,-0.3239,15070.0
2453.4,16.41,-1.367,-0.4121,15080.0
2453.45,16.36,-1.28,-0.2974,15090.0
2453.5,16.3,-1.193,-0.1827,15100.0
2453.55,16.25,-1.337,-0.2601,15110.0
2453.6,16.2,-1.481,-0.3375,15130.0
2453.65,16.17,-1.246,-0.3569,15160.0
2453.7,16.14,-1.011,-0.3763,15170.0
2453.75,16.1,-0.8396,-0.1569,15160.0
2453.8,16.07,-0.6684,0.06243,15130.0
2453.85,15.98,-0.5631,-0.05085,15100.0
2453.9,15.9,-0.4578,-0.1641,15070.0
2453.95,15.89,-0.3842,-0.07414,15070.0
2454.0,15.88,-0.3105,0.01585,15070.0
2454.05,15.95,-0.327,-0.01293,15090.0
2454.1,16.02,-0.3435,-0.0417,15120.0
2454.15,16.0,-0.506,-0.05048,15150.0
2454.2,15.97,-0.6684,-0.05926,15150.0
2454.25,15.98,-0.6811,-0.3906,15120.0
2454.3,15.99,-0.6939,-0.7219,15090.0
2454.35,15.8,-0.5486,-0.484,15060.0
2454.4,15.6,-0.4033,-0.2461,15030.0
2454.45,15.57,-0.422,-0.3048,15020.0
2454.5,15.54,-0.4407,-0.3636,15010.0
2454.55,15.63,-0.4865,-0.4467,15030.0
2454.6,15.71,-0.5322,-0.5297,15060.0
2454.65,15.87,-0.7297,-0.4347,15080.0
2454.7,16.02,-0.9271,-0.3397,15080.0
2454.75,16.07,-1.271,-0.3456,15080.0
2454.8,16.12,-1.615,-0.3514,15060.0
2454.85,16.07,-1.744,-0.5926,15040.0
2454.9,16.02,-1.874,-0.8338,15020.0
2454.95,15.99,-1.97,-0.6686,15010.0
2455.0,15.95,-2.065,-0.5034,15010.0
2455.05,16.05,-2.053,-0.3618,15020.0
2455.1,16.15,-2.041,-0.2202,15030.0
2455.15,16.01,-2.082,-0.3272,15060.0
2455.2,15.86,-2.123,-0.4341,15080.0
2455.25,15.91,-2.064,-0.5336,15100.0
2455.3,15.95,-2.005,-0.6331,15110.0
2455.35,16.01,-1.683,-0.622,15110.0
2455.4,16.07,-1.362,-0.6109,15100.0
2455.45,16.15,-1.226,-0.6657,15080.0
2455.5,16.22,-1.091,-0.7204,15070.0
2455.55,16.13,-1.073,-0.6382,15070.0
2455.6,16.05,-1.056,-0.556,15070.0
2455.65,16.13,-1.002,-0.5101,15090.0
2455.7,16.2,-0.9482,-0.4641,15110.0
2455.75,16.1,-0.9144,-0.4803,15120.0
2455.8,16.0,-0.8806,-0.4965,15120.0
2455.85,16.07,-0.9598,-0.5095,15130.0
2455.9,16.14,-1.039,-0.5224,15130.0
2455.95,16.13,-0.9916,-0.713,15130.0
2456.0,16.12,-0.9443,-0.9036,15120.0
2456.05,16.18,-1.109,-0.5373,15120.0
2456.1,16.24,-1.273,-0.171,15130.0
2456.15,16.18,-1.283,-0.002683,15160.0
2456.2,16.12,-1.293,0.1656,15170.0
2456.25,16.14,-1.261,-0.03109,15180.0
2456.3,16.17,-1.229,-0.2278,15190.0
2456.35,16.13,-0.9817,-0.18,15190.0
2456.4,16.09,-0.7341,-0.1322,15190.0
2456.45,16.08,-0.7179,-0.02475,15170.0
2456.5,16.06,-0.7018,0.08267,15150.0
2456.55,16.03,-0.666,-0.1144,15140.0
2456.6,16.0,-0.6302,-0.3114,15140.0
2456.65,15.97,-0.5,-0.3196,15150.0
2456.7,15.94,-0.3698,-0.3278,15170.0
2456.75,15.9,-0.4638,-0.3887,15180.0
2456.8,15.87,-0.5577,-0.4497,15210.0
2456.85,15.86,-0.7454,-0.4886,15230.0
2456.9,15.86,-0.9331,-0.5275,15240.0
2456.95,15.82,-0.8746,-0.4571,15220.0
2457.0,15.78,-0.8161,-0.3868,15190.0
2457.05,15.89,-0.7269,-0.3637,15170.0
2457.1,16.0,-0.6377,-0.3407,15160.0
2457.15,16.01,-0.7599,-0.248,15160.0
2457.2,16.02,-0.8822,-0.1553,15160.0
2457.25,16.03,-0.8406,-0.4393,15190.0
2457.3,16.05,-0.799,-0.7233,15220.0
2457.35,16.27,-0.549,-0.6711,15230.0
2457.4,16.5,-0.299,-0.619,15230.0
2457.45,16.55,-0.534,-0.5975,15210.0
2457.5,16.6,-0.7691,-0.576,15210.0
2457.55,16.66,-0.794,-0.5126,15220.0
2457.6,16.72,-0.8189,-0.4492,15220.0
2457.65,16.72,-0.7136,-0.3706,15230.0
2457.7,16.72,-0.6083,-0.2919,15240.0
2457.75,16.72,-0.5667,-0.4597,15250.0
2457.8,16.71,-0.5251,-0.6275,15250.0
2457.85,16.78,-0.5969,-0.6922,15240.0
2457.9,16.84,-0.6688,-0.757,15240.0
2457.95,16.81,-0.6351,-0.6868,15250.0
2458.0,16.78,-0.6015,-0.6165,15280.0
2458.05,16.72,-0.5103,-0.5198,15300.0
2458.1,16.67,-0.4192,-0.4231,15300.0
2458.15,16.77,-0.4882,-0.3252,15310.0
2458.2,16.87,-0.5573,-0.2273,15310.0
2458.25,16.99,-0.4976,-0.136,15310.0
2458.3,17.11,-0.4379,-0.04463,15300.0
2458.35,17.09,-0.5123,-0.02524,15310.0
2458.4,17.06,-0.5868,-0.005853,15330.0
2458.45,17.12,-0.337,-0.1065,15360.0
2458.5,17.18,-0.08718,-0.2071,15380.0
2458.55,17.09,0.009355,-0.2405,15390.0
2458.6,16.99,0.1059,-0.2739,15390.0
2458.65,17.03,0.1244,-0.2514,15380.0
2458.7,17.08,0.1429,-0.229,15360.0
2458.75,17.19,-0.05633,-0.1649,15350.0
2458.8,17.31,-0.2556,-0.1007,15350.0
2458.85,17.15,-0.1294,-0.1728,15380.0
2458.9,17.0,-0.003185,-0.2449,15420.0
2458.95,17.01,0.06011,-0.1277,15460.0
2459.0,17.03,0.1234,-0.01049,15490.0
2459.05,17.05,0.04857,-0.0984,15490.0
2459.1,17.07,-0.02627,-0.1863,15480.0
2459.15,17.1,-0.04459,-0.2652,15460.0
2459.2,17.13,-0.0629,-0.3441,15430.0
2459.25,17.06,-0.03722,-0.3603,15400.0
2459.3,16.99,-0.01154,-0.3765,15370.0
2459.35,17.14,0.1779,-0.3235,15360.0
2459.4,17.29,0.3674,-0.2705,15380.0
2459.45,17.08,0.3714,-0.2219,15420.0
2459.5,16.87,0.3754,-0.1734,15470.0
2459.55,16.79,0.2367,-0.2147,15500.0
2459.6,16.71,0.09793,-0.2561,15530.0
2459.65,16.76,0.1911,-0.2105,15550.0
2459.7,16.8,0.2842,-0.1649,15540.0
2459.75,16.84,0.5965,-0.04243,15510.0
2459.8,16.88,0.9088,0.07999,15460.0
2459.85,16.99,0.999,0.2129,15430.0
2459.9,17.11,1.089,0.3458,15410.0
2459.95,17.15,0.7494,0.3297,15410.0
2460.0,17.2,0.4096,0.3136,15410.0
2460.05,17.21,0.326,0.2231,15430.0
2460.1,17.21,0.2424,0.1327,15460.0
2460.15,17.16,0.2703,0.2211,15500.0
2460.2,17.11,0.2982,0.3095,15520.0
2460.25,16.99,0.1919,0.1867,15530.0
2460.3,16.87,0.08559,0.0639,15530.0
2460.35,16.96,0.133,0.04646,15540.0
2460.4,17.05,0.1803,0.02902,15520.0
2460.45,17.17,0.3342,0.1669,15490.0
2460.5,17.28,0.4881,0.3048,15460.0
2460.55,17.28,0.2898,0.1308,15440.0
2460.6,17.27,0.09156,-0.04317,15450.0
2460.65,17.32,0.1067,-0.1066,15480.0
2460.7,17.36,0.1218,-0.17,15510.0
2460.75,17.12,0.1286,-0.1607,15530.0
2460.8,16.88,0.1353,-0.1514,15550.0
2460.85,16.94,0.202,-0.1892,15540.0
2460.9,17.01,0.2687,-0.227,15520.0
2460.95,16.93,0.3826,-0.3407,15500.0
2461.0,16.86,0.4964,-0.4543,15490.0
2461.05,16.69,0.4484,-0.2052,15500.0
2461.1,16.51,0.4005,0.0439,15520.0
2461.15,16.64,0.2538,0.1097,15550.0
2461.2,16.76,0.1071,0.1756,15570.0
2461.25,16.91,0.005573,0.2281,15570.0
2461.3,17.06,-0.09594,0.2807,15580.0
2461.35,17.18,0.01035,0.2798,15570.0
2461.4,17.29,0.1166,0.279,15560.0
2461.45,17.16,-0.1381,0.4713,15560.0
2461.5,17.03,-0.3929,0.6636,15560.0
2461.55,16.93,-0.3137,0.8199,15560.0
2461.6,16.82,-0.2345,0.9762,15570.0
2461.65,16.85,-0.06031,0.9186,15580.0
2461.7,16.87,0.1139,0.8609,15570.0
2461.75,17.04,0.02747,0.7453,15570.0
2461.8,17.21,-0.05892,0.6297,15560.0
2461.85,17.14,0.07802,0.5638,15570.0
2461.9,17.06,0.215,0.498,15590.0
2461.95,17.06,0.1644,0.4397,15620.0
2462.0,17.06,0.1139,0.3814,15650.0
2462.05,16.82,0.01493,0.3412,15670.0
2462.1,16.59,-0.084,0.3009,15660.0
2462.15,16.56,0.03742,0.4618,15640.0
2462.2,16.54,0.1588,0.6226,15600.0
2462.25,16.58,0.3523,0.5149,15550.0
2462.3,16.63,0.5458,0.4073,15530.0
2462.35,16.67,0.6075,0.562,15530.0
2462.4,16.71,0.6692,0.7168,15550.0
2462.45,16.57,0.655,0.8567,15590.0
2462.5,16.44,0.6409,0.9967,15640.0
2462.55,16.41,0.5141,1.055,15680.0
2462.6,16.38,0.3873,1.114,15690.0
2462.65,16.41,0.1417,1.003,15660.0
2462.7,16.44,-0.1039,0.8919,15620.0
2462.75,16.32,-0.166,0.9884,15570.0
2462.8,16.19,-0.2281,1.085,15540.0
2462.85,16.15,0.05951,1.075,15520.0
2462.9,16.11,0.3471,1.064,15520.0
2462.95,15.96,0.4011,0.9025,15540.0
2463.0,15.82,0.455,0.7409,15570.0
2463.05,15.64,0.4265,0.7599,15610.0
2463.1,15.46,0.3981,0.7789,15630.0
2463.15,15.46,0.3808,0.6996,15630.0
2463.2,15.47,0.3635,0.6202,15610.0
2463.25,15.71,0.3083,0.7291,15590.0
2463.3,15.95,0.2532,0.838,15580.0
2463.35,16.06,0.02906,0.8337,15550.0
2463.4,16.18,-0.1951,0.8294,15530.0
2463.45,16.15,-0.07882,0.768,15530.0
2463.5,16.13,0.03742,0.7065,15540.0
2463.55,16.07,-0.004777,0.7517,15550.0
2463.6,16.01,-0.04697,0.797,15570.0
2463.65,15.74,-0.07305,0.6638,15580.0
2463.7,15.47,-0.09912,0.5307,15600.0
2463.75,15.34,-0.1051,0.4525,15610.0
2463.8,15.21,-0.1111,0.3743,15600.0
2463.85,15.09,-0.1389,0.4801,15580.0
2463.9,14.98,-0.1668,0.5858,15550.0
2463.95,15.06,-0.3382,0.3906,15540.0
2464.0,15.14,-0.5095,0.1953,15530.0
2464.05,15.13,-0.5086,0.3145,15520.0
2464.1,15.12,-0.5076,0.4336,15520.0
2464.15,15.24,-0.6831,0.1989,15530.0
2464.2,15.37,-0.8587,-0.03585,15540.0
2464.25,15.31,-0.9383,0.03658,15540.0
2464.3,15.25,-1.018,0.109,15530.0
2464.35,15.28,-1.144,0.111,15520.0
2464.4,15.31,-1.271,0.1129,15500.0
2464.45,15.33,-1.032,0.1279,15500.0
2464.5,15.34,-0.793,0.1429,15500.0
2464.55,15.23,-0.6861,-0.1983,15500.0
2464.6,15.13,-0.5792,-0.5395,15500.0
2464.65,15.01,-0.5683,-0.5034,15510.0
2464.7,14.9,-0.5573,-0.4673,15500.0
2464.75,14.91,-0.6158,-0.1455,15480.0
2464.8,14.92,-0.6744,0.1763,15460.0
2464.85,14.76,-0.6578,0.1182,15440.0
2464.9,14.59,-0.6413,0.05999,15440.0
2464.95,14.76,-0.6919,0.1849,15460.0
2465.0,14.92,-0.7424,0.3097,15480.0
2465.05,15.23,-0.4813,0.3765,15490.0
2465.1,15.53,-0.2201,0.4434,15500.0
2465.15,15.63,-0.2882,0.3261,15500.0
2465.2,15.74,-0.3563,0.2088,15490.0
2465.25,15.75,-0.3664,0.2024,15460.0
2465.3,15.77,-0.3766,0.1961,15450.0
2465.35,15.86,-0.3195,0.1019,15440.0
2465.4,15.95,-0.2623,0.007804,15450.0
2465.45,16.01,-0.1435,-0.1845,15460.0
2465.5,16.07,-0.02468,-0.3768,15460.0
2465.55,16.12,0.03662,-0.5085,15470.0
2465.6,16.16,0.09793,-0.6402,15470.0
2465.65,16.1,0.05135,-0.522,15480.0
2465.7,16.03,0.004777,-0.4039,15460.0
2465.75,16.19,-0.02289,-0.4834,15450.0
2465.8,16.35,-0.05056,-0.5629,15440.0
2465.85,16.34,-0.1139,-0.766,15450.0
2465.9,16.33,-0.1771,-0.9692,15450.0
2465.95,16.38,-0.1578,-0.9019,15450.0
2466.0,16.42,-0.1385,-0.8345,15450.0
2466.05,16.3,-0.2118,-0.6522,15460.0
2466.1,16.17,-0.285,-0.4699,15470.0
2466.15,15.97,-0.1841,-0.3026,15480.0
2466.2,15.76,-0.0832,-0.1354,15480.0
2466.25,15.96,-0.09673,-0.1375,15460.0
2466.3,16.16,-0.1103,-0.1397,15450.0
2466.35,16.2,-0.2279,-0.08987,15430.0
2466.4,16.23,-0.3455,-0.04,15390.0
2466.45,16.33,-0.1976,0.06158,15360.0
2466.5,16.43,-0.04976,0.1632,15360.0
2466.55,16.32,0.1061,0.1005,15380.0
2466.6,16.21,0.2619,0.0378,15400.0
2466.65,16.22,0.09614,0.1397,15420.0
2466.7,16.23,-0.06966,0.2417,15440.0
2466.75,16.13,-0.1411,0.305,15460.0
2466.8,16.03,-0.2126,0.3683,15460.0
2466.85,16.11,-0.08917,0.2997,15440.0
2466.9,16.19,0.03424,0.2312,15390.0
2466.95,16.27,0.06568,0.2961,15330.0
2467.0,16.36,0.09713,0.3609,15280.0
2467.05,16.39,0.1588,0.3763,15260.0
2467.1,16.43,0.2205,0.3917,15260.0
2467.15,16.39,0.05155,0.3854,15280.0
2467.2,16.36,-0.1174,0.3792,15320.0
2467.25,16.3,0.09355,0.5051,15370.0
2467.3,16.25,0.3045,0.6309,15390.0
2467.35,16.13,0.4188,0.6724,15390.0
2467.4,16.02,0.533,0.7138,15370.0
2467.45,15.96,0.4831,0.6059,15330.0
2467.5,15.9,0.4331,0.498,15300.0
2467.55,15.85,0.4809,0.2151,15270.0
2467.6,15.81,0.5287,-0.0678,15250.0
2467.65,15.58,0.4721,-0.1756,15250.0
2467.7,15.36,0.4156,-0.2834,15240.0
2467.75,15.57,0.4938,-0.1424,15250.0
2467.8,15.78,0.572,-0.001463,15260.0
2467.85,15.72,0.5404,0.1812,15280.0
2467.9,15.67,0.5088,0.3639,15300.0
2467.95,15.69,0.2739,0.1923,15310.0
2468.0,15.71,0.03901,0.02073,15320.0
2468.05,15.6,0.005971,0.1624,15320.0
2468.1,15.49,-0.02707,0.3041,15300.0
2468.15,15.64,-0.1865,0.5395,15280.0
2468.2,15.78,-0.3459,0.7748,15250.0
2468.25,15.71,-0.5456,0.5879,15220.0
2468.3,15.65,-0.7452,0.4009,15210.0
2468.35,15.73,-0.6813,0.1995,15210.0
2468.4,15.81,-0.6174,-0.001951,15220.0
2468.45,15.91,-0.6455,0.02756,15240.0
2468.5,16.0,-0.6736,0.05707,15260.0
2468.55,15.97,-0.6996,0.06146,15280.0
2468.6,15.93,-0.7257,0.06585,15280.0
2468.65,15.93,-0.8167,0.1506,15270.0
2468.7,15.93,-0.9076,0.2353,15250.0
2468.75,16.07,-1.02,0.1196,15220.0
2468.8,16.21,-1.133,0.003902,15200.0
2468.85,16.18,-0.7374,0.01878,15190.0
2468.9,16.14,-0.3424,0.03365,15200.0
2468.95,16.01,-0.4594,0.1195,15200.0
2469.0,15.88,-0.5764,0.2053,15210.0
2469.05,15.92,-0.7382,0.1863,15200.0
2469.1,15.96,-0.9001,0.1673,15200.0
2469.15,15.91,-0.8985,0.3251,15190.0
2469.2,15.87,-0.8969,0.4829,15170.0
2469.25,15.94,-0.907,0.4479,15160.0
2469.3,16.02,-0.9172,0.4129,15160.0
2469.35,16.01,-1.025,0.2359,15160.0
2469.4,16.0,-1.132,0.05902,15160.0
2469.45,16.15,-1.071,0.1082,15160.0
2469.5,16.31,-1.011,0.1573,15150.0
2469.55,16.3,-0.9367,0.09706,15140.0
2469.6,16.29,-0.8626,0.03683,15140.0
2469.65,16.33,-0.5486,0.005609,15130.0
2469.7,16.37,-0.2345,-0.02561,15130.0
2469.75,16.32,-0.1431,0.1902,15140.0
2469.8,16.28,-0.05175,0.4061,15140.0
2469.85,16.19,-0.2647,0.4379,15130.0
2469.9,16.09,-0.4777,0.4697,15110.0
2469.95,16.13,-0.4594,0.4999,15090.0
2470.0,16.17,-0.4411,0.5302,15070.0
2470.05,16.45,-0.4043,0.5104,15060.0
2470.1,16.73,-0.3674,0.4907,15060.0
2470.15,16.73,-0.1919,0.3957,15070.0
2470.2,16.73,-0.01632,0.3007,15110.0
2470.25,16.82,0.0003981,0.3107,15130.0
2470.3,16.92,0.01712,0.3207,15140.0
2470.35,16.93,-0.1294,0.2161,15120.0
2470.4,16.94,-0.2759,0.1115,15100.0
2470.45,16.97,-0.3236,0.02451,15080.0
2470.5,17.0,-0.3714,-0.06243,15060.0
2470.55,16.95,-0.2217,-0.1872,15040.0
2470.6,16.9,-0.07205,-0.3119,15040.0
2470.65,16.94,-0.07942,-0.4318,15060.0
2470.7,16.98,-0.08678,-0.5516,15080.0
2470.75,17.14,-0.02826,-0.4991,15100.0
2470.8,17.3,0.03025,-0.4465,15110.0
2470.85,17.27,0.161,-0.1718,15130.0
2470.9,17.24,0.2918,0.1029,15130.0
2470.95,17.39,0.2814,0.0945,15130.0
2471.0,17.54,0.2711,0.08609,15120.0
2471.05,17.51,0.3855,0.1433,15100.0
2471.1,17.49,0.5,0.2005,15080.0
2471.15,17.61,0.6063,0.1018,15090.0
2471.2,17.72,0.7126,0.00317,15100.0
2471.25,17.61,0.5573,0.08658,15110.0
2471.3,17.49,0.4021,0.17,15140.0
2471.35,17.52,0.589,0.2763,15160.0
2471.4,17.54,0.7759,0.3826,15180.0
2471.45,17.6,0.7924,0.2856,15180.0
2471.5,17.66,0.8089,0.1885,15170.0
2471.55,17.67,0.8155,0.1491,15150.0
2471.6,17.67,0.822,0.1097,15140.0
2471.65,17.63,0.7709,0.07597,15120.0
2471.7,17.59,0.7197,0.04219,15120.0
2471.75,17.46,0.8364,-0.08048,15130.0
2471.8,17.33,0.953,-0.2031,15150.0
2471.85,17.34,0.8849,-0.2974,15180.0
2471.9,17.35,0.8169,-0.3917,15190.0
2471.95,17.45,0.8087,-0.4658,15200.0
2472.0,17.54,0.8005,-0.5399,15200.0
2472.05,17.59,0.9526,-0.5274,15170.0
2472.1,17.63,1.105,-0.5148,15140.0
2472.15,17.85,1.063,-0.5707,15120.0
2472.2,18.08,1.022,-0.6265,15120.0
2472.25,17.95,1.011,-0.6252,15130.0
2472.3,17.83,0.9992,-0.6238,15150.0
2472.35,17.76,1.22,-0.5829,15180.0
2472.4,17.69,1.44,-0.5419,15200.0
2472.45,17.75,1.444,-0.5905,15210.0
2472.5,17.81,1.447,-0.6392,15210.0
2472.55,17.92,1.236,-0.3908,15200.0
2472.6,18.02,1.024,-0.1424,15190.0
2472.65,18.22,1.255,-0.1256,15180.0
2472.7,18.43,1.486,-0.1088,15160.0
2472.75,18.32,1.4,-0.2655,15140.0
2472.8,18.21,1.314,-0.4221,15130.0
2472.85,18.26,1.23,-0.3326,15130.0
2472.9,18.3,1.146,-0.2431,15140.0
2472.95,18.31,1.37,-0.3924,15170.0
2473.0,18.31,1.594,-0.5416,15200.0
2473.05,18.29,1.566,-0.5356,15250.0
2473.1,18.27,1.538,-0.5295,15290.0
2473.15,18.22,1.291,-0.4286,15300.0
2473.2,18.18,1.044,-0.3278,15280.0
2473.25,18.32,0.9898,-0.2518,15230.0
2473.3,18.45,0.9359,-0.1758,15190.0
2473.35,18.45,0.9439,-0.2089,15160.0
2473.4,18.46,0.9518,-0.2419,15150.0
2473.45,18.28,0.9359,-0.1547,15160.0
2473.5,18.11,0.92,-0.06755,15200.0
2473.55,18.17,0.8694,-0.06024,15250.0
2473.6,18.24,0.8189,-0.05292,15300.0
2473.65,18.32,0.7002,-0.0002439,15330.0
2473.7,18.41,0.5816,0.05243,15320.0
2473.75,18.31,0.5251,0.2427,15320.0
2473.8,18.21,0.4685,0.4329,15320.0
2473.85,18.36,0.4204,0.5401,15320.0
2473.9,18.5,0.3722,0.6472,15310.0
2473.95,18.57,0.2164,0.6844,15320.0
2474.0,18.64,0.06051,0.7216,15340.0
2474.05,19.03,0.129,0.5486,15360.0
2474.1,19.43,0.1974,0.3756,15370.0
2474.15,19.29,0.2263,0.1978,15380.0
2474.2,19.15,0.2552,0.02,15380.0
2474.25,19.3,0.1093,0.04475,15390.0
2474.3,19.45,-0.03662,0.0695,15380.0
2474.35,19.58,0.2092,0.04548,15370.0
2474.4,19.71,0.455,0.02146,15350.0
2474.45,19.71,0.3712,0.1019,15350.0
2474.5,19.71,0.2874,0.1824,15370.0
2474.55,19.65,0.4088,0.1832,15400.0
2474.6,19.58,0.5302,0.1839,15440.0
2474.65,19.49,0.4104,0.1146,15470.0
2474.7,19.4,0.2906,0.04536,15490.0
2474.75,19.31,0.37,0.07731,15480.0
2474.8,19.22,0.4494,0.1093,15440.0
2474.85,18.93,0.3635,-0.004756,15390.0
2474.9,18.64,0.2775,-0.1188,15340.0
2474.95,18.71,0.1135,-0.03914,15320.0
2475.0,18.78,-0.05056,0.04048,15330.0
2475.05,18.89,-0.3768,0.3025,15370.0
2475.1,18.99,-0.703,0.5646,15430.0
2475.15,19.03,-0.7834,0.6222,15480.0
2475.2,19.06,-0.8638,0.6799,15510.0
2475.25,18.92,-0.624,0.5616,15510.0
2475.3,18.77,-0.3842,0.4434,15480.0
2475.35,18.89,-0.4576,0.6014,15430.0
2475.4,19.02,-0.531,0.7594,15380.0
2475.45,19.09,-0.2974,0.6927,15340.0
2475.5,19.17,-0.06369,0.626,15330.0
2475.55,19.18,-0.08201,0.6227,15360.0
2475.6,19.19,-0.1003,0.6194,15410.0
2475.65,19.23,-0.2562,0.6515,15460.0
2475.7,19.26,-0.412,0.6836,15490.0
2475.75,19.14,-0.4144,0.4936,15520.0
2475.8,19.01,-0.4168,0.3036,15530.0
2475.85,18.99,-0.3623,0.2692,15520.0
2475.9,18.97,-0.3077,0.2349,15490.0
2475.95,18.72,-0.3439,0.4193,15460.0
2476.0,18.47,-0.3802,0.6038,15440.0
2476.05,18.42,-0.4632,0.6429,15440.0
2476.1,18.37,-0.5462,0.6819,15450.0
2476.15,18.38,-0.6744,0.9364,15480.0
2476.2,18.38,-0.8025,1.191,15520.0
2476.25,18.31,-0.6381,0.991,15560.0
2476.3,18.24,-0.4737,0.7911,15580.0
2476.35,18.34,-0.4815,0.8886,15600.0
2476.4,18.45,-0.4892,0.986,15600.0
2476.45,18.5,-0.6136,1.044,15610.0
2476.5,18.56,-0.738,1.101,15620.0
2476.55,18.72,-0.6274,0.8637,15620.0
2476.6,18.88,-0.5167,0.626,15630.0
2476.65,18.84,-0.4691,0.3002,15650.0
2476.7,18.79,-0.4216,-0.02561,15670.0
2476.75,18.94,-0.3698,-0.07316,15690.0
2476.8,19.09,-0.3181,-0.1207,15700.0
2476.85,19.08,-0.25,0.07377,15700.0
2476.9,19.07,-0.1819,0.2683,15710.0
2476.95,19.05,-0.239,0.2891,15700.0
2477.0,19.02,-0.2962,0.31,15700.0
2477.05,18.87,-0.3965,0.05963,15700.0
2477.1,18.71,-0.4968,-0.1907,15710.0
2477.15,18.84,-0.5806,-0.103,15730.0
2477.2,18.97,-0.6644,-0.01536,15760.0
2477.25,18.98,-0.7237,-0.09011,15780.0
2477.3,19.0,-0.783,-0.1649,15810.0
2477.35,19.06,-0.8396,-0.04585,15820.0
2477.4,19.11,-0.8961,0.07316,15830.0
2477.45,19.13,-0.757,-0.07231,15820.0
2477.5,19.14,-0.6178,-0.2178,15810.0
2477.55,19.11,-0.5519,-0.2496,15800.0
2477.6,19.09,-0.4861,-0.2814,15790.0
2477.65,18.92,-0.8826,-0.1992,15780.0
2477.7,18.75,-1.279,-0.1171,15770.0
2477.75,18.68,-1.271,-0.3096,15770.0
2477.8,18.62,-1.262,-0.5021,15790.0
2477.85,18.52,-1.038,-0.4797,15810.0
2477.9,18.41,-0.8137,-0.4573,15830.0
2477.95,18.37,-0.6541,-0.4754,15830.0
2478.0,18.32,-0.4944,-0.4936,15830.0
2478.05,18.29,-0.3726,-0.4545,15820.0
2478.1,18.26,-0.2508,-0.4153,15820.0
2478.15,18.41,-0.3372,-0.3778,15820.0
2478.2,18.57,-0.4236,-0.3402,15810.0
2478.25,18.45,-0.4966,-0.06243,15810.0
2478.3,18.33,-0.5697,0.2153,15810.0
2478.35,18.26,-0.4353,0.2612,15810.0
2478.4,18.18,-0.301,0.307,15790.0
2478.45,18.41,-0.3913,0.3352,15770.0
2478.5,18.63,-0.4817,0.3634,15760.0
2478.55,18.63,-0.3859,0.3503,15780.0
2478.6,18.63,-0.2902,0.3373,15800.0
2478.65,18.46,-0.2199,0.2406,15830.0
2478.7,18.29,-0.1497,0.1439,15850.0
2478.75,18.16,-0.3611,0.1763,15870.0
2478.8,18.02,-0.5724,0.2088,15900.0
2478.85,17.98,-0.6716,0.0806,15900.0
2478.9,17.93,-0.7707,-0.04756,15880.0
2478.95,17.89,-0.8107,0.03439,15860.0
2479.0,17.85,-0.8507,0.1163,15860.0
2479.05,17.8,-0.7924,0.1296,15850.0
2479.1,17.75,-0.7341,0.1429,15850.0
2479.15,17.77,-0.6742,0.2164,15860.0
2479.2,17.8,-0.6142,0.29,15890.0
2479.25,17.89,-0.4484,0.08011,15950.0
2479.3,17.97,-0.2826,-0.1297,16010.0
2479.35,18.05,-0.3015,0.07828,16030.0
2479.4,18.13,-0.3205,0.2863,16040.0
2479.45,18.05,-0.2795,0.2757,16020.0
2479.5,17.98,-0.2385,0.2651,15990.0
2479.55,17.69,-0.4142,0.2607,15960.0
2479.6,17.4,-0.59,0.2563,15930.0
2479.65,17.45,-0.8829,0.2535,15920.0
2479.7,17.49,-1.176,0.2507,15940.0
2479.75,17.46,-1.092,-0.05853,15990.0
2479.8,17.43,-1.008,-0.3678,16040.0
2479.85,17.49,-0.8971,-0.3298,16070.0
2479.9,17.54,-0.7858,-0.2919,16090.0
2479.95,17.43,-0.8141,-0.2197,16100.0
2480.0,17.32,-0.8423,-0.1475,16080.0
2480.05,17.13,-0.7705,-0.04609,16040.0
2480.1,16.94,-0.6986,0.05536,16000.0
2480.15,17.08,-0.5677,0.09645,15980.0
2480.2,17.21,-0.4367,0.1375,15980.0
2480.25,17.02,-0.1606,-0.05036,15980.0
2480.3,16.82,0.1154,-0.2383,15990.0
2480.35,16.78,0.09295,-0.1385,16010.0
2480.4,16.74,0.07046,-0.03878,16050.0
2480.45,16.81,0.1572,-0.05585,16070.0
2480.5,16.88,0.244,-0.07292,16070.0
2480.55,16.86,0.4246,-0.1329,16040.0
2480.6,16.83,0.6051,-0.1929,16010.0
2480.65,16.9,0.4747,-0.1746,16000.0
2480.7,16.96,0.3443,-0.1563,15980.0
2480.75,16.91,0.3149,-0.2217,15960.0
2480.8,16.87,0.2854,-0.287,15970.0
2480.85,16.95,0.3666,-0.3664,16000.0
2480.9,17.04,0.4478,-0.4458,16050.0
2480.95,17.02,0.295,-0.3741,16070.0
2481.0,17.0,0.1421,-0.3024,16060.0
2481.05,16.99,0.02687,-0.1699,16040.0
2481.1,16.98,-0.08837,-0.03731,16020.0
2481.15,16.88,0.04299,-0.1732,15980.0
2481.2,16.77,0.1744,-0.309,15950.0
2481.25,16.7,0.04478,-0.2213,15930.0
2481.3,16.63,-0.08479,-0.1336,15950.0
2481.35,16.84,-0.2048,-0.04817,16000.0
2481.4,17.05,-0.3248,0.03731,16060.0
2481.45,17.06,-0.537,0.1197,16110.0
2481.5,17.08,-0.7492,0.2022,16140.0
2481.55,17.11,-0.9357,0.2903,16160.0
2481.6,17.14,-1.122,0.3785,16150.0
2481.65,17.01,-0.9759,0.1471,16120.0
2481.7,16.88,-0.8296,-0.08438,16080.0
2481.75,16.89,-0.6636,0.1881,16040.0
2481.8,16.9,-0.4976,0.4607,16010.0
2481.85,16.82,-0.3557,0.3209,16010.0
2481.9,16.74,-0.2138,0.1812,16040.0
2481.95,16.94,0.05752,0.004756,16080.0
2482.0,17.13,0.3288,-0.1717,16120.0
2482.05,17.14,0.3364,-0.1546,16180.0
2482.1,17.14,0.3439,-0.1375,16230.0
2482.15,17.28,0.06588,-0.04329,16250.0
2482.2,17.43,-0.2122,0.05097,16250.0
2482.25,17.48,-0.08619,0.03353,16200.0
2482.3,17.53,0.03981,0.0161,16140.0
2482.35,17.36,0.1248,-0.1151,16090.0
2482.4,17.2,0.2098,-0.2463,16050.0
2482.45,17.09,0.04717,-0.08914,16030.0
2482.5,16.98,-0.1154,0.06804,16040.0
2482.55,16.73,0.06429,0.2711,16090.0
2482.6,16.47,0.244,0.4741,16160.0
2482.65,16.67,0.1564,0.339,16200.0
2482.7,16.87,0.06887,0.2039,16190.0
2482.75,16.86,-0.0418,0.219,16160.0
2482.8,16.84,-0.1525,0.2341,16110.0
2482.85,17.0,-0.198,0.08645,16060.0
2482.9,17.15,-0.2436,-0.06121,16010.0
2482.95,17.09,-0.2982,-0.1489,15990.0
2483.0,17.03,-0.3527,-0.2366,16000.0
2483.05,17.03,-0.3533,-0.2285,16040.0
2483.1,17.02,-0.3539,-0.2205,16070.0
2483.15,16.9,-0.2617,-0.2535,16080.0
2483.2,16.78,-0.1696,-0.2866,16080.0
2483.25,16.6,-0.3937,-0.3057,16060.0
2483.3,16.42,-0.6178,-0.3248,16020.0
2483.35,16.62,-0.5892,-0.06255,15970.0
2483.4,16.82,-0.5605,0.1997,15930.0
2483.45,16.77,-0.326,0.2234,15920.0
2483.5,16.71,-0.09156,0.247,15930.0
2483.55,16.5,-0.1206,0.1934,15940.0
2483.6,16.29,-0.1497,0.1397,15950.0
2483.65,16.27,-0.1881,0.07304,15960.0
2483.7,16.25,-0.2265,0.006341,15990.0
2483.75,16.19,-0.3187,-0.05268,16000.0
2483.8,16.13,-0.4108,-0.1117,15990.0
2483.85,16.23,-0.2904,-0.1535,15960.0
2483.9,16.33,-0.17,-0.1953,15940.0
2483.95,16.42,-0.3394,-0.1319,15920.0
2484.0,16.52,-0.5088,-0.06853,15890.0
2484.05,16.45,-0.5844,0.0506,15860.0
2484.1,16.38,-0.66,0.1697,15860.0
2484.15,16.36,-0.6381,0.4107,15870.0
2484.2,16.34,-0.6162,0.6516,15890.0
2484.25,16.47,-0.5818,0.7389,15900.0
2484.3,16.59,-0.5474,0.8263,15900.0
2484.35,16.61,-0.6125,0.5243,15910.0
2484.4,16.63,-0.6775,0.2224,15890.0
2484.45,16.52,-0.6051,0.03414,15860.0
2484.5,16.4,-0.5326,-0.1541,15830.0
2484.55,16.43,-0.4618,-0.04365,15820.0
2484.6,16.46,-0.3909,0.06682,15820.0
2484.65,16.4,-0.2596,0.09999,15840.0
2484.7,16.33,-0.1282,0.1332,15840.0
2484.75,16.44,-0.2098,0.1792,15830.0
2484.8,16.55,-0.2914,0.2253,15800.0
2484.85,16.55,-0.2,0.2533,15780.0
2484.9,16.55,-0.1087,0.2812,15740.0
2484.95,16.6,-0.1433,0.2672,15710.0
2485.0,16.66,-0.1779,0.2531,15700.0
2485.05,16.72,-0.3063,0.2736,15710.0
2485.1,16.78,-0.4347,0.2941,15720.0
2485.15,16.83,-0.6851,0.2291,15730.0
2485.2,16.87,-0.9355,0.1641,15730.0
2485.25,16.62,-0.9331,0.2318,15730.0
2485.3,16.37,-0.9307,0.2995,15710.0
2485.35,16.4,-0.8445,0.2547,15700.0
2485.4,16.42,-0.7583,0.21,15680.0
2485.45,16.36,-0.8923,0.2184,15650.0
2485.5,16.29,-1.026,0.2268,15630.0
2485.55,16.16,-0.9544,0.2745,15610.0
2485.6,16.03,-0.8826,0.3222,15600.0
2485.65,16.07,-0.8808,0.1361,15590.0
2485.7,16.11,-0.879,-0.04999,15580.0
2485.75,16.1,-1.121,-0.004268,15580.0
2485.8,16.09,-1.363,0.04146,15580.0
2485.85,16.03,-1.447,-0.03024,15590.0
2485.9,15.97,-1.531,-0.1019,15590.0
2485.95,16.12,-1.423,-0.2619,15590.0
2486.0,16.28,-1.316,-0.4219,15580.0
2486.05,16.34,-1.268,-0.4124,15570.0
2486.1,16.41,-1.22,-0.4029,15560.0
2486.15,16.32,-1.277,-0.308,15540.0
2486.2,16.23,-1.334,-0.2131,15530.0
2486.25,16.14,-1.426,-0.221,15510.0
2486.3,16.04,-1.518,-0.2288,15500.0
2486.35,16.21,-1.293,-0.3729,15490.0
2486.4,16.38,-1.068,-0.517,15500.0
2486.45,16.37,-0.871,-0.4474,15510.0
2486.5,16.37,-0.6744,-0.3778,15520.0
2486.55,16.41,-0.6407,-0.3441,15530.0
2486.6,16.46,-0.6071,-0.3105,15530.0
2486.65,16.47,-0.6083,-0.3024,15530.0
2486.7,16.48,-0.6095,-0.2944,15500.0
2486.75,16.28,-0.5756,-0.3098,15470.0
2486.8,16.08,-0.5418,-0.3253,15430.0
2486.85,16.19,-0.4315,-0.4496,15400.0
2486.9,16.3,-0.3213,-0.5738,15390.0
2486.95,16.34,-0.3308,-0.4895,15390.0
2487.0,16.38,-0.3404,-0.4051,15410.0
2487.05,16.29,-0.243,-0.4862,15440.0
2487.1,16.21,-0.1457,-0.5673,15480.0
2487.15,16.19,-0.167,-0.4498,15490.0
2487.2,16.18,-0.1883,-0.3324,15480.0
2487.25,16.3,-0.3177,-0.2544,15450.0
2487.3,16.43,-0.447,-0.1763,15400.0
2487.35,16.39,-0.3806,-0.1482,15340.0
2487.4,16.36,-0.3141,-0.12,15290.0
2487.45,16.63,-0.3041,-0.1658,15270.0
2487.5,16.91,-0.2942,-0.2117,15270.0
2487.55,16.91,-0.1053,-0.2479,15300.0
2487.6,16.91,0.0836,-0.2841,15350.0
2487.65,16.97,0.3025,-0.3768,15380.0
2487.7,17.02,0.5215,-0.4695,15390.0
2487.75,17.06,0.5641,-0.3919,15370.0
2487.8,17.09,0.6067,-0.3144,15340.0
2487.85,17.19,0.3591,-0.4309,15290.0
2487.9,17.29,0.1115,-0.5475,15260.0
2487.95,17.3,0.01433,-0.5391,15230.0
2488.0,17.31,-0.0828,-0.5307,15220.0
2488.05,17.28,-0.0828,-0.3195,15210.0
2488.1,17.26,-0.0828,-0.1083,15220.0
2488.15,17.26,-0.1168,-0.274,15230.0
2488.2,17.26,-0.1509,-0.4397,15260.0
2488.25,17.31,-0.09932,-0.4757,15270.0
2488.3,17.36,-0.04777,-0.5117,15260.0
2488.35,17.18,-0.2189,-0.4414,15240.0
2488.4,17.0,-0.3901,-0.3712,15220.0
2488.45,16.79,-0.4218,-0.2419,15190.0
2488.5,16.58,-0.4534,-0.1127,15170.0
2488.55,16.69,-0.4176,-0.1953,15140.0
2488.6,16.8,-0.3818,-0.278,15120.0
2488.65,16.75,-0.4988,-0.3575,15130.0
2488.7,16.7,-0.6158,-0.437,15160.0
2488.75,16.75,-0.5173,-0.4271,15190.0
2488.8,16.81,-0.4188,-0.4173,15210.0
2488.85,16.84,-0.4391,-0.2813,15220.0
2488.9,16.87,-0.4594,-0.1453,15220.0
2488.95,16.83,-0.6274,-0.0506,15180.0
2489.0,16.78,-0.7954,0.04414,15120.0
2489.05,16.77,-0.7767,0.1792,15060.0
2489.1,16.76,-0.758,0.3144,15020.0
2489.15,16.89,-0.6234,0.2873,15020.0
2489.2,17.01,-0.4888,0.2602,15050.0
2489.25,16.98,-0.4562,0.1411,15070.0
2489.3,16.94,-0.4236,0.02195,15100.0
2489.35,16.82,-0.4455,-0.07548,15120.0
2489.4,16.7,-0.4673,-0.1729,15120.0
2489.45,16.68,-0.4749,-0.106,15100.0
2489.5,16.67,-0.4825,-0.03902,15050.0
2489.55,16.58,-0.3621,-0.05634,15020.0
2489.6,16.5,-0.2416,-0.07365,15010.0
2489.65,16.33,-0.008559,-0.06231,15000.0
2489.7,16.17,0.2245,-0.05097,15000.0
2489.75,16.18,0.1664,0.1719,15000.0
2489.8,16.19,0.1083,0.3948,15000.0
2489.85,16.48,-0.1091,0.3713,14990.0
2489.9,16.78,-0.3264,0.3478,14970.0
2489.95,16.72,-0.5623,0.1999,14940.0
2490.0,16.66,-0.7982,0.05195,14940.0
2490.05,16.59,-0.6883,0.1974,14940.0
2490.1,16.53,-0.5784,0.3429,14940.0
2490.15,16.46,-0.7203,0.4471,14930.0
2490.2,16.39,-0.8622,0.5514,14920.0
2490.25,16.43,-0.9074,0.4432,14920.0
2490.3,16.46,-0.9526,0.3351,14910.0
2490.35,16.36,-0.9986,0.4131,14910.0
2490.4,16.25,-1.045,0.4912,14900.0
2490.45,16.26,-0.9214,0.5954,14890.0
2490.5,16.26,-0.7982,0.6997,14880.0
2490.55,16.12,-0.7144,0.5015,14870.0
2490.6,15.99,-0.6306,0.3034,14840.0
2490.65,16.01,-0.668,0.2946,14820.0
2490.7,16.03,-0.7054,0.2858,14790.0
2490.75,15.97,-0.6361,0.4209,14780.0
2490.8,15.91,-0.5669,0.556,14780.0
2490.85,15.85,-0.6383,0.5134,14790.0
2490.9,15.79,-0.7098,0.4707,14800.0
2490.95,15.8,-0.547,0.3873,14810.0
2491.0,15.81,-0.3842,0.3039,14820.0
2491.05,15.83,-0.3008,0.3213,14820.0
2491.1,15.86,-0.2174,0.3387,14810.0
2491.15,16.03,-0.6071,0.3014,14790.0
2491.2,16.21,-0.9968,0.2641,14770.0
2491.25,16.22,-1.004,0.1805,14750.0
2491.3,16.22,-1.01,0.09682,14730.0
2491.35,16.01,-0.9723,0.05268,14710.0
2491.4,15.79,-0.9343,0.008536,14690.0
2491.45,15.97,-0.6542,0.03244,14700.0
2491.5,16.15,-0.3742,0.05634,14710.0
2491.55,16.13,-0.1393,0.04134,14730.0
2491.6,16.11,0.09554,0.02634,14730.0
2491.65,16.15,-0.01453,-0.1463,14740.0
2491.7,16.19,-0.1246,-0.319,14750.0
2491.75,16.39,-0.2558,-0.2044,14740.0
2491.8,16.59,-0.3869,-0.08975,14720.0
2491.85,16.72,-0.4809,0.15,14680.0
2491.9,16.84,-0.5748,0.3897,14640.0
2491.95,16.95,-0.6039,0.4371,14620.0
2492.0,17.07,-0.633,0.4846,14610.0
2492.05,17.16,-0.6624,0.476,14590.0
2492.1,17.25,-0.6919,0.4675,14590.0
2492.15,17.14,-0.6292,0.4782,14600.0
2492.2,17.04,-0.5665,0.489,14630.0
2492.25,17.03,-0.5826,0.4699,14660.0
2492.3,17.01,-0.5987,0.4509,14670.0
2492.35,16.89,-0.5782,0.2688,14680.0
2492.4,16.76,-0.5577,0.08658,14670.0
2492.45,16.85,-0.4074,0.03914,14660.0
2492.5,16.94,-0.2572,-0.008292,14610.0
2492.55,16.87,-0.2299,-0.08377,14540.0
2492.6,16.79,-0.2026,-0.1593,14490.0
2492.65,16.53,-0.1578,-0.2751,14470.0
2492.7,16.27,-0.1131,-0.3909,14480.0
2492.75,16.38,0.0003981,-0.493,14510.0
2492.8,16.49,0.1139,-0.5951,14550.0
2492.85,16.52,0.2406,-0.674,14590.0
2492.9,16.55,0.3674,-0.7528,14620.0
2492.95,16.5,0.365,-0.7215,14610.0
2493.0,16.45,0.3627,-0.6902,14570.0
2493.05,16.39,0.08539,-0.5514,14520.0
2493.1,16.33,-0.1919,-0.4126,14480.0
2493.15,16.07,-0.1584,-0.3936,14440.0
2493.2,15.81,-0.125,-0.3746,14410.0
2493.25,15.75,-0.2703,-0.5823,14390.0
2493.3,15.68,-0.4156,-0.7899,14390.0
2493.35,15.67,-0.5257,-0.7075,14410.0
2493.4,15.67,-0.6357,-0.6251,14430.0
2493.45,15.84,-0.7004,-0.6255,14430.0
2493.5,16.01,-0.7651,-0.626,14430.0
2493.55,16.15,-0.9158,-0.4819,14430.0
2493.6,16.3,-1.066,-0.3378,14420.0
2493.65,16.29,-1.07,-0.3078,14410.0
2493.7,16.28,-1.074,-0.2778,14390.0
2493.75,16.25,-1.204,-0.1372,14370.0
2493.8,16.21,-1.333,0.003414,14360.0
2493.85,16.25,-1.319,0.1132,14360.0
2493.9,16.29,-1.305,0.2229,14350.0
2493.95,16.27,-1.402,0.3357,14340.0
2494.0,16.24,-1.498,0.4485,14330.0
2494.05,16.29,-1.289,0.4268,14330.0
2494.1,16.34,-1.079,0.4051,14330.0
2494.15,16.45,-1.222,0.3546,14330.0
2494.2,16.55,-1.365,0.3041,14340.0
2494.25,16.74,-1.34,0.03561,14350.0
2494.3,16.94,-1.314,-0.2329,14360.0
2494.35,16.89,-1.321,-0.2233,14360.0
2494.4,16.85,-1.328,-0.2136,14350.0
2494.45,16.91,-1.202,-0.03609,14330.0
2494.5,16.97,-1.077,0.1414,14310.0
2494.55,17.01,-1.016,0.1343,14280.0
2494.6,17.04,-0.9554,0.1271,14260.0
2494.65,16.9,-1.073,0.005853,14250.0
2494.7,16.76,-1.191,-0.1154,14250.0
2494.75,16.62,-1.102,-0.2686,14250.0
2494.8,16.48,-1.014,-0.4219,14260.0
2494.85,16.7,-1.171,-0.3364,14260.0
2494.9,16.93,-1.329,-0.2509,14260.0
2494.95,16.89,-1.291,-0.1065,14270.0
2495.0,16.85,-1.252,0.03804,14260.0
2495.05,16.97,-1.301,0.0817,14260.0
2495.1,17.09,-1.35,0.1254,14240.0
2495.15,17.09,-1.237,0.07426,14230.0
2495.2,17.1,-1.124,0.02317,14210.0
2495.25,17.09,-0.9972,0.09097,14170.0
2495.3,17.09,-0.8702,0.1588,14140.0
2495.35,17.15,-0.7191,-0.07865,14130.0
2495.4,17.21,-0.5681,-0.3161,14150.0
2495.45,17.09,-0.4817,-0.2135,14180.0
2495.5,16.97,-0.3953,-0.111,14210.0
2495.55,17.13,-0.04817,-0.05158,14230.0
2495.6,17.3,0.299,0.007804,14240.0
2495.65,17.45,0.3668,-0.009023,14230.0
2495.7,17.61,0.4347,-0.02585,14200.0
2495.75,17.67,0.5738,-0.07036,14150.0
2495.8,17.73,0.713,-0.1149,14100.0
2495.85,17.79,0.42,0.025,14090.0
2495.9,17.85,0.127,0.1649,14100.0
2495.95,18.0,-0.02966,0.05731,14130.0
2496.0,18.14,-0.1863,-0.05024,14170.0
2496.05,18.2,-0.0824,-0.007682,14200.0
2496.1,18.25,0.0215,0.03487,14220.0
2496.15,18.43,-0.1503,-0.007804,14220.0
2496.2,18.61,-0.322,-0.05048,14190.0
2496.25,18.41,-0.4009,-0.03731,14160.0
2496.3,18.21,-0.4797,-0.02414,14130.0
2496.35,18.07,-0.6399,-0.1067,14130.0
2496.4,17.93,-0.8001,-0.1892,14140.0
2496.45,18.07,-0.8477,-0.09475,14170.0
2496.5,18.21,-0.8953,-0.0002439,14190.0
2496.55,18.3,-0.7633,0.1664,14210.0
2496.6,18.39,-0.6314,0.3331,14240.0
2496.65,18.24,-0.8547,0.2896,14250.0
2496.7,18.09,-1.078,0.2461,14240.0
2496.75,18.08,-0.9226,0.1952,14240.0
2496.8,18.06,-0.7671,0.1444,14240.0
2496.85,17.95,-0.8511,0.1824,14240.0
2496.9,17.83,-0.9351,0.2205,14230.0
2496.95,17.97,-0.8605,0.3813,14230.0
2497.0,18.11,-0.7858,0.5421,14250.0
2497.05,18.14,-0.7462,0.5743,14270.0
2497.1,18.17,-0.7066,0.6065,14300.0
2497.15,18.13,-0.8049,0.4809,14310.0
2497.2,18.08,-0.9033,0.3553,14310.0
2497.25,18.02,-0.8935,0.3539,14310.0
2497.3,17.96,-0.8837,0.3524,14310.0
2497.35,17.76,-0.9825,0.389,14290.0
2497.4,17.56,-1.081,0.4256,14270.0
2497.45,17.63,-0.9908,0.2541,14280.0
2497.5,17.7,-0.9005,0.08267,14300.0
2497.55,17.75,-0.8579,0.1377,14330.0
2497.6,17.8,-0.8153,0.1927,14350.0
2497.65,17.78,-0.9044,0.1377,14370.0
2497.7,17.75,-0.9936,0.08267,14370.0
2497.75,17.84,-0.7126,0.09182,14360.0
2497.8,17.93,-0.4315,0.101,14340.0
2497.85,17.97,-0.3834,0.1505,14330.0
2497.9,18.0,-0.3352,0.2,14320.0
2497.95,17.98,-0.5038,0.1557,14330.0
2498.0,17.96,-0.6724,0.1115,14350.0
2498.05,18.09,-0.5939,0.2625,14360.0
2498.1,18.22,-0.5155,0.4136,14380.0
2498.15,18.24,-0.3638,0.4024,14400.0
2498.2,18.26,-0.2122,0.3912,14400.0
2498.25,18.27,-0.1905,0.4484,14410.0
2498.3,18.28,-0.1688,0.5056,14390.0
2498.35,18.31,-0.2544,0.6698,14360.0
2498.4,18.34,-0.34,0.8341,14340.0
2498.45,18.24,-0.2416,0.8682,14330.0
2498.5,18.14,-0.1433,0.9023,14330.0
2498.55,18.13,0.1316,0.7765,14340.0
2498.6,18.13,0.4064,0.6507,14340.0
2498.65,18.26,0.4825,0.6274,14360.0
2498.7,18.4,0.5585,0.6041,14370.0
2498.75,18.39,0.4166,0.5142,14380.0
2498.8,18.39,0.2747,0.4243,14380.0
2498.85,18.55,0.2864,0.4358,14370.0
2498.9,18.71,0.2982,0.4473,14360.0
2498.95,18.68,0.2635,0.3722,14350.0
2499.0,18.65,0.2289,0.297,14330.0
2499.05,18.69,-0.04001,0.2218,14320.0
2499.1,18.73,-0.3089,0.1466,14310.0
2499.15,18.76,-0.3246,0.2567,14320.0
2499.2,18.78,-0.3404,0.3668,14340.0
2499.25,18.9,-0.4807,0.3572,14370.0
2499.3,19.02,-0.621,0.3475,14380.0
2499.35,18.84,-0.8421,0.4312,14380.0
2499.4,18.67,-1.063,0.5148,14380.0
2499.45,18.76,-1.028,0.6676,14370.0
2499.5,18.85,-0.992,0.8204,14340.0
2499.55,19.03,-1.048,0.7002,14330.0
2499.6,19.2,-1.103,0.5799,14340.0
2499.65,19.21,-0.955,0.7432,14360.0
2499.7,19.22,-0.8065,0.9065,14380.0
2499.75,19.03,-0.5633,0.693,14390.0
2499.8,18.83,-0.3201,0.4795,14380.0
2499.85,18.56,-0.4548,0.45,14370.0
2499.9,18.29,-0.5896,0.4204,14340.0
2499.95,18.52,-0.6053,0.3759,14300.0
2500.0,18.74,-0.621,0.3314,14270.0
2500.05,18.67,-0.7938,0.2442,14260.0
2500.1,18.59,-0.9665,0.1571,14270.0
2500.15,18.53,-0.8776,0.385,14310.0
2500.2,18.47,-0.7886,0.6129,14340.0
2500.25,18.48,-0.7414,0.5162,14360.0
2500.3,18.48,-0.6943,0.4195,14380.0
2500.35,18.42,-0.8861,0.2469,14380.0
2500.4,18.36,-1.078,0.07438,14350.0
2500.45,18.31,-1.133,0.08182,14310.0
2500.5,18.26,-1.188,0.08926,14260.0
2500.55,18.07,-1.261,0.2481,14240.0
2500.6,17.87,-1.334,0.407,14220.0
2500.65,17.85,-1.256,0.2128,14220.0
2500.7,17.83,-1.177,0.01853,14240.0
2500.75,17.7,-1.218,0.06316,14270.0
2500.8,17.58,-1.258,0.1078,14300.0
2500.85,17.34,-1.427,0.2225,14320.0
2500.9,17.1,-1.596,0.3373,14340.0
2500.95,17.11,-1.493,0.3604,14350.0
2501.0,17.12,-1.391,0.3836,14340.0
2501.05,17.01,-0.9755,0.3418,14330.0
2501.1,16.9,-0.5605,0.3,14310.0
2501.15,16.91,-0.506,0.2057,14280.0
2501.2,16.91,-0.4514,0.1115,14240.0
2501.25,16.92,-0.6413,0.08743,14220.0
2501.3,16.93,-0.8312,0.06341,14220.0
2501.35,16.96,-0.6638,0.1968,14220.0
2501.4,17.0,-0.4964,0.3302,14240.0
2501.45,17.19,-0.5458,0.2648,14280.0
2501.5,17.38,-0.5951,0.1995,14310.0
2501.55,17.36,-0.7621,-0.0478,14340.0
2501.6,17.35,-0.9291,-0.2951,14340.0
2501.65,17.32,-0.9287,-0.2497,14330.0
2501.7,17.29,-0.9283,-0.2044,14320.0
2501.75,17.03,-0.9793,-0.1772,14310.0
2501.8,16.77,-1.03,-0.15,14290.0
2501.85,16.87,-1.13,-0.225,14270.0
2501.9,16.97,-1.23,-0.3,14270.0
2501.95,16.98,-1.304,-0.1067,14280.0
2502.0,16.99,-1.377,0.08658,14300.0
2502.05,16.89,-1.36,0.02548,14320.0
2502.1,16.79,-1.344,-0.03561,14340.0
2502.15,16.77,-1.461,-0.1925,14360.0
2502.2,16.75,-1.579,-0.3495,14360.0
2502.25,16.76,-1.609,-0.2385,14350.0
2502.3,16.76,-1.639,-0.1275,14340.0
2502.35,16.78,-1.724,-0.08548,14340.0
2502.4,16.8,-1.809,-0.04341,14340.0
2502.45,16.92,-1.68,-0.05999,14340.0
2502.5,17.05,-1.55,-0.07658,14340.0
2502.55,16.88,-1.398,-0.1152,14330.0
2502.6,16.72,-1.245,-0.1539,14330.0
2502.65,16.67,-1.359,-0.1141,14320.0
2502.7,16.62,-1.473,-0.07438,14320.0
2502.75,16.63,-1.386,-0.0128,14310.0
2502.8,16.65,-1.298,0.04878,14300.0
2502.85,16.58,-1.108,0.267,14300.0
2502.9,16.52,-0.9192,0.4853,14300.0
2502.95,16.66,-0.8597,0.5273,14300.0
2503.0,16.8,-0.8001,0.5692,14290.0
2503.05,16.68,-0.7804,0.5551,14280.0
2503.1,16.57,-0.7607,0.5409,14260.0
2503.15,16.41,-0.7711,0.5342,14250.0
2503.2,16.26,-0.7814,0.5275,14250.0
2503.25,16.22,-0.5197,0.3512,14260.0
2503.3,16.19,-0.258,0.1749,14280.0
2503.35,16.12,-0.2864,0.2419,14300.0
2503.4,16.06,-0.3149,0.309,14310.0
2503.45,16.02,-0.2691,0.4196,14290.0
2503.5,15.97,-0.2233,0.5302,14260.0
2503.55,15.95,0.00836,0.3064,14220.0
2503.6,15.94,0.24,0.08267,14180.0
2503.65,15.89,0.1483,0.06975,14160.0
2503.7,15.85,0.05653,0.05682,14160.0
2503.75,15.95,0.004777,0.007682,14200.0
2503.8,16.06,-0.04697,-0.04146,14250.0
2503.85,16.17,-0.1441,-0.04378,14290.0
2503.9,16.29,-0.2412,-0.04609,14310.0
2503.95,16.45,-0.1849,-0.03122,14310.0
2504.0,16.61,-0.1286,-0.01634,14300.0
2504.05,16.74,-0.1397,0.01975,14270.0
2504.1,16.87,-0.1509,0.05585,14210.0
2504.15,16.84,-0.1525,0.1545,14150.0
2504.2,16.81,-0.1541,0.2531,14120.0
2504.25,16.96,-0.1435,0.2235,14130.0
2504.3,17.11,-0.133,0.1939,14170.0
2504.35,16.98,-0.1288,0.1692,14210.0
2504.4,16.85,-0.1246,0.1446,14260.0
2504.45,16.77,0.03404,-0.04975,14300.0
2504.5,16.68,0.1927,-0.2441,14340.0
2504.55,16.68,0.09793,-0.1914,14350.0
2504.6,16.68,0.003185,-0.1388,14320.0
2504.65,16.53,-0.1835,0.008901,14280.0
2504.7,16.38,-0.3702,0.1566,14240.0
2504.75,16.28,-0.4106,0.2855,14210.0
2504.8,16.17,-0.451,0.4143,14190.0
2504.85,16.39,-0.2759,0.4546,14190.0
2504.9,16.61,-0.1007,0.4948,14230.0
2504.95,16.64,-0.1135,0.4851,14290.0
2505.0,16.67,-0.1262,0.4753,14350.0
2505.05,16.67,-0.2014,0.3936,14390.0
2505.1,16.66,-0.2767,0.3119,14400.0
2505.15,16.81,-0.2122,0.2702,14390.0
2505.2,16.95,-0.1477,0.2285,14360.0
2505.25,16.92,-0.1051,0.1625,14310.0
2505.3,16.89,-0.0625,0.09657,14270.0
2505.35,16.82,-0.1674,0.03695,14250.0
2505.4,16.74,-0.2723,-0.02268,14270.0
2505.45,16.74,-0.4453,-0.0845,14300.0
2505.5,16.75,-0.6182,-0.1463,14330.0
2505.55,16.81,-0.7158,-0.2212,14340.0
2505.6,16.88,-0.8133,-0.2961,14350.0
2505.65,16.73,-0.6742,-0.392,14350.0
2505.7,16.57,-0.535,-0.488,14330.0
2505.75,16.49,-0.496,-0.2709,14290.0
2505.8,16.4,-0.457,-0.0539,14260.0
2505.85,16.4,-0.4248,0.009145,14250.0
2505.9,16.41,-0.3925,0.07219,14270.0
2505.95,16.17,-0.2416,-0.009145,14290.0
2506.0,15.93,-0.09076,-0.09048,14300.0
2506.05,16.06,-0.3167,-0.006829,14320.0
2506.1,16.19,-0.5426,0.07682,14340.0
2506.15,16.34,-0.6835,0.03256,14340.0
2506.2,16.48,-0.8244,-0.01171,14320.0
2506.25,16.43,-0.9673,-0.02634,14280.0
2506.3,16.38,-1.11,-0.04097,14240.0
2506.35,16.51,-1.08,-0.05085,14210.0
2506.4,16.63,-1.05,-0.06072,14200.0
2506.45,16.72,-0.7337,-0.2867,14190.0
2506.5,16.81,-0.4172,-0.5126,14200.0
2506.55,16.77,-0.4837,-0.4693,14240.0
2506.6,16.72,-0.5502,-0.4261,14290.0
2506.65,16.55,-0.37,-0.1868,14320.0
2506.7,16.37,-0.1899,0.05243,14330.0
2506.75,16.59,-0.1409,0.1723,14320.0
2506.8,16.8,-0.09196,0.2922,14300.0
2506.85,16.78,-0.0005971,0.3834,14260.0
2506.9,16.76,0.09076,0.4746,14210.0
2506.95,16.6,0.04478,0.3311,14170.0
2507.0,16.43,-0.001194,0.1875,14160.0
2507.05,16.48,-0.09932,0.1546,14190.0
2507.1,16.52,-0.1974,0.1217,14240.0
2507.15,16.65,-0.03424,-0.02451,14280.0
2507.2,16.78,0.129,-0.1707,14310.0
2507.25,16.74,0.3408,-0.04268,14330.0
2507.3,16.7,0.5525,0.08536,14340.0
2507.35,16.72,0.4427,0.148,14340.0
2507.4,16.73,0.3328,0.2107,14320.0
2507.45,16.76,0.2032,0.2563,14300.0
2507.5,16.78,0.07365,0.3019,14280.0
2507.55,16.64,0.0005971,0.5519,14270.0
2507.6,16.49,-0.07245,0.8019,14260.0
2507.65,16.59,0.09892,0.7528,14260.0
2507.7,16.68,0.2703,0.7038,14280.0
2507.75,16.78,0.2317,0.6775,14310.0
2507.8,16.88,0.1931,0.6511,14350.0
2507.85,16.82,0.2285,0.588,14360.0
2507.9,16.77,0.2639,0.5248,14360.0
2507.95,16.7,0.3439,0.5888,14350.0
2508.0,16.62,0.424,0.6529,14340.0
2508.05,16.61,0.5701,0.6071,14320.0
2508.1,16.61,0.7162,0.5614,14310.0
2508.15,16.49,0.6879,0.5284,14300.0
2508.2,16.38,0.6596,0.4953,14310.0
2508.25,16.26,0.4831,0.6191,14340.0
2508.3,16.14,0.3065,0.7428,14350.0
2508.35,16.28,0.2671,0.6841,14360.0
2508.4,16.41,0.2277,0.6253,14350.0
2508.45,16.18,0.3591,0.6658,14330.0
2508.5,15.94,0.4904,0.7063,14310.0
2508.55,16.11,0.5637,0.6769,14290.0
2508.6,16.28,0.6369,0.6475,14260.0
2508.65,16.33,0.7765,0.7531,14250.0
2508.7,16.37,0.916,0.8587,14260.0
2508.75,16.38,0.8362,0.8747,14280.0
2508.8,16.39,0.7564,0.8906,14310.0
2508.85,16.41,0.7619,0.785,14330.0
2508.9,16.43,0.7675,0.6794,14340.0
2508.95,16.46,0.6497,0.5765,14330.0
2509.0,16.49,0.5318,0.4736,14300.0
2509.05,16.49,0.7729,0.298,14250.0
2509.1,16.49,1.014,0.1224,14200.0
2509.15,16.65,1.139,0.1452,14150.0
2509.2,16.81,1.263,0.168,14120.0
2509.25,16.73,1.08,0.1757,14110.0
2509.3,16.65,0.8961,0.1834,14120.0
2509.35,16.4,0.8009,0.2798,14160.0
2509.4,16.15,0.7058,0.3763,14210.0
2509.45,16.01,0.7675,0.1961,14250.0
2509.5,15.86,0.8292,0.01585,14260.0
2509.55,15.9,0.8553,-0.129,14240.0
2509.6,15.93,0.8814,-0.2739,14200.0
2509.65,15.91,0.7894,-0.2656,14160.0
2509.7,15.89,0.6974,-0.2573,14120.0
2509.75,16.07,0.707,-0.2252,14090.0
2509.8,16.24,0.7165,-0.1931,14070.0
2509.85,16.29,0.7341,-0.3229,14070.0
2509.9,16.34,0.7516,-0.4526,14080.0
2509.95,16.16,0.9257,-0.4336,14120.0
2510.0,15.98,1.1,-0.4146,14160.0
2510.05,15.99,1.074,-0.211,14190.0
2510.1,15.99,1.048,-0.007316,14220.0
2510.15,15.89,0.9964,0.007682,14230.0
2510.2,15.78,0.945,0.02268,14220.0
2510.25,15.92,0.9823,0.1019,14190.0
2510.3,16.05,1.019,0.1812,14160.0
2510.35,15.94,1.155,0.2795,14140.0
2510.4,15.82,1.29,0.3778,14120.0
2510.45,15.75,1.112,0.1384,14120.0
2510.5,15.68,0.9335,-0.101,14130.0
2510.55,15.81,0.9411,0.03756,14130.0
2510.6,15.93,0.9486,0.1761,14140.0
2510.65,15.72,0.868,0.2775,14160.0
2510.7,15.51,0.7874,0.379,14180.0
2510.75,15.37,0.8117,0.4949,14190.0
2510.8,15.23,0.836,0.6109,14180.0
2510.85,15.24,0.7593,0.7302,14170.0
2510.9,15.26,0.6827,0.8494,14160.0
2510.95,15.29,0.5886,0.806,14160.0
2511.0,15.33,0.4944,0.7626,14140.0
2511.05,15.31,0.4047,0.5982,14130.0
2511.1,15.29,0.3149,0.4339,14130.0
2511.15,15.22,0.4158,0.6147,14130.0
2511.2,15.16,0.5167,0.7955,14140.0
2511.25,15.26,0.6658,0.786,14140.0
2511.3,15.37,0.8149,0.7765,14120.0
2511.35,15.4,0.8708,0.556,14100.0
2511.4,15.43,0.9267,0.3356,14090.0
2511.45,15.4,0.7241,0.1966,14090.0
2511.5,15.36,0.5215,0.05755,14090.0
2511.55,15.4,0.3589,0.1271,14100.0
2511.6,15.44,0.1963,0.1966,14120.0
2511.65,15.49,0.3443,0.1094,14130.0
2511.7,15.54,0.4924,0.02219,14120.0
2511.75,15.47,0.4799,0.2759,14090.0
2511.8,15.41,0.4673,0.5297,14060.0
2511.85,15.36,0.6107,0.4729,14040.0
2511.9,15.3,0.754,0.4161,14030.0
2511.95,15.31,0.6843,0.3763,14010.0
2512.0,15.32,0.6146,0.3365,14010.0
2512.05,15.36,0.3786,0.4196,14020.0
2512.1,15.41,0.1425,0.5026,14040.0
2512.15,15.39,0.2162,0.1849,14050.0
2512.2,15.36,0.2898,-0.1329,14030.0
2512.25,15.48,0.3424,-0.1125,14000.0
2512.3,15.61,0.3949,-0.09218,13970.0
2512.35,15.73,0.4429,-0.009999,13960.0
2512.4,15.85,0.4908,0.07219,13960.0
2512.45,16.06,0.3698,0.2078,13960.0
2512.5,16.26,0.2488,0.3434,13980.0
2512.55,16.35,0.3495,0.3384,13990.0
2512.6,16.45,0.4502,0.3334,14010.0
2512.65,16.49,0.6763,0.4315,14010.0
2512.7,16.54,0.9025,0.5297,14000.0
2512.75,16.49,0.8654,0.6118,13990.0
2512.8,16.45,0.8284,0.6938,14000.0
2512.85,16.55,0.7773,0.7809,14010.0
2512.9,16.65,0.7261,0.868,14010.0
2512.95,16.7,0.8887,0.7586,14010.0
2513.0,16.75,1.051,0.6492,14020.0
2513.05,16.62,0.949,0.5515,14030.0
2513.1,16.48,0.8467,0.4539,14030.0
2513.15,16.44,0.8861,0.4046,14020.0
2513.2,16.4,0.9255,0.3553,14020.0
2513.25,16.45,1.068,0.5666,14030.0
2513.3,16.5,1.21,0.778,14050.0
2513.35,16.41,1.313,0.7882,14070.0
2513.4,16.32,1.416,0.7984,14070.0
2513.45,16.18,1.355,0.735,14060.0
2513.5,16.05,1.294,0.6716,14060.0
2513.55,16.03,1.025,0.5555,14050.0
2513.6,16.01,0.7568,0.4395,14040.0
2513.65,16.06,0.6982,0.7066,14020.0
2513.7,16.11,0.6397,0.9738,14020.0
2513.75,16.18,0.4849,0.8171,14030.0
2513.8,16.26,0.33,0.6604,14050.0
2513.85,16.33,0.3684,0.4998,14060.0
2513.9,16.4,0.4068,0.3392,14050.0
2513.95,16.32,0.5997,0.4241,14040.0
2514.0,16.23,0.7926,0.509,14030.0
2514.05,16.31,0.8752,0.4074,14010.0
2514.1,16.4,0.9578,0.3058,13980.0
2514.15,16.42,0.8208,0.4837,13950.0
2514.2,16.45,0.6839,0.6616,13940.0
2514.25,16.28,0.6964,0.6954,13940.0
2514.3,16.12,0.709,0.7292,13950.0
2514.35,16.17,0.6825,0.5473,13970.0
2514.4,16.23,0.656,0.3653,13990.0
2514.45,16.29,0.6736,0.3724,14010.0
2514.5,16.35,0.6911,0.3795,14020.0
2514.55,16.36,0.6121,0.3397,13990.0
2514.6,16.37,0.533,0.3,13950.0
2514.65,16.68,0.6855,0.4296,13910.0
2514.7,17.0,0.838,0.5592,13880.0
2514.75,16.86,0.8905,0.6814,13850.0
2514.8,16.73,0.9431,0.8036,13840.0
2514.85,16.75,0.5318,0.7278,13850.0
2514.9,16.76,0.1206,0.6521,13890.0
2514.95,16.8,0.1742,0.5831,13920.0
2515.0,16.84,0.2277,0.5141,13940.0
2515.05,16.96,0.3396,0.506,13930.0
2515.1,17.08,0.4514,0.498,13910.0
2515.15,16.88,0.6216,0.5719,13890.0
2515.2,16.68,0.7918,0.6458,13860.0
2515.25,16.66,0.8764,0.6286,13840.0
2515.3,16.64,0.961,0.6114,13830.0
2515.35,16.59,0.7974,0.6226,13830.0
2515.4,16.55,0.6337,0.6338,13850.0
2515.45,16.48,0.5406,0.5547,13870.0
2515.5,16.41,0.4474,0.4756,13880.0
2515.55,16.31,0.4845,0.4139,13890.0
2515.6,16.22,0.5215,0.3522,13900.0
2515.65,16.14,0.5141,0.3945,13900.0
2515.7,16.06,0.5068,0.4368,13900.0
2515.75,16.08,0.5265,0.5577,13880.0
2515.8,16.1,0.5462,0.6787,13870.0
2515.85,15.96,0.3847,0.616,13880.0
2515.9,15.83,0.2233,0.5534,13890.0
2515.95,15.94,0.2538,0.7071,13900.0
2516.0,16.06,0.2842,0.8609,13900.0
2516.05,16.04,0.4534,0.6783,13920.0
2516.1,16.02,0.6226,0.4958,13940.0
2516.15,16.02,0.7643,0.4358,13960.0
2516.2,16.02,0.906,0.3758,13960.0
2516.25,15.73,0.7556,0.3084,13960.0
2516.3,15.44,0.6051,0.2409,13950.0
2516.35,15.07,0.6761,0.1653,13930.0
2516.4,14.7,0.7472,0.08975,13910.0
2516.45,14.9,0.6544,0.1397,13890.0
2516.5,15.1,0.5617,0.1897,13890.0
2516.55,15.18,0.409,0.2042,13910.0
2516.6,15.26,0.2564,0.2188,13940.0
2516.65,15.37,0.3266,0.2552,13950.0
2516.7,15.49,0.3969,0.2917,13950.0
2516.75,15.44,0.5466,0.3846,13960.0
2516.8,15.39,0.6962,0.4775,13950.0
2516.85,15.44,0.8529,0.3518,13930.0
2516.9,15.48,1.01,0.2261,13890.0
2516.95,15.44,1.211,0.2506,13860.0
2517.0,15.39,1.413,0.2751,13850.0
2517.05,15.15,1.333,0.4236,13850.0
2517.1,14.91,1.253,0.5721,13860.0
2517.15,14.91,1.201,0.3661,13870.0
2517.2,14.91,1.15,0.16,13890.0
2517.25,14.86,1.452,0.3831,13910.0
2517.3,14.81,1.755,0.6063,13920.0
2517.35,14.7,1.577,0.4428,13910.0
2517.4,14.59,1.398,0.2792,13880.0
2517.45,14.63,1.378,0.3003,13840.0
2517.5,14.67,1.357,0.3214,13810.0
2517.55,14.65,1.425,0.4988,13780.0
2517.6,14.64,1.493,0.6763,13770.0
2517.65,14.56,1.402,0.8059,13780.0
2517.7,14.48,1.311,0.9355,13810.0
2517.75,14.63,1.237,0.7554,13850.0
2517.8,14.77,1.164,0.5753,13870.0
2517.85,14.79,1.089,0.5924,13870.0
2517.9,14.8,1.015,0.6094,13870.0
2517.95,14.77,1.175,0.5163,13850.0
2518.0,14.75,1.334,0.4231,13830.0
2518.05,14.7,1.41,0.2588,13800.0
2518.1,14.66,1.485,0.09438,13770.0
2518.15,14.46,1.437,0.175,13750.0
2518.2,14.26,1.389,0.2556,13750.0
2518.25,14.28,1.439,0.2861,13760.0
2518.3,14.29,1.489,0.3166,13780.0
2518.35,14.27,1.467,0.3201,13800.0
2518.4,14.24,1.445,0.3236,13820.0
2518.45,14.22,1.503,0.3962,13840.0
2518.5,14.2,1.562,0.4687,13840.0
2518.55,14.26,1.308,0.5163,13830.0
2518.6,14.33,1.053,0.5638,13800.0
2518.65,14.3,1.341,0.5613,13780.0
2518.7,14.26,1.629,0.5587,13770.0
2518.75,14.16,1.65,0.5946,13770.0
2518.8,14.06,1.672,0.6304,13770.0
2518.85,14.18,1.477,0.5042,13780.0
2518.9,14.3,1.282,0.378,13800.0
2518.95,14.25,1.25,0.3853,13810.0
2519.0,14.19,1.218,0.3926,13810.0
2519.05,14.37,1.103,0.4428,13810.0
2519.1,14.54,0.9872,0.4929,13810.0
2519.15,14.55,0.99,0.4234,13800.0
2519.2,14.56,0.9928,0.3539,13780.0
2519.25,14.55,1.221,0.2278,13770.0
2519.3,14.55,1.449,0.1017,13760.0
2519.35,14.58,1.369,-0.01256,13750.0
2519.4,14.61,1.289,-0.1268,13760.0
2519.45,14.44,1.232,0.03548,13770.0
2519.5,14.27,1.174,0.1978,13780.0
2519.55,14.25,1.1,0.3565,13790.0
2519.6,14.23,1.025,0.5153,13780.0
2519.65,14.27,0.9484,0.3998,13770.0
2519.7,14.31,0.8718,0.2844,13750.0
2519.75,14.43,0.9172,0.2761,13730.0
2519.8,14.55,0.9626,0.2678,13710.0
2519.85,14.52,0.9797,0.2483,13690.0
2519.9,14.48,0.9968,0.2288,13670.0
2519.95,14.36,1.085,0.2748,13670.0
2520.0,14.24,1.172,0.3209,13680.0
2520.05,14.22,1.505,0.209,13690.0
2520.1,14.19,1.838,0.09706,13700.0
2520.15,14.06,1.624,0.2702,13720.0
2520.2,13.94,1.409,0.4434,13720.0
2520.25,14.08,1.554,0.3918,13710.0
2520.3,14.22,1.699,0.3402,13670.0
2520.35,14.52,1.757,0.3358,13620.0
2520.4,14.82,1.815,0.3314,13580.0
2520.45,14.84,1.761,0.1952,13560.0
2520.5,14.85,1.706,0.05902,13570.0
2520.55,14.71,1.636,-0.01366,13580.0
2520.6,14.57,1.566,-0.08633,13610.0
2520.65,14.65,1.605,-0.1574,13640.0
2520.7,14.73,1.645,-0.2285,13670.0
2520.75,14.65,1.641,-0.0828,13670.0
2520.8,14.58,1.637,0.06292,13650.0
2520.85,14.66,1.505,0.03634,13610.0
2520.9,14.75,1.372,0.009755,13580.0
2520.95,14.74,1.247,-0.06194,13550.0
2521.0,14.74,1.122,-0.1336,13520.0
2521.05,14.83,1.208,-0.08267,13510.0
2521.1,14.93,1.293,-0.0317,13530.0
2521.15,14.97,1.222,-0.02427,13560.0
2521.2,15.01,1.151,-0.01683,13600.0
2521.25,14.98,1.048,0.1391,13610.0
2521.3,14.96,0.9458,0.2951,13620.0
2521.35,14.71,1.074,0.1919,13610.0
2521.4,14.45,1.203,0.08877,13590.0
2521.45,14.41,1.105,0.1317,13550.0
2521.5,14.37,1.008,0.1746,13520.0
2521.55,14.57,1.07,0.2862,13500.0
2521.6,14.77,1.133,0.3978,13520.0
2521.65,14.72,1.136,0.512,13540.0
2521.7,14.68,1.14,0.6263,13570.0
2521.75,14.75,1.168,0.7944,13580.0
2521.8,14.82,1.196,0.9626,13590.0
2521.85,14.63,1.095,1.063,13590.0
2521.9,14.44,0.9948,1.163,13580.0
2521.95,14.33,0.9074,1.206,13550.0
2522.0,14.23,0.8201,1.249,13530.0
2522.05,14.34,0.8067,1.18,13530.0
2522.1,14.45,0.7934,1.111,13540.0
2522.15,14.39,0.7751,1.186,13550.0
2522.2,14.33,0.7568,1.261,13550.0
2522.25,14.38,0.7876,1.042,13550.0
2522.3,14.43,0.8185,0.8228,13570.0
2522.35,14.38,0.8577,0.8764,13590.0
2522.4,14.33,0.8969,0.9299,13580.0
2522.45,14.32,0.6907,1.04,13560.0
2522.5,14.32,0.4845,1.149,13550.0
2522.55,14.07,0.3955,1.051,13550.0
2522.6,13.83,0.3065,0.9526,13550.0
2522.65,13.83,0.3648,0.8972,13540.0
2522.7,13.84,0.4232,0.8419,13530.0
2522.75,13.9,0.4699,0.8733,13530.0
2522.8,13.96,0.5167,0.9048,13540.0
2522.85,13.88,0.5607,0.7735,13560.0
2522.9,13.8,0.6047,0.6421,13560.0
2522.95,13.83,0.5018,0.6218,13550.0
2523.0,13.86,0.3989,0.6014,13550.0
2523.05,13.73,0.251,0.6265,13550.0
2523.1,13.6,0.1031,0.6516,13540.0
2523.15,13.54,0.1409,0.5976,13520.0
2523.2,13.48,0.1787,0.5436,13490.0
2523.25,13.6,0.3849,0.5621,13480.0
2523.3,13.72,0.5912,0.5807,13480.0
2523.35,13.69,0.6867,0.6566,13490.0
2523.4,13.65,0.7822,0.7326,13500.0
2523.45,13.72,0.7866,0.4914,13510.0
2523.5,13.79,0.791,0.2502,13520.0
2523.55,13.78,0.9001,0.04353,13520.0
2523.6,13.78,1.009,-0.1632,13510.0
2523.65,13.57,1.22,-0.1768,13470.0
2523.7,13.35,1.431,-0.1905,13440.0
2523.75,13.25,1.317,0.04609,13420.0
2523.8,13.14,1.204,0.2827,13420.0
2523.85,13.16,1.358,0.1333,13420.0
2523.9,13.19,1.513,-0.0161,13410.0
2523.95,13.21,1.493,-0.03487,13420.0
2524.0,13.23,1.474,-0.05365,13440.0
2524.05,13.36,1.613,0.1243,13450.0
2524.1,13.48,1.752,0.3022,13440.0
2524.15,13.58,1.801,0.338,13410.0
2524.2,13.67,1.849,0.3739,13400.0
2524.25,13.73,1.779,0.1225,13390.0
2524.3,13.78,1.708,-0.1288,13380.0
2524.35,14.0,1.637,0.2114,13370.0
2524.4,14.22,1.566,0.5516,13370.0
2524.45,14.27,1.581,0.4663,13380.0
2524.5,14.33,1.596,0.3809,13390.0
2524.55,14.5,1.359,0.4041,13370.0
2524.6,14.67,1.123,0.4273,13360.0
2524.65,14.71,1.172,0.5296,13350.0
2524.7,14.76,1.221,0.6319,13350.0
2524.75,14.74,1.295,0.628,13350.0
2524.8,14.72,1.37,0.6241,13350.0
2524.85,14.66,1.34,0.4373,13340.0
2524.9,14.61,1.31,0.2505,13350.0
2524.95,14.6,1.04,0.06926,13350.0
2525.0,14.6,0.7691,-0.1119,13340.0
2525.05,14.53,0.8425,-0.02256,13330.0
2525.1,14.46,0.916,0.06682,13330.0
2525.15,14.48,0.8903,-0.03853,13340.0
2525.2,14.49,0.8646,-0.1439,13360.0
2525.25,14.65,0.631,-0.3233,13360.0
2525.3,14.8,0.3973,-0.5026,13350.0
2525.35,14.58,0.4863,-0.5387,13340.0
2525.4,14.35,0.5752,-0.5748,13340.0
2525.45,14.29,0.6178,-0.5452,13340.0
2525.5,14.23,0.6604,-0.5156,13330.0
2525.55,14.28,0.5989,-0.5877,13340.0
2525.6,14.33,0.5374,-0.6599,13370.0
2525.65,14.12,0.8073,-0.3472,13400.0
2525.7,13.92,1.077,-0.03439,13420.0
2525.75,13.89,1.209,0.03804,13420.0
2525.8,13.86,1.34,0.1105,13430.0
2525.85,13.97,1.371,0.1039,13430.0
2525.9,14.07,1.401,0.09731,13430.0
2525.95,14.15,1.308,0.009511,13420.0
2526.0,14.22,1.215,-0.07828,13410.0
2526.05,14.17,1.218,-0.1683,13400.0
2526.1,14.12,1.221,-0.2583,13410.0
2526.15,14.25,1.09,-0.234,13410.0
2526.2,14.38,0.9594,-0.2097,13420.0
2526.25,14.49,1.054,-0.1035,13440.0
2526.3,14.6,1.149,0.002683,13470.0
2526.35,14.58,1.151,0.1234,13500.0
2526.4,14.56,1.154,0.2441,13510.0
2526.45,14.76,1.116,0.1708,13510.0
2526.5,14.96,1.078,0.09755,13510.0
2526.55,14.82,1.07,0.2107,13510.0
2526.6,14.67,1.062,0.3239,13500.0
2526.65,14.58,0.8678,0.354,13480.0
2526.7,14.5,0.6732,0.3841,13450.0
2526.75,14.48,0.5746,0.5314,13450.0
2526.8,14.47,0.4761,0.6787,13450.0
2526.85,14.47,0.4419,0.5321,13450.0
2526.9,14.46,0.4076,0.3856,13450.0
2526.95,14.78,0.4347,0.2277,13460.0
2527.0,15.1,0.4618,0.06975,13490.0
2527.05,14.87,0.6409,0.204,13520.0
2527.1,14.65,0.8201,0.3383,13540.0
2527.15,14.66,0.8368,0.5624,13540.0
2527.2,14.67,0.8535,0.7865,13540.0
2527.25,14.78,0.7526,0.7127,13520.0
2527.3,14.89,0.6517,0.639,13490.0
2527.35,14.71,0.4212,0.6538,13460.0
2527.4,14.52,0.1907,0.6687,13440.0
2527.45,14.59,0.1951,0.6549,13440.0
2527.5,14.67,0.1994,0.6411,13470.0
2527.55,14.8,0.3939,0.7185,13500.0
2527.6,14.94,0.5884,0.7958,13520.0
2527.65,14.94,0.6226,0.741,13550.0
2527.7,14.94,0.6568,0.6863,13560.0
2527.75,14.89,0.4865,0.727,13550.0
2527.8,14.85,0.3161,0.7677,13530.0
2527.85,14.7,0.2458,0.826,13500.0
2527.9,14.56,0.1756,0.8843,13490.0
2527.95,14.7,0.3899,0.7608,13500.0
2528.0,14.84,0.6043,0.6372,13520.0
2528.05,14.85,0.5159,0.4557,13540.0
2528.1,14.86,0.4275,0.2741,13560.0
2528.15,14.95,0.4068,0.1469,13580.0
2528.2,15.04,0.3861,0.01975,13590.0
2528.25,15.09,0.4319,-0.1289,13570.0
2528.3,15.14,0.4777,-0.2775,13540.0
2528.35,15.12,0.5028,-0.2322,13520.0
2528.4,15.1,0.5279,-0.1868,13530.0
2528.45,15.12,0.4104,-0.1233,13550.0
2528.5,15.14,0.293,-0.05975,13580.0
2528.55,15.3,0.07046,0.2431,13610.0
2528.6,15.46,-0.1521,0.546,13650.0
2528.65,15.53,-0.2054,0.6649,13680.0
2528.7,15.61,-0.2588,0.7838,13680.0
2528.75,15.61,-0.05314,0.6511,13660.0
2528.8,15.6,0.1525,0.5185,13630.0
2528.85,15.52,0.1875,0.4788,13620.0
2528.9,15.43,0.2225,0.4392,13620.0
2528.95,15.45,0.3887,0.5597,13620.0
2529.0,15.46,0.5549,0.6802,13630.0
2529.05,15.62,0.8497,0.5195,13650.0
2529.1,15.77,1.144,0.3587,13680.0
2529.15,15.62,1.134,0.2992,13710.0
2529.2,15.46,1.123,0.2397,13720.0
2529.25,15.57,1.168,0.2086,13720.0
2529.3,15.68,1.213,0.1775,13730.0
2529.35,15.65,1.292,0.01366,13730.0
2529.4,15.62,1.371,-0.1502,13710.0
2529.45,15.63,1.415,-0.05243,13680.0
2529.5,15.65,1.459,0.04536,13650.0
2529.55,15.61,1.717,-0.2113,13640.0
2529.6,15.58,1.974,-0.468,13640.0
2529.65,15.69,1.876,-0.4442,13650.0
2529.7,15.8,1.778,-0.4204,13670.0
2529.75,15.82,1.799,-0.582,13700.0
2529.8,15.84,1.819,-0.7436,13730.0
2529.85,15.84,1.682,-0.7213,13750.0
2529.9,15.83,1.545,-0.6989,13760.0
2529.95,15.97,1.746,-0.5584,13750.0
2530.0,16.12,1.948,-0.4178,13740.0
2530.05,16.13,2.124,-0.2167,13730.0
2530.1,16.15,2.3,-0.01561,13710.0
2530.15,16.3,2.173,-0.06182,13680.0
2530.2,16.44,2.046,-0.108,13660.0
2530.25,16.41,1.931,-0.1399,13650.0
2530.3,16.38,1.816,-0.1717,13670.0
2530.35,16.44,1.646,-0.2079,13700.0
2530.4,16.49,1.476,-0.2441,13730.0
2530.45,16.39,1.47,-0.231,13760.0
2530.5,16.3,1.465,-0.2178,13790.0
2530.55,16.45,1.396,-0.2588,13810.0
2530.6,16.6,1.328,-0.2997,13800.0
2530.65,16.61,1.424,-0.2835,13770.0
2530.7,16.63,1.52,-0.2673,13740.0
2530.75,16.67,1.539,-0.01232,13720.0
2530.8,16.72,1.558,0.2427,13700.0
2530.85,16.86,1.636,0.3341,13680.0
2530.9,17.0,1.713,0.4256,13680.0
2530.95,17.02,1.54,0.5288,13700.0
2531.0,17.03,1.366,0.6321,13740.0
2531.05,16.89,1.321,0.5731,13770.0
2531.1,16.75,1.276,0.5141,13790.0
2531.15,16.89,1.32,0.3239,13800.0
2531.2,17.02,1.363,0.1336,13810.0
2531.25,16.99,1.375,-0.1263,13810.0
2531.3,16.97,1.388,-0.3863,13790.0
2531.35,16.91,1.169,-0.4643,13780.0
2531.4,16.85,0.9502,-0.5424,13780.0
2531.45,16.83,0.8947,-0.4663,13790.0
2531.5,16.81,0.8392,-0.3902,13800.0
2531.55,16.76,0.8875,-0.44,13810.0
2531.6,16.72,0.9359,-0.4897,13820.0
2531.65,16.58,1.013,-0.4813,13830.0
2531.7,16.44,1.09,-0.4729,13850.0
2531.75,16.35,1.075,-0.7248,13860.0
2531.8,16.26,1.061,-0.9767,13860.0
2531.85,16.3,1.044,-1.034,13870.0
2531.9,16.34,1.028,-1.092,13890.0
2531.95,16.34,1.145,-0.8582,13910.0
2532.0,16.34,1.262,-0.6243,13920.0
2532.05,16.25,1.286,-0.5771,13910.0
2532.1,16.16,1.31,-0.5299,13910.0
2532.15,16.34,1.15,-0.2986,13920.0
2532.2,16.53,0.9896,-0.06731,13930.0
2532.25,16.69,1.042,-0.1068,13930.0
2532.3,16.86,1.095,-0.1463,13920.0
2532.35,16.81,0.8258,-0.04158,13910.0
2532.4,16.75,0.5569,0.06316,13920.0
2532.45,16.69,0.5326,0.08462,13930.0
2532.5,16.62,0.5084,0.1061,13930.0
2532.55,16.56,0.5951,-0.1063,13950.0
2532.6,16.49,0.6819,-0.3187,13970.0
2532.65,16.59,0.6736,-0.3939,14000.0
2532.7,16.68,0.6652,-0.469,14010.0
2532.75,16.81,0.4791,-0.468,14010.0
2532.8,16.93,0.293,-0.467,14000.0
2532.85,16.74,0.5239,-0.1697,14000.0
2532.9,16.54,0.7548,0.1275,14000.0
2532.95,16.5,0.7261,0.1371,13990.0
2533.0,16.46,0.6974,0.1466,13990.0
2533.05,16.42,0.5607,0.1821,14000.0
2533.1,16.38,0.424,0.2175,14010.0
2533.15,16.48,0.3507,0.06414,14020.0
2533.2,16.58,0.2775,-0.08926,14010.0
2533.25,16.67,0.372,-0.1779,14010.0
2533.3,16.77,0.4666,-0.2666,14030.0
2533.35,17.0,0.4178,-0.03439,14060.0
2533.4,17.23,0.369,0.1978,14080.0
2533.45,17.16,0.3433,0.265,14080.0
2533.5,17.08,0.3177,0.3322,14080.0
2533.55,16.98,0.2406,0.3448,14080.0
2533.6,16.87,0.1636,0.3575,14060.0
2533.65,16.91,0.3133,0.3101,14030.0
2533.7,16.94,0.463,0.2627,14000.0
2533.75,17.01,0.5744,0.02427,14000.0
2533.8,17.08,0.6859,-0.2141,14030.0
2533.85,17.06,0.754,-0.02231,14080.0
2533.9,17.04,0.822,0.1695,14120.0
2533.95,16.9,0.9275,0.2624,14150.0
2534.0,16.76,1.033,0.3553,14170.0
2534.05,16.59,0.8632,0.5557,14180.0
2534.1,16.41,0.6935,0.756,14170.0
2534.15,16.43,0.6903,0.7241,14130.0
2534.2,16.44,0.6871,0.6921,14100.0
2534.25,16.39,0.672,0.6725,14100.0
2534.3,16.33,0.6568,0.6529,14120.0
2534.35,16.3,0.7585,0.6118,14150.0
2534.4,16.27,0.8603,0.5707,14170.0
2534.45,16.24,1.151,0.4308,14200.0
2534.5,16.22,1.442,0.2909,14240.0
2534.55,16.28,1.418,0.1382,14260.0
2534.6,16.35,1.393,-0.01463,14260.0
2534.65,16.29,1.442,-0.05268,14240.0
2534.7,16.23,1.491,-0.09072,14220.0
2534.75,16.34,1.423,-0.06194,14220.0
2534.8,16.45,1.355,-0.03317,14220.0
2534.85,16.62,1.471,-0.009389,14220.0
2534.9,16.8,1.586,0.01439,14230.0
2534.95,16.81,1.462,0.4051,14250.0
2535.0,16.81,1.338,0.7958,14290.0
2535.05,16.76,1.431,0.5975,14310.0
2535.1,16.71,1.524,0.3992,14310.0
2535.15,16.82,1.173,0.3546,14300.0
2535.2,16.92,0.8224,0.31,14290.0
2535.25,16.84,0.837,0.07743,14280.0
2535.3,16.76,0.8515,-0.1551,14260.0
2535.35,16.6,0.8617,-0.01756,14250.0
2535.4,16.45,0.8718,0.12,14250.0
2535.45,16.46,0.6339,0.1321,14270.0
2535.5,16.48,0.3961,0.1441,14300.0
2535.55,16.39,0.4829,0.1367,14330.0
2535.6,16.3,0.5697,0.1293,14340.0
2535.65,16.36,0.4351,0.09328,14350.0
2535.7,16.41,0.3006,0.05731,14360.0
2535.75,16.21,0.2074,-0.08011,14360.0
2535.8,16.0,0.1142,-0.2175,14340.0
2535.85,16.13,0.09813,-0.3375,14300.0
2535.9,16.25,0.08201,-0.4575,14280.0
2535.95,16.26,-0.06966,-0.4184,14270.0
2536.0,16.27,-0.2213,-0.3792,14260.0
2536.05,16.25,-0.1005,-0.4964,14270.0
2536.1,16.22,0.0203,-0.6136,14290.0
2536.15,16.32,0.03881,-0.4709,14340.0
2536.2,16.42,0.05732,-0.3283,14390.0
2536.25,16.59,-0.05553,-0.3005,14430.0
2536.3,16.76,-0.1684,-0.2727,14430.0
2536.35,16.77,-0.256,-0.3423,14410.0
2536.4,16.78,-0.3435,-0.4119,14370.0
2536.45,16.88,-0.4025,-0.2923,14330.0
2536.5,16.98,-0.4614,-0.1727,14280.0
2536.55,17.05,-0.5211,-0.03426,14250.0
2536.6,17.12,-0.5808,0.1041,14250.0
2536.65,16.9,-0.5615,0.2344,14300.0
2536.7,16.68,-0.5422,0.3646,14360.0
2536.75,16.78,-0.6337,0.497,14420.0
2536.8,16.88,-0.7253,0.6294,14460.0
2536.85,16.72,-0.7351,0.4748,14480.0
2536.9,16.56,-0.7448,0.3202,14480.0
2536.95,16.42,-0.9058,0.2759,14450.0
2537.0,16.29,-1.067,0.2317,14400.0
2537.05,16.28,-1.207,0.1521,14360.0
2537.1,16.28,-1.346,0.07243,14350.0
2537.15,16.34,-1.19,0.00878,14360.0
2537.2,16.41,-1.034,-0.05487,14390.0
2537.25,16.37,-1.155,0.1736,14430.0
2537.3,16.34,-1.276,0.4022,14480.0
2537.35,16.18,-1.117,0.4615,14520.0
2537.4,16.03,-0.9578,0.5209,14550.0
2537.45,15.99,-0.8527,0.6085,14550.0
2537.5,15.96,-0.7476,0.696,14530.0
2537.55,16.07,-0.7394,0.836,14510.0
2537.6,16.18,-0.7313,0.976,14490.0
2537.65,16.28,-0.6497,0.9308,14470.0
2537.7,16.38,-0.5681,0.8855,14450.0
2537.75,16.28,-0.422,0.9504,14440.0
2537.8,16.19,-0.2759,1.015,14460.0
2537.85,16.07,-0.2394,1.024,14500.0
2537.9,15.95,-0.203,1.032,14540.0
2537.95,15.88,-0.1383,0.8389,14580.0
2538.0,15.8,-0.07365,0.646,14610.0
2538.05,15.75,-0.1903,0.5241,14630.0
2538.1,15.7,-0.3069,0.4022,14620.0
2538.15,15.92,-0.4106,0.4334,14580.0
2538.2,16.13,-0.5143,0.4646,14530.0
2538.25,16.09,-0.5229,0.1836,14500.0
2538.3,16.04,-0.5314,-0.09731,14480.0
2538.35,16.19,-0.3563,0.09657,14480.0
2538.4,16.34,-0.1811,0.2905,14500.0
2538.45,16.4,-0.1081,0.633,14550.0
2538.5,16.45,-0.03503,0.9755,14600.0
2538.55,16.59,-0.1256,0.812,14630.0
2538.6,16.74,-0.2162,0.6485,14650.0
2538.65,16.72,-0.2625,0.5388,14630.0
2538.7,16.71,-0.3089,0.4292,14600.0
2538.75,16.59,-0.2653,0.4095,14570.0
2538.8,16.48,-0.2217,0.3897,14550.0
2538.85,16.58,-0.1107,0.2128,14540.0
2538.9,16.68,0.0003981,0.03585,14540.0
2538.95,16.46,-0.02966,0.2325,14560.0
2539.0,16.24,-0.05971,0.4292,14590.0
2539.05,16.31,-0.1604,0.4529,14610.0
2539.1,16.37,-0.2611,0.4765,14620.0
2539.15,16.25,-0.3093,0.4675,14620.0
2539.2,16.13,-0.3575,0.4585,14620.0
2539.25,16.03,-0.3087,0.612,14610.0
2539.3,15.93,-0.2599,0.7655,14600.0
2539.35,15.7,-0.1945,0.798,14590.0
2539.4,15.48,-0.129,0.8304,14580.0
2539.45,15.45,-0.1702,0.8,14590.0
2539.5,15.43,-0.2114,0.7697,14610.0
2539.55,15.53,-0.4488,0.9773,14630.0
2539.6,15.63,-0.6863,1.185,14640.0
2539.65,15.79,-0.6642,0.9809,14650.0
2539.7,15.95,-0.6421,0.7767,14660.0
2539.75,16.09,-0.5028,0.6127,14660.0
2539.8,16.24,-0.3635,0.4487,14650.0
2539.85,16.28,-0.5625,0.4885,14650.0
2539.9,16.33,-0.7615,0.5282,14660.0
2539.95,16.22,-0.755,0.5277,14680.0
2540.0,16.11,-0.7484,0.5273,14680.0
2540.05,16.26,-0.7333,0.5375,14680.0
2540.1,16.41,-0.7181,0.5477,14670.0
2540.15,16.53,-0.5776,0.4756,14670.0
2540.2,16.66,-0.4371,0.4034,14670.0
2540.25,16.43,-0.2528,0.3959,14670.0
2540.3,16.21,-0.06847,0.3885,14680.0
2540.35,15.86,-0.0621,0.5636,14690.0
2540.4,15.51,-0.05573,0.7387,14700.0
2540.45,15.48,0.002588,0.6829,14710.0
2540.5,15.45,0.06091,0.627,14710.0
2540.55,15.51,0.1461,0.7561,14700.0
2540.6,15.58,0.2313,0.8853,14680.0
2540.65,15.74,0.3746,0.8319,14670.0
2540.7,15.91,0.5179,0.7785,14650.0
2540.75,15.79,0.4009,0.8889,14640.0
2540.8,15.68,0.2838,0.9994,14640.0
2540.85,15.61,0.464,1.036,14650.0
2540.9,15.55,0.6441,1.073,14670.0
2540.95,15.5,0.7004,0.8372,14690.0
2541.0,15.46,0.7568,0.6019,14690.0
2541.05,15.4,0.7227,0.6269,14700.0
2541.1,15.33,0.6887,0.6519,14700.0
2541.15,15.29,0.6527,0.6327,14700.0
2541.2,15.24,0.6166,0.6136,14690.0
2541.25,15.32,0.4954,0.626,14680.0
2541.3,15.4,0.3742,0.6385,14670.0
2541.35,15.32,0.2669,0.6372,14670.0
2541.4,15.25,0.1596,0.636,14680.0
2541.45,15.33,0.08201,0.5153,14690.0
2541.5,15.41,0.004379,0.3946,14700.0
2541.55,15.6,0.02767,0.3623,14720.0
2541.6,15.8,0.05095,0.33,14740.0
2541.65,15.89,-0.04379,0.5042,14750.0
2541.7,15.98,-0.1385,0.6785,14740.0
2541.75,15.78,-0.08837,0.6824,14740.0
2541.8,15.59,-0.03822,0.6863,14740.0
2541.85,15.44,0.01493,0.6313,14730.0
2541.9,15.3,0.06807,0.5763,14720.0
2541.95,15.45,0.07643,0.6815,14710.0
2542.0,15.6,0.08479,0.7867,14720.0
2542.05,15.41,0.2231,0.7942,14750.0
2542.1,15.21,0.3615,0.8016,14780.0
2542.15,15.02,0.3306,0.7349,14800.0
2542.2,14.83,0.2998,0.6682,14810.0
2542.25,14.83,0.2564,0.4436,14810.0
2542.3,14.83,0.213,0.219,14800.0
2542.35,14.72,0.2363,0.2834,14790.0
2542.4,14.6,0.2596,0.3478,14770.0
2542.45,14.79,0.284,0.3217,14770.0
2542.5,14.99,0.3085,0.2956,14790.0
2542.55,14.99,0.3571,0.3278,14830.0
2542.6,14.98,0.4056,0.36,14870.0
2542.65,14.98,0.2592,0.4771,14890.0
2542.7,14.97,0.1127,0.5943,14900.0
2542.75,14.98,0.1911,0.5256,14900.0
2542.8,15.0,0.2695,0.4568,14870.0
2542.85,14.85,0.2104,0.5148,14840.0
2542.9,14.7,0.1513,0.5729,14820.0
2542.95,14.69,0.4182,0.4785,14810.0
2543.0,14.68,0.6851,0.3841,14820.0
2543.05,14.52,0.8083,0.4782,14840.0
2543.1,14.36,0.9315,0.5724,14870.0
2543.15,14.28,0.8342,0.564,14900.0
2543.2,14.19,0.7369,0.5555,14920.0
2543.25,14.24,0.614,0.5152,14930.0
2543.3,14.28,0.4912,0.4748,14920.0
2543.35,14.48,0.5647,0.5318,14900.0
2543.4,14.68,0.6381,0.5887,14870.0
2543.45,14.63,0.8394,0.6202,14840.0
2543.5,14.58,1.041,0.6516,14810.0
2543.55,14.74,1.068,0.6676,14790.0
2543.6,14.9,1.095,0.6836,14800.0
2543.65,14.9,1.112,0.6238,14830.0
2543.7,14.91,1.13,0.5641,14860.0
2543.75,14.77,1.083,0.5196,14900.0
2543.8,14.63,1.035,0.4751,14930.0
2543.85,14.71,0.9659,0.3741,14930.0
2543.9,14.8,0.8965,0.2731,14910.0
2543.95,14.86,0.9206,0.05731,14860.0
2544.0,14.92,0.9447,-0.1585,14810.0
2544.05,14.88,1.157,-0.1952,14770.0
2544.1,14.85,1.369,-0.2319,14760.0
2544.15,14.69,1.363,-0.1853,14790.0
2544.2,14.54,1.356,-0.1388,14820.0
2544.25,14.69,1.166,-0.05926,14870.0
2544.3,14.85,0.9761,0.02024,14900.0
2544.35,14.81,0.8591,-0.08487,14910.0
2544.4,14.77,0.742,-0.19,14890.0
2544.45,14.91,0.66,0.1585,14850.0
2544.5,15.05,0.578,0.507,14810.0
2544.55,15.19,0.4713,0.5776,14780.0
2544.6,15.32,0.3646,0.6482,14780.0
2544.65,15.46,0.3664,0.5838,14800.0
2544.7,15.6,0.3682,0.5195,14830.0
2544.75,15.48,0.3867,0.3836,14860.0
2544.8,15.37,0.4052,0.2478,14890.0
2544.85,15.38,0.2516,0.1294,14900.0
2544.9,15.4,0.09793,0.01097,14890.0
2544.95,15.48,0.1626,-0.01573,14850.0
2545.0,15.55,0.2273,-0.04243,14820.0
2545.05,15.75,0.05175,0.06255,14800.0
2545.1,15.95,-0.1238,0.1675,14790.0
2545.15,15.96,0.1405,0.2386,14800.0
2545.2,15.97,0.4049,0.3097,14820.0
2545.25,15.78,0.6242,0.4163,14860.0
2545.3,15.59,0.8435,0.5229,14900.0
2545.35,15.44,0.9243,0.7735,14920.0
2545.4,15.29,1.005,1.024,14920.0
2545.45,15.28,0.8201,1.063,14900.0
2545.5,15.28,0.6349,1.102,14880.0
2545.55,15.4,0.8575,0.9244,14840.0
2545.6,15.52,1.08,0.7472,14790.0
2545.65,15.3,1.127,0.6386,14750.0
2545.7,15.08,1.175,0.5299,14730.0
2545.75,14.95,1.111,0.3798,14740.0
2545.8,14.81,1.047,0.2297,14780.0
2545.85,14.86,0.9743,0.08962,14820.0
2545.9,14.91,0.9013,-0.05048,14870.0
2545.95,14.81,0.8941,-0.07633,14910.0
2546.0,14.72,0.8869,-0.1022,14930.0
2546.05,14.92,0.8581,-0.003902,14910.0
2546.1,15.12,0.8292,0.09438,14840.0
2546.15,15.05,0.8171,-0.0001219,14760.0
2546.2,14.99,0.8049,-0.09462,14690.0
2546.25,14.93,0.8782,-0.09036,14650.0
2546.3,14.87,0.9514,-0.08609,14650.0
2546.35,15.02,1.079,-0.1703,14680.0
2546.4,15.17,1.206,-0.2546,14740.0
2546.45,15.04,1.042,-0.2612,14820.0
2546.5,14.91,0.8782,-0.2678,14890.0
2546.55,14.9,0.9544,-0.4182,14920.0
2546.6,14.89,1.031,-0.5687,14910.0
2546.65,15.04,0.7468,-0.5598,14870.0
2546.7,15.19,0.463,-0.5509,14810.0
2546.75,15.26,0.5792,-0.3668,14750.0
2546.8,15.33,0.6955,-0.1827,14700.0
2546.85,15.35,0.5842,-0.1083,14680.0
2546.9,15.37,0.4729,-0.0339,14700.0
2546.95,15.49,0.4564,-0.05048,14730.0
2547.0,15.6,0.4399,-0.06707,14770.0
2547.05,15.7,0.4835,0.01366,14820.0
2547.1,15.8,0.5271,0.09438,14870.0
2547.15,15.65,0.4928,0.1097,14890.0
2547.2,15.49,0.4586,0.1251,14900.0
2547.25,15.66,0.6357,0.1985,14880.0
2547.3,15.84,0.8129,0.2719,14840.0
2547.35,15.92,0.7737,0.1436,14790.0
2547.4,16.01,0.7345,0.01536,14740.0
2547.45,15.98,0.5728,-0.02414,14700.0
2547.5,15.94,0.4112,-0.06365,14690.0
2547.55,16.13,0.2715,-0.1692,14720.0
2547.6,16.32,0.1318,-0.2748,14760.0
2547.65,16.33,0.06051,-0.07158,14800.0
2547.7,16.34,-0.01075,0.1317,14830.0
2547.75,16.31,-0.07842,0.1896,14840.0
2547.8,16.27,-0.1461,0.2475,14840.0
2547.85,16.31,-0.1622,0.1796,14820.0
2547.9,16.35,-0.1783,0.1117,14790.0
2547.95,16.34,-0.213,0.01914,14770.0
2548.0,16.33,-0.2476,-0.07341,14760.0
2548.05,16.24,-0.3264,-0.08523,14750.0
2548.1,16.15,-0.4052,-0.09706,14750.0
2548.15,16.17,-0.494,0.04463,14760.0
2548.2,16.19,-0.5828,0.1863,14770.0
2548.25,16.27,-0.6105,0.2884,14780.0
2548.3,16.34,-0.6381,0.3904,14770.0
2548.35,16.42,-0.8776,0.4146,14750.0
2548.4,16.51,-1.117,0.4387,14730.0
2548.45,16.42,-0.9098,0.2644,14730.0
2548.5,16.33,-0.7026,0.08999,14730.0
2548.55,16.25,-0.8306,0.2066,14730.0
2548.6,16.18,-0.9586,0.3231,14740.0
2548.65,16.26,-0.9462,0.2506,14760.0
2548.7,16.35,-0.9339,0.178,14780.0
2548.75,16.52,-0.8272,0.3673,14790.0
2548.8,16.7,-0.7205,0.5565,14790.0
2548.85,16.69,-0.6369,0.5587,14770.0
2548.9,16.69,-0.5533,0.5609,14760.0
2548.95,16.53,-0.5511,0.4918,14750.0
2549.0,16.38,-0.549,0.4226,14740.0
2549.05,16.45,-0.5191,0.3424,14730.0
2549.1,16.51,-0.4892,0.2622,14730.0
2549.15,16.47,-0.6003,0.2523,14740.0
2549.2,16.42,-0.7114,0.2424,14750.0
2549.25,16.43,-0.6503,0.1947,14750.0
2549.3,16.43,-0.5892,0.1471,14770.0
2549.35,16.68,-0.4037,0.1924,14800.0
2549.4,16.92,-0.2181,0.2378,14830.0
2549.45,16.82,-0.2363,0.2183,14850.0
2549.5,16.72,-0.2544,0.1988,14840.0
2549.55,16.68,-0.2026,0.06292,14830.0
2549.6,16.65,-0.1509,-0.07292,14790.0
2549.65,16.8,-0.0207,0.02219,14750.0
2549.7,16.96,0.1095,0.1173,14710.0
2549.75,16.75,0.1268,0.1001,14680.0
2549.8,16.54,0.1441,0.08292,14670.0
2549.85,16.4,0.1198,0.216,14700.0
2549.9,16.26,0.09554,0.349,14740.0
2549.95,16.19,-0.04638,0.4053,14770.0
2550.0,16.12,-0.1883,0.4617,14790.0
2550.05,15.99,-0.1485,0.3444,14790.0
2550.1,15.85,-0.1087,0.227,14770.0
2550.15,15.71,0.03642,0.1122,14750.0
2550.2,15.57,0.1815,-0.002683,14720.0
2550.25,15.54,0.06767,-0.0467,14700.0
2550.3,15.52,-0.04618,-0.09072,14690.0
2550.35,15.41,-0.2122,-0.1206,14690.0
2550.4,15.3,-0.3782,-0.1505,14690.0
2550.45,15.27,-0.164,-0.2013,14680.0
2550.5,15.24,0.05016,-0.2522,14650.0
2550.55,15.04,0.05533,-0.08231,14640.0
2550.6,14.85,0.06051,0.08755,14640.0
2550.65,14.59,0.1204,0.1746,14660.0
2550.7,14.32,0.1803,0.2617,14680.0
2550.75,14.42,0.1246,0.3562,14710.0
2550.8,14.52,0.06887,0.4507,14740.0
2550.85,14.54,-0.002986,0.4536,14740.0
2550.9,14.56,-0.07484,0.4565,14710.0
2550.95,14.48,-0.216,0.3673,14660.0
2551.0,14.4,-0.3571,0.278,14610.0
2551.05,14.45,-0.5177,0.225,14560.0
2551.1,14.5,-0.6783,0.1719,14530.0
2551.15,14.47,-0.5281,0.2996,14510.0
2551.2,14.45,-0.3778,0.4273,14510.0
2551.25,14.46,-0.2745,0.4106,14540.0
2551.3,14.48,-0.1712,0.3939,14580.0
2551.35,14.35,-0.1684,0.4056,14610.0
2551.4,14.23,-0.1656,0.4173,14630.0
2551.45,14.18,-0.03463,0.3001,14640.0
2551.5,14.13,0.09634,0.1829,14640.0
2551.55,14.15,-0.09793,0.05414,14620.0
2551.6,14.17,-0.2922,-0.07463,14590.0
2551.65,14.15,-0.3469,-0.02987,14570.0
2551.7,14.13,-0.4017,0.01488,14540.0
2551.75,14.08,-0.5384,0.1961,14510.0
2551.8,14.03,-0.6751,0.3773,14490.0
2551.85,14.0,-0.6972,0.3895,14480.0
2551.9,13.98,-0.7193,0.4017,14490.0
2551.95,14.01,-0.6513,0.5904,14510.0
2552.0,14.03,-0.5832,0.7792,14560.0
2552.05,14.03,-0.6089,0.7594,14610.0
2552.1,14.02,-0.6345,0.7397,14650.0
2552.15,14.06,-0.5991,0.5465,14670.0
2552.2,14.09,-0.5637,0.3534,14660.0
2552.25,14.14,-0.6208,0.3773,14630.0
2552.3,14.19,-0.6779,0.4012,14580.0
2552.35,14.2,-0.7384,0.3056,14520.0
2552.4,14.21,-0.799,0.21,14480.0
2552.45,14.13,-0.7112,0.289,14450.0
2552.5,14.05,-0.6234,0.368,14450.0
2552.55,14.07,-0.4879,0.6459,14470.0
2552.6,14.08,-0.3523,0.9238,14510.0
2552.65,14.14,-0.4761,0.8155,14550.0
2552.7,14.2,-0.5999,0.7072,14580.0
2552.75,14.27,-0.8505,0.6203,14580.0
2552.8,14.34,-1.101,0.5334,14570.0
2552.85,14.48,-1.223,0.6065,14540.0
2552.9,14.63,-1.346,0.6797,14520.0
2552.95,14.63,-1.286,0.9711,14490.0
2553.0,14.62,-1.226,1.263,14480.0
2553.05,14.45,-1.254,1.111,14460.0
2553.1,14.28,-1.281,0.9599,14460.0
2553.15,14.06,-1.201,0.8163,14440.0
2553.2,13.84,-1.122,0.6726,14420.0
2553.25,13.84,-1.026,0.4328,14400.0
2553.3,13.84,-0.9307,0.1929,14400.0
2553.35,13.95,-0.838,0.1629,14410.0
2553.4,14.05,-0.7452,0.1329,14430.0
2553.45,14.05,-0.7978,0.1713,14450.0
2553.5,14.05,-0.8503,0.2097,14470.0
2553.55,14.24,-0.9874,0.1835,14480.0
2553.6,14.43,-1.125,0.1573,14470.0
2553.65,14.62,-1.112,0.1672,14440.0
2553.7,14.82,-1.099,0.1771,14390.0
2553.75,14.82,-1.255,0.1833,14340.0
2553.8,14.81,-1.412,0.1895,14300.0
2553.85,14.59,-1.531,0.3284,14260.0
2553.9,14.38,-1.651,0.4673,14240.0
2553.95,14.28,-1.427,0.6352,14230.0
2554.0,14.18,-1.202,0.8031,14250.0
2554.05,14.33,-0.9944,0.7645,14290.0
2554.1,14.48,-0.787,0.726,14330.0
2554.15,14.42,-0.8115,0.8142,14350.0
2554.2,14.36,-0.836,0.9023,14350.0
2554.25,14.31,-0.9902,0.8186,14330.0
2554.3,14.26,-1.144,0.7348,14290.0
2554.35,14.2,-1.311,0.5914,14240.0
2554.4,14.13,-1.477,0.448,14180.0
2554.45,14.07,-1.442,0.4014,14140.0
2554.5,14.01,-1.408,0.3548,14120.0
2554.55,13.98,-1.456,0.4756,14130.0
2554.6,13.95,-1.504,0.5963,14140.0
2554.65,13.9,-1.494,0.418,14160.0
2554.7,13.85,-1.484,0.2397,14190.0
2554.75,13.87,-1.546,0.2328,14210.0
2554.8,13.89,-1.609,0.2258,14210.0
2554.85,13.89,-1.643,0.1697,14200.0
2554.9,13.9,-1.678,0.1136,14180.0
2554.95,13.79,-1.679,0.08011,14150.0
2555.0,13.68,-1.68,0.04658,14120.0
2555.05,13.8,-1.611,0.144,14100.0
2555.1,13.92,-1.543,0.2414,14080.0
2555.15,14.0,-1.621,0.3673,14070.0
2555.2,14.08,-1.698,0.4931,14060.0
2555.25,14.13,-1.881,0.3929,14050.0
2555.3,14.17,-2.065,0.2927,14040.0
2555.35,14.2,-2.083,0.3815,14030.0
2555.4,14.22,-2.101,0.4704,14030.0
2555.45,14.21,-1.866,0.4926,14040.0
2555.5,14.21,-1.631,0.5148,14050.0
2555.55,14.3,-1.77,0.4578,14050.0
2555.6,14.4,-1.909,0.4007,14060.0
2555.65,14.37,-1.931,0.4856,14050.0
2555.7,14.34,-1.952,0.5704,14030.0
2555.75,14.24,-1.733,0.5243,14000.0
2555.8,14.15,-1.513,0.4782,13970.0
2555.85,14.38,-1.414,0.28,13940.0
2555.9,14.62,-1.315,0.0817,13930.0
2555.95,14.64,-1.27,0.06707,13910.0
2556.0,14.66,-1.225,0.05243,13910.0
2556.05,14.55,-1.276,-0.09279,13910.0
2556.1,14.45,-1.328,-0.238,13920.0
2556.15,14.43,-1.293,-0.2118,13950.0
2556.2,14.42,-1.259,-0.1856,13980.0
2556.25,14.55,-1.125,-0.2524,14000.0
2556.3,14.68,-0.9904,-0.3192,14010.0
2556.35,14.82,-0.877,-0.2762,14000.0
2556.4,14.95,-0.7635,-0.2331,13970.0
2556.45,15.0,-0.8167,-0.2035,13930.0
2556.5,15.05,-0.8698,-0.1739,13890.0
2556.55,14.95,-0.8961,-0.2071,13870.0
2556.6,14.85,-0.9224,-0.2402,13860.0
2556.65,14.95,-0.9301,-0.05621,13870.0
2556.7,15.04,-0.9379,0.1278,13880.0
2556.75,15.2,-1.004,0.2977,13890.0
2556.8,15.36,-1.07,0.4675,13910.0
2556.85,15.3,-0.9454,0.249,13930.0
2556.9,15.24,-0.8208,0.03048,13940.0
2556.95,15.3,-0.696,0.01122,13940.0
2557.0,15.36,-0.5712,-0.008048,13940.0
2557.05,15.25,-0.5213,-0.1486,13930.0
2557.1,15.14,-0.4713,-0.2892,13920.0
2557.15,15.0,-0.5095,-0.298,13900.0
2557.2,14.86,-0.5478,-0.3068,13900.0
2557.25,14.85,-0.5155,-0.2898,13890.0
2557.3,14.84,-0.4833,-0.2729,13880.0
2557.35,15.12,-0.5615,-0.1115,13870.0
2557.4,15.4,-0.6397,0.04999,13880.0
2557.45,15.21,-0.4666,0.1334,13890.0
2557.5,15.02,-0.2934,0.2168,13900.0
2557.55,15.17,-0.2631,0.1795,13910.0
2557.6,15.32,-0.2329,0.1422,13920.0
2557.65,15.44,-0.2321,0.1322,13930.0
2557.7,15.56,-0.2313,0.1222,13940.0
2557.75,15.51,-0.3195,-0.1019,13940.0
2557.8,15.46,-0.4076,-0.3261,13920.0
2557.85,15.51,-0.3907,-0.07487,13900.0
2557.9,15.56,-0.3738,0.1763,13880.0
2557.95,15.67,-0.3633,0.1853,13860.0
2558.0,15.78,-0.3527,0.1944,13850.0
2558.05,15.75,-0.3513,0.2025,13850.0
2558.1,15.71,-0.3499,0.2107,13860.0
2558.15,15.66,-0.3272,0.2479,13880.0
2558.2,15.61,-0.3045,0.2851,13900.0
2558.25,15.53,-0.3157,0.1951,13910.0
2558.3,15.46,-0.3268,0.1051,13910.0
2558.35,15.49,-0.3915,-0.01914,13890.0
2558.4,15.51,-0.4562,-0.1434,13880.0
2558.45,15.71,-0.5117,-0.06865,13870.0
2558.5,15.91,-0.5673,0.006097,13860.0
2558.55,15.9,-0.5414,0.01829,13860.0
2558.6,15.88,-0.5155,0.03048,13870.0
2558.65,16.06,-0.5689,-0.09938,13890.0
2558.7,16.24,-0.6222,-0.2292,13900.0
2558.75,16.27,-0.6001,-0.2249,13880.0
2558.8,16.3,-0.578,-0.2205,13870.0
2558.85,16.21,-0.3187,-0.3079,13860.0
2558.9,16.12,-0.05931,-0.3953,13860.0
2558.95,16.24,-0.3559,-0.4867,13860.0
2559.0,16.36,-0.6525,-0.578,13870.0
2559.05,16.4,-0.5295,-0.6231,13890.0
2559.1,16.44,-0.4064,-0.6682,13900.0
2559.15,16.34,-0.4186,-0.6001,13900.0
2559.2,16.23,-0.4307,-0.5319,13900.0
2559.25,16.22,-0.4721,-0.4901,13880.0
2559.3,16.21,-0.5135,-0.4482,13860.0
2559.35,16.3,-0.4138,-0.4292,13850.0
2559.4,16.39,-0.3141,-0.4102,13840.0
2559.45,16.24,-0.4677,-0.4534,13820.0
2559.5,16.08,-0.6214,-0.4965,13810.0
2559.55,16.12,-0.6256,-0.4565,13830.0
2559.6,16.16,-0.6298,-0.4165,13850.0
2559.65,16.09,-0.7789,-0.1916,13870.0
2559.7,16.03,-0.9279,0.03341,13880.0
2559.75,15.99,-0.7187,0.08609,13890.0
2559.8,15.95,-0.5095,0.1388,13890.0
2559.85,15.97,-0.5981,0.2779,13880.0
2559.9,16.0,-0.6867,0.417,13850.0
2559.95,16.09,-0.6763,0.1838,13820.0
2560.0,16.18,-0.666,-0.04951,13800.0
2560.05,16.06,-0.6487,0.09511,13810.0
2560.1,15.94,-0.6314,0.2397,13820.0
2560.15,15.89,-0.875,0.1257,13830.0
2560.2,15.83,-1.119,0.01171,13850.0
2560.25,16.04,-1.056,0.04524,13870.0
2560.3,16.25,-0.9932,0.07877,13890.0
2560.35,16.22,-1.036,0.04426,13890.0
2560.4,16.19,-1.078,0.009755,13870.0
2560.45,16.07,-0.9492,0.2091,13850.0
2560.5,15.96,-0.8201,0.4085,13850.0
2560.55,15.92,-0.781,0.5307,13850.0
2560.6,15.89,-0.742,0.6529,13850.0
2560.65,15.86,-0.9064,0.7821,13850.0
2560.7,15.83,-1.071,0.9114,13850.0
2560.75,15.71,-0.9538,0.8892,13850.0
2560.8,15.59,-0.8368,0.867,13850.0
2560.85,15.52,-0.8085,0.6009,13850.0
2560.9,15.45,-0.7802,0.3348,13850.0
2560.95,15.35,-0.5605,0.2106,13860.0
2561.0,15.26,-0.3408,0.08633,13880.0
2561.05,15.33,-0.55,-0.08511,13890.0
2561.1,15.4,-0.7591,-0.2566,13890.0
2561.15,15.42,-0.7392,-0.05316,13880.0
2561.2,15.44,-0.7193,0.1502,13880.0
2561.25,15.37,-0.6917,0.07963,13880.0
2561.3,15.29,-0.664,0.009023,13890.0
2561.35,15.24,-0.4835,0.08365,13880.0
2561.4,15.19,-0.3029,0.1583,13880.0
2561.45,14.99,-0.3332,0.235,13890.0
2561.5,14.79,-0.3635,0.3117,13910.0
2561.55,14.87,-0.4506,0.3695,13920.0
2561.6,14.95,-0.5378,0.4273,13910.0
2561.65,14.95,-0.5474,0.3469,13910.0
2561.7,14.95,-0.5569,0.2666,13930.0
2561.75,14.85,-0.5653,0.1463,13960.0
2561.8,14.75,-0.5736,0.02609,13970.0
2561.85,14.7,-0.5969,0.1378,13970.0
2561.9,14.65,-0.6202,0.2495,13970.0
2561.95,14.72,-0.6105,0.3778,13990.0
2562.0,14.78,-0.6007,0.506,13990.0
2562.05,14.7,-0.5961,0.5453,13990.0
2562.1,14.62,-0.5916,0.5846,13990.0
2562.15,14.67,-0.5808,0.6536,14000.0
2562.2,14.72,-0.5701,0.7226,14030.0
2562.25,14.61,-0.6827,0.7649,14050.0
2562.3,14.51,-0.7954,0.8072,14050.0
2562.35,14.48,-1.077,0.6522,14040.0
2562.4,14.46,-1.359,0.4973,14050.0
2562.45,14.43,-1.283,0.4206,14060.0
2562.5,14.4,-1.207,0.3439,14060.0
2562.55,14.33,-0.9331,0.2781,14050.0
2562.6,14.25,-0.6588,0.2124,14070.0
2562.65,14.26,-0.7725,0.1411,14100.0
2562.7,14.26,-0.8861,0.06975,14130.0
2562.75,14.24,-0.9526,-0.007438,14130.0
2562.8,14.22,-1.019,-0.08462,14130.0
2562.85,14.39,-1.057,0.1319,14140.0
2562.9,14.56,-1.094,0.3485,14150.0
2562.95,14.56,-1.059,0.255,14150.0
2563.0,14.57,-1.023,0.1614,14140.0
2563.05,14.73,-1.074,0.1269,14130.0
2563.1,14.9,-1.125,0.09243,14150.0
2563.15,14.97,-1.159,0.07341,14170.0
2563.2,15.04,-1.193,0.05438,14180.0
2563.25,15.05,-1.016,0.1986,14190.0
2563.3,15.06,-0.8392,0.3429,14200.0
2563.35,15.16,-0.879,0.4229,14220.0
2563.4,15.25,-0.9188,0.5029,14240.0
2563.45,15.28,-1.047,0.6359,14240.0
2563.5,15.3,-1.174,0.7689,14230.0
2563.55,15.4,-0.9986,0.5971,14230.0
2563.6,15.51,-0.8228,0.4253,14240.0
2563.65,15.52,-0.833,0.4409,14240.0
2563.7,15.54,-0.8431,0.4565,14240.0
2563.75,15.5,-0.8947,0.5703,14240.0
2563.8,15.45,-0.9462,0.6841,14260.0
2563.85,15.2,-1.083,0.6721,14290.0
2563.9,14.95,-1.221,0.6602,14310.0
2563.95,15.01,-1.163,0.7237,14310.0
2564.0,15.07,-1.106,0.7872,14320.0
2564.05,15.06,-0.949,0.7653,14330.0
2564.1,15.06,-0.7918,0.7433,14330.0
2564.15,15.1,-1.016,0.6697,14300.0
2564.2,15.15,-1.239,0.596,14290.0
2564.25,15.23,-1.18,0.6043,14300.0
2564.3,15.31,-1.121,0.6126,14330.0
2564.35,15.31,-0.9677,0.5247,14360.0
2564.4,15.3,-0.8149,0.4368,14380.0
2564.45,15.48,-1.062,0.452,14400.0
2564.5,15.66,-1.31,0.4673,14420.0
2564.55,15.83,-1.443,0.6159,14440.0
2564.6,16.01,-1.577,0.7645,14430.0
2564.65,15.96,-1.602,0.7319,14430.0
2564.7,15.92,-1.627,0.6992,14440.0
2564.75,15.92,-1.569,0.8484,14480.0
2564.8,15.91,-1.51,0.9977,14520.0
2564.85,16.09,-1.307,0.9787,14540.0
2564.9,16.27,-1.103,0.9597,14550.0
2564.95,16.34,-1.191,0.9026,14550.0
2565.0,16.4,-1.279,0.8455,14560.0
2565.05,16.41,-1.486,0.628,14550.0
2565.1,16.41,-1.693,0.4104,14540.0
2565.15,16.38,-1.497,0.408,14540.0
2565.2,16.35,-1.301,0.4056,14570.0
2565.25,16.3,-1.062,0.4052,14600.0
2565.3,16.25,-0.824,0.4048,14620.0
2565.35,16.32,-1.101,0.3581,14640.0
2565.4,16.39,-1.378,0.3114,14670.0
2565.45,16.44,-1.6,0.3133,14710.0
2565.5,16.48,-1.822,0.3151,14730.0
2565.55,16.56,-1.99,0.3291,14720.0
2565.6,16.64,-2.159,0.3431,14700.0
2565.65,16.71,-2.291,0.4098,14680.0
2565.7,16.78,-2.424,0.4765,14660.0
2565.75,16.7,-2.332,0.2989,14640.0
2565.8,16.63,-2.241,0.1212,14630.0
2565.85,16.72,-2.148,0.07402,14640.0
2565.9,16.82,-2.055,0.02683,14690.0
2565.95,16.73,-2.113,-0.01097,14740.0
2566.0,16.64,-2.172,-0.04878,14770.0
2566.05,16.67,-2.15,-0.2077,14790.0
2566.1,16.7,-2.128,-0.3665,14800.0
2566.15,16.81,-2.229,-0.1562,14800.0
2566.2,16.91,-2.33,0.05414,14770.0
2566.25,16.9,-2.424,-0.006585,14720.0
2566.3,16.89,-2.519,-0.06731,14680.0
2566.35,17.11,-2.37,0.09426,14680.0
2566.4,17.34,-2.221,0.2558,14690.0
2566.45,17.43,-2.027,0.4554,14710.0
2566.5,17.53,-1.833,0.655,14740.0
2566.55,17.51,-1.769,0.5726,14770.0
2566.6,17.49,-1.706,0.4902,14810.0
2566.65,17.44,-1.745,0.4519,14840.0
2566.7,17.38,-1.784,0.4136,14830.0
2566.75,17.43,-1.631,0.4181,14790.0
2566.8,17.47,-1.478,0.4226,14770.0
2566.85,17.45,-1.581,0.3011,14760.0
2566.9,17.43,-1.685,0.1795,14760.0
2566.95,17.51,-1.693,0.4145,14770.0
2567.0,17.59,-1.701,0.6494,14790.0
2567.05,17.38,-1.484,0.5626,14830.0
2567.1,17.17,-1.267,0.4758,14880.0
2567.15,17.15,-1.457,0.4531,14910.0
2567.2,17.13,-1.648,0.4304,14910.0
2567.25,17.17,-1.637,0.3658,14900.0
2567.3,17.21,-1.626,0.3012,14900.0
2567.35,17.02,-1.599,0.2975,14900.0
2567.4,16.84,-1.573,0.2939,14890.0
2567.45,16.75,-1.562,0.3157,14880.0
2567.5,16.66,-1.551,0.3375,14900.0
2567.55,16.6,-1.464,0.2545,14930.0
2567.6,16.54,-1.377,0.1714,14970.0
2567.65,16.63,-1.213,-0.08328,14990.0
2567.7,16.73,-1.049,-0.338,15000.0
2567.75,16.65,-1.072,-0.3233,15030.0
2567.8,16.57,-1.096,-0.3085,15060.0
2567.85,16.54,-0.8668,-0.2414,15060.0
2567.9,16.51,-0.6381,-0.1744,15030.0
2567.95,16.45,-0.5798,-0.08426,15010.0
2568.0,16.38,-0.5215,0.005853,15010.0
2568.05,16.43,-0.3427,0.0995,15030.0
2568.1,16.47,-0.164,0.1931,15050.0
2568.15,16.56,-0.1767,0.2328,15060.0
2568.2,16.64,-0.1895,0.2724,15080.0
2568.25,16.66,-0.3435,0.2375,15110.0
2568.3,16.68,-0.4976,0.2027,15120.0
2568.35,16.94,-0.5348,0.1216,15120.0
2568.4,17.19,-0.572,0.04048,15110.0
2568.45,17.19,-0.5941,-0.04634,15110.0
2568.5,17.19,-0.6162,-0.1332,15130.0
2568.55,17.01,-0.7177,-0.2411,15140.0
2568.6,16.84,-0.8193,-0.349,15140.0
2568.65,16.91,-0.79,-0.3787,15130.0
2568.7,16.97,-0.7607,-0.4085,15130.0
2568.75,16.9,-0.698,-0.3561,15140.0
2568.8,16.82,-0.6353,-0.3036,15140.0
2568.85,16.75,-0.6612,-0.2989,15120.0
2568.9,16.68,-0.6871,-0.2941,15120.0
2568.95,16.75,-0.6001,-0.1041,15140.0
2569.0,16.83,-0.5131,0.08584,15170.0
2569.05,16.75,-0.5243,0.1441,15180.0
2569.1,16.67,-0.5354,0.2024,15180.0
2569.15,16.53,-0.4974,0.3047,15190.0
2569.2,16.39,-0.4594,0.407,15200.0
2569.25,16.16,-0.4731,0.3242,15190.0
2569.3,15.94,-0.4869,0.2414,15170.0
2569.35,16.01,-0.3843,0.3313,15140.0
2569.4,16.08,-0.2818,0.4212,15130.0
2569.45,16.2,-0.2649,0.4125,15140.0
2569.5,16.32,-0.248,0.4039,15150.0
2569.55,16.18,-0.2717,0.2786,15160.0
2569.6,16.03,-0.2954,0.1534,15170.0
2569.65,15.9,-0.007763,0.4273,15200.0
2569.7,15.78,0.2799,0.7011,15220.0
2569.75,15.76,0.5103,0.7121,15230.0
2569.8,15.73,0.7408,0.7231,15220.0
2569.85,15.58,0.6385,0.6275,15210.0
2569.9,15.43,0.5362,0.5319,15210.0
2569.95,15.59,0.3939,0.583,15210.0
2570.0,15.75,0.2516,0.6341,15200.0
2570.05,15.75,0.4958,0.7549,15180.0
2570.1,15.76,0.74,0.8758,15160.0
2570.15,15.88,0.8201,0.6794,15170.0
2570.2,16.0,0.9001,0.4831,15180.0
2570.25,16.05,0.9508,0.6572,15200.0
2570.3,16.1,1.002,0.8314,15210.0
2570.35,16.04,1.055,0.7831,15230.0
2570.4,15.98,1.109,0.7348,15250.0
2570.45,15.99,1.089,0.7924,15260.0
2570.5,15.99,1.068,0.8499,15250.0
2570.55,16.07,1.028,0.6405,15230.0
2570.6,16.15,0.9884,0.4312,15210.0
2570.65,16.1,0.7966,0.2136,15190.0
2570.7,16.05,0.6047,-0.003902,15180.0
2570.75,16.06,0.4928,0.18,15160.0
2570.8,16.07,0.381,0.3639,15150.0
2570.85,16.0,0.3493,0.3795,15170.0
2570.9,15.94,0.3177,0.3951,15190.0
2570.95,15.93,0.3983,0.3273,15220.0
2571.0,15.93,0.4789,0.2595,15240.0
2571.05,16.03,0.4285,0.3344,15270.0
2571.1,16.14,0.3782,0.4092,15290.0
2571.15,15.98,0.1897,0.3793,15280.0
2571.2,15.82,0.001194,0.3495,15250.0
2571.25,15.8,-0.1568,0.3684,15220.0
2571.3,15.77,-0.3149,0.3873,15210.0
2571.35,15.8,-0.1752,0.2764,15200.0
2571.4,15.83,-0.03543,0.1656,15200.0
2571.45,16.09,0.01632,0.1346,15200.0
2571.5,16.35,0.06807,0.1036,15210.0
2571.55,16.5,0.1387,0.1491,15240.0
2571.6,16.64,0.2094,0.1946,15270.0
2571.65,16.71,0.1413,0.1162,15280.0
2571.7,16.78,0.07325,0.0378,15290.0
2571.75,16.68,-0.1634,0.0845,15290.0
2571.8,16.57,-0.4001,0.1312,15290.0
2571.85,16.69,-0.5418,0.24,15300.0
2571.9,16.81,-0.6835,0.3487,15290.0
2571.95,16.79,-0.6676,0.4136,15270.0
2572.0,16.77,-0.6517,0.4785,15260.0
2572.05,16.71,-0.6465,0.4625,15260.0
2572.1,16.65,-0.6413,0.4465,15260.0
2572.15,16.57,-0.4602,0.6248,15260.0
2572.2,16.49,-0.2791,0.8031,15260.0
2572.25,16.33,-0.07484,0.7354,15270.0
2572.3,16.17,0.1294,0.6677,15310.0
2572.35,16.23,0.01353,0.5912,15330.0
2572.4,16.3,-0.1023,0.5146,15330.0
2572.45,16.2,-0.2808,0.5271,15330.0
2572.5,16.1,-0.4594,0.5397,15340.0
2572.55,16.01,-0.3461,0.5053,15340.0
2572.6,15.93,-0.2329,0.4709,15320.0
2572.65,15.85,-0.453,0.3664,15280.0
2572.7,15.76,-0.6732,0.2619,15270.0
2572.75,15.68,-0.4672,0.3506,15280.0
2572.8,15.6,-0.2611,0.4392,15290.0
2572.85,15.78,-0.216,0.5241,15300.0
2572.9,15.97,-0.1708,0.609,15300.0
2572.95,16.21,-0.3473,0.7235,15310.0
2573.0,16.44,-0.5239,0.838,15340.0
2573.05,16.58,-0.6071,0.8241,15360.0
2573.1,16.72,-0.6903,0.8102,15360.0
2573.15,16.64,-0.8841,0.664,15340.0
2573.2,16.55,-1.078,0.5177,15340.0
2573.25,16.6,-0.9705,0.3953,15330.0
2573.3,16.64,-0.863,0.2729,15310.0
2573.35,16.62,-0.9851,0.1716,15270.0
2573.4,16.6,-1.107,0.07024,15260.0
2573.45,16.7,-0.9663,0.2929,15270.0
2573.5,16.79,-0.8256,0.5156,15300.0
2573.55,16.86,-0.8149,0.382,15330.0
2573.6,16.93,-0.8041,0.2485,15360.0
2573.65,16.96,-0.9317,0.2178,15390.0
2573.7,16.99,-1.059,0.1871,15400.0
2573.75,17.04,-1.001,0.2535,15380.0
2573.8,17.09,-0.9427,0.32,15330.0
2573.85,17.06,-0.9566,0.2381,15280.0
2573.9,17.02,-0.9705,0.1563,15240.0
2573.95,17.09,-0.8266,0.1065,15240.0
2574.0,17.15,-0.6827,0.05658,15250.0
2574.05,17.16,-0.914,0.1144,15260.0
2574.1,17.17,-1.145,0.1722,15300.0
2574.15,17.1,-1.152,0.06268,15330.0
2574.2,17.04,-1.16,-0.04682,15350.0
2574.25,16.96,-1.055,-0.0667,15340.0
2574.3,16.88,-0.9506,-0.08658,15310.0
2574.35,16.89,-0.705,-0.2195,15280.0
2574.4,16.91,-0.4594,-0.3524,15260.0
2574.45,16.94,-0.3997,-0.6226,15230.0
2574.5,16.96,-0.34,-0.8928,15200.0
2574.55,16.74,-0.3688,-0.8198,15200.0
2574.6,16.52,-0.3977,-0.7467,15210.0
2574.65,16.43,-0.6421,-0.725,15210.0
2574.7,16.33,-0.8865,-0.7033,15220.0
2574.75,16.23,-1.0,-0.7865,15220.0
2574.8,16.14,-1.113,-0.8697,15220.0
2574.85,15.99,-1.063,-0.9545,15210.0
2574.9,15.84,-1.012,-1.039,15200.0
2574.95,15.9,-0.9978,-0.9236,15180.0
2575.0,15.96,-0.9837,-0.8077,15170.0
2575.05,15.82,-1.045,-0.5977,15150.0
2575.1,15.69,-1.106,-0.3878,15140.0
2575.15,15.64,-0.9417,-0.3742,15130.0
2575.2,15.59,-0.7771,-0.3607,15120.0
2575.25,15.62,-0.8694,-0.1147,15120.0
2575.3,15.65,-0.9618,0.1312,15120.0
2575.35,15.47,-1.007,0.2992,15120.0
2575.4,15.3,-1.051,0.4673,15120.0
2575.45,15.22,-0.873,0.3101,15120.0
2575.5,15.15,-0.6947,0.1529,15110.0
2575.55,15.2,-0.6546,0.3631,15090.0
2575.6,15.25,-0.6146,0.5734,15080.0
2575.65,15.25,-0.6322,0.6342,15080.0
2575.7,15.25,-0.6497,0.695,15090.0
2575.75,15.31,-0.5852,0.5565,15090.0
2575.8,15.37,-0.5207,0.418,15090.0
2575.85,15.4,-0.6441,0.2586,15090.0
2575.9,15.43,-0.7675,0.09926,15080.0
2575.95,15.32,-0.4853,0.04548,15060.0
2576.0,15.21,-0.203,-0.008292,15050.0
2576.05,15.14,0.1164,-0.04317,15030.0
2576.1,15.07,0.4359,-0.07804,15030.0
2576.15,15.13,0.4377,-0.01671,15030.0
2576.2,15.19,0.4395,0.04463,15040.0
2576.25,15.04,0.3684,-0.03317,15040.0
2576.3,14.89,0.2974,-0.111,15040.0
2576.35,14.89,0.1389,-0.09121,15030.0
2576.4,14.89,-0.01951,-0.07146,15020.0
2576.45,14.91,-0.1813,0.03804,15000.0
2576.5,14.93,-0.3431,0.1475,14990.0
2576.55,14.88,-0.2373,0.08755,14980.0
2576.6,14.83,-0.1314,0.02756,14980.0
2576.65,14.8,-0.04259,0.03756,14990.0
2576.7,14.78,0.04618,0.04756,14990.0
2576.75,14.78,0.08698,-0.01524,14970.0
2576.8,14.77,0.1278,-0.07804,14950.0
2576.85,14.75,0.2534,-0.04182,14940.0
2576.9,14.74,0.379,-0.005609,14930.0
2576.95,14.83,0.2183,0.005731,14930.0
2577.0,14.92,0.05772,0.01707,14930.0
2577.05,15.05,-0.08818,0.1868,14930.0
2577.1,15.18,-0.2341,0.3565,14930.0
2577.15,15.31,0.07245,0.5725,14920.0
2577.2,15.43,0.379,0.7884,14900.0
2577.25,15.53,0.4052,0.7465,14870.0
2577.3,15.64,0.4315,0.7046,14840.0
2577.35,15.63,0.4518,0.6816,14820.0
2577.4,15.62,0.4721,0.6587,14810.0
2577.45,15.46,0.577,0.5243,14800.0
2577.5,15.3,0.6819,0.39,14800.0
2577.55,14.96,0.7253,0.2989,14820.0
2577.6,14.62,0.7687,0.2078,14840.0
2577.65,14.75,0.6789,0.2491,14850.0
2577.7,14.88,0.5892,0.2905,14830.0
2577.75,14.81,0.6744,0.319,14810.0
2577.8,14.75,0.7595,0.3475,14770.0
2577.85,14.76,0.5661,0.5363,14740.0
2577.9,14.77,0.3726,0.725,14700.0
2577.95,14.97,0.3666,0.482,14680.0
2578.0,15.16,0.3607,0.239,14670.0
2578.05,15.2,0.1477,0.3202,14680.0
2578.1,15.23,-0.06529,0.4014,14710.0
2578.15,15.28,0.206,0.2579,14720.0
2578.2,15.32,0.4773,0.1144,14730.0
2578.25,15.4,0.5074,0.3302,14730.0
2578.3,15.49,0.5374,0.546,14710.0
2578.35,15.59,0.3931,0.5791,14680.0
2578.4,15.68,0.2488,0.6121,14630.0
2578.45,15.73,0.2844,0.577,14580.0
2578.5,15.78,0.3201,0.5419,14560.0
2578.55,15.89,0.2036,0.6081,14550.0
2578.6,16.01,0.08718,0.6743,14560.0
2578.65,16.03,0.1146,0.6542,14580.0
2578.7,16.05,0.1421,0.6341,14600.0
2578.75,16.14,0.3674,0.5654,14610.0
2578.8,16.22,0.5927,0.4968,14610.0
2578.85,16.16,0.6172,0.4259,14600.0
2578.9,16.1,0.6417,0.3551,14570.0
2578.95,15.93,0.5856,0.4935,14540.0
2579.0,15.76,0.5295,0.6319,14520.0
2579.05,15.62,0.5452,0.5234,14510.0
2579.1,15.47,0.5609,0.4148,14500.0
2579.15,15.43,0.6823,0.4509,14500.0
2579.2,15.38,0.8037,0.487,14510.0
2579.25,15.31,0.6216,0.4059,14520.0
2579.3,15.24,0.4395,0.3248,14510.0
2579.35,15.37,0.5912,0.2579,14500.0
2579.4,15.51,0.7428,0.191,14480.0
2579.45,15.58,0.7687,0.3719,14460.0
2579.5,15.64,0.7946,0.5529,14440.0
2579.55,15.68,0.6001,0.3642,14430.0
2579.6,15.71,0.4056,0.1756,14420.0
2579.65,15.69,0.5125,-0.04341,14420.0
2579.7,15.66,0.6194,-0.2624,14430.0
2579.75,15.81,0.739,-0.1456,14430.0
2579.8,15.95,0.8587,-0.02878,14420.0
2579.85,16.02,0.8252,-0.01683,14410.0
2579.9,16.09,0.7918,-0.004878,14380.0
2579.95,16.11,0.7966,0.2528,14350.0
2580.0,16.14,0.8013,0.5104,14310.0
2580.05,16.32,0.7229,0.5245,14280.0
2580.1,16.51,0.6445,0.5385,14260.0
2580.15,16.49,0.5424,0.6361,14260.0
2580.2,16.47,0.4403,0.7338,14270.0
2580.25,16.29,0.4126,0.4897,14290.0
2580.3,16.11,0.3849,0.2456,14320.0
2580.35,16.03,0.3766,0.217,14330.0
2580.4,15.96,0.3682,0.1885,14340.0
2580.45,15.97,0.4124,-0.06353,14320.0
2580.5,15.98,0.4566,-0.3156,14280.0
2580.55,16.05,0.5502,-0.3774,14230.0
2580.6,16.13,0.6437,-0.4392,14170.0
2580.65,16.15,0.7404,-0.5054,14120.0
2580.7,16.17,0.8372,-0.5716,14090.0
2580.75,16.17,0.8362,-0.2512,14080.0
2580.8,16.17,0.8352,0.06926,14100.0
2580.85,16.11,0.946,0.211,14160.0
2580.9,16.05,1.057,0.3526,14210.0
2580.95,15.92,0.9874,0.2789,14240.0
2581.0,15.79,0.918,0.2051,14230.0
2581.05,15.88,0.7585,0.1306,14200.0
2581.1,15.97,0.5991,0.05609,14140.0
2581.15,16.01,0.6053,0.05146,14070.0
2581.2,16.06,0.6115,0.04682,13990.0
2581.25,16.06,0.5496,0.1471,13940.0
2581.3,16.06,0.4877,0.2473,13910.0
2581.35,16.0,0.4574,0.2736,13920.0
2581.4,15.94,0.4271,0.3,13950.0
2581.45,15.85,0.6069,0.3607,13990.0
2581.5,15.76,0.7866,0.4214,14040.0
2581.55,15.7,0.7524,0.4104,14060.0
2581.6,15.63,0.7181,0.3995,14070.0
2581.65,15.67,0.623,0.4871,14060.0
2581.7,15.71,0.5279,0.5748,14030.0
2581.75,15.78,0.4258,0.4953,13980.0
2581.8,15.85,0.3236,0.4158,13920.0
2581.85,15.85,0.4552,0.2574,13870.0
2581.9,15.85,0.5868,0.09901,13830.0
2581.95,15.82,0.6481,0.23,13830.0
2582.0,15.8,0.7094,0.3609,13850.0
2582.05,15.89,0.8959,0.2347,13880.0
2582.1,15.99,1.082,0.1085,13930.0
2582.15,15.89,1.221,0.1499,13960.0
2582.2,15.8,1.36,0.1912,13970.0
2582.25,15.75,1.242,0.2684,13950.0
2582.3,15.7,1.123,0.3456,13920.0
2582.35,15.57,1.279,0.02219,13880.0
2582.4,15.45,1.435,-0.3012,13850.0
2582.45,15.3,1.542,-0.2377,13830.0
2582.5,15.15,1.65,-0.1741,13810.0
2582.55,15.11,1.567,-0.2881,13800.0
2582.6,15.07,1.484,-0.4022,13800.0
2582.65,15.09,1.587,-0.6557,13790.0
2582.7,15.11,1.69,-0.9092,13780.0
2582.75,15.23,1.741,-0.8016,13780.0
2582.8,15.34,1.793,-0.6941,13780.0
2582.85,14.91,1.675,-0.6016,13790.0
2582.9,14.49,1.557,-0.5092,13780.0
2582.95,14.59,1.674,-0.6372,13780.0
2583.0,14.7,1.791,-0.7653,13780.0
2583.05,14.82,1.857,-0.847,13770.0
2583.1,14.94,1.924,-0.9287,13770.0
2583.15,15.05,1.849,-0.8321,13760.0
2583.2,15.16,1.774,-0.7355,13760.0
2583.25,15.17,1.435,-0.7541,13750.0
2583.3,15.19,1.096,-0.7726,13730.0
2583.35,15.05,1.203,-0.8908,13690.0
2583.4,14.91,1.311,-1.009,13650.0
2583.45,14.95,1.3,-0.9444,13610.0
2583.5,15.0,1.289,-0.8799,13600.0
2583.55,14.89,1.102,-0.8564,13610.0
2583.6,14.79,0.9144,-0.8328,13640.0
2583.65,14.84,0.8097,-0.4996,13670.0
2583.7,14.88,0.705,-0.1663,13710.0
2583.75,14.92,0.7164,-0.1735,13730.0
2583.8,14.96,0.7277,-0.1807,13720.0
2583.85,14.96,0.585,-0.3786,13680.0
2583.9,14.96,0.4423,-0.5765,13620.0
2583.95,15.11,0.4767,-0.5996,13560.0
2584.0,15.26,0.5111,-0.6226,13520.0
2584.05,15.21,0.6302,-0.6203,13480.0
2584.1,15.16,0.7492,-0.618,13460.0
2584.15,15.07,0.5281,-0.6592,13470.0
2584.2,14.99,0.3069,-0.7004,13500.0
2584.25,14.99,0.1769,-0.5445,13540.0
2584.3,14.99,0.04697,-0.3885,13580.0
2584.35,14.72,0.06051,-0.4101,13600.0
2584.4,14.45,0.07404,-0.4317,13600.0
2584.45,14.48,0.1202,-0.4434,13590.0
2584.5,14.5,0.1664,-0.4551,13550.0
2584.55,14.58,0.1318,-0.4849,13500.0
2584.6,14.66,0.09713,-0.5148,13440.0
2584.65,14.71,-0.157,-0.5642,13390.0
2584.7,14.76,-0.4112,-0.6136,13370.0
2584.75,14.76,-0.3039,-0.761,13380.0
2584.8,14.75,-0.1967,-0.9084,13400.0
2584.85,14.78,-0.3262,-0.8116,13440.0
2584.9,14.8,-0.4558,-0.7148,13490.0
2584.95,14.82,-0.4321,-0.6376,13510.0
2585.0,14.84,-0.4084,-0.5604,13510.0
2585.05,14.79,-0.447,-0.7059,13490.0
2585.1,14.75,-0.4857,-0.8514,13440.0
2585.15,14.62,-0.5828,-0.9278,13400.0
2585.2,14.5,-0.6799,-1.004,13370.0
2585.25,14.49,-0.7452,-0.9629,13360.0
2585.3,14.48,-0.8105,-0.9216,13360.0
2585.35,14.44,-0.79,-0.8067,13370.0
2585.4,14.39,-0.7695,-0.6919,13380.0
2585.45,14.26,-1.004,-0.5869,13390.0
2585.5,14.13,-1.239,-0.4819,13390.0
2585.55,14.3,-1.302,-0.4142,13370.0
2585.6,14.47,-1.365,-0.3465,13360.0
2585.65,14.45,-1.43,-0.415,13340.0
2585.7,14.42,-1.494,-0.4834,13320.0
2585.75,14.47,-1.475,-0.5666,13300.0
2585.8,14.52,-1.457,-0.6499,13290.0
2585.85,14.58,-1.579,-0.6351,13290.0
2585.9,14.63,-1.702,-0.6202,13320.0
2585.95,14.52,-1.811,-0.3981,13350.0
2586.0,14.41,-1.92,-0.1761,13380.0
2586.05,14.26,-1.794,-0.1384,13390.0
2586.1,14.11,-1.669,-0.1007,13390.0
2586.15,14.01,-1.633,-0.2642,13370.0
2586.2,13.91,-1.596,-0.4278,13320.0
2586.25,14.09,-1.724,-0.5755,13260.0
2586.3,14.28,-1.853,-0.7233,13220.0
2586.35,14.41,-1.873,-0.601,13210.0
2586.4,14.55,-1.893,-0.4787,13250.0
2586.45,14.46,-1.602,-0.2481,13300.0
2586.5,14.37,-1.311,-0.01756,13350.0
2586.55,14.2,-1.251,0.02439,13400.0
2586.6,14.02,-1.19,0.06633,13430.0
2586.65,13.99,-1.184,-0.103,13430.0
2586.7,13.96,-1.179,-0.2724,13400.0
2586.75,14.17,-0.9259,-0.3153,13350.0
2586.8,14.38,-0.6732,-0.3583,13300.0
2586.85,14.25,-0.7816,-0.3948,13270.0
2586.9,14.13,-0.8901,-0.4314,13250.0
2586.95,14.07,-0.7564,-0.3414,13260.0
2587.0,14.01,-0.6226,-0.2514,13280.0
2587.05,13.9,-0.753,-0.1552,13320.0
2587.1,13.79,-0.8833,-0.05902,13360.0
2587.15,13.91,-0.8766,-0.2042,13410.0
2587.2,14.04,-0.8698,-0.3495,13430.0
2587.25,13.95,-0.8003,-0.364,13420.0
2587.3,13.86,-0.7309,-0.3785,13400.0
2587.35,13.9,-0.7211,-0.3769,13370.0
2587.4,13.94,-0.7114,-0.3753,13330.0
2587.45,14.06,-0.6722,-0.5008,13290.0
2587.5,14.17,-0.633,-0.6263,13280.0
2587.55,14.19,-0.6119,-0.4986,13290.0
2587.6,14.21,-0.5908,-0.3709,13330.0
2587.65,14.26,-0.5259,-0.1873,13360.0
2587.7,14.3,-0.461,-0.003658,13390.0
2587.75,14.34,-0.3183,0.06463,13400.0
2587.8,14.38,-0.1756,0.1329,13400.0
2587.85,14.34,-0.2221,-0.03987,13390.0
2587.9,14.3,-0.2687,-0.2127,13360.0
2587.95,14.22,-0.5002,0.0128,13340.0
2588.0,14.15,-0.7317,0.2383,13340.0
2588.05,14.34,-0.8095,0.2441,13360.0
2588.1,14.53,-0.8873,0.25,13380.0
2588.15,14.56,-0.865,0.2656,13390.0
2588.2,14.59,-0.8427,0.2812,13400.0
2588.25,14.72,-0.7448,0.2755,13410.0
2588.3,14.85,-0.6469,0.2697,13410.0
2588.35,14.98,-0.8929,0.3595,13390.0
2588.4,15.11,-1.139,0.4492,13370.0
2588.45,15.14,-1.184,0.4031,13360.0
2588.5,15.18,-1.228,0.357,13360.0
2588.55,15.1,-0.9942,0.3124,13360.0
2588.6,15.01,-0.7603,0.2678,13370.0
2588.65,15.03,-0.7359,0.3756,13390.0
2588.7,15.06,-0.7114,0.4834,13420.0
2588.75,15.3,-0.7213,0.3858,13450.0
2588.8,15.54,-0.7313,0.2883,13470.0
2588.85,15.57,-0.8007,0.2733,13470.0
2588.9,15.6,-0.8702,0.2583,13460.0
2588.95,15.73,-0.9174,0.1088,13460.0
2589.0,15.86,-0.9646,-0.04073,13440.0
2589.05,16.04,-1.025,-0.1586,13420.0
2589.1,16.22,-1.086,-0.2766,13410.0
2589.15,16.18,-1.018,-0.2128,13410.0
2589.2,16.14,-0.9502,-0.149,13430.0
2589.25,16.23,-0.9423,-0.2881,13460.0
2589.3,16.32,-0.9343,-0.4273,13500.0
2589.35,16.36,-0.9659,-0.4213,13540.0
2589.4,16.4,-0.9976,-0.4153,13580.0
2589.45,16.27,-1.016,-0.3729,13610.0
2589.5,16.13,-1.035,-0.3305,13600.0
2589.55,16.23,-1.019,-0.2044,13570.0
2589.6,16.32,-1.004,-0.07828,13530.0
2589.65,16.33,-1.049,-0.07914,13500.0
2589.7,16.35,-1.094,-0.07999,13470.0
2589.75,16.19,-0.872,-0.1475,13470.0
2589.8,16.04,-0.6497,-0.2151,13480.0
2589.85,16.06,-0.6698,-0.08231,13520.0
2589.9,16.08,-0.6899,0.05048,13580.0
2589.95,16.14,-0.8879,0.08719,13630.0
2590.0,16.2,-1.086,0.1239,13660.0
2590.05,16.44,-1.112,0.05597,13660.0
2590.1,16.67,-1.137,-0.01195,13650.0
2590.15,16.79,-1.187,-0.0806,13620.0
2590.2,16.92,-1.238,-0.1493,13580.0
2590.25,16.82,-1.175,0.05573,13540.0
2590.3,16.73,-1.112,0.2607,13530.0
2590.35,16.84,-1.061,0.2474,13550.0
2590.4,16.96,-1.009,0.2341,13580.0
2590.45,17.0,-1.053,0.09145,13620.0
2590.5,17.04,-1.096,-0.05121,13650.0
2590.55,17.01,-1.015,0.05414,13680.0
2590.6,16.98,-0.9343,0.1595,13690.0
2590.65,17.0,-1.056,-0.009267,13680.0
2590.7,17.02,-1.177,-0.178,13650.0
2590.75,17.02,-1.337,-0.2318,13620.0
2590.8,17.02,-1.497,-0.2856,13600.0
2590.85,17.01,-1.429,-0.5391,13600.0
2590.9,16.99,-1.361,-0.7926,13610.0
2590.95,16.96,-1.299,-0.7308,13630.0
2591.0,16.93,-1.237,-0.669,13650.0
2591.05,16.99,-1.08,-0.7213,13690.0
2591.1,17.06,-0.9236,-0.7736,13720.0
2591.15,17.1,-0.8879,-0.7738,13730.0
2591.2,17.14,-0.8523,-0.7741,13740.0
2591.25,17.07,-0.701,-0.8822,13730.0
2591.3,17.01,-0.5498,-0.9904,13730.0
2591.35,17.1,-0.6763,-0.761,13720.0
2591.4,17.19,-0.8029,-0.5316,13710.0
2591.45,17.18,-0.7781,-0.4885,13700.0
2591.5,17.16,-0.7532,-0.4453,13710.0
2591.55,17.21,-0.5999,-0.3706,13750.0
2591.6,17.25,-0.4466,-0.2958,13790.0
2591.65,17.2,-0.6371,-0.1569,13820.0
2591.7,17.15,-0.8276,-0.01805,13840.0
2591.75,17.12,-0.7681,0.2241,13860.0
2591.8,17.1,-0.7086,0.4663,13870.0
2591.85,17.14,-0.6548,0.4132,13870.0
2591.9,17.18,-0.6011,0.3602,13860.0
2591.95,17.11,-0.6268,0.2381,13870.0
2592.0,17.04,-0.6525,0.1161,13900.0
2592.05,16.95,-0.4787,0.109,13940.0
2592.1,16.87,-0.3049,0.1019,13960.0
2592.15,16.69,-0.1702,0.001585,13970.0
2592.2,16.52,-0.03543,-0.09877,13990.0
2592.25,16.41,-0.1771,-0.2917,14000.0
2592.3,16.29,-0.3189,-0.4846,14000.0
2592.35,16.42,-0.1785,-0.5169,13990.0
2592.4,16.55,-0.03822,-0.5492,13980.0
2592.45,16.63,-0.07583,-0.6576,13980.0
2592.5,16.71,-0.1135,-0.766,14000.0
2592.55,16.92,-0.2978,-0.6854,14030.0
2592.6,17.12,-0.4821,-0.6048,14050.0
2592.65,17.08,-0.5937,-0.451,14080.0
2592.7,17.04,-0.7054,-0.2973,14120.0
2592.75,16.96,-0.7639,-0.2412,14140.0
2592.8,16.88,-0.8224,-0.1851,14140.0
2592.85,16.75,-0.7008,-0.4646,14130.0
2592.9,16.62,-0.5792,-0.7441,14110.0
2592.95,16.5,-0.489,-0.6921,14100.0
2593.0,16.38,-0.3989,-0.6402,14090.0
2593.05,16.21,-0.3977,-0.538,14080.0
2593.1,16.03,-0.3965,-0.4358,14080.0
2593.15,16.17,-0.5744,-0.6027,14100.0
2593.2,16.31,-0.7524,-0.7697,14140.0
2593.25,16.25,-0.6242,-0.7325,14180.0
2593.3,16.18,-0.496,-0.6953,14210.0
2593.35,16.13,-0.6228,-0.7155,14230.0
2593.4,16.09,-0.7496,-0.7358,14240.0
2593.45,15.91,-0.6841,-0.8631,14240.0
2593.5,15.74,-0.6186,-0.9904,14230.0
2593.55,15.77,-0.7074,-1.275,14200.0
2593.6,15.8,-0.7962,-1.56,14190.0
2593.65,15.74,-0.8121,-1.53,14190.0
2593.7,15.68,-0.828,-1.5,14200.0
2593.75,15.71,-0.8338,-1.251,14210.0
2593.8,15.73,-0.8396,-1.003,14230.0
2593.85,15.67,-0.8497,-0.837,14250.0
2593.9,15.6,-0.8599,-0.6709,14270.0
2593.95,15.6,-0.8939,-0.6659,14290.0
2594.0,15.59,-0.9279,-0.6609,14300.0
2594.05,15.77,-1.071,-0.6941,14300.0
2594.1,15.95,-1.215,-0.7272,14290.0
2594.15,15.8,-1.154,-0.7614,14290.0
2594.2,15.66,-1.093,-0.7955,14290.0
2594.25,15.72,-0.8897,-0.8378,14290.0
2594.3,15.78,-0.6867,-0.8801,14300.0
2594.35,15.8,-0.5615,-0.7443,14320.0
2594.4,15.83,-0.4363,-0.6085,14340.0
2594.45,15.87,-0.3101,-0.6126,14340.0
2594.5,15.92,-0.1839,-0.6168,14330.0
2594.55,16.06,-0.2874,-0.6638,14330.0
2594.6,16.2,-0.3909,-0.7109,14340.0
2594.65,16.22,-0.2596,-0.8372,14360.0
2594.7,16.23,-0.1282,-0.9636,14380.0
2594.75,16.32,-0.1397,-1.096,14410.0
2594.8,16.41,-0.1513,-1.228,14450.0
2594.85,16.31,-0.6041,-1.085,14470.0
2594.9,16.21,-1.057,-0.9416,14480.0
2594.95,16.23,-1.118,-0.9549,14470.0
2595.0,16.26,-1.178,-0.9682,14460.0
2595.05,16.41,-1.127,-0.974,14440.0
2595.1,16.56,-1.076,-0.9799,14430.0
2595.15,16.61,-0.9335,-0.9654,14430.0
2595.2,16.66,-0.791,-0.9509,14440.0
2595.25,16.7,-0.8672,-0.7196,14470.0
2595.3,16.74,-0.9435,-0.4882,14510.0
2595.35,16.63,-1.024,-0.4589,14560.0
2595.4,16.52,-1.105,-0.4295,14590.0
2595.45,16.66,-1.06,-0.5177,14610.0
2595.5,16.8,-1.015,-0.606,14630.0
2595.55,16.61,-1.048,-0.6514,14630.0
2595.6,16.41,-1.08,-0.6968,14610.0
2595.65,16.57,-0.9839,-0.7346,14590.0
2595.7,16.73,-0.8877,-0.7724,14570.0
2595.75,16.75,-0.822,-0.7409,14570.0
2595.8,16.78,-0.7564,-0.7094,14580.0
2595.85,16.84,-0.7488,-0.621,14610.0
2595.9,16.9,-0.7412,-0.5326,14640.0
2595.95,16.82,-0.6385,-0.3439,14690.0
2596.0,16.74,-0.5358,-0.1551,14730.0
2596.05,16.85,-0.4685,-0.1874,14760.0
2596.1,16.95,-0.4013,-0.2197,14760.0
2596.15,16.91,-0.4652,-0.3158,14750.0
2596.2,16.87,-0.5291,-0.4119,14730.0
2596.25,17.09,-0.6479,-0.4221,14720.0
2596.3,17.32,-0.7667,-0.4324,14720.0
2596.35,17.46,-0.7014,-0.441,14730.0
2596.4,17.6,-0.6361,-0.4497,14750.0
2596.45,17.7,-0.5858,-0.4167,14770.0
2596.5,17.79,-0.5354,-0.3836,14800.0
2596.55,17.86,-0.4681,-0.1884,14810.0
2596.6,17.93,-0.4009,0.006829,14820.0
2596.65,17.8,-0.4244,-0.1083,14810.0
2596.7,17.66,-0.4478,-0.2234,14820.0
2596.75,17.63,-0.3559,-0.1756,14820.0
2596.8,17.59,-0.2639,-0.1278,14820.0
2596.85,17.62,-0.2834,-0.1549,14820.0
2596.9,17.65,-0.3029,-0.1819,14840.0
2596.95,17.8,-0.1901,-0.3008,14860.0
2597.0,17.96,-0.07723,-0.4197,14880.0
2597.05,17.89,-0.2201,-0.3378,14880.0
2597.1,17.82,-0.3631,-0.2558,14860.0
2597.15,17.68,-0.2675,-0.1957,14840.0
2597.2,17.54,-0.172,-0.1356,14820.0
2597.25,17.66,-0.2237,-0.0745,14810.0
2597.3,17.78,-0.2755,-0.01341,14810.0
2597.35,17.7,-0.2677,0.05768,14830.0
2597.4,17.62,-0.2599,0.1288,14870.0
2597.45,17.56,-0.4349,-0.2244,14910.0
2597.5,17.5,-0.6099,-0.5775,14950.0
2597.55,17.58,-0.5673,-0.6224,14960.0
2597.6,17.65,-0.5247,-0.6672,14960.0
2597.65,17.69,-0.5577,-0.6204,14940.0
2597.7,17.72,-0.5908,-0.5736,14930.0
2597.75,17.7,-0.4747,-0.4328,14910.0
2597.8,17.68,-0.3587,-0.2919,14890.0
2597.85,17.81,-0.1288,-0.2734,14890.0
2597.9,17.94,0.1011,-0.2548,14910.0
2597.95,18.1,-0.1959,-0.4176,14940.0
2598.0,18.26,-0.4928,-0.5804,14960.0
2598.05,18.05,-0.6308,-0.6737,14980.0
2598.1,17.84,-0.7687,-0.767,15010.0
2598.15,17.63,-0.833,-0.5809,15030.0
2598.2,17.42,-0.8973,-0.3948,15040.0
2598.25,17.49,-0.9761,-0.2614,15050.0
2598.3,17.55,-1.055,-0.128,15070.0
2598.35,17.56,-1.064,-0.07767,15080.0
2598.4,17.57,-1.074,-0.02731,15090.0
2598.45,17.52,-1.192,0.04317,15090.0
2598.5,17.47,-1.31,0.1136,15090.0
2598.55,17.53,-1.127,0.1341,15100.0
2598.6,17.59,-0.9427,0.1546,15100.0
2598.65,17.56,-0.8987,0.1085,15110.0
2598.7,17.54,-0.8547,0.06243,15120.0
2598.75,17.52,-0.9659,0.1273,15150.0
2598.8,17.49,-1.077,0.1922,15180.0
2598.85,17.52,-0.8859,0.2252,15210.0
2598.9,17.54,-0.6947,0.2583,15240.0
2598.95,17.65,-0.7074,0.2992,15250.0
2599.0,17.75,-0.7201,0.3402,15260.0
2599.05,17.87,-0.7251,0.5181,15260.0
2599.1,17.98,-0.7301,0.696,15260.0
2599.15,18.26,-0.8187,0.6568,15250.0
2599.2,18.53,-0.9072,0.6175,15240.0
2599.25,18.51,-0.508,0.5729,15230.0
2599.3,18.48,-0.1087,0.5282,15230.0
2599.35,18.55,-0.5535,0.5485,15230.0
2599.4,18.62,-0.9984,0.5687,15250.0
2599.45,18.65,-1.056,0.5634,15280.0
2599.5,18.68,-1.113,0.558,15300.0
2599.55,18.81,-1.011,0.4174,15320.0
2599.6,18.95,-0.9084,0.2768,15330.0
2599.65,18.89,-0.8195,0.3784,15330.0
2599.7,18.83,-0.7305,0.4799,15310.0
2599.75,18.83,-0.5963,0.4519,15290.0
2599.8,18.84,-0.4622,0.4239,15260.0
2599.85,18.82,-0.6031,0.3325,15250.0
2599.9,18.8,-0.744,0.2412,15260.0
2599.95,18.66,-0.7639,0.2167,15260.0
2600.0,18.52,-0.7838,0.1922,15270.0
2600.05,18.34,-0.8167,0.1343,15290.0
2600.1,18.16,-0.8495,0.07633,15320.0
2600.15,18.2,-0.7814,-0.04536,15350.0
2600.2,18.25,-0.7134,-0.1671,15370.0
2600.25,18.35,-0.6612,-0.1706,15380.0
2600.3,18.45,-0.6091,-0.1741,15370.0
2600.35,18.26,-0.6256,-0.1466,15360.0
2600.4,18.07,-0.6421,-0.119,15330.0
2600.45,18.1,-0.6499,-0.07853,15320.0
2600.5,18.13,-0.6576,-0.03804,15320.0
2600.55,18.12,-0.7056,0.1007,15330.0
2600.6,18.11,-0.7536,0.2395,15350.0
2600.65,18.03,-0.7211,0.118,15360.0
2600.7,17.95,-0.6887,-0.003414,15360.0
2600.75,17.89,-0.4496,-0.01512,15360.0
2600.8,17.82,-0.2106,-0.02683,15370.0
2600.85,17.8,-0.3364,-0.001951,15370.0
2600.9,17.78,-0.4622,0.02292,15380.0
2600.95,17.84,-0.3786,0.06841,15400.0
2601.0,17.89,-0.295,0.1139,15420.0
2601.05,17.86,-0.2136,0.2609,15440.0
2601.1,17.83,-0.1322,0.408,15440.0
2601.15,17.69,-0.0199,0.3126,15420.0
2601.2,17.56,0.09236,0.2173,15410.0
2601.25,17.55,-0.1998,0.2364,15390.0
2601.3,17.53,-0.492,0.2556,15380.0
2601.35,17.57,-0.5187,0.451,15370.0
2601.4,17.6,-0.5454,0.6465,15380.0
2601.45,17.59,-0.4114,0.4628,15410.0
2601.5,17.58,-0.2775,0.279,15450.0
2601.55,17.6,-0.09614,0.3106,15480.0
2601.6,17.62,0.08519,0.3422,15500.0
2601.65,17.69,-0.05673,0.2872,15500.0
2601.7,17.77,-0.1986,0.2322,15510.0
2601.75,17.59,-0.3125,-0.09536,15490.0
2601.8,17.42,-0.4263,-0.4229,15470.0
2601.85,17.19,-0.3581,-0.5273,15440.0
2601.9,16.96,-0.2898,-0.6316,15430.0
2601.95,16.81,-0.2164,-0.3914,15440.0
2602.0,16.66,-0.1429,-0.1512,15450.0
2602.05,16.68,-0.3089,-0.1051,15450.0
2602.1,16.7,-0.4749,-0.05902,15450.0
2602.15,16.89,-0.2725,-0.05207,15460.0
2602.2,17.08,-0.07006,-0.04512,15460.0
2602.25,17.19,-0.006966,0.04719,15470.0
2602.3,17.3,0.05613,0.1395,15490.0
2602.35,17.32,-0.1017,0.1708,15510.0
2602.4,17.35,-0.2596,0.2022,15540.0
2602.45,17.41,-0.05653,0.1902,15550.0
2602.5,17.46,0.1465,0.1783,15530.0
2602.55,17.56,0.2181,0.1749,15490.0
2602.6,17.66,0.2898,0.1714,15470.0
2602.65,17.72,0.3469,0.1896,15450.0
2602.7,17.78,0.4041,0.2078,15450.0
2602.75,17.76,0.543,0.2969,15470.0
2602.8,17.73,0.6819,0.3861,15500.0
2602.85,17.7,0.6769,0.1083,15550.0
2602.9,17.66,0.672,-0.1695,15600.0
2602.95,17.53,0.7424,-0.3948,15630.0
2603.0,17.41,0.8129,-0.6202,15630.0
2603.05,17.33,0.8135,-0.6175,15610.0
2603.1,17.26,0.8141,-0.6148,15580.0
2603.15,17.26,0.4675,-0.3497,15550.0
2603.2,17.25,0.121,-0.08462,15530.0
2603.25,17.31,0.203,-0.1061,15530.0
2603.3,17.37,0.285,-0.1275,15550.0
2603.35,17.58,0.1684,-0.2179,15590.0
2603.4,17.78,0.05175,-0.3083,15640.0
2603.45,17.83,-0.1499,-0.3614,15660.0
2603.5,17.89,-0.3515,-0.4146,15660.0
2603.55,17.78,-0.2777,-0.503,15650.0
2603.6,17.68,-0.2038,-0.5914,15620.0
2603.65,17.65,-0.2243,-0.4832,15580.0
2603.7,17.62,-0.2448,-0.3751,15550.0
2603.75,17.6,-0.2118,-0.318,15530.0
2603.8,17.57,-0.1787,-0.2609,15540.0
2603.85,17.62,-0.128,-0.05085,15560.0
2603.9,17.67,-0.07723,0.1593,15590.0
2603.95,17.75,-0.03802,0.002195,15630.0
2604.0,17.82,0.001194,-0.1549,15650.0
2604.05,17.9,-0.1767,-0.2106,15640.0
2604.1,17.98,-0.3547,-0.2663,15620.0
2604.15,17.98,-0.4451,-0.1001,15580.0
2604.2,17.99,-0.5354,0.06609,15550.0
2604.25,17.99,-0.5086,0.1222,15520.0
2604.3,17.99,-0.4817,0.1783,15510.0
2604.35,17.85,-0.4695,0.07926,15510.0
2604.4,17.71,-0.4574,-0.01975,15530.0
2604.45,17.94,-0.3507,-0.1378,15540.0
2604.5,18.16,-0.244,-0.2558,15560.0
2604.55,17.98,-0.2695,0.0161,15570.0
2604.6,17.79,-0.295,0.288,15570.0
2604.65,17.64,-0.1907,0.3102,15550.0
2604.7,17.48,-0.08638,0.3324,15520.0
2604.75,17.25,0.1421,0.3396,15500.0
2604.8,17.02,0.3706,0.3468,15480.0
2604.85,16.93,0.377,0.2955,15470.0
2604.9,16.84,0.3834,0.2441,15460.0
2604.95,16.76,0.1162,0.1677,15480.0
2605.0,16.68,-0.1509,0.09121,15500.0
2605.05,16.77,-0.2629,0.2074,15510.0
2605.1,16.87,-0.375,0.3236,15510.0
2605.15,16.78,-0.4685,0.1963,15500.0
2605.2,16.7,-0.5621,0.06902,15490.0
2605.25,16.59,-0.4504,-0.01073,15480.0
2605.3,16.48,-0.3388,-0.09048,15470.0
2605.35,16.44,-0.3698,-0.04341,15460.0
2605.4,16.4,-0.4009,0.003658,15460.0
2605.45,16.36,-0.5078,-0.08206,15460.0
2605.5,16.32,-0.6146,-0.1678,15460.0
2605.55,16.29,-0.4086,-0.2079,15460.0
2605.6,16.26,-0.2026,-0.248,15450.0
2605.65,16.36,0.01075,-0.4391,15460.0
2605.7,16.46,0.2241,-0.6302,15460.0
2605.75,16.47,0.2365,-0.4749,15460.0
2605.8,16.49,0.2488,-0.3197,15450.0
2605.85,16.4,0.3276,-0.3295,15440.0
2605.9,16.32,0.4064,-0.3392,15440.0
2605.95,16.32,0.3619,0.07841,15440.0
2606.0,16.32,0.3173,0.496,15450.0
2606.05,16.34,0.2703,0.458,15460.0
2606.1,16.36,0.2233,0.42,15460.0
2606.15,16.53,0.1025,0.4665,15450.0
2606.2,16.7,-0.01831,0.5131,15430.0
2606.25,16.83,-0.2592,0.7641,15400.0
2606.3,16.97,-0.5,1.015,15370.0
2606.35,16.88,-0.2633,0.8448,15350.0
2606.4,16.8,-0.02667,0.6746,15360.0
2606.45,16.61,-0.2777,0.5625,15380.0
2606.5,16.43,-0.5287,0.4504,15400.0
2606.55,16.4,-0.6479,0.3034,15410.0
2606.6,16.37,-0.7671,0.1563,15410.0
2606.65,16.36,-0.5919,-0.0617,15400.0
2606.7,16.34,-0.4168,-0.2797,15370.0
2606.75,16.5,-0.5629,-0.1516,15340.0
2606.8,16.66,-0.709,-0.02341,15310.0
2606.85,16.51,-0.7468,0.002683,15310.0
2606.9,16.37,-0.7846,0.02878,15310.0
2606.95,16.42,-0.8396,0.0228,15320.0
2607.0,16.47,-0.8945,0.01683,15340.0
2607.05,16.36,-0.9534,-0.03134,15340.0
2607.1,16.26,-1.012,-0.0795,15340.0
2607.15,16.17,-1.049,-0.1183,15310.0
2607.2,16.09,-1.086,-0.1571,15280.0
2607.25,16.12,-1.103,0.05463,15260.0
2607.3,16.15,-1.121,0.2663,15260.0
2607.35,16.06,-1.075,0.2802,15270.0
2607.4,15.97,-1.029,0.2941,15280.0
2607.45,16.05,-1.071,0.1316,15280.0
2607.5,16.13,-1.114,-0.03097,15300.0
2607.55,16.06,-1.053,-0.2099,15310.0
2607.6,15.99,-0.9916,-0.3887,15310.0
2607.65,16.13,-0.9516,-0.2131,15300.0
2607.7,16.27,-0.9116,-0.03756,15280.0
2607.75,16.42,-0.7478,0.1694,15270.0
2607.8,16.56,-0.584,0.3763,15250.0
2607.85,16.58,-0.4869,0.3208,15240.0
2607.9,16.6,-0.3897,0.2653,15230.0
2607.95,16.58,-0.5139,0.1974,15240.0
2608.0,16.56,-0.6381,0.1295,15260.0
2608.05,16.49,-0.7532,0.1444,15270.0
2608.1,16.42,-0.8682,0.1593,15280.0
2608.15,16.36,-0.9247,0.006585,15290.0
2608.2,16.3,-0.9813,-0.1461,15290.0
2608.25,16.5,-1.126,0.1251,15290.0
2608.3,16.71,-1.271,0.3963,15270.0
2608.35,16.64,-1.19,0.244,15250.0
2608.4,16.58,-1.11,0.0917,15230.0
2608.45,16.69,-1.108,0.1138,15220.0
2608.5,16.81,-1.107,0.1358,15220.0
2608.55,16.87,-0.958,-0.07511,15220.0
2608.6,16.94,-0.8093,-0.2861,15230.0
2608.65,16.86,-0.9996,-0.4673,15250.0
2608.7,16.78,-1.19,-0.6485,15260.0
2608.75,16.64,-1.231,-0.6677,15260.0
2608.8,16.5,-1.273,-0.687,15250.0
2608.85,16.59,-1.241,-0.586,15220.0
2608.9,16.69,-1.209,-0.4851,15190.0
2608.95,16.7,-0.8702,-0.4775,15170.0
2609.0,16.71,-0.531,-0.4699,15160.0
2609.05,16.71,-0.4023,-0.2474,15170.0
2609.1,16.71,-0.2735,-0.02488,15180.0
2609.15,16.47,-0.4425,0.06816,15190.0
2609.2,16.23,-0.6115,0.1612,15180.0
2609.25,16.1,-0.7442,0.07621,15160.0
2609.3,15.98,-0.877,-0.00878,15150.0
2609.35,15.96,-0.9397,-0.116,15140.0
2609.4,15.93,-1.002,-0.2231,15130.0
2609.45,16.15,-1.107,-0.154,15110.0
2609.5,16.36,-1.213,-0.08487,15100.0
2609.55,16.07,-1.12,-0.04914,15100.0
2609.6,15.78,-1.028,-0.01341,15090.0
2609.65,15.93,-0.8262,0.0002439,15070.0
2609.7,16.07,-0.6242,0.0139,15050.0
2609.75,15.92,-0.4837,-0.06829,15050.0
2609.8,15.77,-0.3431,-0.1505,15050.0
2609.85,15.63,-0.5056,-0.03926,15060.0
2609.9,15.48,-0.668,0.07194,15060.0
2609.95,15.49,-0.8214,0.1278,15060.0
2610.0,15.49,-0.9749,0.1836,15060.0
2610.05,15.55,-1.037,0.1768,15060.0
2610.1,15.6,-1.099,0.17,15040.0
2610.15,15.51,-0.8599,0.104,15000.0
2610.2,15.41,-0.621,0.03804,14980.0
2610.25,15.46,-0.6266,0.1483,14960.0
2610.3,15.5,-0.6322,0.2585,14960.0
2610.35,15.63,-0.4455,0.2377,14960.0
2610.4,15.75,-0.2588,0.2168,14970.0
2610.45,15.62,-0.08818,0.5106,14990.0
2610.5,15.49,0.0824,0.8043,15010.0
2610.55,15.54,0.1148,0.8069,15010.0
2610.6,15.59,0.1473,0.8094,15000.0
2610.65,15.62,0.1137,0.7737,14990.0
2610.7,15.65,0.08001,0.738,14970.0
2610.75,15.55,0.1053,0.4436,14950.0
2610.8,15.46,0.1306,0.1493,14920.0
2610.85,15.53,0.00836,-0.09279,14900.0
2610.9,15.61,-0.1139,-0.3348,14880.0
2610.95,15.7,-0.1634,-0.1968,14880.0
2611.0,15.79,-0.213,-0.05877,14890.0
2611.05,15.66,-0.2685,-0.03487,14900.0
2611.1,15.52,-0.324,-0.01097,14900.0
2611.15,15.52,-0.3485,0.02244,14900.0
2611.2,15.52,-0.373,0.05585,14900.0
2611.25,15.4,-0.4566,-0.08255,14890.0
2611.3,15.28,-0.5402,-0.221,14860.0
2611.35,15.39,-0.7082,-0.3929,14830.0
2611.4,15.49,-0.8762,-0.5648,14800.0
2611.45,15.64,-0.8199,-0.6099,14790.0
2611.5,15.79,-0.7635,-0.655,14770.0
2611.55,15.91,-0.6873,-0.541,14770.0
2611.6,16.04,-0.6111,-0.427,14780.0
2611.65,16.04,-0.4869,-0.4652,14790.0
2611.7,16.04,-0.3627,-0.5034,14800.0
2611.75,15.91,-0.4839,-0.6796,14790.0
2611.8,15.78,-0.6051,-0.8558,14770.0
2611.85,15.72,-0.6031,-0.7325,14740.0
2611.9,15.67,-0.6011,-0.6092,14710.0
2611.95,15.59,-0.4642,-0.7459,14690.0
2612.0,15.5,-0.3272,-0.8826,14670.0
2612.05,15.5,-0.3195,-0.856,14670.0
2612.1,15.49,-0.3117,-0.8294,14670.0
2612.15,15.7,-0.3859,-0.9744,14690.0
2612.2,15.91,-0.4602,-1.119,14710.0
2612.25,15.81,-0.5621,-1.052,14730.0
2612.3,15.72,-0.664,-0.9843,14730.0
2612.35,15.5,-0.7534,-0.8925,14710.0
2612.4,15.29,-0.8427,-0.8006,14670.0
2612.45,15.21,-1.136,-0.788,14630.0
2612.5,15.13,-1.429,-0.7753,14590.0
2612.55,15.22,-1.414,-0.6924,14570.0
2612.6,15.32,-1.4,-0.6094,14580.0
2612.65,15.26,-1.309,-0.6586,14620.0
2612.7,15.21,-1.219,-0.7077,14670.0
2612.75,15.23,-1.302,-0.626,14690.0
2612.8,15.25,-1.386,-0.5443,14680.0
2612.85,15.31,-1.376,-0.5774,14650.0
2612.9,15.37,-1.366,-0.6104,14610.0
2612.95,15.31,-1.274,-0.6313,14560.0
2613.0,15.25,-1.181,-0.6521,14520.0
2613.05,15.18,-0.9652,-0.6358,14510.0
2613.1,15.11,-0.7492,-0.6194,14530.0
2613.15,15.13,-0.3891,-0.5546,14550.0
2613.2,15.15,-0.02906,-0.4897,14580.0
2613.25,15.22,-0.1373,-0.5038,14580.0
2613.3,15.29,-0.2456,-0.518,14580.0
2613.35,15.4,-0.04737,-0.4514,14550.0
2613.4,15.51,0.1509,-0.3848,14520.0
2613.45,15.6,0.04518,-0.2219,14490.0
2613.5,15.69,-0.06051,-0.05902,14450.0
2613.55,15.63,-0.3541,0.03719,14430.0
2613.6,15.57,-0.6477,0.1334,14420.0
2613.65,15.54,-0.336,-0.007072,14430.0
2613.7,15.5,-0.02428,-0.1475,14430.0
2613.75,15.33,0.003384,-0.05292,14430.0
2613.8,15.16,0.03105,0.0417,14420.0
2613.85,15.13,-0.09514,0.06036,14420.0
2613.9,15.1,-0.2213,0.07902,14410.0
2613.95,15.09,-0.2162,-0.002561,14380.0
2614.0,15.07,-0.211,-0.08414,14360.0
2614.05,15.05,-0.3585,0.04024,14330.0
2614.1,15.04,-0.506,0.1646,14300.0
2614.15,15.01,-0.5886,-0.1108,14280.0
2614.2,14.97,-0.6712,-0.3863,14280.0
2614.25,15.15,-0.547,-0.3352,14290.0
2614.3,15.32,-0.4228,-0.2841,14300.0
2614.35,15.4,-0.3318,-0.3031,14300.0
2614.4,15.48,-0.2408,-0.3222,14290.0
2614.45,15.2,-0.536,-0.3118,14260.0
2614.5,14.92,-0.8312,-0.3014,14230.0
2614.55,14.66,-0.9299,-0.5159,14190.0
2614.6,14.4,-1.029,-0.7304,14160.0
2614.65,14.48,-1.107,-0.5664,14150.0
2614.7,14.57,-1.186,-0.4024,14150.0
2614.75,14.72,-1.096,-0.3044,14170.0
2614.8,14.87,-1.005,-0.2063,14180.0
2614.85,14.81,-1.003,-0.2249,14180.0
2614.9,14.75,-1.002,-0.2434,14170.0
2614.95,14.85,-0.8656,-0.295,14140.0
2615.0,14.96,-0.7297,-0.3465,14110.0
2615.05,15.01,-0.6658,-0.2924,14080.0
2615.1,15.07,-0.6019,-0.2383,14050.0
2615.15,14.99,-0.5635,-0.1479,14030.0
2615.2,14.92,-0.5251,-0.05755,14020.0
2615.25,14.93,-0.379,0.05414,14030.0
2615.3,14.94,-0.2329,0.1658,14030.0
2615.35,14.87,-0.0613,0.07511,14030.0
2615.4,14.79,0.1103,-0.01561,14030.0
2615.45,14.81,0.07106,-0.03829,14030.0
2615.5,14.83,0.03185,-0.06097,14020.0
2615.55,14.71,-0.03443,-0.06109,14010.0
2615.6,14.58,-0.1007,-0.06121,13990.0
2615.65,14.71,-0.03583,-0.2127,13970.0
2615.7,14.84,0.02906,-0.3641,13950.0
2615.75,14.81,-0.1015,-0.2494,13920.0
2615.8,14.79,-0.2321,-0.1346,13900.0
2615.85,14.56,-0.2635,-0.09365,13900.0
2615.9,14.33,-0.295,-0.05268,13900.0
2615.95,14.26,-0.2902,-0.02841,13910.0
2616.0,14.19,-0.2854,-0.004146,13910.0
2616.05,14.02,-0.5215,-0.1494,13900.0
2616.1,13.86,-0.7576,-0.2946,13880.0
2616.15,13.71,-0.7707,-0.2161,13860.0
2616.2,13.56,-0.7838,-0.1375,13830.0
2616.25,13.48,-0.5302,-0.2762,13790.0
2616.3,13.41,-0.2767,-0.4148,13770.0
2616.35,13.39,-0.3481,-0.4262,13780.0
2616.4,13.37,-0.4196,-0.4375,13800.0
2616.45,13.38,-0.3037,-0.4319,13830.0
2616.5,13.4,-0.1879,-0.4263,13840.0
2616.55,13.49,-0.3336,-0.4164,13830.0
2616.6,13.57,-0.4793,-0.4065,13810.0
2616.65,13.46,-0.5093,-0.4999,13770.0
2616.7,13.34,-0.5394,-0.5933,13720.0
2616.75,13.53,-0.406,-0.6892,13670.0
2616.8,13.72,-0.2727,-0.785,13630.0
2616.85,13.7,-0.4457,-0.7322,13640.0
2616.9,13.68,-0.6186,-0.6794,13670.0
2616.95,13.7,-0.666,-0.6304,13710.0
2617.0,13.72,-0.7134,-0.5814,13740.0
2617.05,13.62,-0.5766,-0.4556,13760.0
2617.1,13.52,-0.4399,-0.3297,13760.0
2617.15,13.43,-0.372,-0.4498,13720.0
2617.2,13.34,-0.3041,-0.5699,13660.0
2617.25,13.47,-0.2154,-0.7843,13590.0
2617.3,13.6,-0.1266,-0.9987,13540.0
2617.35,13.54,-0.2568,-0.7731,13530.0
2617.4,13.48,-0.3869,-0.5475,13530.0
2617.45,13.63,-0.3843,-0.5773,13540.0
2617.5,13.79,-0.3818,-0.607,13570.0
2617.55,13.61,-0.2564,-0.6076,13600.0
2617.6,13.44,-0.131,-0.6082,13620.0
2617.65,13.17,-0.09833,-0.5863,13600.0
2617.7,12.9,-0.06568,-0.5643,13570.0
2617.75,12.79,0.02607,-0.7182,13540.0
2617.8,12.69,0.1178,-0.8721,13510.0
2617.85,12.86,0.07205,-0.6927,13490.0
2617.9,13.04,0.02627,-0.5134,13460.0
2617.95,13.18,0.2398,-0.4943,13440.0
2618.0,13.33,0.4534,-0.4753,13440.0
2618.05,13.18,0.4779,-0.4432,13450.0
2618.1,13.03,0.5024,-0.4112,13460.0
2618.15,12.91,0.7337,-0.3942,13470.0
2618.2,12.8,0.965,-0.3773,13470.0
2618.25,12.77,0.9886,-0.0745,13460.0
2618.3,12.73,1.012,0.2283,13440.0
2618.35,12.78,1.077,0.188,13410.0
2618.4,12.83,1.141,0.1478,13370.0
2618.45,12.7,1.264,0.1723,13360.0
2618.5,12.57,1.387,0.1968,13360.0
2618.55,12.49,1.409,0.3345,13370.0
2618.6,12.42,1.43,0.4721,13380.0
2618.65,12.55,1.255,0.506,13380.0
2618.7,12.67,1.079,0.5399,13370.0
2618.75,12.85,1.123,0.3086,13350.0
2618.8,13.02,1.166,0.07731,13320.0
2618.85,12.85,1.261,0.1186,13280.0
2618.9,12.68,1.357,0.16,13250.0
2618.95,12.67,1.386,0.3735,13230.0
2619.0,12.65,1.416,0.587,13230.0
2619.05,12.62,1.427,0.5163,13230.0
2619.1,12.58,1.437,0.4456,13230.0
2619.15,12.34,1.309,0.4865,13230.0
2619.2,12.09,1.18,0.5275,13230.0
2619.25,11.96,1.166,0.5688,13230.0
2619.3,11.83,1.152,0.6102,13240.0
2619.35,11.71,1.167,0.5008,13240.0
2619.4,11.6,1.183,0.3914,13230.0
2619.45,11.63,1.118,0.3463,13210.0
2619.5,11.67,1.053,0.3012,13170.0
2619.55,11.66,0.8344,0.3303,13120.0
2619.6,11.65,0.6154,0.3595,13080.0
2619.65,11.43,0.5249,0.3295,13050.0
2619.7,11.22,0.4343,0.2995,13040.0
2619.75,11.25,0.4518,-0.006707,13050.0
2619.8,11.28,0.4693,-0.3129,13080.0
2619.85,11.33,0.1318,-0.4579,13120.0
2619.9,11.38,-0.2058,-0.6029,13160.0
2619.95,11.24,-0.1421,-0.4647,13170.0
2620.0,11.09,-0.07842,-0.3265,13150.0
2620.05,11.24,-0.01214,-0.26,13110.0
2620.1,11.38,0.05414,-0.1934,13060.0
2620.15,11.46,0.2822,-0.09109,13000.0
2620.2,11.54,0.5103,0.01122,12950.0
2620.25,11.4,0.58,-0.02475,12920.0
2620.3,11.27,0.6497,-0.06073,12910.0
2620.35,11.4,0.3553,-0.08353,12930.0
2620.4,11.53,0.06091,-0.1063,12970.0
2620.45,11.53,0.04797,-0.1355,13010.0
2620.5,11.54,0.03503,-0.1646,13040.0
2620.55,11.3,0.1298,0.00695,13050.0
2620.6,11.05,0.2245,0.1785,13030.0
2620.65,11.03,0.3346,0.1584,12990.0
2620.7,11.01,0.4447,0.1383,12930.0
2620.75,10.97,0.4373,0.1789,12890.0
2620.8,10.93,0.4299,0.2195,12850.0
2620.85,10.85,0.4383,0.1668,12840.0
2620.9,10.77,0.4466,0.1141,12840.0
2620.95,10.58,0.4397,0.0489,12860.0
2621.0,10.4,0.4327,-0.01634,12880.0
2621.05,10.48,0.6071,-0.05231,12890.0
2621.1,10.56,0.7814,-0.08828,12880.0
2621.15,10.68,0.7062,-0.03939,12870.0
2621.2,10.81,0.631,0.009511,12850.0
2621.25,10.93,0.4443,-0.008414,12810.0
2621.3,11.05,0.2576,-0.02634,12780.0
2621.35,10.92,0.1545,-0.06792,12760.0
2621.4,10.8,0.05135,-0.1095,12750.0
2621.45,10.73,-0.02229,-0.2168,12740.0
2621.5,10.67,-0.09594,-0.3241,12750.0
2621.55,10.49,-0.1877,-0.3995,12750.0
2621.6,10.3,-0.2795,-0.4748,12760.0
2621.65,10.32,-0.4922,-0.3872,12760.0
2621.7,10.34,-0.705,-0.2995,12750.0
2621.75,10.5,-0.5326,-0.2856,12720.0
2621.8,10.67,-0.3603,-0.2717,12680.0
2621.85,10.65,-0.2518,-0.1794,12650.0
2621.9,10.63,-0.1433,-0.08706,12630.0
2621.95,10.84,-0.2299,0.01878,12620.0
2622.0,11.04,-0.3165,0.1246,12610.0
2622.05,11.1,-0.1572,0.03426,12610.0
2622.1,11.16,0.00199,-0.05609,12610.0
2622.15,11.18,-0.01692,-0.04695,12620.0
2622.2,11.21,-0.03583,-0.0378,12610.0
2622.25,11.05,-0.133,-0.1023,12610.0
2622.3,10.89,-0.2301,-0.1668,12610.0
2622.35,10.92,-0.2118,-0.2447,12600.0
2622.4,10.95,-0.1935,-0.3226,12580.0
2622.45,10.92,-0.2946,-0.4396,12560.0
2622.5,10.88,-0.3957,-0.5565,12520.0
2622.55,10.97,-0.3826,-0.3657,12490.0
2622.6,11.05,-0.3694,-0.1749,12460.0
2622.65,11.12,-0.2864,-0.1935,12440.0
2622.7,11.19,-0.2034,-0.2122,12430.0
2622.75,11.22,-0.206,-0.2201,12440.0
2622.8,11.26,-0.2086,-0.228,12460.0
2622.85,11.2,-0.1592,-0.178,12480.0
2622.9,11.14,-0.1099,-0.128,12490.0
2622.95,11.16,-0.1531,-0.04219,12490.0
2623.0,11.18,-0.1963,0.04365,12470.0
2623.05,11.22,-0.3127,0.06341,12440.0
2623.1,11.25,-0.4291,0.08316,12400.0
2623.15,11.27,-0.4265,-0.08975,12380.0
2623.2,11.29,-0.424,-0.2627,12360.0
2623.25,11.4,-0.4476,-0.2639,12360.0
2623.3,11.52,-0.4713,-0.2651,12370.0
2623.35,11.63,-0.4558,-0.16,12370.0
2623.4,11.74,-0.4403,-0.05487,12370.0
2623.45,12.01,-0.614,0.1371,12370.0
2623.5,12.27,-0.7878,0.329,12360.0
2623.55,12.27,-0.8947,0.42,12340.0
2623.6,12.27,-1.002,0.5109,12330.0
2623.65,12.3,-0.9892,0.6187,12330.0
2623.7,12.34,-0.9769,0.7265,12320.0
2623.75,12.38,-0.9363,0.8144,12320.0
2623.8,12.43,-0.8957,0.9023,12320.0
2623.85,12.31,-0.8201,0.8172,12310.0
2623.9,12.19,-0.7444,0.7321,12310.0
2623.95,12.24,-0.6654,0.6194,12310.0
2624.0,12.3,-0.5864,0.5068,12300.0
2624.05,12.33,-0.6077,0.3863,12290.0
2624.1,12.37,-0.629,0.2658,12260.0
2624.15,12.21,-0.5937,0.2016,12220.0
2624.2,12.04,-0.5585,0.1373,12190.0
2624.25,12.01,-0.4126,0.3781,12180.0
2624.3,11.97,-0.2667,0.619,12190.0
2624.35,11.93,-0.1562,0.5747,12210.0
2624.4,11.88,-0.04578,0.5304,12240.0
2624.45,11.96,0.1988,0.3776,12270.0
2624.5,12.04,0.4435,0.2249,12290.0
2624.55,11.97,0.4677,0.303,12280.0
2624.6,11.9,0.492,0.3812,12250.0
2624.65,12.04,0.62,0.2733,12210.0
2624.7,12.19,0.748,0.1653,12160.0
2624.75,11.9,0.6232,0.2684,12110.0
2624.8,11.61,0.4984,0.3714,12080.0
2624.85,11.55,0.4795,0.3917,12070.0
2624.9,11.48,0.4606,0.4119,12090.0
2624.95,11.52,0.42,0.3228,12120.0
2625.0,11.56,0.3794,0.2336,12150.0
2625.05,11.58,0.2611,0.2218,12170.0
2625.1,11.6,0.1429,0.21,12190.0
2625.15,11.47,0.2824,0.1929,12180.0
2625.2,11.33,0.422,0.1758,12160.0
2625.25,11.45,0.5468,0.1416,12130.0
2625.3,11.57,0.6716,0.1073,12090.0
2625.35,11.4,0.632,0.1655,12050.0
2625.4,11.23,0.5923,0.2236,12020.0
2625.45,11.28,0.5563,0.3017,12010.0
2625.5,11.34,0.5203,0.3797,12020.0
2625.55,11.54,0.7422,0.4575,12050.0
2625.6,11.74,0.9642,0.5353,12070.0
2625.65,11.67,1.024,0.6763,12090.0
2625.7,11.6,1.084,0.8172,12100.0
2625.75,11.99,1.056,0.8849,12090.0
2625.8,12.39,1.028,0.9526,12060.0
2625.85,12.35,1.161,0.9883,12020.0
2625.9,12.31,1.294,1.024,11990.0
2625.95,12.0,1.281,0.99,11980.0
2626.0,11.68,1.267,0.956,12000.0
2626.05,11.78,1.257,0.9318,12020.0
2626.1,11.88,1.248,0.9077,12040.0
2626.15,11.82,1.363,0.8889,12060.0
2626.2,11.76,1.479,0.8701,12060.0
2626.25,11.98,1.378,0.8083,12050.0
2626.3,12.21,1.277,0.7465,12030.0
2626.35,12.19,1.289,0.8227,12000.0
2626.4,12.17,1.302,0.8989,11980.0
2626.45,12.21,1.265,0.9044,11970.0
2626.5,12.24,1.228,0.9099,11980.0
2626.55,12.31,1.227,0.8141,11990.0
2626.6,12.38,1.226,0.7182,12010.0
2626.65,12.45,1.341,0.6544,12030.0
2626.7,12.53,1.456,0.5907,12060.0
2626.75,12.58,1.459,0.3861,12070.0
2626.8,12.64,1.462,0.1814,12070.0
2626.85,12.42,1.269,0.2929,12050.0
2626.9,12.2,1.076,0.4043,12040.0
2626.95,12.35,1.019,0.4975,12020.0
2627.0,12.51,0.9622,0.5907,12000.0
2627.05,12.35,1.141,0.532,11980.0
2627.1,12.18,1.319,0.4734,11980.0
2627.15,12.25,1.071,0.2674,12010.0
2627.2,12.32,0.8228,0.06146,12040.0
2627.25,12.56,0.6618,0.2619,12080.0
2627.3,12.8,0.5008,0.4624,12100.0
2627.35,12.87,0.534,0.6752,12100.0
2627.4,12.93,0.5673,0.888,12100.0
2627.45,12.79,0.6998,0.8471,12090.0
2627.5,12.65,0.8324,0.8063,12060.0
2627.55,12.74,0.6755,0.8349,12040.0
2627.6,12.83,0.5187,0.8636,12030.0
2627.65,12.74,0.6497,0.7546,12030.0
2627.7,12.66,0.7806,0.6455,12040.0
2627.75,12.69,0.5818,0.6436,12040.0
2627.8,12.73,0.383,0.6416,12050.0
2627.85,12.46,0.3646,0.6988,12070.0
2627.9,12.2,0.3463,0.756,12080.0
2627.95,12.19,0.4767,0.6146,12090.0
2628.0,12.18,0.6071,0.4731,12080.0
2628.05,12.38,0.6897,0.3614,12070.0
2628.1,12.59,0.7723,0.2497,12050.0
2628.15,12.56,0.7938,0.3629,12040.0
2628.2,12.53,0.8153,0.476,12030.0
2628.25,12.42,0.5714,0.2985,12020.0
2628.3,12.31,0.3276,0.121,12020.0
2628.35,12.39,0.421,0.168,12030.0
2628.4,12.47,0.5143,0.2151,12040.0
2628.45,12.36,0.6718,0.437,12050.0
2628.5,12.25,0.8292,0.659,12060.0
2628.55,12.05,0.6887,0.6485,12060.0
2628.6,11.85,0.5482,0.638,12060.0
2628.65,11.89,0.4104,0.5786,12060.0
2628.7,11.93,0.2727,0.5192,12050.0
2628.75,11.99,0.0631,0.6124,12050.0
2628.8,12.06,-0.1465,0.7055,12050.0
2628.85,12.1,-0.1282,0.6114,12050.0
2628.9,12.15,-0.1099,0.5173,12060.0
2628.95,12.26,-0.1411,0.4008,12070.0
2629.0,12.36,-0.1724,0.2844,12090.0
2629.05,12.24,-0.301,0.1495,12100.0
2629.1,12.13,-0.4295,0.01463,12110.0
2629.15,12.08,-0.2904,-0.1346,12120.0
2629.2,12.03,-0.1513,-0.2839,12110.0
2629.25,12.07,-0.05215,-0.1314,12100.0
2629.3,12.11,0.04697,0.02097,12090.0
2629.35,12.06,0.124,0.006829,12090.0
2629.4,12.0,0.201,-0.007316,12100.0
2629.45,12.12,0.3545,-0.1388,12120.0
2629.5,12.24,0.508,-0.2702,12140.0
2629.55,12.24,0.7281,-0.138,12160.0
2629.6,12.25,0.9482,-0.005853,12170.0
2629.65,12.14,0.9337,0.04463,12170.0
2629.7,12.04,0.9192,0.09511,12180.0
2629.75,11.81,0.8599,0.1788,12170.0
2629.8,11.59,0.8005,0.2624,12170.0
2629.85,11.63,0.9359,0.1821,12170.0
2629.9,11.67,1.071,0.1017,12170.0
2629.95,11.81,0.8597,0.3018,12190.0
2630.0,11.96,0.6481,0.5019,12220.0
2630.05,11.87,0.5432,0.419,12230.0
2630.1,11.78,0.4383,0.3361,12240.0
2630.15,11.78,0.4124,0.1997,12240.0
2630.2,11.78,0.3865,0.06341,12230.0
2630.25,11.8,0.3433,0.2211,12210.0
2630.3,11.81,0.3002,0.3787,12190.0
2630.35,11.62,0.2948,0.2083,12160.0
2630.4,11.43,0.2894,0.0378,12160.0
2630.45,11.56,0.5722,0.1044,12170.0
2630.5,11.69,0.8551,0.171,12190.0
2630.55,11.41,0.7022,0.2094,12220.0
2630.6,11.13,0.5494,0.2478,12250.0
2630.65,11.26,0.6558,0.1991,12270.0
2630.7,11.39,0.7623,0.1505,12270.0
2630.75,11.48,0.8511,0.3898,12250.0
2630.8,11.57,0.9399,0.6292,12220.0
2630.85,11.55,1.076,0.843,12170.0
2630.9,11.53,1.213,1.057,12140.0
2630.95,11.67,1.09,0.9816,12130.0
2631.0,11.81,0.9673,0.9065,12140.0
2631.05,11.72,0.9172,0.802,12160.0
2631.1,11.64,0.867,0.6975,12200.0
2631.15,11.82,0.9249,0.9229,12240.0
2631.2,12.0,0.9829,1.148,12270.0
2631.25,12.07,1.084,1.195,12270.0
2631.3,12.14,1.185,1.243,12260.0
2631.35,12.09,1.222,1.18,12240.0
2631.4,12.05,1.259,1.117,12220.0
2631.45,11.95,1.261,1.2,12210.0
2631.5,11.86,1.263,1.283,12210.0
2631.55,11.82,1.389,1.27,12210.0
2631.6,11.79,1.516,1.257,12230.0
2631.65,11.86,1.551,1.295,12250.0
2631.7,11.93,1.587,1.332,12280.0
2631.75,11.97,1.449,1.502,12300.0
2631.8,12.01,1.312,1.672,12310.0
2631.85,11.99,1.253,1.489,12320.0
2631.9,11.96,1.193,1.306,12320.0
2631.95,12.05,1.125,1.155,12310.0
2632.0,12.14,1.057,1.004,12300.0
2632.05,12.38,0.9962,0.8491,12290.0
2632.1,12.61,0.9355,0.6943,12310.0
2632.15,12.8,0.8493,0.8343,12330.0
2632.2,12.98,0.7631,0.9743,12350.0
2632.25,12.89,0.8445,0.8801,12370.0
2632.3,12.79,0.9259,0.786,12400.0
2632.35,12.83,0.7942,0.7791,12410.0
2632.4,12.87,0.6624,0.7721,12410.0
2632.45,12.86,0.7994,0.8065,12390.0
2632.5,12.85,0.9363,0.8409,12380.0
2632.55,12.71,1.134,0.9859,12380.0
2632.6,12.56,1.331,1.131,12390.0
2632.65,12.76,1.037,0.9604,12420.0
2632.7,12.96,0.7428,0.7899,12440.0
2632.75,13.04,0.7355,0.5591,12470.0
2632.8,13.12,0.7281,0.3283,12490.0
2632.85,13.06,0.7814,0.3835,12490.0
2632.9,13.01,0.8348,0.4387,12480.0
2632.95,13.15,0.8696,0.5588,12460.0
2633.0,13.28,0.9044,0.6789,12440.0
2633.05,13.24,1.04,0.681,12440.0
2633.1,13.19,1.176,0.6831,12450.0
2633.15,13.14,1.119,0.6737,12470.0
2633.2,13.1,1.062,0.6643,12500.0
2633.25,13.03,1.029,0.7937,12540.0
2633.3,12.96,0.996,0.9231,12570.0
2633.35,12.97,0.9857,0.7085,12580.0
2633.4,12.97,0.9753,0.4938,12570.0
2633.45,13.11,1.098,0.3843,12550.0
2633.5,13.24,1.221,0.2748,12530.0
2633.55,13.26,1.199,0.3109,12510.0
2633.6,13.29,1.177,0.347,12500.0
2633.65,13.47,0.8879,0.5284,12500.0
2633.7,13.65,0.5987,0.7097,12530.0
2633.75,13.58,0.4926,0.5468,12570.0
2633.8,13.51,0.3865,0.3839,12610.0
2633.85,13.29,0.3814,0.2055,12650.0
2633.9,13.07,0.3762,0.02707,12660.0
2633.95,13.05,0.2576,0.1062,12660.0
2634.0,13.03,0.1389,0.1853,12630.0
2634.05,13.08,0.03921,0.2099,12590.0
2634.1,13.14,-0.06051,0.2344,12560.0
2634.15,13.07,-0.1503,0.1106,12550.0
2634.2,13.01,-0.24,-0.01317,12570.0
2634.25,12.91,-0.2283,0.06304,12600.0
2634.3,12.82,-0.2166,0.1393,12640.0
2634.35,12.91,-0.07365,0.1506,12690.0
2634.4,13.0,0.06927,0.1619,12740.0
2634.45,12.8,0.05076,0.3423,12770.0
2634.5,12.59,0.03224,0.5226,12770.0
2634.55,12.64,0.1574,0.5537,12760.0
2634.6,12.69,0.2826,0.5848,12740.0
2634.65,12.76,0.2574,0.3852,12720.0
2634.7,12.84,0.2321,0.1856,12700.0
2634.75,13.07,0.03165,-0.07816,12690.0
2634.8,13.3,-0.1688,-0.3419,12690.0
2634.85,13.28,-0.3211,-0.2809,12720.0
2634.9,13.26,-0.4733,-0.22,12780.0
2634.95,13.16,-0.3378,-0.1751,12830.0
2635.0,13.05,-0.2022,-0.1302,12870.0
2635.05,13.15,-0.2594,-0.2205,12890.0
2635.1,13.25,-0.3165,-0.3107,12900.0
2635.15,13.25,-0.295,-0.1678,12890.0
2635.2,13.25,-0.2735,-0.02488,12860.0
2635.25,13.18,-0.2233,0.1193,12820.0
2635.3,13.11,-0.1732,0.2634,12800.0
2635.35,13.1,-0.3338,0.1786,12810.0
2635.4,13.09,-0.4944,0.09389,12830.0
2635.45,13.12,-0.4881,0.07816,12870.0
2635.5,13.14,-0.4817,0.06243,12910.0
2635.55,13.13,-0.4084,-0.03731,12960.0
2635.6,13.12,-0.3352,-0.1371,13000.0
2635.65,13.04,-0.3857,-0.4108,13010.0
2635.7,12.96,-0.4363,-0.6846,12990.0
2635.75,12.96,-0.5931,-0.6789,12960.0
2635.8,12.96,-0.75,-0.6733,12940.0
2635.85,13.09,-0.6214,-0.6352,12920.0
2635.9,13.22,-0.4928,-0.597,12910.0
2635.95,13.35,-0.6308,-0.4768,12920.0
2636.0,13.47,-0.7687,-0.3565,12950.0
2636.05,13.78,-0.5042,-0.4214,13000.0
2636.1,14.09,-0.2396,-0.4863,13030.0
2636.15,14.07,-0.007763,-0.2814,13050.0
2636.2,14.04,0.2241,-0.07658,13060.0
2636.25,13.87,0.3101,0.008536,13060.0
2636.3,13.69,0.3961,0.09365,13050.0
2636.35,13.61,0.589,0.105,13030.0
2636.4,13.52,0.7818,0.1163,13010.0
2636.45,13.53,0.7729,0.1639,12990.0
2636.5,13.54,0.7639,0.2114,12990.0
2636.55,13.74,0.7601,0.1739,13010.0
2636.6,13.93,0.7564,0.1363,13040.0
2636.65,13.88,0.8939,0.1462,13080.0
2636.7,13.83,1.031,0.1561,13110.0
2636.75,13.85,1.066,-0.04231,13130.0
2636.8,13.87,1.1,-0.2407,13140.0
2636.85,13.79,1.109,-0.3131,13130.0
2636.9,13.71,1.117,-0.3856,13110.0
2636.95,13.68,1.106,-0.2406,13100.0
2637.0,13.64,1.094,-0.0956,13090.0
2637.05,13.45,1.042,-0.1043,13090.0
2637.1,13.26,0.9888,-0.1129,13100.0
2637.15,13.23,0.9391,-0.08426,13110.0
2637.2,13.19,0.8893,-0.0556,13120.0
2637.25,13.31,0.877,0.1864,13150.0
2637.3,13.43,0.8646,0.4285,13170.0
2637.35,13.38,0.9697,0.3613,13180.0
2637.4,13.34,1.075,0.2941,13190.0
2637.45,13.47,1.01,0.2228,13190.0
2637.5,13.61,0.9458,0.1514,13210.0
2637.55,13.76,0.8714,0.3342,13210.0
2637.6,13.91,0.797,0.517,13220.0
2637.65,13.96,0.7494,0.4092,13220.0
2637.7,14.01,0.7018,0.3014,13230.0
2637.75,14.09,0.6308,0.5064,13240.0
2637.8,14.17,0.5597,0.7114,13250.0
2637.85,14.1,0.4867,0.6775,13250.0
2637.9,14.03,0.4136,0.6436,13270.0
2637.95,14.07,0.5474,0.6885,13300.0
2638.0,14.12,0.6811,0.7333,13320.0
2638.05,14.1,0.6387,0.669,13340.0
2638.1,14.08,0.5963,0.6046,13360.0
2638.15,14.2,0.414,0.6516,13370.0
2638.2,14.32,0.2317,0.6987,13380.0
2638.25,14.25,0.2383,0.7161,13380.0
2638.3,14.18,0.2448,0.7336,13380.0
2638.35,14.14,0.5153,0.8761,13380.0
2638.4,14.1,0.7858,1.019,13390.0
2638.45,14.16,1.009,0.9251,13400.0
2638.5,14.21,1.233,0.8316,13420.0
2638.55,14.3,1.03,0.981,13440.0
2638.6,14.38,0.8272,1.13,13480.0
2638.65,14.34,0.7454,1.082,13500.0
2638.7,14.29,0.6636,1.033,13520.0
2638.75,14.46,0.5997,1.074,13530.0
2638.8,14.64,0.5358,1.116,13540.0
2638.85,14.72,0.6387,0.9757,13540.0
2638.9,14.81,0.7416,0.8355,13520.0
2638.95,14.84,0.6308,0.7628,13500.0
2639.0,14.86,0.5199,0.6902,13500.0
2639.05,15.01,0.5462,0.6333,13510.0
2639.1,15.16,0.5724,0.5765,13530.0
2639.15,15.36,0.5663,0.7261,13550.0
2639.2,15.56,0.5601,0.8758,13590.0
2639.25,15.64,0.2759,0.965,13630.0
2639.3,15.72,-0.00836,1.054,13670.0
2639.35,15.77,0.241,0.8452,13690.0
2639.4,15.82,0.4904,0.636,13680.0
2639.45,15.66,0.3851,0.8506,13660.0
2639.5,15.5,0.2799,1.065,13640.0
2639.55,15.52,0.2747,0.6814,13640.0
2639.6,15.54,0.2695,0.2975,13640.0
2639.65,15.65,0.1849,0.2155,13650.0
2639.7,15.75,0.1003,0.1334,13680.0
2639.75,15.72,0.04857,0.03378,13720.0
2639.8,15.69,-0.003185,-0.06585,13750.0
2639.85,15.67,-0.1499,0.006585,13750.0
2639.9,15.65,-0.2966,0.07902,13740.0
2639.95,15.76,-0.3615,-0.1193,13740.0
2640.0,15.87,-0.4263,-0.3175,13730.0
2640.05,15.93,-0.4904,-0.08158,13720.0
2640.1,16.0,-0.5545,0.1544,13720.0
2640.15,16.12,-0.5764,0.08158,13750.0
2640.2,16.23,-0.5983,0.00878,13780.0
2640.25,16.01,-0.5217,-0.2561,13800.0
2640.3,15.78,-0.4451,-0.5209,13810.0
2640.35,15.8,-0.4023,-0.6574,13820.0
2640.4,15.82,-0.3595,-0.7938,13820.0
2640.45,15.73,-0.3366,-0.751,13830.0
2640.5,15.64,-0.3137,-0.7082,13810.0
2640.55,15.69,-0.331,-0.5325,13800.0
2640.6,15.74,-0.3483,-0.3568,13800.0
2640.65,15.88,-0.3999,-0.3826,13800.0
2640.7,16.03,-0.4514,-0.4085,13800.0
2640.75,16.13,-0.3734,-0.5841,13810.0
2640.8,16.23,-0.2954,-0.7597,13830.0
2640.85,16.35,-0.1925,-0.6336,13860.0
2640.9,16.47,-0.08957,-0.5075,13900.0
2640.95,16.31,-0.165,-0.5387,13930.0
2641.0,16.15,-0.2404,-0.5699,13950.0
2641.05,16.19,-0.1815,-0.5915,13960.0
2641.1,16.23,-0.1226,-0.6131,13960.0
2641.15,16.31,-0.3589,-0.6033,13950.0
2641.2,16.4,-0.5951,-0.5936,13930.0
2641.25,16.36,-0.5673,-0.4314,13910.0
2641.3,16.33,-0.5394,-0.2692,13910.0
2641.35,16.26,-0.4106,-0.1755,13930.0
2641.4,16.19,-0.2818,-0.0817,13960.0
2641.45,16.23,-0.1314,-0.2012,14000.0
2641.5,16.28,0.01911,-0.3207,14050.0
2641.55,16.31,0.1501,-0.2492,14110.0
2641.6,16.34,0.281,-0.1778,14150.0
2641.65,16.28,0.09415,-0.1514,14160.0
2641.7,16.23,-0.09275,-0.1251,14140.0
2641.75,16.08,-0.2872,-0.04061,14120.0
2641.8,15.94,-0.4817,0.0439,14090.0
2641.85,16.15,-0.3774,-0.1129,14070.0
2641.9,16.36,-0.2731,-0.2697,14050.0
2641.95,16.57,-0.2854,-0.3456,14060.0
2642.0,16.79,-0.2978,-0.4214,14110.0
2642.05,16.71,-0.3252,-0.5226,14170.0
2642.1,16.63,-0.3527,-0.6238,14220.0
2642.15,16.71,-0.4357,-0.6079,14250.0
2642.2,16.8,-0.5187,-0.5919,14270.0
2642.25,16.83,-0.5533,-0.3907,14270.0
2642.3,16.87,-0.588,-0.1895,14270.0
2642.35,16.95,-0.5004,0.02451,14250.0
2642.4,17.03,-0.4128,0.2385,14220.0
2642.45,17.02,-0.3539,0.1274,14200.0
2642.5,17.0,-0.295,0.01634,14190.0
2642.55,16.96,-0.2166,0.08292,14200.0
2642.6,16.92,-0.1381,0.1495,14210.0
2642.65,16.9,0.0215,0.2807,14230.0
2642.7,16.87,0.1811,0.4119,14270.0
2642.75,16.81,0.2546,0.3333,14300.0
2642.8,16.74,0.328,0.2546,14330.0
2642.85,16.73,0.2166,0.09901,14340.0
2642.9,16.72,0.1051,-0.05658,14330.0
2642.95,16.73,0.2028,-0.1521,14330.0
2643.0,16.73,0.3006,-0.2475,14310.0
2643.05,16.91,0.3433,-0.2157,14290.0
2643.1,17.1,0.3861,-0.1839,14260.0
2643.15,17.08,0.5014,-0.2188,14260.0
2643.2,17.06,0.6166,-0.2536,14270.0
2643.25,17.22,0.6383,-0.1977,14290.0
2643.3,17.37,0.66,-0.1417,14310.0
2643.35,17.45,0.6073,-0.04439,14330.0
2643.4,17.52,0.5545,0.05292,14350.0
2643.45,17.41,0.5824,0.005975,14360.0
2643.5,17.29,0.6103,-0.04097,14350.0
2643.55,17.29,0.6097,-0.1908,14340.0
2643.6,17.28,0.6091,-0.3407,14340.0
2643.65,17.26,0.7219,-0.2667,14350.0
2643.7,17.23,0.8348,-0.1927,14370.0
2643.75,17.04,0.6962,-0.1479,14390.0
2643.8,16.86,0.5577,-0.1032,14400.0
2643.85,16.96,0.709,-0.1238,14410.0
2643.9,17.06,0.8603,-0.1444,14430.0
2643.95,17.15,0.7926,-0.03561,14430.0
2644.0,17.24,0.7249,0.07316,14420.0
2644.05,17.17,0.6879,-0.01646,14420.0
2644.1,17.1,0.6509,-0.1061,14430.0
2644.15,17.09,0.3483,-0.225,14440.0
2644.2,17.08,0.04578,-0.3439,14450.0
2644.25,16.88,0.09076,-0.4867,14470.0
2644.3,16.67,0.1357,-0.6294,14490.0
2644.35,16.75,0.3167,-0.4968,14520.0
2644.4,16.84,0.4976,-0.3641,14540.0
2644.45,17.03,0.5295,-0.4267,14550.0
2644.5,17.22,0.5613,-0.4892,14550.0
2644.55,17.19,0.7544,-0.4295,14550.0
2644.6,17.17,0.9474,-0.3697,14550.0
2644.65,17.15,0.8716,-0.3518,14540.0
2644.7,17.14,0.7958,-0.3339,14520.0
2644.75,17.16,0.7617,-0.2975,14510.0
2644.8,17.19,0.7277,-0.2612,14520.0
2644.85,17.03,0.9289,-0.1658,14540.0
2644.9,16.87,1.13,-0.07048,14570.0
2644.95,16.87,1.185,-0.3151,14590.0
2645.0,16.87,1.24,-0.5597,14610.0
2645.05,16.82,1.028,-0.3806,14630.0
2645.1,16.77,0.8157,-0.2014,14640.0
2645.15,16.69,0.9355,-0.2611,14620.0
2645.2,16.6,1.055,-0.3207,14600.0
2645.25,16.53,1.091,-0.2455,14590.0
2645.3,16.45,1.126,-0.1702,14580.0
2645.35,16.34,1.199,-0.1447,14580.0
2645.4,16.24,1.272,-0.1193,14580.0
2645.45,16.4,1.251,0.04365,14590.0
2645.5,16.56,1.23,0.2066,14610.0
2645.55,16.7,1.078,0.1154,14630.0
2645.6,16.83,0.9251,0.02414,14640.0
2645.65,16.7,0.9654,-0.3581,14640.0
2645.7,16.56,1.006,-0.7404,14640.0
2645.75,16.38,0.8957,-0.7166,14640.0
2645.8,16.2,0.7858,-0.6929,14630.0
2645.85,16.2,0.666,-0.4858,14610.0
2645.9,16.2,0.5462,-0.2787,14600.0
2645.95,16.17,0.505,-0.3965,14600.0
2646.0,16.14,0.4638,-0.5143,14620.0
2646.05,16.16,0.4572,-0.3815,14640.0
2646.1,16.19,0.4506,-0.2488,14660.0
2646.15,16.19,0.4628,-0.119,14680.0
2646.2,16.19,0.4749,0.01073,14690.0
2646.25,16.23,0.286,0.02768,14680.0
2646.3,16.27,0.09713,0.04463,14650.0
2646.35,16.4,0.1692,-0.2058,14630.0
2646.4,16.54,0.2412,-0.4563,14630.0
2646.45,16.54,0.2138,-0.4719,14640.0
2646.5,16.53,0.1863,-0.4875,14670.0
2646.55,16.53,0.03702,-0.3291,14700.0
2646.6,16.53,-0.1123,-0.1707,14730.0
2646.65,16.53,-0.1306,-0.2989,14760.0
2646.7,16.54,-0.1489,-0.427,14780.0
2646.75,16.42,0.06748,-0.2433,14780.0
2646.8,16.3,0.2838,-0.05951,14760.0
2646.85,16.22,0.4544,-0.004878,14740.0
2646.9,16.14,0.625,0.04975,14730.0
2646.95,16.03,0.6539,0.02268,14720.0
2647.0,15.92,0.6827,-0.00439,14730.0
2647.05,15.82,0.5884,-0.2494,14750.0
2647.1,15.72,0.494,-0.4943,14790.0
2647.15,15.77,0.6357,-0.3914,14830.0
2647.2,15.82,0.7775,-0.2885,14860.0
2647.25,15.84,0.7333,-0.2996,14880.0
2647.3,15.86,0.6891,-0.3107,14880.0
2647.35,15.88,0.4524,-0.1119,14870.0
2647.4,15.89,0.2158,0.08682,14850.0
2647.45,15.94,0.1419,0.04621,14830.0
2647.5,15.99,0.06807,0.005609,14820.0
2647.55,16.06,0.0009952,0.03475,14820.0
2647.6,16.13,-0.06608,0.0639,14840.0
2647.65,16.29,0.02508,-0.05121,14860.0
2647.7,16.45,0.1162,-0.1663,14900.0
2647.75,16.28,-0.1678,-0.1601,14930.0
2647.8,16.1,-0.4518,-0.1539,14950.0
2647.85,16.2,-0.2773,-0.1021,14960.0
2647.9,16.29,-0.1027,-0.05024,14950.0
2647.95,16.24,-0.009156,-0.2185,14920.0
2648.0,16.18,0.08439,-0.3868,14890.0
2648.05,16.2,0.2526,-0.2409,14860.0
2648.1,16.22,0.4208,-0.09511,14860.0
2648.15,16.24,0.4954,-0.1058,14880.0
2648.2,16.27,0.5701,-0.1166,14920.0
2648.25,16.2,0.339,-0.2131,14970.0
2648.3,16.12,0.1079,-0.3097,15020.0
2648.35,16.04,0.1801,-0.3701,15060.0
2648.4,15.96,0.2524,-0.4304,15060.0
2648.45,15.88,0.3175,-0.2559,15030.0
2648.5,15.79,0.3826,-0.08145,14970.0
2648.55,15.78,0.1817,-0.1861,14900.0
2648.6,15.76,-0.01911,-0.2907,14870.0
2648.65,15.74,-0.1756,-0.2408,14880.0
2648.7,15.72,-0.332,-0.191,14930.0
2648.75,15.57,-0.3682,-0.2607,15000.0
2648.8,15.41,-0.4045,-0.3305,15060.0
2648.85,15.37,-0.3489,-0.471,15100.0
2648.9,15.34,-0.2934,-0.6116,15120.0
2648.95,15.44,-0.453,-0.5537,15090.0
2649.0,15.54,-0.6127,-0.4958,15050.0
2649.05,15.47,-0.4683,-0.3608,15000.0
2649.1,15.4,-0.324,-0.2258,14970.0
2649.15,15.68,-0.1357,-0.4508,14970.0
2649.2,15.96,0.05255,-0.6758,14980.0
2649.25,16.01,0.2357,-0.4936,15000.0
2649.3,16.07,0.4188,-0.3114,15030.0
2649.35,15.98,0.3402,-0.231,15070.0
2649.4,15.9,0.2615,-0.1505,15100.0
2649.45,15.97,0.09216,-0.1513,15120.0
2649.5,16.05,-0.07723,-0.1522,15130.0
2649.55,16.06,-0.1477,-0.1906,15120.0
2649.6,16.07,-0.2181,-0.229,15100.0
2649.65,16.04,-0.03205,-0.2289,15070.0
2649.7,16.01,0.1541,-0.2288,15050.0
2649.75,16.05,0.1754,-0.2439,15040.0
2649.8,16.1,0.1967,-0.259,15060.0
2649.85,16.08,0.1146,-0.03414,15100.0
2649.9,16.05,0.03264,0.1907,15150.0
2649.95,15.87,0.03224,0.07097,15190.0
2650.0,15.7,0.03185,-0.04878,15210.0
2650.05,15.77,-0.002986,-0.3251,15210.0
2650.1,15.85,-0.03782,-0.6014,15190.0
2650.15,15.84,0.04279,-0.5794,15150.0
2650.2,15.83,0.1234,-0.5575,15100.0
2650.25,15.82,0.1895,-0.5585,15080.0
2650.3,15.82,0.2556,-0.5595,15090.0
2650.35,15.68,0.1666,-0.6102,15120.0
2650.4,15.54,0.07763,-0.6609,15170.0
2650.45,15.44,-0.1308,-0.5621,15230.0
2650.5,15.34,-0.3392,-0.4634,15280.0
2650.55,15.49,-0.5468,-0.4508,15310.0
2650.6,15.65,-0.7544,-0.4382,15290.0
2650.65,15.71,-0.8746,-0.3776,15240.0
2650.7,15.77,-0.9948,-0.317,15180.0
2650.75,15.92,-0.9833,-0.4282,15140.0
2650.8,16.07,-0.9717,-0.5395,15130.0
2650.85,15.98,-1.0,-0.5864,15140.0
2650.9,15.9,-1.029,-0.6333,15170.0
2650.95,15.92,-1.095,-0.4887,15220.0
2651.0,15.94,-1.161,-0.3441,15290.0
2651.05,16.04,-0.9992,-0.3029,15320.0
2651.1,16.15,-0.8372,-0.2617,15320.0
2651.15,16.06,-0.8274,-0.2748,15280.0
2651.2,15.98,-0.8177,-0.288,15240.0
2651.25,15.95,-0.9683,-0.2841,15210.0
2651.3,15.93,-1.119,-0.2802,15180.0
2651.35,15.98,-1.178,-0.2484,15170.0
2651.4,16.03,-1.236,-0.2166,15180.0
2651.45,16.09,-1.234,-0.2279,15230.0
2651.5,16.16,-1.231,-0.2392,15280.0
2651.55,15.99,-1.048,-0.3787,15310.0
2651.6,15.82,-0.865,-0.5182,15330.0
2651.65,15.85,-0.7848,-0.4863,15330.0
2651.7,15.88,-0.7046,-0.4543,15320.0
2651.75,15.96,-0.704,-0.599,15300.0
2651.8,16.05,-0.7034,-0.7436,15260.0
2651.85,16.01,-0.6847,-0.6808,15230.0
2651.9,15.97,-0.666,-0.618,15210.0
2651.95,15.89,-0.5593,-0.6177,15240.0
2652.0,15.8,-0.4526,-0.6175,15280.0
2652.05,15.7,-0.3824,-0.7152,15310.0
2652.1,15.6,-0.3121,-0.8128,15350.0
2652.15,15.64,-0.3623,-0.685,15390.0
2652.2,15.69,-0.4124,-0.5573,15410.0
2652.25,15.62,-0.337,-0.614,15390.0
2652.3,15.56,-0.2615,-0.6707,15350.0
2652.35,15.56,-0.1795,-0.7567,15310.0
2652.4,15.57,-0.09753,-0.8428,15290.0
2652.45,15.54,-0.3563,-0.6075,15270.0
2652.5,15.51,-0.615,-0.3722,15270.0
2652.55,15.61,-0.6158,-0.3931,15270.0
2652.6,15.7,-0.6166,-0.4141,15300.0
2652.65,15.78,-0.698,-0.6055,15350.0
2652.7,15.85,-0.7794,-0.797,15390.0
2652.75,15.98,-0.8031,-0.7419,15410.0
2652.8,16.12,-0.8268,-0.6868,15410.0
2652.85,16.01,-1.028,-0.4919,15410.0
2652.9,15.9,-1.23,-0.297,15410.0
2652.95,15.85,-1.007,-0.3061,15390.0
2653.0,15.8,-0.7834,-0.3151,15370.0
2653.05,15.65,-0.5711,0.04926,15350.0
2653.1,15.51,-0.3587,0.4136,15360.0
2653.15,15.51,-0.3177,0.2451,15380.0
2653.2,15.51,-0.2767,0.07658,15390.0
2653.25,15.65,-0.2605,-0.06365,15400.0
2653.3,15.8,-0.2444,-0.2039,15420.0
2653.35,15.79,-0.06449,-0.2713,15450.0
2653.4,15.78,0.1154,-0.3387,15470.0
2653.45,15.66,-0.03981,-0.4434,15480.0
2653.5,15.54,-0.1951,-0.548,15470.0
2653.55,15.76,-0.3039,-0.5693,15470.0
2653.6,15.98,-0.4128,-0.5907,15480.0
2653.65,16.11,-0.2506,-0.4528,15480.0
2653.7,16.24,-0.08837,-0.3148,15470.0
2653.75,16.15,0.001393,-0.36,15480.0
2653.8,16.05,0.09116,-0.4051,15490.0
2653.85,16.05,0.05076,-0.4156,15500.0
2653.9,16.04,0.01035,-0.4261,15520.0
2653.95,15.96,0.04419,-0.2402,15530.0
2654.0,15.89,0.07802,-0.05438,15540.0
2654.05,16.03,0.1535,-0.01317,15550.0
2654.1,16.16,0.2289,0.02805,15550.0
2654.15,16.32,0.2984,0.2584,15530.0
2654.2,16.49,0.3678,0.4887,15520.0
2654.25,16.69,0.3475,0.3347,15530.0
2654.3,16.9,0.3272,0.1807,15550.0
2654.35,16.83,0.2918,0.1155,15580.0
2654.4,16.77,0.2564,0.05024,15590.0
2654.45,16.66,0.1769,0.1364,15610.0
2654.5,16.55,0.09753,0.2227,15620.0
2654.55,16.57,0.1198,0.3016,15610.0
2654.6,16.59,0.1421,0.3804,15590.0
2654.65,16.55,0.08141,0.2777,15570.0
2654.7,16.51,0.0207,0.1749,15570.0
2654.75,16.51,-0.3493,0.2405,15580.0
2654.8,16.52,-0.7193,0.3061,15580.0
2654.85,16.56,-0.7215,0.1638,15590.0
2654.9,16.61,-0.7237,0.02146,15610.0
2654.95,16.59,-0.7524,0.1591,15640.0
2655.0,16.57,-0.781,0.2968,15660.0
2655.05,16.37,-0.6566,0.1706,15670.0
2655.1,16.18,-0.5322,0.04439,15670.0
2655.15,16.17,-0.406,0.04963,15670.0
2655.2,16.16,-0.2799,0.05487,15670.0
2655.25,15.96,-0.1212,0.08987,15650.0
2655.3,15.77,0.03742,0.1249,15630.0
2655.35,15.68,-0.2086,0.2975,15620.0
2655.4,15.59,-0.4546,0.4702,15620.0
2655.45,15.61,-0.5034,0.5625,15650.0
2655.5,15.62,-0.5521,0.6548,15680.0
2655.55,15.69,-0.7106,0.5101,15710.0
2655.6,15.76,-0.869,0.3653,15730.0
2655.65,15.64,-1.047,0.4029,15740.0
2655.7,15.53,-1.226,0.4404,15750.0
2655.75,15.47,-1.294,0.2477,15740.0
2655.8,15.41,-1.363,0.05487,15720.0
2655.85,15.42,-1.301,-0.04475,15700.0
2655.9,15.42,-1.24,-0.1444,15710.0
2655.95,15.41,-1.29,-0.2514,15720.0
2656.0,15.4,-1.34,-0.3585,15740.0
2656.05,15.32,-1.202,-0.3635,15760.0
2656.1,15.25,-1.063,-0.3685,15780.0
2656.15,15.49,-1.076,-0.3119,15790.0
2656.2,15.73,-1.089,-0.2553,15790.0
2656.25,15.9,-1.03,-0.2062,15770.0
2656.3,16.07,-0.9713,-0.1571,15740.0
2656.35,16.0,-0.955,-0.134,15740.0
2656.4,15.93,-0.9387,-0.111,15770.0
2656.45,15.99,-0.9033,-0.1494,15810.0
2656.5,16.05,-0.8678,-0.1878,15850.0
2656.55,16.05,-0.8256,-0.1616,15890.0
2656.6,16.05,-0.7834,-0.1354,15920.0
2656.65,16.14,-0.6947,-0.04243,15920.0
2656.7,16.23,-0.6059,0.05048,15890.0
2656.75,16.23,-0.6214,0.05536,15850.0
2656.8,16.22,-0.6369,0.06024,15820.0
2656.85,16.22,-0.6377,-0.09536,15800.0
2656.9,16.21,-0.6385,-0.2509,15810.0
2656.95,16.38,-0.5862,-0.2019,15820.0
2657.0,16.54,-0.5338,-0.1529,15850.0
2657.05,16.42,-0.4918,-0.1895,15900.0
2657.1,16.29,-0.4498,-0.2261,15950.0
2657.15,16.26,-0.3851,-0.01134,15980.0
2657.2,16.23,-0.3205,0.2034,15980.0
2657.25,16.33,-0.3388,-0.05682,15960.0
2657.3,16.42,-0.3571,-0.317,15930.0
2657.35,16.49,-0.1875,-0.3775,15900.0
2657.4,16.56,-0.01791,-0.438,15870.0
2657.45,16.54,0.04459,-0.3982,15850.0
2657.5,16.52,0.1071,-0.3585,15860.0
2657.55,16.58,0.1135,-0.3502,15880.0
2657.6,16.65,0.1198,-0.3419,15910.0
2657.65,16.65,-0.05533,-0.3273,15930.0
2657.7,16.65,-0.2305,-0.3126,15950.0
2657.75,16.52,-0.1501,-0.1711,15960.0
2657.8,16.39,-0.06966,-0.02951,15970.0
2657.85,16.2,-0.03583,-0.1662,15950.0
2657.9,16.02,-0.00199,-0.3029,15920.0
2657.95,16.01,-0.07484,-0.3026,15900.0
2658.0,15.99,-0.1477,-0.3024,15900.0
2658.05,16.13,-0.09833,-0.2234,15910.0
2658.1,16.27,-0.04896,-0.1444,15910.0
2658.15,16.18,-0.1533,-0.004268,15910.0
2658.2,16.08,-0.2576,0.1358,15920.0
2658.25,16.21,-0.383,-0.045,15920.0
2658.3,16.34,-0.5084,-0.2258,15910.0
2658.35,16.51,-0.5101,-0.4206,15910.0
2658.4,16.68,-0.5119,-0.6153,15920.0
2658.45,16.83,-0.5519,-0.453,15940.0
2658.5,16.99,-0.5919,-0.2907,15960.0
2658.55,16.72,-0.628,-0.3022,15980.0
2658.6,16.46,-0.664,-0.3136,15990.0
2658.65,16.34,-0.6055,-0.2752,15980.0
2658.7,16.22,-0.547,-0.2368,15960.0
2658.75,16.33,-0.454,-0.08438,15930.0
2658.8,16.45,-0.3611,0.06804,15910.0
2658.85,16.3,-0.4753,-0.02024,15890.0
2658.9,16.15,-0.5896,-0.1085,15900.0
2658.95,16.28,-0.5306,-0.3644,15920.0
2659.0,16.41,-0.4717,-0.6202,15950.0
2659.05,16.24,-0.3601,-0.6454,15990.0
2659.1,16.08,-0.2484,-0.6707,16010.0
2659.15,15.9,-0.2124,-0.6852,16020.0
2659.2,15.72,-0.1764,-0.6997,16010.0
2659.25,15.91,-0.1453,-0.655,15990.0
2659.3,16.1,-0.1142,-0.6104,15970.0
2659.35,15.89,0.1499,-0.7057,15940.0
2659.4,15.68,0.414,-0.8009,15920.0
2659.45,15.62,0.2502,-0.7248,15910.0
2659.5,15.55,0.08638,-0.6487,15920.0
2659.55,15.62,-0.008559,-0.6642,15940.0
2659.6,15.69,-0.1035,-0.6797,15950.0
2659.65,15.63,0.05633,-0.5358,15960.0
2659.7,15.57,0.2162,-0.3919,15960.0
2659.75,15.37,0.3089,-0.3062,15950.0
2659.8,15.17,0.4017,-0.2205,15940.0
2659.85,15.06,-0.01712,-0.4906,15940.0
2659.9,14.94,-0.4359,-0.7606,15930.0
2659.95,14.98,-0.5563,-0.7883,15920.0
2660.0,15.02,-0.6767,-0.816,15910.0
2660.05,14.97,-0.5133,-0.7069,15910.0
2660.1,14.93,-0.3499,-0.5977,15910.0
2660.15,14.89,-0.3195,-0.5841,15900.0
2660.2,14.86,-0.289,-0.5704,15880.0
2660.25,14.65,-0.08499,-0.5388,15870.0
2660.3,14.44,0.119,-0.5073,15870.0
2660.35,14.36,0.04379,-0.5399,15870.0
2660.4,14.27,-0.03145,-0.5726,15860.0
2660.45,14.35,-0.2221,-0.2557,15850.0
2660.5,14.43,-0.4128,0.06121,15850.0
2660.55,14.59,-0.3226,-0.1312,15850.0
2660.6,14.74,-0.2325,-0.3236,15840.0
2660.65,14.84,-0.1417,-0.1725,15840.0
2660.7,14.93,-0.05095,-0.02146,15850.0
2660.75,14.96,-0.1541,0.01024,15870.0
2660.8,14.99,-0.2572,0.04195,15870.0
2660.85,15.03,-0.09017,-0.179,15850.0
2660.9,15.06,0.07683,-0.4,15810.0
2660.95,14.97,0.08579,-0.4219,15780.0
2661.0,14.88,0.09474,-0.4439,15770.0
2661.05,14.93,0.001791,-0.6092,15750.0
2661.1,14.97,-0.09116,-0.7745,15750.0
2661.15,14.95,-0.04777,-0.7722,15770.0
2661.2,14.93,-0.004379,-0.7699,15810.0
2661.25,14.88,0.09315,-0.896,15850.0
2661.3,14.83,0.1907,-1.022,15860.0
2661.35,14.79,0.2872,-1.052,15850.0
2661.4,14.75,0.3838,-1.081,15830.0
2661.45,14.86,0.3784,-1.147,15810.0
2661.5,14.98,0.373,-1.214,15780.0
2661.55,15.08,0.4353,-1.16,15730.0
2661.6,15.19,0.4976,-1.106,15700.0
2661.65,15.2,0.4829,-1.105,15700.0
2661.7,15.21,0.4681,-1.104,15710.0
2661.75,15.13,0.501,-1.117,15740.0
2661.8,15.05,0.5338,-1.13,15760.0
2661.85,14.99,0.5766,-1.052,15780.0
2661.9,14.93,0.6194,-0.9738,15790.0
2661.95,14.84,0.91,-0.8547,15780.0
2662.0,14.75,1.201,-0.7355,15740.0
2662.05,14.55,1.232,-0.658,15690.0
2662.1,14.36,1.264,-0.5804,15650.0
2662.15,14.39,1.069,-0.7889,15610.0
2662.2,14.43,0.8742,-0.9975,15590.0
2662.25,14.48,0.7854,-0.9999,15590.0
2662.3,14.54,0.6966,-1.002,15600.0
2662.35,14.36,0.6417,-1.032,15640.0
2662.4,14.18,0.5868,-1.062,15680.0
2662.45,14.2,0.3358,-1.014,15690.0
2662.5,14.22,0.08479,-0.966,15670.0
2662.55,14.28,0.1079,-1.049,15620.0
2662.6,14.34,0.131,-1.132,15560.0
2662.65,14.44,0.0412,-1.091,15510.0
2662.7,14.55,-0.04857,-1.051,15480.0
2662.75,14.65,-0.1079,-0.9436,15470.0
2662.8,14.76,-0.1672,-0.8365,15470.0
2662.85,14.7,-0.322,-0.6554,15490.0
2662.9,14.64,-0.4769,-0.4743,15510.0
2662.95,14.65,-0.4281,-0.4058,15520.0
2663.0,14.65,-0.3794,-0.3373,15520.0
2663.05,14.6,-0.2241,-0.212,15510.0
2663.1,14.54,-0.06887,-0.08682,15500.0
2663.15,14.57,-0.07902,-0.24,15490.0
2663.2,14.6,-0.08917,-0.3931,15460.0
2663.25,14.77,-0.03185,-0.239,15420.0
2663.3,14.94,0.02548,-0.08487,15380.0
2663.35,14.88,0.01811,-0.03024,15360.0
2663.4,14.82,0.01075,0.02439,15370.0
2663.45,14.79,0.1501,0.008292,15390.0
2663.5,14.76,0.2894,-0.007804,15410.0
2663.55,14.73,0.382,-0.08243,15440.0
2663.6,14.71,0.4745,-0.1571,15450.0
2663.65,14.88,0.3652,-0.2912,15440.0
2663.7,15.05,0.256,-0.4253,15410.0
2663.75,15.01,0.09076,-0.3248,15380.0
2663.8,14.96,-0.07444,-0.2244,15370.0
2663.85,14.93,-0.116,-0.1973,15360.0
2663.9,14.9,-0.1576,-0.1702,15350.0
2663.95,15.0,-0.05732,-0.3457,15360.0
2664.0,15.1,0.04299,-0.5212,15370.0
2664.05,15.02,0.1184,-0.5818,15370.0
2664.1,14.94,0.1939,-0.6424,15370.0
2664.15,14.99,0.1616,-0.4873,15350.0
2664.2,15.03,0.1294,-0.3322,15320.0
2664.25,15.17,0.1357,-0.4749,15300.0
2664.3,15.3,0.1421,-0.6177,15290.0
2664.35,15.27,0.2448,-0.517,15290.0
2664.4,15.24,0.3475,-0.4163,15290.0
2664.45,15.16,0.4391,-0.5048,15290.0
2664.5,15.09,0.5306,-0.5933,15300.0
2664.55,14.96,0.4281,-0.5754,15300.0
2664.6,14.83,0.3256,-0.5575,15290.0
2664.65,14.87,0.4405,-0.4947,15270.0
2664.7,14.9,0.5553,-0.4319,15240.0
2664.75,15.16,0.5111,-0.4885,15200.0
2664.8,15.41,0.467,-0.5451,15170.0
2664.85,15.48,0.3662,-0.511,15140.0
2664.9,15.54,0.2655,-0.477,15130.0
2664.95,15.54,0.1033,-0.31,15150.0
2665.0,15.54,-0.05892,-0.1429,15170.0
2665.05,15.44,0.084,-0.1255,15200.0
2665.1,15.34,0.2269,-0.108,15200.0
2665.15,15.44,0.2568,-0.07524,15180.0
2665.2,15.54,0.2866,-0.04243,15140.0
2665.25,15.54,0.3023,-0.2008,15100.0
2665.3,15.55,0.3181,-0.3592,15060.0
2665.35,15.44,0.1953,-0.2339,15030.0
2665.4,15.32,0.07245,-0.1085,15010.0
2665.45,15.27,0.1513,-0.2102,15010.0
2665.5,15.23,0.2301,-0.3119,15020.0
2665.55,15.34,0.0621,-0.201,15030.0
2665.6,15.45,-0.1059,-0.08999,15030.0
2665.65,15.72,-0.1558,-0.1624,15040.0
2665.7,15.98,-0.2058,-0.2349,15050.0
2665.75,16.15,-0.201,-0.1873,15040.0
2665.8,16.32,-0.1963,-0.1397,15020.0
2665.85,16.28,-0.2806,0.04182,15000.0
2665.9,16.24,-0.365,0.2234,14990.0
2665.95,16.43,-0.2532,0.1702,14980.0
2666.0,16.63,-0.1413,0.1171,14970.0
2666.05,16.5,0.03662,0.1414,14950.0
2666.1,16.37,0.2146,0.1658,14950.0
2666.15,16.39,0.02369,0.2658,14960.0
2666.2,16.41,-0.1672,0.3658,14960.0
2666.25,16.38,-0.2084,0.2583,14940.0
2666.3,16.35,-0.2496,0.1507,14940.0
2666.35,16.22,-0.09076,0.1886,14940.0
2666.4,16.1,0.06807,0.2266,14940.0
2666.45,16.13,0.1156,0.07841,14940.0
2666.5,16.15,0.1632,-0.06975,14940.0
2666.55,16.13,0.1578,-0.1423,14950.0
2666.6,16.1,0.1525,-0.2149,14970.0
2666.65,16.03,0.4379,-0.2585,14970.0
2666.7,15.97,0.7233,-0.3022,14950.0
2666.75,15.84,0.6375,-0.1045,14920.0
2666.8,15.71,0.5517,0.09316,14890.0
2666.85,15.77,0.5744,0.003414,14870.0
2666.9,15.83,0.5971,-0.08633,14860.0
2666.95,15.66,0.4142,0.0695,14860.0
2667.0,15.49,0.2313,0.2253,14870.0
2667.05,15.49,0.3284,0.03268,14890.0
2667.1,15.48,0.4256,-0.16,14910.0
2667.15,15.4,0.2349,-0.2083,14900.0
2667.2,15.31,0.04419,-0.2566,14880.0
2667.25,15.16,0.04916,-0.2106,14860.0
2667.3,15.0,0.05414,-0.1646,14850.0
2667.35,14.9,0.1885,-0.3129,14850.0
2667.4,14.8,0.3228,-0.4612,14840.0
2667.45,14.82,0.2948,-0.2588,14840.0
2667.5,14.85,0.2667,-0.05634,14850.0
2667.55,15.06,0.1133,-0.08097,14860.0
2667.6,15.27,-0.04021,-0.1056,14870.0
2667.65,15.48,-0.1974,-0.1939,14850.0
2667.7,15.69,-0.3547,-0.2822,14830.0
2667.75,15.7,-0.5099,-0.2352,14810.0
2667.8,15.71,-0.6652,-0.1883,14800.0
2667.85,15.83,-0.7255,-0.2306,14790.0
2667.9,15.94,-0.7858,-0.2729,14770.0
2667.95,15.94,-0.8477,-0.2156,14770.0
2668.0,15.95,-0.9096,-0.1583,14800.0
2668.05,16.12,-0.8981,-0.1521,14820.0
2668.1,16.29,-0.8865,-0.1458,14830.0
2668.15,16.31,-0.835,-0.1083,14820.0
2668.2,16.33,-0.7834,-0.07072,14810.0
2668.25,16.3,-0.6722,-0.1289,14810.0
2668.3,16.26,-0.5609,-0.1871,14790.0
2668.35,16.26,-0.626,0.02488,14760.0
2668.4,16.27,-0.6911,0.2368,14740.0
2668.45,16.05,-0.6523,0.3785,14740.0
2668.5,15.84,-0.6134,0.5202,14770.0
2668.55,15.84,-0.7199,0.5069,14790.0
2668.6,15.84,-0.8264,0.4936,14790.0
2668.65,15.88,-0.9737,0.5191,14790.0
2668.7,15.92,-1.121,0.5446,14800.0
2668.75,15.83,-1.056,0.5398,14810.0
2668.8,15.75,-0.9916,0.5351,14800.0
2668.85,15.66,-1.047,0.5248,14780.0
2668.9,15.57,-1.103,0.5146,14770.0
2668.95,15.63,-1.0,0.4523,14780.0
2669.0,15.69,-0.8973,0.39,14800.0
2669.05,15.51,-0.9673,0.33,14790.0
2669.1,15.34,-1.037,0.27,14780.0
2669.15,15.29,-1.045,0.2405,14800.0
2669.2,15.24,-1.053,0.211,14830.0
2669.25,15.14,-1.057,0.04646,14840.0
2669.3,15.05,-1.06,-0.118,14830.0
2669.35,15.34,-0.9729,-0.1588,14820.0
2669.4,15.63,-0.8857,-0.1995,14830.0
2669.45,15.56,-0.8674,-0.1977,14820.0
2669.5,15.49,-0.8491,-0.1958,14800.0
2669.55,15.33,-0.6688,-0.1941,14780.0
2669.6,15.18,-0.4884,-0.1924,14800.0
2669.65,15.07,-0.4783,-0.2119,14840.0
2669.7,14.96,-0.4681,-0.2314,14890.0
2669.75,14.87,-0.3306,-0.184,14910.0
2669.8,14.78,-0.1931,-0.1366,14900.0
2669.85,14.79,-0.1931,-0.07865,14890.0
2669.9,14.79,-0.1931,-0.02073,14870.0
2669.95,14.96,-0.4598,-0.1065,14840.0
2670.0,15.13,-0.7265,-0.1922,14800.0
2670.05,15.15,-0.7245,-0.1438,14770.0
2670.1,15.16,-0.7225,-0.09536,14780.0
2670.15,15.11,-0.4833,-0.1858,14830.0
2670.2,15.06,-0.244,-0.2763,14890.0
2670.25,15.08,-0.1154,-0.3203,14940.0
2670.3,15.09,0.01314,-0.3644,14990.0
2670.35,15.2,-0.07185,-0.1812,15030.0
2670.4,15.3,-0.1568,0.001951,15020.0
2670.45,15.37,-0.03264,-0.1496,14980.0
2670.5,15.44,0.09156,-0.3012,14920.0
2670.55,15.34,0.05772,-0.4157,14870.0
2670.6,15.25,0.02389,-0.5302,14850.0
2670.65,15.31,-0.002986,-0.3552,14860.0
2670.7,15.37,-0.02986,-0.1802,14880.0
2670.75,15.44,-0.1067,-0.1334,14920.0
2670.8,15.51,-0.1835,-0.08658,14980.0
2670.85,15.55,-0.08001,-0.1946,15040.0
2670.9,15.59,0.02349,-0.3026,15070.0
2670.95,15.49,0.01592,-0.3456,15080.0
2671.0,15.38,0.00836,-0.3885,15070.0
2671.05,15.4,0.1863,-0.4824,15060.0
2671.1,15.41,0.3642,-0.5763,15040.0
2671.15,15.43,0.3674,-0.3474,15020.0
2671.2,15.46,0.3706,-0.1185,15010.0
2671.25,15.35,0.4851,0.03817,15010.0
2671.3,15.24,0.5995,0.1949,15030.0
2671.35,15.27,0.5573,0.1294,15060.0
2671.4,15.31,0.5151,0.0639,15090.0
2671.45,15.23,0.5764,0.07255,15120.0
2671.5,15.14,0.6377,0.08121,15130.0
2671.55,15.16,0.6529,0.1338,15140.0
2671.6,15.18,0.668,0.1863,15130.0
2671.65,15.12,0.713,0.06426,15110.0
2671.7,15.07,0.758,-0.0578,15090.0
2671.75,15.13,0.6592,-0.1279,15100.0
2671.8,15.19,0.5605,-0.198,15110.0
2671.85,15.25,0.8051,-0.1911,15130.0
2671.9,15.31,1.05,-0.1841,15150.0
2671.95,15.47,1.034,-0.1054,15160.0
2672.0,15.63,1.018,-0.02658,15160.0
2672.05,15.75,0.8459,-0.01768,15160.0
2672.1,15.88,0.6744,-0.00878,15150.0
2672.15,15.99,0.7777,-0.004756,15140.0
2672.2,16.1,0.881,-0.0007316,15150.0
2672.25,16.12,0.9584,0.07841,15180.0
2672.3,16.15,1.036,0.1575,15200.0
2672.35,15.98,0.9136,0.1844,15220.0
2672.4,15.8,0.7914,0.2112,15230.0
2672.45,16.0,0.8342,0.1389,15240.0
2672.5,16.19,0.877,0.06658,15230.0
2672.55,16.35,0.8201,0.01049,15220.0
2672.6,16.52,0.7631,-0.0456,15210.0
2672.65,16.57,0.8501,-0.07109,15210.0
2672.7,16.63,0.9371,-0.09657,15220.0
2672.75,16.71,1.135,-0.1444,15240.0
2672.8,16.8,1.334,-0.1922,15260.0
2672.85,16.72,1.398,-0.1997,15290.0
2672.9,16.64,1.463,-0.2073,15330.0
2672.95,16.58,1.137,-0.297,15370.0
2673.0,16.51,0.8105,-0.3868,15390.0
2673.05,16.63,0.7446,-0.4132,15400.0
2673.1,16.75,0.6787,-0.4397,15400.0
2673.15,16.6,0.8195,-0.398,15400.0
2673.2,16.44,0.9602,-0.3563,15380.0
2673.25,16.53,1.127,-0.358,15350.0
2673.3,16.62,1.293,-0.3597,15330.0
2673.35,16.52,1.459,-0.4779,15330.0
2673.4,16.42,1.625,-0.596,15350.0
2673.45,16.42,1.716,-0.4413,15380.0
2673.5,16.42,1.806,-0.2866,15430.0
2673.55,16.39,1.655,-0.3028,15490.0
2673.6,16.36,1.505,-0.319,15540.0
2673.65,16.27,1.198,-0.1689,15570.0
2673.7,16.19,0.8913,-0.01878,15570.0
2673.75,16.01,0.8161,-0.199,15540.0
2673.8,15.83,0.7408,-0.3792,15510.0
2673.85,15.95,0.534,-0.3083,15460.0
2673.9,16.07,0.3272,-0.2373,15440.0
2673.95,16.24,0.2394,-0.2068,15430.0
2674.0,16.4,0.1517,-0.1763,15450.0
2674.05,16.41,0.3165,-0.3824,15490.0
2674.1,16.41,0.4813,-0.5885,15530.0
2674.15,16.53,0.465,-0.7954,15570.0
2674.2,16.65,0.4486,-1.002,15610.0
2674.25,16.75,0.504,-1.021,15620.0
2674.3,16.84,0.5593,-1.039,15600.0
2674.35,16.93,0.742,-1.137,15580.0
2674.4,17.01,0.9247,-1.235,15550.0
2674.45,17.06,1.0,-1.187,15540.0
2674.5,17.11,1.075,-1.139,15540.0
2674.55,17.23,1.037,-1.048,15560.0
2674.6,17.34,0.9996,-0.957,15600.0
2674.65,17.71,0.8827,-0.7559,15640.0
2674.7,18.08,0.7659,-0.5548,15670.0
2674.75,18.04,0.5525,-0.4293,15680.0
2674.8,18.01,0.3392,-0.3039,15670.0
2674.85,17.92,0.214,-0.312,15640.0
2674.9,17.83,0.08877,-0.3202,15620.0
2674.95,17.85,0.06429,-0.228,15620.0
2675.0,17.87,0.03981,-0.1358,15640.0
2675.05,17.86,0.03025,-0.2529,15670.0
2675.1,17.84,0.0207,-0.37,15710.0
2675.15,17.73,-0.1115,-0.379,15740.0
2675.2,17.63,-0.2436,-0.388,15750.0
2675.25,17.58,-0.06509,-0.442,15750.0
2675.3,17.54,0.1135,-0.496,15730.0
2675.35,17.4,-0.0406,-0.5365,15710.0
2675.4,17.27,-0.1947,-0.577,15690.0
2675.45,17.27,-0.2335,-0.6407,15690.0
2675.5,17.27,-0.2723,-0.7043,15700.0
2675.55,17.42,-0.1403,-0.6377,15720.0
2675.6,17.58,-0.00836,-0.5712,15730.0
2675.65,17.63,-0.1899,-0.6135,15740.0
2675.7,17.68,-0.3714,-0.6558,15750.0
2675.75,17.62,-0.5032,-0.6743,15770.0
2675.8,17.55,-0.6349,-0.6929,15780.0
2675.85,17.61,-0.6403,-0.6315,15770.0
2675.9,17.66,-0.6457,-0.5702,15760.0
2675.95,17.62,-0.3416,-0.6132,15750.0
2676.0,17.59,-0.03742,-0.6563,15740.0
2676.05,17.57,-0.0619,-0.7884,15710.0
2676.1,17.54,-0.08638,-0.9206,15690.0
2676.15,17.58,0.03642,-0.8753,15690.0
2676.2,17.62,0.1592,-0.8299,15710.0
2676.25,17.76,0.3845,-0.6665,15740.0
2676.3,17.91,0.6099,-0.5031,15770.0
2676.35,17.73,0.9874,-0.2753,15800.0
2676.4,17.55,1.365,-0.04756,15820.0
2676.45,17.48,1.162,-0.06658,15830.0
2676.5,17.4,0.9598,-0.0856,15810.0
2676.55,17.45,0.826,-0.06682,15770.0
2676.6,17.5,0.6923,-0.04804,15740.0
2676.65,17.59,0.6457,0.07645,15710.0
2676.7,17.67,0.5991,0.201,15700.0
2676.75,17.91,0.6891,0.1227,15700.0
2676.8,18.16,0.779,0.04439,15700.0
2676.85,17.86,0.8005,-0.03146,15720.0
2676.9,17.57,0.822,-0.1073,15750.0
2676.95,17.38,0.8802,-0.2557,15780.0
2677.0,17.19,0.9383,-0.4041,15810.0
2677.05,16.99,1.001,-0.3435,15830.0
2677.1,16.78,1.064,-0.2829,15850.0
2677.15,16.86,0.8869,-0.1955,15850.0
2677.2,16.93,0.7102,-0.108,15820.0
2677.25,16.72,0.5577,-0.3028,15780.0
2677.3,16.51,0.4052,-0.4975,15740.0
2677.35,16.63,0.4514,-0.6005,15720.0
2677.4,16.74,0.4976,-0.7036,15710.0
2677.45,16.78,0.5044,-0.5048,15720.0
2677.5,16.81,0.5111,-0.3061,15750.0
2677.55,16.82,0.5957,-0.5131,15800.0
2677.6,16.82,0.6803,-0.7202,15850.0
2677.65,16.88,0.7424,-1.004,15870.0
2677.7,16.95,0.8045,-1.287,15860.0
2677.75,16.78,0.8499,-1.139,15830.0
2677.8,16.62,0.8953,-0.9906,15800.0
2677.85,16.61,0.7892,-0.7884,15780.0
2677.9,16.6,0.6831,-0.5863,15770.0
2677.95,16.67,0.5298,-0.5525,15770.0
2678.0,16.74,0.3766,-0.5187,15780.0
2678.05,16.72,0.4413,-0.6205,15780.0
2678.1,16.7,0.506,-0.7224,15770.0
2678.15,16.6,0.589,-0.6714,15750.0
2678.2,16.51,0.672,-0.6204,15740.0
2678.25,16.49,0.6907,-0.5923,15750.0
2678.3,16.48,0.7094,-0.5641,15760.0
2678.35,16.45,0.9208,-0.5287,15770.0
2678.4,16.42,1.132,-0.4934,15770.0
2678.45,16.53,1.106,-0.4589,15770.0
2678.5,16.65,1.08,-0.4243,15770.0
2678.55,16.59,1.144,-0.4057,15770.0
2678.6,16.52,1.207,-0.387,15760.0
2678.65,16.34,1.285,-0.5014,15740.0
2678.7,16.16,1.362,-0.6158,15740.0
2678.75,16.3,1.313,-0.8099,15740.0
2678.8,16.44,1.265,-1.004,15730.0
2678.85,16.51,1.342,-0.9331,15720.0
2678.9,16.57,1.418,-0.8621,15710.0
2678.95,16.52,1.311,-0.7856,15710.0
2679.0,16.46,1.203,-0.7092,15720.0
2679.05,16.48,1.091,-0.6783,15720.0
2679.1,16.49,0.9797,-0.6475,15730.0
2679.15,16.69,1.087,-0.6063,15740.0
2679.2,16.88,1.194,-0.5651,15760.0
2679.25,16.85,1.18,-0.4936,15770.0
2679.3,16.81,1.166,-0.4221,15750.0
2679.35,16.67,1.18,-0.3452,15730.0
2679.4,16.53,1.194,-0.2683,15700.0
2679.45,16.41,1.192,-0.4387,15690.0
2679.5,16.29,1.191,-0.6092,15670.0
2679.55,16.48,1.042,-0.433,15650.0
2679.6,16.66,0.8925,-0.2568,15640.0
2679.65,16.67,0.8374,-0.4147,15650.0
2679.7,16.68,0.7822,-0.5726,15680.0
2679.75,16.56,0.7462,-0.6082,15710.0
2679.8,16.43,0.7102,-0.6438,15720.0
2679.85,16.59,0.738,-0.6087,15710.0
2679.9,16.75,0.7659,-0.5736,15700.0
2679.95,16.62,0.8768,-0.4413,15680.0
2680.0,16.49,0.9876,-0.309,15660.0
2680.05,16.64,0.8419,-0.4745,15640.0
2680.1,16.78,0.6962,-0.6399,15610.0
2680.15,16.83,0.5848,-0.6164,15610.0
2680.2,16.87,0.4733,-0.5929,15610.0
2680.25,16.76,0.7319,-0.6293,15610.0
2680.3,16.65,0.9904,-0.6658,15610.0
2680.35,16.71,1.07,-0.6215,15610.0
2680.4,16.78,1.15,-0.5773,15610.0
2680.45,16.82,1.031,-0.7225,15610.0
2680.5,16.86,0.912,-0.8677,15600.0
2680.55,16.95,0.7374,-0.7889,15580.0
2680.6,17.05,0.5629,-0.7102,15550.0
2680.65,17.05,0.5906,-0.6396,15550.0
2680.7,17.05,0.6182,-0.569,15550.0
2680.75,16.91,0.6556,-0.6991,15550.0
2680.8,16.78,0.6931,-0.8292,15530.0
2680.85,16.96,0.7518,-0.7258,15520.0
2680.9,17.14,0.8105,-0.6224,15510.0
2680.95,16.96,0.6809,-0.5243,15500.0
2681.0,16.78,0.5513,-0.4263,15490.0
2681.05,16.54,0.5748,-0.3702,15460.0
2681.1,16.3,0.5983,-0.3141,15460.0
2681.15,16.15,0.5318,-0.2279,15480.0
2681.2,16.0,0.4654,-0.1417,15490.0
2681.25,15.89,0.4646,-0.3341,15490.0
2681.3,15.78,0.4638,-0.5265,15480.0
2681.35,15.93,0.4942,-0.6087,15480.0
2681.4,16.07,0.5247,-0.6909,15490.0
2681.45,16.04,0.5852,-0.6871,15490.0
2681.5,16.01,0.6457,-0.6833,15480.0
2681.55,15.99,0.6988,-0.7858,15460.0
2681.6,15.97,0.752,-0.8882,15450.0
2681.65,16.07,0.4236,-0.8859,15440.0
2681.7,16.16,0.09514,-0.8836,15420.0
2681.75,16.09,0.3211,-0.9383,15400.0
2681.8,16.02,0.547,-0.9931,15400.0
2681.85,16.01,0.5914,-0.9297,15420.0
2681.9,16.0,0.6357,-0.8662,15440.0
2681.95,15.85,0.6831,-1.072,15450.0
2682.0,15.7,0.7305,-1.278,15440.0
2682.05,15.89,0.6515,-1.356,15440.0
2682.1,16.08,0.5724,-1.433,15440.0
2682.15,16.1,0.547,-1.3,15420.0
2682.2,16.12,0.5215,-1.167,15380.0
2682.25,16.07,0.4102,-0.832,15360.0
2682.3,16.01,0.299,-0.497,15350.0
2682.35,15.82,0.3676,-0.4736,15350.0
2682.4,15.63,0.4363,-0.4502,15340.0
2682.45,15.5,0.9015,-0.393,15340.0
2682.5,15.36,1.367,-0.3358,15360.0
2682.55,15.41,1.428,-0.2777,15380.0
2682.6,15.46,1.488,-0.2195,15400.0
2682.65,15.68,1.353,-0.2774,15380.0
2682.7,15.9,1.218,-0.3353,15350.0
2682.75,15.89,1.269,-0.4764,15330.0
2682.8,15.89,1.321,-0.6175,15300.0
2682.85,15.67,1.331,-0.7482,15280.0
2682.9,15.46,1.341,-0.8789,15260.0
2682.95,15.45,1.36,-0.8376,15250.0
2683.0,15.45,1.379,-0.7963,15270.0
2683.05,15.39,1.335,-0.8625,15290.0
2683.1,15.34,1.291,-0.9287,15280.0
2683.15,15.51,1.259,-0.5997,15250.0
2683.2,15.68,1.226,-0.2707,15240.0
2683.25,15.66,1.284,-0.08584,15250.0
2683.3,15.64,1.341,0.09901,15250.0
2683.35,15.78,1.322,0.007316,15230.0
2683.4,15.92,1.304,-0.08438,15230.0
2683.45,16.01,1.161,0.03573,15240.0
2683.5,16.09,1.019,0.1558,15250.0
2683.55,16.33,0.8537,0.1796,15240.0
2683.6,16.57,0.6883,0.2034,15210.0
2683.65,16.58,0.6138,0.0506,15170.0
2683.7,16.6,0.5394,-0.1022,15160.0
2683.75,16.46,0.3286,-0.1102,15160.0
2683.8,16.32,0.1178,-0.1183,15150.0
2683.85,16.37,0.03543,-0.2,15140.0
2683.9,16.43,-0.04697,-0.2817,15150.0
2683.95,16.44,-0.1463,-0.2173,15200.0
2684.0,16.44,-0.2456,-0.1529,15240.0
2684.05,16.56,-0.1642,-0.004634,15260.0
2684.1,16.68,-0.0828,0.1436,15250.0
2684.15,16.66,-0.0424,-0.1501,15230.0
2684.2,16.64,-0.00199,-0.4439,15200.0
2684.25,16.42,0.1196,-0.2887,15160.0
2684.3,16.2,0.2412,-0.1336,15110.0
2684.35,16.16,0.3547,-0.045,15080.0
2684.4,16.13,0.4681,0.04365,15080.0
2684.45,16.04,0.3672,-0.07182,15100.0
2684.5,15.95,0.2663,-0.1873,15110.0
2684.55,15.93,0.4393,-0.1874,15110.0
2684.6,15.9,0.6123,-0.1875,15110.0
2684.65,15.85,0.5643,-0.08255,15120.0
2684.7,15.8,0.5163,0.02244,15130.0
2684.75,15.79,0.5048,-0.1618,15130.0
2684.8,15.78,0.4932,-0.3461,15120.0
2684.85,15.9,0.5412,-0.4176,15110.0
2684.9,16.01,0.5892,-0.4892,15100.0
2684.95,16.06,0.4703,-0.3785,15060.0
2685.0,16.11,0.3515,-0.2678,15020.0
2685.05,15.96,0.6117,-0.1566,14980.0
2685.1,15.82,0.8718,-0.04536,14960.0
2685.15,15.9,0.7645,0.0478,14970.0
2685.2,15.97,0.6572,0.141,14970.0
2685.25,16.19,0.7357,0.1607,14980.0
2685.3,16.41,0.8141,0.1805,15000.0
2685.35,16.39,0.863,0.2096,15030.0
2685.4,16.37,0.912,0.2388,15040.0
2685.45,16.13,0.6477,0.1205,15030.0
2685.5,15.88,0.3834,0.002195,15000.0
2685.55,15.71,0.2197,0.2214,14970.0
2685.6,15.55,0.05613,0.4407,14950.0
2685.65,15.47,0.2842,0.5491,14940.0
2685.7,15.4,0.5123,0.6575,14910.0
2685.75,15.54,0.5408,0.733,14900.0
2685.8,15.69,0.5693,0.8084,14900.0
2685.85,15.76,0.6337,0.6976,14910.0
2685.9,15.83,0.6982,0.5868,14910.0
2685.95,15.8,0.7209,0.5416,14910.0
2686.0,15.78,0.7436,0.4965,14910.0
2686.05,16.01,0.9369,0.5965,14930.0
2686.1,16.25,1.13,0.6965,14950.0
2686.15,16.28,1.018,0.6118,14960.0
2686.2,16.3,0.9056,0.527,14940.0
2686.25,16.4,0.7976,0.4892,14910.0
2686.3,16.5,0.6895,0.4514,14900.0
2686.35,16.32,0.6272,0.4167,14880.0
2686.4,16.13,0.5649,0.3819,14860.0
2686.45,16.0,0.5734,0.3342,14850.0
2686.5,15.87,0.582,0.2866,14850.0
2686.55,15.8,0.7886,0.3735,14870.0
2686.6,15.73,0.9952,0.4604,14880.0
2686.65,15.65,1.025,0.5037,14880.0
2686.7,15.57,1.055,0.547,14870.0
2686.75,15.6,1.07,0.6318,14870.0
2686.8,15.63,1.085,0.7165,14890.0
2686.85,15.54,0.9146,0.6001,14900.0
2686.9,15.46,0.744,0.4836,14910.0
2686.95,15.3,0.6845,0.4435,14900.0
2687.0,15.14,0.625,0.4034,14890.0
2687.05,15.12,0.495,0.4198,14870.0
2687.1,15.1,0.365,0.4363,14840.0
2687.15,15.26,0.5856,0.3261,14810.0
2687.2,15.43,0.8061,0.2158,14780.0
2687.25,15.55,0.9861,0.2578,14770.0
2687.3,15.67,1.166,0.2997,14770.0
2687.35,15.92,1.308,0.4542,14770.0
2687.4,16.16,1.45,0.6087,14790.0
2687.45,16.24,1.367,0.5259,14810.0
2687.5,16.32,1.284,0.4431,14840.0
2687.55,16.35,1.138,0.319,14860.0
2687.6,16.38,0.9912,0.1949,14840.0
2687.65,16.29,0.9755,0.1551,14800.0
2687.7,16.2,0.9598,0.1154,14760.0
2687.75,16.2,0.9524,0.05292,14720.0
2687.8,16.19,0.945,-0.009511,14680.0
2687.85,16.19,1.182,-0.009511,14650.0
2687.9,16.18,1.419,-0.009511,14640.0
2687.95,16.18,1.162,-0.05548,14660.0
2688.0,16.18,0.9048,-0.1015,14690.0
2688.05,16.34,0.9876,-0.1625,14700.0
2688.1,16.51,1.07,-0.2236,14710.0
2688.15,16.42,1.209,-0.2088,14730.0
2688.2,16.34,1.347,-0.1939,14730.0
2688.25,16.39,1.137,-0.3211,14720.0
2688.3,16.44,0.9259,-0.4482,14680.0
2688.35,16.27,1.136,-0.4111,14630.0
2688.4,16.09,1.346,-0.3739,14590.0
2688.45,16.15,1.173,-0.3278,14570.0
2688.5,16.21,1.0,-0.2817,14560.0
2688.55,16.34,0.8069,-0.2188,14550.0
2688.6,16.48,0.6134,-0.1558,14560.0
2688.65,16.47,0.4502,-0.2966,14580.0
2688.7,16.46,0.287,-0.4373,14600.0
2688.75,16.45,0.2124,-0.5106,14620.0
2688.8,16.44,0.1377,-0.5838,14620.0
2688.85,16.45,0.1994,-0.5495,14610.0
2688.9,16.46,0.2611,-0.5151,14600.0
2688.95,16.39,0.2247,-0.4112,14580.0
2689.0,16.32,0.1883,-0.3073,14550.0
2689.05,16.31,0.06748,-0.2406,14530.0
2689.1,16.3,-0.05334,-0.1739,14510.0
2689.15,16.19,-0.1564,-0.04938,14510.0
2689.2,16.08,-0.2596,0.07511,14510.0
2689.25,16.02,-0.2974,0.1165,14540.0
2689.3,15.97,-0.3352,0.1578,14560.0
2689.35,15.85,-0.3808,-0.01732,14590.0
2689.4,15.73,-0.4263,-0.1924,14600.0
2689.45,15.83,-0.591,-0.2023,14600.0
2689.5,15.94,-0.7556,-0.2122,14580.0
2689.55,16.05,-0.9162,-0.04682,14560.0
2689.6,16.16,-1.077,0.1185,14550.0
2689.65,16.28,-1.046,0.3197,14550.0
2689.7,16.41,-1.015,0.5209,14550.0
2689.75,16.49,-0.9886,0.5468,14560.0
2689.8,16.57,-0.9626,0.5726,14570.0
2689.85,16.54,-0.8967,0.5542,14570.0
2689.9,16.51,-0.8308,0.5358,14560.0
2689.95,16.81,-0.7454,0.6726,14540.0
2690.0,17.1,-0.66,0.8094,14520.0
2690.05,17.08,-0.8155,0.811,14510.0
2690.1,17.07,-0.9709,0.8126,14510.0
2690.15,17.0,-1.049,0.7739,14530.0
2690.2,16.93,-1.127,0.7353,14550.0
2690.25,16.84,-1.218,0.5221,14570.0
2690.3,16.75,-1.309,0.309,14590.0
2690.35,16.67,-1.327,0.3395,14600.0
2690.4,16.59,-1.346,0.37,14580.0
2690.45,16.52,-1.215,0.1724,14540.0
2690.5,16.45,-1.084,-0.02512,14490.0
2690.55,16.44,-1.051,-0.02549,14460.0
2690.6,16.44,-1.018,-0.02585,14430.0
2690.65,16.35,-0.6845,-0.08962,14420.0
2690.7,16.26,-0.3511,-0.1534,14430.0
2690.75,16.34,-0.2148,-0.2573,14460.0
2690.8,16.41,-0.07842,-0.3612,14500.0
2690.85,16.44,-0.1867,-0.2686,14530.0
2690.9,16.47,-0.295,-0.1761,14550.0
2690.95,16.44,-0.2219,-0.2506,14540.0
2691.0,16.41,-0.1489,-0.3251,14510.0
2691.05,16.22,-0.1529,-0.542,14460.0
2691.1,16.03,-0.1568,-0.7589,14400.0
2691.15,16.19,-0.1491,-0.7237,14360.0
2691.2,16.35,-0.1413,-0.6885,14340.0
2691.25,16.41,-0.3959,-0.661,14350.0
2691.3,16.47,-0.6505,-0.6336,14370.0
2691.35,16.53,-0.7599,-0.6561,14390.0
2691.4,16.6,-0.8694,-0.6787,14400.0
2691.45,16.41,-0.7295,-0.552,14400.0
2691.5,16.23,-0.5896,-0.4253,14390.0
2691.55,16.14,-0.7333,-0.3528,14380.0
2691.6,16.05,-0.877,-0.2802,14360.0
2691.65,15.94,-0.9492,-0.1997,14340.0
2691.7,15.82,-1.021,-0.1193,14330.0
2691.75,15.75,-0.9255,-0.2149,14320.0
2691.8,15.68,-0.8296,-0.3105,14310.0
2691.85,15.72,-0.838,-0.3562,14290.0
2691.9,15.76,-0.8463,-0.4019,14270.0
2691.95,15.64,-0.9827,-0.2461,14270.0
2692.0,15.52,-1.119,-0.09023,14280.0
2692.05,15.65,-1.218,-0.3023,14300.0
2692.1,15.78,-1.317,-0.5143,14310.0
2692.15,15.68,-1.281,-0.4464,14320.0
2692.2,15.59,-1.246,-0.3785,14320.0
2692.25,15.78,-1.127,-0.28,14320.0
2692.3,15.97,-1.008,-0.1814,14300.0
2692.35,15.84,-0.9062,-0.2924,14280.0
2692.4,15.7,-0.8045,-0.4034,14270.0
2692.45,15.63,-0.671,-0.4559,14280.0
2692.5,15.56,-0.5374,-0.5085,14290.0
2692.55,15.53,-0.2556,-0.3637,14280.0
2692.6,15.49,0.02627,-0.219,14260.0
2692.65,15.48,0.02687,-0.1612,14250.0
2692.7,15.46,0.02747,-0.1034,14250.0
2692.75,15.55,-0.2388,-0.1622,14250.0
2692.8,15.63,-0.5052,-0.221,14250.0
2692.85,15.53,-0.421,-0.4215,14260.0
2692.9,15.43,-0.3368,-0.6221,14270.0
2692.95,15.34,-0.2329,-0.6565,14300.0
2693.0,15.25,-0.129,-0.6909,14310.0
2693.05,15.28,-0.1636,-0.6404,14300.0
2693.1,15.3,-0.1982,-0.5899,14300.0
2693.15,15.29,-0.4548,-0.6809,14280.0
2693.2,15.28,-0.7114,-0.7719,14260.0
2693.25,15.21,-0.7382,-0.5343,14230.0
2693.3,15.14,-0.7651,-0.2968,14190.0
2693.35,15.12,-0.7309,-0.3276,14170.0
2693.4,15.11,-0.6966,-0.3585,14170.0
2693.45,15.28,-0.6359,-0.3496,14180.0
2693.5,15.46,-0.5752,-0.3407,14210.0
2693.55,15.48,-0.5418,-0.2067,14230.0
2693.6,15.51,-0.5084,-0.07267,14260.0
2693.65,15.66,-0.8764,0.004634,14280.0
2693.7,15.82,-1.244,0.08194,14280.0
2693.75,15.71,-1.147,0.01317,14260.0
2693.8,15.6,-1.05,-0.0556,14220.0
2693.85,15.39,-1.218,-0.1855,14170.0
2693.9,15.17,-1.387,-0.3153,14140.0
2693.95,15.25,-1.262,-0.2559,14100.0
2694.0,15.33,-1.137,-0.1966,14080.0
2694.05,15.24,-0.8636,-0.1171,14070.0
2694.1,15.16,-0.5908,-0.03756,14100.0
2694.15,14.97,-0.4031,-0.08597,14120.0
2694.2,14.77,-0.2154,-0.1344,14150.0
2694.25,14.76,-0.215,-0.1685,14160.0
2694.3,14.74,-0.2146,-0.2027,14160.0
2694.35,14.81,-0.129,-0.3075,14150.0
2694.4,14.89,-0.04339,-0.4124,14120.0
2694.45,14.93,-0.02966,-0.4702,14090.0
2694.5,14.97,-0.01592,-0.528,14050.0
2694.55,14.98,-0.06608,-0.6255,14030.0
2694.6,14.99,-0.1162,-0.7231,14010.0
2694.65,14.96,-0.03065,-0.6388,14000.0
2694.7,14.93,0.05494,-0.5546,14000.0
2694.75,15.02,0.1873,-0.7615,14030.0
2694.8,15.11,0.3197,-0.9684,14060.0
2694.85,15.02,0.1549,-1.015,14080.0
2694.9,14.92,-0.009952,-1.062,14090.0
2694.95,14.9,0.07166,-0.9688,14070.0
2695.0,14.88,0.1533,-0.876,14050.0
2695.05,15.07,0.2588,-1.006,14020.0
2695.1,15.25,0.3642,-1.135,14000.0
2695.15,15.21,0.2727,-1.045,13990.0
2695.2,15.17,0.1811,-0.9548,13990.0
2695.25,15.28,0.2048,-0.7227,14010.0
2695.3,15.39,0.2285,-0.4907,14020.0
2695.35,15.29,0.3897,-0.4934,14030.0
2695.4,15.2,0.5509,-0.496,14020.0
2695.45,15.23,0.5707,-0.4251,14020.0
2695.5,15.25,0.5904,-0.3541,14020.0
2695.55,15.15,0.5513,-0.4175,14020.0
2695.6,15.05,0.5123,-0.4809,14020.0
2695.65,15.24,0.5217,-0.5658,14010.0
2695.7,15.44,0.531,-0.6507,14020.0
2695.75,15.52,0.6455,-0.6646,14040.0
2695.8,15.6,0.7599,-0.6785,14050.0
2695.85,15.76,0.5163,-0.7119,14050.0
2695.9,15.91,0.2727,-0.7453,14040.0
2695.95,15.84,0.3187,-0.6947,14040.0
2696.0,15.77,0.3646,-0.6441,14030.0
2696.05,15.71,0.4166,-0.6674,14020.0
2696.1,15.66,0.4685,-0.6907,14000.0
2696.15,15.76,0.3316,-0.5535,13980.0
2696.2,15.87,0.1947,-0.4163,13970.0
2696.25,15.94,0.1137,-0.4281,13980.0
2696.3,16.01,0.03264,-0.44,13990.0
2696.35,16.24,-0.1447,-0.5171,14000.0
2696.4,16.46,-0.322,-0.5943,14030.0
2696.45,16.3,-0.3463,-0.4403,14060.0
2696.5,16.13,-0.3706,-0.2863,14070.0
2696.55,16.08,-0.5687,-0.2524,14050.0
2696.6,16.02,-0.7667,-0.2185,14010.0
2696.65,16.01,-0.7193,-0.304,13980.0
2696.7,16.0,-0.672,-0.3895,13940.0
2696.75,15.89,-0.6714,-0.328,13920.0
2696.8,15.79,-0.6708,-0.2666,13900.0
2696.85,15.72,-0.7852,-0.1861,13900.0
2696.9,15.65,-0.8997,-0.1056,13910.0
2696.95,15.71,-0.9546,0.04292,13940.0
2697.0,15.77,-1.01,0.1914,13950.0
2697.05,15.79,-0.8137,0.08219,13950.0
2697.1,15.81,-0.6178,-0.02707,13950.0
2697.15,15.74,-0.6537,0.08621,13960.0
2697.2,15.68,-0.6895,0.1995,13960.0
2697.25,15.72,-0.6706,0.2591,13930.0
2697.3,15.77,-0.6517,0.3187,13910.0
2697.35,15.66,-0.7936,0.2891,13890.0
2697.4,15.55,-0.9355,0.2595,13870.0
2697.45,15.3,-1.252,0.003902,13850.0
2697.5,15.05,-1.569,-0.2517,13820.0
2697.55,15.15,-1.436,-0.09633,13810.0
2697.6,15.25,-1.303,0.05902,13840.0
2697.65,15.33,-1.292,0.448,13880.0
2697.7,15.4,-1.28,0.837,13910.0
2697.75,15.45,-1.083,0.7732,13930.0
2697.8,15.5,-0.8857,0.7094,13930.0
2697.85,15.51,-0.8977,0.6681,13910.0
2697.9,15.51,-0.9096,0.6268,13880.0
2697.95,15.57,-1.063,0.8384,13850.0
2698.0,15.63,-1.217,1.05,13830.0
2698.05,15.75,-1.257,0.9942,13820.0
2698.1,15.87,-1.297,0.9382,13830.0
2698.15,16.05,-1.267,0.8677,13820.0
2698.2,16.24,-1.237,0.7972,13800.0
2698.25,16.32,-1.201,0.7263,13780.0
2698.3,16.4,-1.164,0.6553,13770.0
2698.35,16.28,-1.074,0.6483,13780.0
2698.4,16.16,-0.9833,0.6414,13800.0
2698.45,16.18,-1.264,0.6372,13830.0
2698.5,16.2,-1.545,0.6331,13860.0
2698.55,16.12,-1.445,0.5198,13880.0
2698.6,16.05,-1.345,0.4065,13890.0
2698.65,15.99,-1.358,0.2778,13860.0
2698.7,15.93,-1.37,0.149,13820.0
2698.75,15.65,-1.363,-0.06524,13780.0
2698.8,15.37,-1.355,-0.2795,13740.0
2698.85,15.33,-1.355,-0.2275,13720.0
2698.9,15.29,-1.355,-0.1756,13720.0
2698.95,15.36,-1.178,0.07914,13730.0
2699.0,15.44,-1.002,0.3339,13760.0
2699.05,15.53,-1.134,0.3473,13790.0
2699.1,15.63,-1.266,0.3607,13830.0
2699.15,15.61,-1.288,0.2118,13860.0
2699.2,15.59,-1.311,0.06292,13870.0
2699.25,15.46,-1.461,-0.03268,13870.0
2699.3,15.33,-1.612,-0.1283,13850.0
2699.35,15.18,-1.45,-0.1464,13820.0
2699.4,15.03,-1.288,-0.1646,13790.0
2699.45,15.17,-1.107,-0.1015,13760.0
2699.5,15.31,-0.9263,-0.03829,13740.0
2699.55,15.4,-1.078,-0.05816,13730.0
2699.6,15.5,-1.23,-0.07804,13740.0
2699.65,15.45,-1.127,-0.0389,13760.0
2699.7,15.4,-1.023,0.0002439,13790.0
2699.75,15.43,-0.9031,-0.01146,13800.0
2699.8,15.46,-0.783,-0.02317,13800.0
2699.85,15.45,-0.8336,0.01975,13790.0
2699.9,15.45,-0.8841,0.06268,13780.0
2699.95,15.24,-0.8619,0.07389,13770.0
2700.0,15.02,-0.8396,0.08511,13770.0
2700.05,15.04,-0.8358,0.07731,13770.0
2700.1,15.07,-0.832,0.0695,13780.0
2700.15,14.98,-0.5036,-0.002683,13790.0
2700.2,14.9,-0.1752,-0.07487,13780.0
2700.25,14.71,-0.5326,-0.09462,13740.0
2700.3,14.53,-0.8901,-0.1144,13700.0
2700.35,14.41,-0.9357,-0.2292,13670.0
2700.4,14.29,-0.9813,-0.3441,13660.0
2700.45,14.23,-0.7962,-0.3507,13660.0
2700.5,14.17,-0.6111,-0.3573,13680.0
2700.55,14.21,-0.6023,-0.364,13720.0
2700.6,14.25,-0.5935,-0.3707,13750.0
2700.65,14.3,-0.4666,-0.1417,13770.0
2700.7,14.36,-0.3396,0.08731,13760.0
2700.75,14.5,-0.3318,0.02353,13740.0
2700.8,14.64,-0.324,-0.04024,13710.0
2700.85,14.53,-0.3043,-0.2242,13670.0
2700.9,14.41,-0.2846,-0.4082,13640.0
2700.95,14.56,-0.2283,-0.4087,13620.0
2701.0,14.72,-0.172,-0.4092,13610.0
2701.05,14.68,-0.3577,-0.1797,13610.0
2701.1,14.64,-0.5434,0.04975,13620.0
2701.15,14.56,-0.2132,0.09511,13640.0
2701.2,14.49,0.117,0.1405,13660.0
2701.25,14.46,0.1176,0.1694,13690.0
2701.3,14.44,0.1182,0.1983,13720.0
2701.35,14.37,-0.06728,0.2575,13720.0
2701.4,14.31,-0.2528,0.3168,13720.0
2701.45,14.03,-0.1847,0.2811,13700.0
2701.5,13.76,-0.1166,0.2453,13680.0
2701.55,13.77,-0.1957,0.1834,13660.0
2701.6,13.79,-0.2747,0.1215,13650.0
2701.65,13.82,-0.1931,0.231,13640.0
2701.7,13.84,-0.1115,0.3405,13640.0
2701.75,13.75,-0.1513,0.1658,13650.0
2701.8,13.66,-0.1911,-0.00878,13660.0
2701.85,13.64,-0.3549,-0.06231,13680.0
2701.9,13.63,-0.5187,-0.1158,13710.0
2701.95,13.77,-0.5595,-0.04707,13730.0
2702.0,13.92,-0.6003,0.0217,13760.0
2702.05,13.76,-0.3627,0.008658,13780.0
2702.1,13.6,-0.125,-0.00439,13790.0
2702.15,13.53,-0.05792,0.09231,13780.0
2702.2,13.46,0.009156,0.189,13760.0
2702.25,13.42,0.1268,0.2492,13730.0
2702.3,13.38,0.2444,0.3095,13700.0
2702.35,13.47,0.05255,0.377,13680.0
2702.4,13.56,-0.1393,0.4446,13660.0
2702.45,13.56,-0.3123,0.3085,13650.0
2702.5,13.57,-0.4853,0.1724,13670.0
2702.55,13.5,-0.5219,0.2323,13710.0
2702.6,13.42,-0.5585,0.2922,13750.0
2702.65,13.44,-0.504,0.3691,13790.0
2702.7,13.46,-0.4494,0.446,13810.0
2702.75,13.56,-0.6127,0.3917,13820.0
2702.8,13.66,-0.7759,0.3373,13820.0
2702.85,13.61,-0.7506,0.3895,13790.0
2702.9,13.57,-0.7253,0.4417,13740.0
2702.95,13.51,-0.7649,0.537,13700.0
2703.0,13.45,-0.8045,0.6324,13680.0
2703.05,13.44,-0.6113,0.3932,13670.0
2703.1,13.43,-0.418,0.1541,13670.0
2703.15,13.46,-0.3364,-0.01207,13690.0
2703.2,13.49,-0.2548,-0.1783,13720.0
2703.25,13.62,-0.2416,0.07682,13760.0
2703.3,13.75,-0.2285,0.3319,13790.0
2703.35,13.91,-0.01911,0.3518,13800.0
2703.4,14.08,0.1903,0.3717,13800.0
2703.45,14.1,0.3461,0.3861,13790.0
2703.5,14.12,0.502,0.4004,13780.0
2703.55,14.08,0.5945,0.4067,13770.0
2703.6,14.04,0.6871,0.4129,13750.0
2703.65,14.18,0.5454,0.4846,13740.0
2703.7,14.33,0.4037,0.5563,13740.0
2703.75,14.29,0.298,0.5392,13740.0
2703.8,14.25,0.1923,0.5221,13730.0
2703.85,14.36,0.05931,0.6276,13730.0
2703.9,14.47,-0.07365,0.7331,13730.0
2703.95,14.52,0.05892,0.6308,13750.0
2704.0,14.56,0.1915,0.5285,13760.0
2704.05,14.57,0.1461,0.4584,13780.0
2704.1,14.58,0.1007,0.3882,13810.0
2704.15,14.52,-0.005175,0.4235,13840.0
2704.2,14.46,-0.1111,0.4587,13860.0
2704.25,14.62,-0.0832,0.5797,13860.0
2704.3,14.79,-0.05533,0.7007,13850.0
2704.35,14.67,-0.02349,0.5427,13830.0
2704.4,14.55,0.00836,0.3848,13810.0
2704.45,14.74,0.1465,0.1427,13800.0
2704.5,14.93,0.2846,-0.0995,13790.0
2704.55,15.01,0.2038,-0.4134,13790.0
2704.6,15.1,0.123,-0.7272,13800.0
2704.65,15.05,-0.01035,-0.486,13830.0
2704.7,14.99,-0.1437,-0.2449,13870.0
2704.75,14.9,-0.2317,-0.1383,13910.0
2704.8,14.8,-0.3197,-0.0317,13940.0
2704.85,14.7,-0.4787,-0.01914,13960.0
2704.9,14.59,-0.6377,-0.006585,13970.0
2704.95,14.72,-0.5257,-0.01463,13960.0
2705.0,14.84,-0.4136,-0.02268,13930.0
2705.05,14.84,-0.4267,0.02329,13890.0
2705.1,14.84,-0.4399,0.06926,13880.0
2705.15,14.83,-0.3981,0.3953,13870.0
2705.2,14.82,-0.3563,0.7214,13880.0
2705.25,14.73,-0.2229,0.6791,13900.0
2705.3,14.63,-0.08957,0.6368,13940.0
2705.35,14.71,0.02687,0.6858,13980.0
2705.4,14.79,0.1433,0.7348,14010.0
2705.45,14.58,0.05812,0.6158,14020.0
2705.5,14.37,-0.02707,0.4968,14010.0
2705.55,14.33,-0.01951,0.2675,14000.0
2705.6,14.29,-0.01194,0.03829,14000.0
2705.65,14.35,0.01095,0.1217,14010.0
2705.7,14.41,0.03384,0.2051,14020.0
2705.75,14.44,-0.1266,0.1206,14040.0
2705.8,14.47,-0.287,0.03609,14050.0
2705.85,14.5,-0.3861,-0.1422,14050.0
2705.9,14.52,-0.4853,-0.3205,14050.0
2705.95,14.67,-0.4526,-0.1655,14030.0
2706.0,14.81,-0.42,-0.01049,14020.0
2706.05,14.92,-0.2594,0.07109,14020.0
2706.1,15.02,-0.09872,0.1527,14050.0
2706.15,15.08,-0.1726,0.1936,14080.0
2706.2,15.13,-0.2464,0.2346,14110.0
2706.25,15.12,-0.2808,0.2452,14150.0
2706.3,15.11,-0.3153,0.2558,14180.0
2706.35,15.08,-0.2759,0.08341,14200.0
2706.4,15.04,-0.2365,-0.08901,14190.0
2706.45,15.22,-0.1632,-0.1493,14160.0
2706.5,15.4,-0.08997,-0.2095,14130.0
2706.55,15.31,-0.07325,-0.01695,14100.0
2706.6,15.23,-0.05653,0.1756,14090.0
2706.65,15.22,-0.06509,0.3434,14090.0
2706.7,15.21,-0.07365,0.5112,14100.0
2706.75,15.2,-0.2404,0.3197,14130.0
2706.8,15.19,-0.4072,0.1283,14150.0
2706.85,15.23,-0.4632,0.06829,14180.0
2706.9,15.28,-0.5191,0.008292,14200.0
2706.95,15.32,-0.6184,0.1766,14230.0
2707.0,15.36,-0.7177,0.3448,14240.0
2707.05,15.32,-0.5993,0.3597,14240.0
2707.1,15.28,-0.4809,0.3746,14220.0
2707.15,15.39,-0.4321,0.3684,14190.0
2707.2,15.49,-0.3834,0.3622,14170.0
2707.25,15.44,-0.4574,0.4162,14150.0
2707.3,15.39,-0.5314,0.4702,14150.0
2707.35,15.33,-0.6662,0.5113,14150.0
2707.4,15.27,-0.8009,0.5524,14160.0
2707.45,15.14,-0.7488,0.5429,14190.0
2707.5,15.02,-0.6966,0.5334,14230.0
2707.55,15.1,-0.3358,0.3785,14250.0
2707.6,15.18,0.02508,0.2236,14260.0
2707.65,15.22,0.2454,0.2631,14250.0
2707.7,15.26,0.4658,0.3026,14240.0
2707.75,15.2,0.5086,0.2277,14210.0
2707.8,15.14,0.5513,0.1527,14190.0
2707.85,15.16,0.4815,0.03536,14180.0
2707.9,15.18,0.4116,-0.08194,14180.0
2707.95,15.25,0.3893,0.0917,14190.0
2708.0,15.33,0.367,0.2653,14200.0
2708.05,15.36,0.2392,0.1585,14200.0
2708.1,15.39,0.1115,0.0517,14200.0
2708.15,15.47,0.1957,0.03036,14200.0
2708.2,15.55,0.2799,0.009023,14190.0
2708.25,15.51,0.1007,-0.005121,14180.0
2708.3,15.47,-0.07842,-0.01927,14170.0
2708.35,15.43,-0.03642,0.1447,14190.0
2708.4,15.4,0.005573,0.3087,14210.0
2708.45,15.36,-0.0633,0.3046,14240.0
2708.5,15.33,-0.1322,0.3005,14250.0
2708.55,15.62,-0.2002,0.26,14260.0
2708.6,15.92,-0.2683,0.2195,14250.0
2708.65,16.0,-0.2494,0.3469,14240.0
2708.7,16.07,-0.2305,0.4743,14220.0
2708.75,16.19,-0.3008,0.3747,14200.0
2708.8,16.3,-0.371,0.2751,14180.0
2708.85,16.42,-0.5748,0.4096,14180.0
2708.9,16.55,-0.7787,0.5441,14190.0
2708.95,16.49,-0.6799,0.6153,14220.0
2709.0,16.43,-0.5812,0.6865,14250.0
2709.05,16.28,-0.6543,0.669,14290.0
2709.1,16.12,-0.7273,0.6514,14330.0
2709.15,16.13,-0.7526,0.5998,14360.0
2709.2,16.15,-0.7779,0.5482,14370.0
2709.25,16.13,-0.757,0.7214,14360.0
2709.3,16.11,-0.7361,0.8945,14330.0
2709.35,15.99,-0.8203,0.6057,14310.0
2709.4,15.87,-0.9044,0.3168,14270.0
2709.45,15.73,-0.9413,0.3323,14240.0
2709.5,15.58,-0.9781,0.3478,14230.0
2709.55,15.69,-1.099,0.3608,14250.0
2709.6,15.79,-1.219,0.3739,14300.0
2709.65,15.82,-1.037,0.3255,14350.0
2709.7,15.85,-0.8543,0.277,14400.0
2709.75,15.91,-1.08,0.3384,14440.0
2709.8,15.97,-1.306,0.3997,14450.0
2709.85,15.7,-1.139,0.4578,14440.0
2709.9,15.43,-0.9717,0.5158,14390.0
2709.95,15.45,-1.13,0.5006,14340.0
2710.0,15.47,-1.287,0.4853,14300.0
2710.05,15.46,-1.424,0.3597,14290.0
2710.1,15.46,-1.561,0.2341,14300.0
2710.15,15.3,-1.204,0.1794,14330.0
2710.2,15.14,-0.8463,0.1246,14370.0
2710.25,15.23,-0.8555,-0.01097,14410.0
2710.3,15.32,-0.8646,-0.1466,14440.0
2710.35,15.34,-0.8913,-0.07792,14450.0
2710.4,15.36,-0.918,-0.009267,14420.0
2710.45,15.34,-0.6742,0.1628,14380.0
2710.5,15.32,-0.4303,0.3348,14350.0
2710.55,15.29,-0.5247,0.279,14330.0
2710.6,15.26,-0.619,0.2231,14310.0
2710.65,15.2,-0.5312,0.2074,14310.0
2710.7,15.13,-0.4435,0.1917,14310.0
2710.75,15.21,-0.2625,0.07365,14340.0
2710.8,15.28,-0.08161,-0.04439,14380.0
2710.85,15.05,-0.2116,-0.1961,14420.0
2710.9,14.82,-0.3416,-0.3478,14440.0
2710.95,14.85,-0.2398,-0.01378,14440.0
2711.0,14.89,-0.1381,0.3202,14420.0
2711.05,15.0,-0.3312,0.1944,14370.0
2711.1,15.12,-0.5243,0.06853,14310.0
2711.15,14.91,-0.5018,0.1002,14270.0
2711.2,14.71,-0.4793,0.1319,14260.0
2711.25,14.54,-0.6618,0.1213,14280.0
2711.3,14.37,-0.8443,0.1107,14320.0
2711.35,14.41,-1.046,0.1264,14370.0
2711.4,14.44,-1.248,0.1422,14410.0
2711.45,14.62,-1.086,0.1002,14440.0
2711.5,14.81,-0.9236,0.05829,14430.0
2711.55,14.76,-0.9401,0.1178,14400.0
2711.6,14.72,-0.9566,0.1773,14340.0
2711.65,14.71,-1.128,0.1089,14290.0
2711.7,14.7,-1.299,0.04048,14250.0
2711.75,14.71,-1.15,0.2861,14240.0
2711.8,14.73,-1.0,0.5316,14240.0
2711.85,14.7,-0.9751,0.3362,14280.0
2711.9,14.67,-0.9498,0.1407,14350.0
2711.95,14.65,-1.05,-0.04951,14410.0
2712.0,14.64,-1.151,-0.2397,14460.0
2712.05,14.6,-1.014,-0.03365,14470.0
2712.1,14.57,-0.8778,0.1724,14450.0
2712.15,14.54,-0.964,0.1842,14410.0
2712.2,14.51,-1.05,0.1961,14360.0
2712.25,14.5,-1.069,0.1605,14300.0
2712.3,14.49,-1.087,0.1249,14260.0
2712.35,14.59,-1.143,0.2703,14260.0
2712.4,14.69,-1.199,0.4158,14280.0
2712.45,14.59,-1.19,0.4678,14310.0
2712.5,14.49,-1.181,0.5197,14350.0
2712.55,14.6,-1.079,0.5985,14390.0
2712.6,14.71,-0.9769,0.6772,14430.0
2712.65,14.85,-1.089,0.7063,14440.0
2712.7,14.98,-1.201,0.7353,14430.0
2712.75,14.82,-1.128,0.8087,14400.0
2712.8,14.65,-1.056,0.8821,14370.0
2712.85,14.74,-1.047,0.8049,14350.0
2712.9,14.82,-1.039,0.7277,14320.0
2712.95,14.72,-1.087,0.7939,14290.0
2713.0,14.63,-1.136,0.8601,14270.0
2713.05,14.54,-1.158,0.9387,14280.0
2713.1,14.45,-1.181,1.017,14310.0
2713.15,14.44,-1.129,0.9662,14350.0
2713.2,14.43,-1.077,0.9153,14370.0
2713.25,14.27,-1.065,0.7225,14390.0
2713.3,14.1,-1.054,0.5297,14410.0
2713.35,14.26,-1.2,0.2952,14410.0
2713.4,14.41,-1.347,0.06073,14390.0
2713.45,14.24,-1.295,-0.04451,14350.0
2713.5,14.07,-1.243,-0.1497,14330.0
2713.55,14.05,-1.128,-0.08962,14330.0
2713.6,14.03,-1.014,-0.02951,14330.0
2713.65,14.18,-1.035,-0.1001,14330.0
2713.7,14.32,-1.057,-0.1707,14330.0
2713.75,14.39,-1.187,-0.06585,14350.0
2713.8,14.46,-1.318,0.03902,14370.0
2713.85,14.38,-1.329,0.03743,14370.0
2713.9,14.29,-1.34,0.03585,14360.0
2713.95,14.2,-1.494,0.1325,14340.0
2714.0,14.11,-1.648,0.2292,14330.0
2714.05,13.97,-1.653,0.2134,14330.0
2714.1,13.83,-1.658,0.1975,14320.0
2714.15,13.68,-1.5,0.1172,14330.0
2714.2,13.53,-1.341,0.03683,14350.0
2714.25,13.7,-1.131,-0.05158,14370.0
2714.3,13.88,-0.9212,-0.14,14370.0
2714.35,13.8,-0.9021,-0.1285,14360.0
2714.4,13.73,-0.8829,-0.1171,14320.0
2714.45,13.71,-0.827,-0.09816,14290.0
2714.5,13.69,-0.7711,-0.07926,14270.0
2714.55,13.54,-0.6497,0.04865,14260.0
2714.6,13.4,-0.5283,0.1766,14270.0
2714.65,13.53,-0.7681,0.3689,14300.0
2714.7,13.65,-1.008,0.5612,14350.0
2714.75,13.59,-0.7733,0.5941,14390.0
2714.8,13.52,-0.5386,0.627,14410.0
2714.85,13.65,-0.6184,0.5921,14410.0
2714.9,13.78,-0.6982,0.5573,14400.0
2714.95,13.65,-0.6574,0.5552,14400.0
2715.0,13.52,-0.6166,0.5531,14390.0
2715.05,13.66,-0.8696,0.4987,14350.0
2715.1,13.79,-1.123,0.4443,14320.0
2715.15,13.79,-1.134,0.2459,14310.0
2715.2,13.8,-1.145,0.04756,14320.0
2715.25,13.9,-1.145,0.1269,14330.0
2715.3,13.99,-1.144,0.2063,14360.0
2715.35,13.97,-1.139,0.07438,14410.0
2715.4,13.94,-1.133,-0.05755,14470.0
2715.45,13.84,-1.073,-0.02512,14510.0
2715.5,13.73,-1.014,0.007316,14520.0
2715.55,13.55,-1.035,0.06402,14510.0
2715.6,13.37,-1.057,0.1207,14480.0
2715.65,13.28,-1.123,0.1907,14450.0
2715.7,13.19,-1.189,0.2607,14410.0
2715.75,13.19,-1.302,0.1552,14380.0
2715.8,13.19,-1.414,0.04975,14380.0
2715.85,13.12,-1.549,-0.2178,14400.0
2715.9,13.05,-1.683,-0.4853,14430.0
2715.95,13.18,-1.439,-0.4191,14460.0
2716.0,13.3,-1.195,-0.3529,14490.0
2716.05,13.35,-1.211,-0.2174,14510.0
2716.1,13.4,-1.226,-0.08194,14530.0
2716.15,13.68,-1.213,0.04207,14530.0
2716.2,13.97,-1.201,0.1661,14520.0
2716.25,13.99,-1.253,0.09414,14500.0
2716.3,14.01,-1.305,0.02219,14490.0
2716.35,13.94,-1.292,-0.06109,14470.0
2716.4,13.87,-1.279,-0.1444,14450.0
2716.45,13.84,-1.489,-0.3583,14440.0
2716.5,13.81,-1.699,-0.5721,14440.0
2716.55,13.75,-1.776,-0.6903,14470.0
2716.6,13.68,-1.852,-0.8084,14490.0
2716.65,13.75,-1.663,-0.7994,14510.0
2716.7,13.81,-1.475,-0.7904,14510.0
2716.75,13.86,-1.438,-0.7169,14510.0
2716.8,13.91,-1.402,-0.6433,14510.0
2716.85,13.73,-1.29,-0.5492,14500.0
2716.9,13.55,-1.178,-0.4551,14500.0
2716.95,13.6,-1.302,-0.3807,14510.0
2717.0,13.66,-1.425,-0.3063,14520.0
2717.05,13.67,-1.276,-0.3937,14520.0
2717.1,13.68,-1.128,-0.4812,14510.0
2717.15,13.63,-1.097,-0.4258,14500.0
2717.2,13.59,-1.067,-0.3704,14490.0
2717.25,13.66,-0.8147,-0.1771,14490.0
2717.3,13.73,-0.5625,0.01634,14500.0
2717.35,13.59,-0.378,0.1107,14510.0
2717.4,13.44,-0.1935,0.2051,14530.0
2717.45,13.31,-0.2138,0.145,14540.0
2717.5,13.18,-0.2341,0.08487,14560.0
2717.55,13.21,-0.3292,0.005121,14580.0
2717.6,13.24,-0.4244,-0.07463,14580.0
2717.65,13.22,-0.4608,-0.1135,14590.0
2717.7,13.21,-0.4972,-0.1524,14590.0
2717.75,13.23,-0.59,-0.02146,14590.0
2717.8,13.26,-0.6827,0.1095,14580.0
2717.85,13.41,-0.7112,0.1158,14570.0
2717.9,13.56,-0.7396,0.1222,14570.0
2717.95,13.67,-0.5567,-0.01293,14580.0
2718.0,13.77,-0.3738,-0.148,14590.0
2718.05,14.01,-0.409,-0.02805,14590.0
2718.1,14.25,-0.4443,0.09194,14590.0
2718.15,14.19,-0.5643,0.1607,14610.0
2718.2,14.13,-0.6843,0.2295,14620.0
2718.25,14.26,-0.6604,0.2596,14640.0
2718.3,14.39,-0.6365,0.2897,14650.0
2718.35,14.51,-0.7355,0.239,14660.0
2718.4,14.63,-0.8344,0.1883,14680.0
2718.45,14.69,-0.914,0.08645,14680.0
2718.5,14.74,-0.9936,-0.01536,14670.0
2718.55,14.69,-1.035,0.009999,14660.0
2718.6,14.64,-1.077,0.03536,14650.0
2718.65,14.67,-0.993,0.07146,14640.0
2718.7,14.69,-0.9088,0.1075,14620.0
2718.75,14.55,-1.05,0.03939,14590.0
2718.8,14.4,-1.191,-0.02878,14580.0
2718.85,14.35,-1.213,-0.05536,14600.0
2718.9,14.3,-1.235,-0.08194,14630.0
2718.95,14.31,-0.8201,-0.2207,14660.0
2719.0,14.31,-0.4049,-0.3595,14690.0
2719.05,14.29,-0.1041,-0.3212,14720.0
2719.1,14.26,0.1967,-0.2829,14740.0
2719.15,14.2,0.1545,-0.1375,14730.0
2719.2,14.13,0.1123,0.007804,14700.0
2719.25,14.04,0.133,0.1268,14660.0
2719.3,13.95,0.1537,0.2458,14630.0
2719.35,13.83,-0.1043,0.2525,14610.0
2719.4,13.71,-0.3623,0.2592,14590.0
2719.45,13.69,-0.4727,0.19,14600.0
2719.5,13.66,-0.5832,0.1207,14620.0
2719.55,13.53,-0.7209,0.2117,14670.0
2719.6,13.4,-0.8587,0.3026,14720.0
2719.65,13.65,-0.8919,0.422,14760.0
2719.7,13.9,-0.9251,0.5414,14780.0
2719.75,14.02,-0.9013,0.536,14790.0
2719.8,14.14,-0.8774,0.5307,14780.0
2719.85,14.09,-0.9502,0.5342,14750.0
2719.9,14.04,-1.023,0.5377,14710.0
2719.95,13.95,-0.7836,0.5504,14660.0
2720.0,13.86,-0.5442,0.5631,14640.0
2720.05,13.86,-0.7623,0.556,14640.0
2720.1,13.85,-0.9805,0.549,14670.0
2720.15,13.84,-1.229,0.4507,14710.0
2720.2,13.84,-1.478,0.3524,14750.0
2720.25,13.97,-1.497,0.2986,14800.0
2720.3,14.1,-1.516,0.2449,14840.0
2720.35,13.98,-1.444,0.1617,14850.0
2720.4,13.86,-1.371,0.07853,14830.0
2720.45,13.73,-1.327,0.04341,14800.0
2720.5,13.59,-1.282,0.008292,14770.0
2720.55,13.55,-1.28,-0.1175,14740.0
2720.6,13.52,-1.279,-0.2434,14720.0
2720.65,13.43,-1.305,-0.1338,14710.0
2720.7,13.35,-1.332,-0.02414,14720.0
2720.75,13.4,-1.429,-0.08694,14750.0
2720.8,13.45,-1.527,-0.1497,14780.0
2720.85,13.42,-1.586,0.09462,14800.0
2720.9,13.39,-1.644,0.339,14800.0
2720.95,13.43,-1.607,0.3147,14800.0
2721.0,13.46,-1.57,0.2905,14800.0
2721.05,13.48,-1.431,0.3298,14790.0
2721.1,13.5,-1.291,0.3692,14780.0
2721.15,13.63,-1.406,0.05073,14780.0
2721.2,13.75,-1.522,-0.2678,14800.0
2721.25,13.67,-1.264,-0.1983,14800.0
2721.3,13.59,-1.007,-0.1288,14790.0
2721.35,13.33,-1.092,-0.06853,14770.0
2721.4,13.06,-1.177,-0.008292,14730.0
2721.45,13.06,-1.121,-0.03792,14700.0
2721.5,13.05,-1.066,-0.06755,14680.0
2721.55,13.12,-0.9785,0.2039,14670.0
2721.6,13.19,-0.8909,0.4753,14680.0
2721.65,13.21,-0.9988,0.4396,14700.0
2721.7,13.22,-1.107,0.4039,14730.0
2721.75,13.19,-1.263,0.2937,14760.0
2721.8,13.16,-1.418,0.1836,14770.0
2721.85,13.07,-1.399,0.1123,14770.0
2721.9,12.98,-1.38,0.04097,14770.0
2721.95,12.88,-1.083,-0.1024,14750.0
2722.0,12.78,-0.7858,-0.2458,14710.0
2722.05,12.9,-0.9717,-0.254,14670.0
2722.1,13.02,-1.158,-0.2622,14640.0
2722.15,12.9,-1.193,-0.3833,14630.0
2722.2,12.77,-1.228,-0.5043,14630.0
2722.25,12.81,-1.071,-0.5176,14650.0
2722.3,12.84,-0.9132,-0.5309,14680.0
2722.35,12.96,-0.7315,-0.5277,14720.0
2722.4,13.08,-0.5498,-0.5246,14760.0
2722.45,13.02,-0.5886,-0.5091,14800.0
2722.5,12.95,-0.6274,-0.4936,14800.0
2722.55,13.04,-0.8254,-0.4158,14780.0
2722.6,13.14,-1.023,-0.338,14740.0
2722.65,13.15,-1.095,-0.2402,14700.0
2722.7,13.16,-1.166,-0.1424,14680.0
2722.75,13.3,-1.107,0.02622,14670.0
2722.8,13.45,-1.049,0.1949,14670.0
2722.85,13.3,-1.126,0.1569,14690.0
2722.9,13.15,-1.203,0.119,14730.0
2722.95,13.15,-1.329,0.08426,14760.0
2723.0,13.15,-1.455,0.04951,14780.0
2723.05,13.07,-1.278,0.01122,14780.0
2723.1,13.0,-1.101,-0.02707,14770.0
2723.15,13.17,-1.081,0.04439,14770.0
2723.2,13.34,-1.06,0.1158,14750.0
2723.25,13.38,-1.173,0.03585,14730.0
2723.3,13.43,-1.287,-0.04414,14720.0
2723.35,13.39,-1.446,0.003048,14710.0
2723.4,13.35,-1.605,0.05024,14720.0
2723.45,13.37,-1.581,-0.05951,14730.0
2723.5,13.39,-1.558,-0.1692,14740.0
2723.55,13.39,-1.628,-0.1896,14760.0
2723.6,13.39,-1.698,-0.21,14770.0
2723.65,13.42,-1.519,-0.2531,14780.0
2723.7,13.46,-1.341,-0.2963,14770.0
2723.75,13.59,-1.252,-0.1328,14760.0
2723.8,13.72,-1.163,0.03073,14760.0
2723.85,13.73,-1.016,0.05365,14770.0
2723.9,13.74,-0.869,0.07658,14790.0
2723.95,13.83,-0.7816,-0.01207,14800.0
2724.0,13.91,-0.6943,-0.1007,14810.0
2724.05,14.05,-0.6777,-0.1477,14820.0
2724.1,14.19,-0.6612,-0.1946,14810.0
2724.15,14.04,-0.3037,-0.3333,14790.0
2724.2,13.9,0.05374,-0.4719,14760.0
2724.25,13.9,-0.09733,-0.4371,14740.0
2724.3,13.89,-0.2484,-0.4024,14720.0
2724.35,13.99,-0.2968,-0.4704,14730.0
2724.4,14.08,-0.3451,-0.5385,14760.0
2724.45,14.23,-0.4391,-0.5431,14790.0
2724.5,14.37,-0.533,-0.5477,14830.0
2724.55,14.42,-0.4628,-0.6059,14860.0
2724.6,14.47,-0.3925,-0.6641,14880.0
2724.65,14.57,-0.4574,-0.8165,14880.0
2724.7,14.67,-0.5223,-0.9689,14850.0
2724.75,14.83,-0.3784,-0.8537,14820.0
2724.8,15.0,-0.2345,-0.7385,14780.0
2724.85,14.91,-0.2054,-0.7925,14750.0
2724.9,14.82,-0.1764,-0.8465,14740.0
2724.95,14.82,-0.1795,-0.6557,14730.0
2725.0,14.83,-0.1827,-0.4648,14750.0
2725.05,14.87,-0.2657,-0.3519,14800.0
2725.1,14.92,-0.3487,-0.239,14860.0
2725.15,14.78,-0.2373,-0.1719,14920.0
2725.2,14.63,-0.1258,-0.1049,14960.0
2725.25,14.44,-0.007365,-0.1792,14970.0
2725.3,14.24,0.1111,-0.2536,14950.0
2725.35,14.4,-0.1965,-0.2024,14910.0
2725.4,14.56,-0.504,-0.1512,14850.0
2725.45,14.69,-0.8495,-0.2534,14800.0
2725.5,14.81,-1.195,-0.3556,14760.0
2725.55,14.68,-1.181,-0.08792,14760.0
2725.6,14.54,-1.166,0.1797,14780.0
2725.65,14.37,-1.088,0.08853,14820.0
2725.7,14.2,-1.01,-0.002683,14880.0
2725.75,14.29,-0.9011,-0.06207,14940.0
2725.8,14.39,-0.7922,-0.1215,14980.0
2725.85,14.42,-0.8318,-0.015,14990.0
2725.9,14.44,-0.8714,0.09145,14970.0
2725.95,14.58,-0.9417,0.3062,14940.0
2726.0,14.71,-1.012,0.5209,14890.0
2726.05,14.66,-1.046,0.4628,14850.0
2726.1,14.61,-1.08,0.4046,14840.0
2726.15,14.61,-1.237,0.2483,14850.0
2726.2,14.62,-1.394,0.09194,14870.0
2726.25,14.72,-1.412,0.0278,14900.0
2726.3,14.83,-1.43,-0.03634,14920.0
2726.35,14.6,-1.313,0.1747,14940.0
2726.4,14.38,-1.196,0.3858,14960.0
2726.45,14.22,-1.168,0.3548,14980.0
2726.5,14.07,-1.14,0.3239,14980.0
2726.55,14.0,-1.246,0.3318,14990.0
2726.6,13.93,-1.353,0.3397,14990.0
2726.65,13.87,-1.402,0.4732,14990.0
2726.7,13.81,-1.452,0.6068,14990.0
2726.75,13.8,-1.321,0.4954,14990.0
2726.8,13.78,-1.191,0.3841,14980.0
2726.85,13.66,-1.045,0.3558,14970.0
2726.9,13.53,-0.8985,0.3275,14970.0
2726.95,13.71,-0.8766,0.3614,14970.0
2727.0,13.89,-0.8547,0.3953,14970.0
2727.05,14.03,-0.8025,0.4175,14980.0
2727.1,14.17,-0.7504,0.4397,14980.0
2727.15,14.1,-0.6849,0.3576,14980.0
2727.2,14.03,-0.6194,0.2756,14990.0
2727.25,13.99,-0.7104,0.2739,15000.0
2727.3,13.95,-0.8013,0.2722,15020.0
2727.35,13.97,-0.5794,0.214,15050.0
2727.4,13.99,-0.3575,0.1558,15070.0
2727.45,13.89,-0.3776,0.3142,15080.0
2727.5,13.8,-0.3977,0.4726,15080.0
2727.55,13.82,-0.4554,0.3743,15070.0
2727.6,13.85,-0.5131,0.2761,15050.0
2727.65,13.85,-0.5977,0.312,15020.0
2727.7,13.85,-0.6823,0.348,15000.0
2727.75,13.94,-0.5414,0.4171,15000.0
2727.8,14.02,-0.4005,0.4863,15010.0
2727.85,14.2,-0.3567,0.3413,15040.0
2727.9,14.38,-0.3129,0.1963,15070.0
2727.95,14.23,-0.4805,0.09499,15120.0
2728.0,14.09,-0.6481,-0.006341,15170.0
2728.05,14.13,-0.7002,0.04573,15200.0
2728.1,14.16,-0.7524,0.09779,15200.0
2728.15,14.07,-0.8961,0.1361,15170.0
2728.2,13.98,-1.04,0.1744,15130.0
2728.25,14.13,-1.28,0.2492,15070.0
2728.3,14.27,-1.521,0.3241,15020.0
2728.35,14.35,-1.415,0.4736,14990.0
2728.4,14.43,-1.309,0.6231,14990.0
2728.45,14.55,-1.226,0.5374,15030.0
2728.5,14.67,-1.142,0.4517,15100.0
2728.55,14.69,-1.148,0.3133,15160.0
2728.6,14.72,-1.154,0.1749,15210.0
2728.65,14.87,-1.235,0.1758,15230.0
2728.7,15.03,-1.316,0.1768,15230.0
2728.75,14.97,-1.384,0.2874,15210.0
2728.8,14.92,-1.453,0.398,15180.0
2728.85,14.99,-1.363,0.4059,15130.0
2728.9,15.06,-1.273,0.4139,15080.0
2728.95,15.18,-1.053,0.4831,15050.0
2729.0,15.3,-0.8336,0.5524,15050.0
2729.05,15.55,-0.7798,0.6448,15080.0
2729.1,15.79,-0.7261,0.7372,15120.0
2729.15,15.74,-0.675,0.7025,15170.0
2729.2,15.69,-0.6238,0.6677,15220.0
2729.25,15.62,-0.5878,0.4984,15270.0
2729.3,15.54,-0.5517,0.329,15290.0
2729.35,15.32,-0.6463,0.4246,15280.0
2729.4,15.1,-0.7408,0.5202,15240.0
2729.45,15.17,-0.7578,0.3202,15200.0
2729.5,15.24,-0.7747,0.1202,15180.0
2729.55,15.45,-1.004,0.2642,15170.0
2729.6,15.66,-1.232,0.4082,15150.0
2729.65,15.67,-1.385,0.5723,15150.0
2729.7,15.69,-1.537,0.7363,15180.0
2729.75,15.49,-1.432,0.6764,15220.0
2729.8,15.29,-1.326,0.6165,15250.0
2729.85,15.21,-1.41,0.6158,15270.0
2729.9,15.12,-1.493,0.6151,15290.0
2729.95,15.45,-1.735,0.6587,15320.0
2730.0,15.79,-1.976,0.7024,15330.0
2730.05,15.69,-2.005,0.5537,15320.0
2730.1,15.6,-2.033,0.4051,15300.0
2730.15,15.5,-2.035,0.2505,15280.0
2730.2,15.4,-2.038,0.09584,15290.0
2730.25,15.4,-1.966,0.0007316,15300.0
2730.3,15.4,-1.894,-0.09438,15310.0
2730.35,15.45,-1.73,0.1024,15320.0
2730.4,15.51,-1.565,0.2992,15340.0
2730.45,15.53,-1.563,0.2611,15370.0
2730.5,15.54,-1.56,0.2229,15370.0
2730.55,15.44,-1.579,0.3946,15350.0
2730.6,15.34,-1.597,0.5663,15340.0
2730.65,15.41,-1.624,0.3884,15360.0
2730.7,15.49,-1.65,0.2105,15390.0
2730.75,15.37,-1.684,0.1923,15410.0
2730.8,15.25,-1.719,0.1741,15420.0
2730.85,15.35,-1.5,0.2212,15430.0
2730.9,15.46,-1.281,0.2683,15430.0
2730.95,15.5,-1.353,0.2138,15400.0
2731.0,15.54,-1.424,0.1593,15360.0
2731.05,15.6,-1.411,0.06499,15320.0
2731.1,15.66,-1.397,-0.02927,15310.0
2731.15,15.75,-1.644,-0.2539,15340.0
2731.2,15.83,-1.892,-0.4785,15370.0
2731.25,15.91,-1.864,-0.5691,15410.0
2731.3,15.99,-1.836,-0.6597,15450.0
2731.35,15.85,-1.6,-0.5673,15490.0
2731.4,15.71,-1.365,-0.4748,15520.0
2731.45,15.66,-1.301,-0.5162,15510.0
2731.5,15.61,-1.237,-0.5575,15480.0
2731.55,15.56,-1.167,-0.4992,15440.0
2731.6,15.52,-1.098,-0.4409,15410.0
2731.65,15.39,-0.9667,-0.463,15370.0
2731.7,15.27,-0.836,-0.4851,15330.0
2731.75,15.43,-1.033,-0.5075,15310.0
2731.8,15.58,-1.23,-0.5299,15330.0
2731.85,15.51,-1.061,-0.5426,15380.0
2731.9,15.43,-0.8909,-0.5553,15440.0
2731.95,15.48,-1.094,-0.4774,15490.0
2732.0,15.52,-1.296,-0.3995,15530.0
2732.05,15.63,-1.389,-0.3843,15550.0
2732.1,15.74,-1.481,-0.3692,15540.0
2732.15,15.79,-1.574,-0.2979,15490.0
2732.2,15.84,-1.667,-0.2266,15430.0
2732.25,15.77,-1.502,-0.07597,15380.0
2732.3,15.7,-1.337,0.07463,15360.0
2732.35,15.48,-1.286,0.1896,15350.0
2732.4,15.26,-1.234,0.3046,15360.0
2732.45,15.29,-1.285,0.2651,15380.0
2732.5,15.31,-1.335,0.2256,15420.0
2732.55,15.39,-1.272,0.1289,15470.0
2732.6,15.46,-1.209,0.03219,15500.0
2732.65,15.52,-0.9646,-0.2802,15510.0
2732.7,15.58,-0.7201,-0.5926,15510.0
2732.75,15.57,-0.8195,-0.6413,15510.0
2732.8,15.56,-0.9188,-0.6899,15510.0
2732.85,15.52,-0.8521,-0.7655,15500.0
2732.9,15.48,-0.7854,-0.8411,15490.0
2732.95,15.63,-0.7181,-0.7581,15480.0
2733.0,15.79,-0.6509,-0.675,15490.0
2733.05,15.78,-0.8579,-0.492,15490.0
2733.1,15.77,-1.065,-0.309,15480.0
2733.15,15.6,-0.9876,-0.1847,15480.0
2733.2,15.42,-0.9104,-0.06048,15500.0
2733.25,15.59,-0.7295,0.09694,15530.0
2733.3,15.76,-0.5486,0.2544,15560.0
2733.35,15.82,-0.6324,0.1333,15570.0
2733.4,15.89,-0.7162,0.01219,15580.0
2733.45,15.82,-0.6266,-0.09987,15590.0
2733.5,15.75,-0.537,-0.2119,15580.0
2733.55,15.69,-0.3302,0.02658,15560.0
2733.6,15.63,-0.1234,0.2651,15540.0
2733.65,15.65,-0.2211,0.2356,15530.0
2733.7,15.66,-0.3189,0.2061,15530.0
2733.75,15.72,-0.6125,0.1916,15540.0
2733.8,15.78,-0.906,0.1771,15560.0
2733.85,15.8,-1.112,0.1984,15570.0
2733.9,15.82,-1.317,0.2197,15580.0
2733.95,15.89,-1.216,0.1488,15580.0
2734.0,15.96,-1.114,0.0778,15570.0
2734.05,16.02,-1.113,0.06536,15560.0
2734.1,16.08,-1.113,0.05292,15550.0
2734.15,16.21,-0.9968,0.006463,15540.0
2734.2,16.34,-0.8806,-0.04,15550.0
2734.25,16.22,-0.8573,-0.03195,15560.0
2734.3,16.11,-0.834,-0.0239,15560.0
2734.35,16.19,-0.7934,-0.06597,15550.0
2734.4,16.26,-0.7528,-0.108,15550.0
2734.45,16.3,-0.7956,0.1391,15550.0
2734.5,16.34,-0.8384,0.3863,15550.0
2734.55,16.36,-0.9106,0.5088,15540.0
2734.6,16.38,-0.9829,0.6314,15540.0
2734.65,16.4,-0.988,0.6438,15550.0
2734.7,16.42,-0.9932,0.6563,15550.0
2734.75,16.5,-1.01,0.4928,15540.0
2734.8,16.58,-1.027,0.3292,15540.0
2734.85,16.46,-0.9733,0.1374,15540.0
2734.9,16.34,-0.9196,-0.05438,15540.0
2734.95,16.34,-0.9072,0.1318,15530.0
2735.0,16.33,-0.8949,0.318,15520.0
2735.05,16.59,-0.7587,0.4774,15530.0
2735.1,16.86,-0.6226,0.6368,15550.0
2735.15,16.83,-0.7862,0.7236,15560.0
2735.2,16.8,-0.9498,0.8104,15570.0
2735.25,16.89,-1.167,0.7671,15570.0
2735.3,16.98,-1.384,0.7238,15580.0
2735.35,16.93,-1.249,0.5776,15580.0
2735.4,16.87,-1.113,0.4314,15570.0
2735.45,16.89,-1.065,0.5829,15560.0
2735.5,16.92,-1.017,0.7343,15550.0
2735.55,16.91,-0.9735,0.4979,15560.0
2735.6,16.89,-0.9299,0.2614,15580.0
2735.65,17.04,-0.871,0.3985,15600.0
2735.7,17.18,-0.8121,0.5356,15630.0
2735.75,17.09,-0.6779,0.4973,15660.0
2735.8,16.99,-0.5438,0.459,15680.0
2735.85,17.11,-0.3153,0.3912,15680.0
2735.9,17.23,-0.08678,0.3234,15650.0
2735.95,17.2,-0.1417,0.4175,15620.0
2736.0,17.17,-0.1967,0.5117,15590.0
2736.05,17.09,0.05095,0.5701,15570.0
2736.1,17.02,0.2986,0.6285,15550.0
2736.15,17.12,0.2394,0.5708,15560.0
2736.2,17.22,0.1803,0.5131,15590.0
2736.25,17.39,0.3276,0.422,15630.0
2736.3,17.55,0.4749,0.3309,15670.0
2736.35,17.61,0.4544,0.5275,15680.0
2736.4,17.68,0.4339,0.7241,15680.0
2736.45,17.66,0.3133,0.7627,15670.0
2736.5,17.65,0.1927,0.8014,15640.0
2736.55,17.7,0.1564,0.7799,15600.0
2736.6,17.75,0.1202,0.7585,15560.0
2736.65,17.74,0.1604,0.7659,15520.0
2736.7,17.72,0.2006,0.7733,15520.0
2736.75,17.79,0.2558,0.7432,15530.0
2736.8,17.87,0.3109,0.7131,15550.0
2736.85,17.79,0.296,0.6992,15570.0
2736.9,17.72,0.281,0.6853,15590.0
2736.95,17.71,0.1984,0.5914,15620.0
2737.0,17.71,0.1158,0.4975,15620.0
2737.05,17.63,-0.1965,0.4579,15610.0
2737.1,17.56,-0.5088,0.4182,15590.0
2737.15,17.47,-0.3838,0.4692,15560.0
2737.2,17.37,-0.2588,0.5202,15530.0
2737.25,17.33,-0.295,0.5776,15510.0
2737.3,17.28,-0.3312,0.6351,15510.0
2737.35,17.43,-0.5466,0.5231,15520.0
2737.4,17.58,-0.7619,0.4112,15540.0
2737.45,17.44,-0.8324,0.4332,15570.0
2737.5,17.29,-0.9029,0.4553,15590.0
2737.55,17.35,-0.8435,0.3311,15590.0
2737.6,17.41,-0.7842,0.2068,15580.0
2737.65,17.47,-0.8493,0.323,15570.0
2737.7,17.53,-0.9144,0.4392,15550.0
2737.75,17.45,-0.9821,0.5002,15540.0
2737.8,17.37,-1.05,0.5612,15550.0
2737.85,17.27,-1.012,0.5741,15570.0
2737.9,17.17,-0.9745,0.587,15610.0
2737.95,17.14,-0.8214,0.474,15630.0
2738.0,17.1,-0.6684,0.3609,15650.0
2738.05,17.07,-0.4701,0.1327,15660.0
2738.1,17.05,-0.2719,-0.0956,15640.0
2738.15,17.18,-0.3571,-0.08645,15610.0
2738.2,17.31,-0.4423,-0.07731,15590.0
2738.25,17.14,-0.6095,-0.1645,15590.0
2738.3,16.97,-0.7767,-0.2517,15600.0
2738.35,16.74,-0.8567,-0.3734,15630.0
2738.4,16.51,-0.9367,-0.4951,15660.0
2738.45,16.71,-1.128,-0.539,15680.0
2738.5,16.92,-1.32,-0.5829,15690.0
2738.55,16.91,-1.192,-0.5763,15690.0
2738.6,16.9,-1.064,-0.5697,15670.0
2738.65,16.87,-1.057,-0.4241,15620.0
2738.7,16.84,-1.05,-0.2785,15570.0
2738.75,16.75,-1.091,0.0289,15550.0
2738.8,16.65,-1.132,0.3363,15540.0
2738.85,16.73,-1.529,0.3511,15550.0
2738.9,16.81,-1.926,0.3658,15570.0
2738.95,16.94,-1.972,0.1194,15610.0
2739.0,17.08,-2.017,-0.1271,15640.0
2739.05,17.14,-2.116,-0.2416,15650.0
2739.1,17.2,-2.214,-0.3561,15620.0
2739.15,17.3,-2.209,-0.1645,15570.0
2739.2,17.41,-2.205,0.02707,15520.0
2739.25,17.45,-2.019,0.1366,15480.0
2739.3,17.49,-1.833,0.2461,15460.0
2739.35,17.52,-1.83,0.003414,15450.0
2739.4,17.55,-1.827,-0.2392,15470.0
2739.45,17.52,-1.689,-0.3328,15510.0
2739.5,17.49,-1.552,-0.4263,15550.0
2739.55,17.47,-1.468,-0.4546,15590.0
2739.6,17.46,-1.384,-0.4829,15600.0
2739.65,17.48,-1.399,-0.4381,15600.0
2739.7,17.5,-1.414,-0.3934,15570.0
2739.75,17.46,-1.249,-0.5555,15540.0
2739.8,17.42,-1.084,-0.7177,15490.0
2739.85,17.37,-1.014,-0.5819,15450.0
2739.9,17.32,-0.9435,-0.446,15440.0
2739.95,17.1,-0.7175,-0.4845,15470.0
2740.0,16.88,-0.4916,-0.5229,15510.0
2740.05,16.99,-0.5181,-0.7185,15550.0
2740.1,17.1,-0.5446,-0.914,15600.0
2740.15,17.15,-0.5945,-0.751,15630.0
2740.2,17.2,-0.6445,-0.588,15640.0
2740.25,17.0,-0.8049,-0.653,15620.0
2740.3,16.8,-0.9654,-0.718,15600.0
2740.35,16.81,-1.043,-0.7936,15570.0
2740.4,16.81,-1.121,-0.8692,15560.0
2740.45,16.89,-0.8997,-0.8024,15560.0
2740.5,16.97,-0.6779,-0.7355,15570.0
2740.55,16.96,-0.6318,-0.5774,15600.0
2740.6,16.96,-0.5856,-0.4192,15620.0
2740.65,16.97,-0.8137,-0.3701,15630.0
2740.7,16.99,-1.042,-0.3209,15640.0
2740.75,16.82,-1.073,-0.4136,15650.0
2740.8,16.65,-1.105,-0.5063,15660.0
2740.85,16.51,-1.13,-0.544,15660.0
2740.9,16.38,-1.156,-0.5816,15660.0
2740.95,16.4,-1.166,-0.5564,15660.0
2741.0,16.43,-1.176,-0.5312,15660.0
2741.05,16.39,-0.9874,-0.4669,15640.0
2741.1,16.36,-0.7986,-0.4026,15630.0
2741.15,16.25,-0.6849,-0.2934,15620.0
2741.2,16.15,-0.5712,-0.1841,15610.0
2741.25,16.19,-0.4246,-0.04036,15610.0
2741.3,16.24,-0.2779,0.1034,15610.0
2741.35,16.18,-0.1228,0.1597,15600.0
2741.4,16.12,0.03224,0.2161,15600.0
2741.45,16.04,-0.1194,0.125,15600.0
2741.5,15.96,-0.2711,0.0339,15610.0
2741.55,16.04,-0.06728,0.001097,15620.0
2741.6,16.12,0.1365,-0.0317,15610.0
2741.65,16.18,0.242,-0.09755,15590.0
2741.7,16.24,0.3475,-0.1634,15560.0
2741.75,16.22,0.1787,-0.09182,15550.0
2741.8,16.2,0.009952,-0.02024,15530.0
2741.85,16.25,-0.1787,0.3396,15510.0
2741.9,16.3,-0.3674,0.6994,15500.0
2741.95,16.3,-0.3513,0.4998,15510.0
2742.0,16.29,-0.3352,0.3002,15520.0
2742.05,16.34,-0.3758,0.2602,15520.0
2742.1,16.38,-0.4164,0.2202,15530.0
2742.15,16.29,-0.4232,0.2887,15530.0
2742.2,16.2,-0.4299,0.3573,15550.0
2742.25,16.24,-0.5378,0.3724,15540.0
2742.3,16.28,-0.6457,0.3875,15510.0
2742.35,16.28,-0.7191,0.3765,15480.0
2742.4,16.27,-0.7926,0.3656,15470.0
2742.45,16.24,-0.8258,0.2445,15460.0
2742.5,16.21,-0.8591,0.1234,15450.0
2742.55,16.38,-0.7984,-0.158,15450.0
2742.6,16.54,-0.7376,-0.4395,15460.0
2742.65,16.61,-0.7116,-0.3578,15480.0
2742.7,16.67,-0.6855,-0.2761,15500.0
2742.75,16.79,-0.5444,-0.1863,15500.0
2742.8,16.92,-0.4033,-0.09657,15500.0
2742.85,16.87,-0.3463,-0.1802,15520.0
2742.9,16.82,-0.2894,-0.2639,15540.0
2742.95,16.97,-0.4313,-0.3456,15540.0
2743.0,17.11,-0.5732,-0.4273,15520.0
2743.05,16.91,-0.6405,-0.4479,15510.0
2743.1,16.7,-0.7078,-0.4685,15510.0
2743.15,16.7,-0.5705,-0.4022,15500.0
2743.2,16.69,-0.4331,-0.3358,15490.0
2743.25,16.71,-0.4367,-0.07755,15490.0
2743.3,16.72,-0.4403,0.1807,15510.0
2743.35,16.76,-0.5955,-0.07999,15540.0
2743.4,16.8,-0.7508,-0.3407,15560.0
2743.45,16.97,-0.9253,-0.07267,15570.0
2743.5,17.14,-1.1,0.1953,15570.0
2743.55,17.07,-1.141,0.2473,15570.0
2743.6,17.0,-1.182,0.2992,15560.0
2743.65,16.93,-1.096,0.1716,15540.0
2743.7,16.86,-1.01,0.0439,15500.0
2743.75,16.78,-1.035,-0.1622,15480.0
2743.8,16.71,-1.06,-0.3683,15470.0
2743.85,16.71,-0.8073,-0.2461,15470.0
2743.9,16.71,-0.5549,-0.1239,15470.0
2743.95,16.67,-0.5279,-0.05475,15470.0
2744.0,16.64,-0.5008,0.01439,15480.0
2744.05,16.62,-0.5183,-0.1023,15490.0
2744.1,16.6,-0.5358,-0.219,15490.0
2744.15,16.54,-0.5197,-0.1724,15480.0
2744.2,16.47,-0.5036,-0.1258,15450.0
2744.25,16.54,-0.4855,-0.2837,15430.0
2744.3,16.61,-0.4673,-0.4417,15410.0
2744.35,16.73,-0.3489,-0.443,15400.0
2744.4,16.86,-0.2305,-0.4443,15400.0
2744.45,16.96,-0.3589,-0.4647,15400.0
2744.5,17.07,-0.4873,-0.4851,15410.0
2744.55,17.08,-0.3262,-0.4247,15420.0
2744.6,17.09,-0.1652,-0.3644,15420.0
2744.65,17.09,-0.1397,-0.3472,15420.0
2744.7,17.09,-0.1142,-0.33,15410.0
2744.75,17.1,-0.1566,-0.1547,15400.0
2744.8,17.12,-0.199,0.02049,15390.0
2744.85,17.34,-0.2092,0.09194,15380.0
2744.9,17.57,-0.2193,0.1634,15370.0
2744.95,17.56,-0.1959,0.2213,15380.0
2745.0,17.55,-0.1724,0.2792,15390.0
2745.05,17.33,-0.2317,0.3604,15390.0
2745.1,17.1,-0.291,0.4417,15380.0
2745.15,17.06,-0.1168,0.5886,15370.0
2745.2,17.02,0.05732,0.7355,15360.0
2745.25,17.23,0.1503,0.4396,15370.0
2745.3,17.44,0.2432,0.1436,15380.0
2745.35,17.28,0.2446,0.2189,15390.0
2745.4,17.12,0.246,0.2941,15390.0
2745.45,17.02,0.1107,0.174,15400.0
2745.5,16.93,-0.02468,0.0539,15400.0
2745.55,16.89,-0.2138,0.0745,15380.0
2745.6,16.85,-0.4029,0.09511,15360.0
2745.65,16.92,-0.3553,0.01366,15350.0
2745.7,16.99,-0.3077,-0.0678,15350.0
2745.75,17.1,-0.1941,-0.0795,15360.0
2745.8,17.22,-0.08041,-0.09121,15360.0
2745.85,17.27,-0.04001,-0.07987,15360.0
2745.9,17.33,0.0003981,-0.06853,15360.0
2745.95,17.37,-0.06807,0.0111,15370.0
2746.0,17.42,-0.1365,0.09072,15370.0
2746.05,17.43,0.1141,-0.1613,15360.0
2746.1,17.45,0.3646,-0.4134,15350.0
2746.15,17.59,0.2808,-0.4179,15340.0
2746.2,17.74,0.1971,-0.4224,15320.0
2746.25,17.65,0.3453,-0.3059,15300.0
2746.3,17.57,0.4936,-0.1895,15280.0
2746.35,17.63,0.6622,-0.1301,15250.0
2746.4,17.69,0.8308,-0.07072,15240.0
2746.45,17.68,0.7233,-0.09584,15250.0
2746.5,17.68,0.6158,-0.121,15260.0
2746.55,17.68,0.7108,-0.223,15280.0
2746.6,17.68,0.8057,-0.3251,15300.0
2746.65,17.73,0.8794,-0.3024,15310.0
2746.7,17.78,0.953,-0.2797,15300.0
2746.75,17.77,0.8609,-0.4237,15260.0
2746.8,17.77,0.7687,-0.5677,15210.0
2746.85,17.64,0.8049,-0.83,15170.0
2746.9,17.51,0.8412,-1.092,15140.0
2746.95,17.56,0.8244,-0.9923,15140.0
2747.0,17.61,0.8077,-0.8923,15160.0
2747.05,17.71,0.7177,-0.7819,15190.0
2747.1,17.8,0.6278,-0.6714,15220.0
2747.15,17.9,0.7072,-0.6647,15240.0
2747.2,18.0,0.7866,-0.658,15240.0
2747.25,17.98,0.9594,-0.5649,15240.0
2747.3,17.96,1.132,-0.4719,15230.0
2747.35,17.91,1.166,-0.4587,15210.0
2747.4,17.85,1.2,-0.4456,15190.0
2747.45,17.89,1.256,-0.3773,15180.0
2747.5,17.93,1.312,-0.309,15170.0
2747.55,17.77,1.34,-0.2281,15160.0
2747.6,17.61,1.368,-0.1473,15160.0
2747.65,17.32,1.365,-0.1632,15160.0
2747.7,17.03,1.363,-0.179,15170.0
2747.75,17.22,1.347,-0.0606,15200.0
2747.8,17.4,1.33,0.0578,15220.0
2747.85,17.4,1.459,-0.2005,15230.0
2747.9,17.4,1.588,-0.4587,15230.0
2747.95,17.39,1.474,-0.4674,15230.0
2748.0,17.37,1.361,-0.476,15220.0
2748.05,17.42,1.337,-0.6212,15200.0
2748.1,17.47,1.312,-0.7663,15160.0
2748.15,17.23,1.213,-0.7097,15140.0
2748.2,17.0,1.115,-0.6531,15130.0
2748.25,16.73,1.144,-0.5834,15160.0
2748.3,16.46,1.174,-0.5136,15180.0
2748.35,16.52,1.029,-0.5134,15190.0
2748.4,16.58,0.8845,-0.5131,15200.0
2748.45,16.63,0.6945,-0.4062,15210.0
2748.5,16.68,0.5044,-0.2992,15210.0
2748.55,16.73,0.4206,-0.451,15180.0
2748.6,16.78,0.3368,-0.6029,15140.0
2748.65,16.69,0.213,-0.6605,15120.0
2748.7,16.61,0.08917,-0.7182,15120.0
2748.75,16.78,-0.01473,-0.7124,15120.0
2748.8,16.94,-0.1186,-0.7065,15110.0
2748.85,16.99,0.001791,-0.4849,15100.0
2748.9,17.03,0.1222,-0.2634,15110.0
2748.95,17.05,0.1351,-0.03683,15110.0
2749.0,17.06,0.1481,0.1897,15100.0
2749.05,16.97,-0.008161,0.1455,15070.0
2749.1,16.87,-0.1644,0.1012,15060.0
2749.15,16.72,-0.09474,-0.01171,15070.0
2749.2,16.57,-0.02508,-0.1246,15080.0
2749.25,16.56,0.07384,-0.2698,15080.0
2749.3,16.56,0.1728,-0.4151,15060.0
2749.35,16.43,0.2508,-0.4562,15060.0
2749.4,16.3,0.3288,-0.4973,15060.0
2749.45,16.28,0.1692,-0.4447,15050.0
2749.5,16.26,0.009554,-0.3922,15030.0
2749.55,16.33,0.2848,-0.1832,15010.0
2749.6,16.39,0.5601,0.02585,15010.0
2749.65,16.46,0.6051,-0.1652,15010.0
2749.7,16.53,0.6501,-0.3563,15000.0
2749.75,16.59,0.6387,-0.3864,14980.0
2749.8,16.64,0.6274,-0.4165,14990.0
2749.85,16.6,0.7277,-0.4387,15020.0
2749.9,16.55,0.828,-0.4609,15070.0
2749.95,16.47,0.7522,-0.3512,15090.0
2750.0,16.4,0.6763,-0.2414,15080.0
2750.05,16.58,0.5414,-0.3074,15080.0
2750.1,16.76,0.4064,-0.3734,15060.0
2750.15,16.71,0.4222,-0.3264,15020.0
2750.2,16.67,0.4379,-0.2795,14960.0
2750.25,16.66,0.5277,-0.2305,14940.0
2750.3,16.66,0.6174,-0.1814,14950.0
2750.35,16.66,0.4952,-0.2781,15000.0
2750.4,16.66,0.373,-0.3748,15030.0
2750.45,16.75,0.59,-0.4202,15050.0
2750.5,16.84,0.8069,-0.4656,15080.0
2750.55,16.76,0.5916,-0.3839,15100.0
2750.6,16.67,0.3762,-0.3022,15110.0
2750.65,16.66,0.3611,-0.3359,15090.0
2750.7,16.65,0.3459,-0.3697,15050.0
2750.75,16.7,0.169,-0.412,15030.0
2750.8,16.76,-0.007962,-0.4543,15010.0
2750.85,16.77,-0.08121,-0.333,14980.0
2750.9,16.78,-0.1545,-0.2117,14960.0
2750.95,16.75,-0.2787,-0.05634,14960.0
2751.0,16.72,-0.4029,0.09901,15010.0
2751.05,16.82,-0.4417,0.04792,15060.0
2751.1,16.92,-0.4805,-0.00317,15090.0
2751.15,16.93,-0.4958,0.02878,15100.0
2751.2,16.94,-0.5111,0.06073,15100.0
2751.25,16.88,-0.5046,0.104,15080.0
2751.3,16.83,-0.498,0.1473,15030.0
2751.35,16.59,-0.2848,0.2289,14960.0
2751.4,16.36,-0.07166,0.3105,14910.0
2751.45,16.27,-0.1746,0.3904,14910.0
2751.5,16.19,-0.2775,0.4704,14930.0
2751.55,16.19,-0.2454,0.5099,14950.0
2751.6,16.19,-0.2134,0.5495,14960.0
2751.65,16.03,-0.1861,0.3546,14970.0
2751.7,15.87,-0.1588,0.1597,14990.0
2751.75,15.93,-0.2576,0.2662,14990.0
2751.8,16.0,-0.3563,0.3726,14970.0
2751.85,16.07,-0.9614,0.3174,14940.0
2751.9,16.15,-1.566,0.2622,14920.0
2751.95,16.09,-1.518,0.2361,14910.0
2752.0,16.03,-1.469,0.21,14890.0
2752.05,15.98,-1.56,0.25,14860.0
2752.1,15.93,-1.652,0.29,14840.0
2752.15,16.04,-1.545,0.3279,14840.0
2752.2,16.15,-1.438,0.3658,14850.0
2752.25,16.19,-1.354,0.5374,14860.0
2752.3,16.23,-1.269,0.7089,14860.0
2752.35,16.18,-1.079,0.4875,14870.0
2752.4,16.13,-0.8889,0.2661,14910.0
2752.45,16.25,-0.8412,0.1433,14940.0
2752.5,16.36,-0.7934,0.02049,14950.0
2752.55,16.33,-0.8011,-0.00756,14940.0
2752.6,16.29,-0.8089,-0.03561,14920.0
2752.65,16.19,-1.031,0.03768,14900.0
2752.7,16.09,-1.253,0.111,14870.0
2752.75,16.1,-1.253,0.1416,14840.0
2752.8,16.11,-1.253,0.1722,14810.0
2752.85,16.17,-1.274,0.1505,14820.0
2752.9,16.23,-1.296,0.1288,14840.0
2752.95,16.14,-1.388,0.06426,14870.0
2753.0,16.05,-1.48,-0.0002439,14880.0
2753.05,16.17,-1.509,0.1161,14910.0
2753.1,16.29,-1.538,0.2324,14930.0
2753.15,16.29,-1.405,0.2399,14950.0
2753.2,16.29,-1.272,0.2473,14950.0
2753.25,16.19,-1.309,0.2666,14930.0
2753.3,16.09,-1.347,0.2858,14900.0
2753.35,16.07,-1.421,0.2651,14860.0
2753.4,16.04,-1.494,0.2444,14820.0
2753.45,16.08,-1.445,0.4243,14790.0
2753.5,16.13,-1.396,0.6043,14790.0
2753.55,15.94,-1.435,0.5901,14820.0
2753.6,15.75,-1.475,0.5758,14860.0
2753.65,15.73,-1.357,0.6374,14900.0
2753.7,15.72,-1.238,0.6989,14920.0
2753.75,15.62,-1.156,0.6403,14920.0
2753.8,15.52,-1.073,0.5816,14910.0
2753.85,15.42,-1.167,0.5968,14890.0
2753.9,15.32,-1.26,0.6119,14840.0
2753.95,15.41,-1.202,0.4959,14790.0
2754.0,15.5,-1.144,0.38,14760.0
2754.05,15.5,-1.251,0.3707,14740.0
2754.1,15.5,-1.357,0.3614,14740.0
2754.15,15.39,-1.305,0.4354,14750.0
2754.2,15.29,-1.253,0.5095,14760.0
2754.25,15.2,-1.049,0.4036,14780.0
2754.3,15.11,-0.8451,0.2978,14780.0
2754.35,14.92,-0.7999,0.3167,14780.0
2754.4,14.74,-0.7548,0.3356,14750.0
2754.45,14.58,-0.6377,0.4774,14710.0
2754.5,14.42,-0.5207,0.6192,14670.0
2754.55,14.17,-0.4259,0.5452,14650.0
2754.6,13.93,-0.3312,0.4712,14620.0
2754.65,13.91,-0.2592,0.3629,14610.0
2754.7,13.9,-0.1871,0.2546,14610.0
2754.75,13.92,-0.1586,0.2294,14640.0
2754.8,13.94,-0.1302,0.2041,14660.0
2754.85,14.04,0.01433,0.1894,14670.0
2754.9,14.14,0.1588,0.1746,14670.0
2754.95,14.08,0.1728,0.2525,14660.0
2755.0,14.02,0.1867,0.3305,14640.0
2755.05,13.88,0.1057,0.3468,14610.0
2755.1,13.74,0.02468,0.3631,14590.0
2755.15,13.65,-0.2064,0.3693,14600.0
2755.2,13.57,-0.4375,0.3756,14620.0
2755.25,13.47,-0.4508,0.472,14640.0
2755.3,13.37,-0.4642,0.5685,14660.0
2755.35,13.38,-0.4851,0.4203,14670.0
2755.4,13.39,-0.506,0.2722,14680.0
2755.45,13.5,-0.4043,0.3186,14680.0
2755.5,13.6,-0.3025,0.3651,14670.0
2755.55,13.77,-0.2916,0.3584,14650.0
2755.6,13.94,-0.2806,0.3517,14650.0
2755.65,13.84,-0.422,0.4124,14660.0
2755.7,13.74,-0.5633,0.4731,14680.0
2755.75,13.87,-0.4974,0.5593,14690.0
2755.8,13.99,-0.4315,0.6455,14700.0
2755.85,13.89,-0.3045,0.6548,14720.0
2755.9,13.79,-0.1775,0.6641,14730.0
2755.95,13.94,0.04717,0.5866,14730.0
2756.0,14.1,0.2719,0.5092,14710.0
2756.05,14.0,0.1752,0.6044,14700.0
2756.1,13.91,0.07842,0.6997,14700.0
2756.15,13.99,0.1258,0.6126,14690.0
2756.2,14.07,0.1732,0.5256,14680.0
2756.25,14.02,0.1206,0.5235,14670.0
2756.3,13.97,0.06807,0.5214,14680.0
2756.35,13.94,0.09355,0.4931,14700.0
2756.4,13.92,0.119,0.4648,14730.0
2756.45,13.78,0.1184,0.5184,14730.0
2756.5,13.64,0.1178,0.5719,14730.0
2756.55,13.73,0.0211,0.572,14710.0
2756.6,13.82,-0.07564,0.5721,14680.0
2756.65,13.86,0.1053,0.5582,14630.0
2756.7,13.91,0.2862,0.5443,14570.0
2756.75,13.99,0.2319,0.358,14540.0
2756.8,14.07,0.1775,0.1717,14530.0
2756.85,14.08,0.02189,0.0478,14550.0
2756.9,14.08,-0.1338,-0.07609,14570.0
2756.95,14.22,-0.122,-0.1284,14590.0
2757.0,14.37,-0.1103,-0.1807,14610.0
2757.05,14.43,-0.1415,-0.2592,14630.0
2757.1,14.49,-0.1728,-0.3378,14620.0
2757.15,14.44,-0.2677,-0.2933,14570.0
2757.2,14.4,-0.3627,-0.2488,14510.0
2757.25,14.54,-0.2898,-0.1735,14470.0
2757.3,14.68,-0.217,-0.09828,14440.0
2757.35,14.74,-0.3941,-0.07097,14410.0
2757.4,14.8,-0.5712,-0.04365,14390.0
2757.45,14.6,-0.6053,-0.02536,14400.0
2757.5,14.4,-0.6393,-0.007072,14440.0
2757.55,14.22,-0.7707,-0.02683,14490.0
2757.6,14.04,-0.9021,-0.04658,14520.0
2757.65,14.09,-0.8419,0.08914,14520.0
2757.7,14.14,-0.7818,0.2249,14510.0
2757.75,14.0,-0.6127,0.399,14510.0
2757.8,13.86,-0.4435,0.5731,14490.0
2757.85,13.87,-0.4474,0.4988,14460.0
2757.9,13.87,-0.4514,0.4246,14430.0
2757.95,13.91,-0.6282,0.4176,14420.0
2758.0,13.94,-0.8049,0.4107,14420.0
2758.05,13.9,-0.8298,0.3055,14430.0
2758.1,13.86,-0.8547,0.2002,14430.0
2758.15,13.92,-0.9482,0.04426,14450.0
2758.2,13.99,-1.042,-0.1117,14480.0
2758.25,13.8,-0.9287,-0.1753,14510.0
2758.3,13.62,-0.8157,-0.239,14520.0
2758.35,13.69,-0.5834,-0.2019,14510.0
2758.4,13.75,-0.3511,-0.1649,14500.0
2758.45,13.86,-0.4584,-0.239,14490.0
2758.5,13.97,-0.5657,-0.3131,14480.0
2758.55,13.89,-0.6085,-0.2816,14470.0
2758.6,13.81,-0.6513,-0.25,14470.0
2758.65,13.8,-0.3909,-0.1655,14480.0
2758.7,13.8,-0.1306,-0.08097,14500.0
2758.75,13.69,-0.04598,0.01622,14520.0
2758.8,13.59,0.03861,0.1134,14520.0
2758.85,13.66,-0.01612,0.284,14510.0
2758.9,13.72,-0.07086,0.4546,14500.0
2758.95,13.77,-0.1047,0.4396,14480.0
2759.0,13.82,-0.1385,0.4246,14450.0
2759.05,13.83,0.07404,0.304,14430.0
2759.1,13.84,0.2866,0.1834,14430.0
2759.15,13.74,0.1381,0.1739,14450.0
2759.2,13.64,-0.01035,0.1644,14490.0
2759.25,13.75,-0.1142,0.123,14500.0
2759.3,13.86,-0.2181,0.0817,14500.0
2759.35,13.92,-0.1632,0.08865,14480.0
2759.4,13.98,-0.1083,0.0956,14450.0
2759.45,14.08,-0.09713,0.2297,14410.0
2759.5,14.18,-0.08599,0.3639,14360.0
2759.55,14.26,-0.3282,0.5266,14320.0
2759.6,14.35,-0.5705,0.6894,14300.0
2759.65,14.2,-0.6602,0.4713,14320.0
2759.7,14.06,-0.75,0.2531,14340.0
2759.75,13.97,-0.5179,0.2856,14370.0
2759.8,13.89,-0.2858,0.318,14380.0
2759.85,14.02,-0.1461,0.3285,14380.0
2759.9,14.16,-0.006369,0.339,14360.0
2759.95,14.04,-0.2174,0.2917,14330.0
2760.0,13.92,-0.4283,0.2444,14280.0
2760.05,13.82,-0.3979,0.1656,14230.0
2760.1,13.73,-0.3674,0.08682,14210.0
2760.15,13.75,-0.3242,0.1264,14210.0
2760.2,13.77,-0.281,0.1661,14220.0
2760.25,13.65,-0.3021,0.1234,14230.0
2760.3,13.52,-0.3232,0.08072,14250.0
2760.35,13.48,-0.08997,0.244,14280.0
2760.4,13.44,0.1433,0.4073,14300.0
2760.45,13.45,0.2771,0.1567,14300.0
2760.5,13.46,0.4108,-0.09389,14280.0
2760.55,13.41,0.3485,0.1725,14260.0
2760.6,13.35,0.2862,0.439,14240.0
2760.65,13.13,0.05792,0.4062,14220.0
2760.7,12.91,-0.1704,0.3734,14210.0
2760.75,13.0,-0.2432,0.33,14220.0
2760.8,13.09,-0.3161,0.2866,14240.0
2760.85,13.04,-0.4174,0.4669,14280.0
2760.9,13.0,-0.5187,0.6472,14300.0
2760.95,13.1,-0.5941,0.5198,14300.0
2761.0,13.2,-0.6696,0.3924,14300.0
2761.05,13.24,-0.8023,0.5375,14290.0
2761.1,13.28,-0.9351,0.6826,14290.0
2761.15,13.06,-0.9347,0.8245,14270.0
2761.2,12.83,-0.9343,0.9665,14270.0
2761.25,12.89,-0.959,0.8017,14270.0
2761.3,12.94,-0.9837,0.637,14290.0
2761.35,13.26,-1.028,0.6469,14310.0
2761.4,13.59,-1.072,0.6568,14330.0
2761.45,13.54,-0.9267,0.7721,14340.0
2761.5,13.5,-0.7814,0.8875,14350.0
2761.55,13.52,-0.6248,0.6809,14360.0
2761.6,13.54,-0.4681,0.4743,14350.0
2761.65,13.7,-0.575,0.3613,14330.0
2761.7,13.86,-0.6819,0.2483,14310.0
2761.75,13.95,-0.6503,0.3525,14300.0
2761.8,14.03,-0.6186,0.4568,14300.0
2761.85,13.98,-0.6807,0.5534,14310.0
2761.9,13.93,-0.7428,0.6499,14330.0
2761.95,13.94,-0.589,0.5353,14350.0
2762.0,13.95,-0.4351,0.4207,14380.0
2762.05,13.71,-0.4275,0.3186,14380.0
2762.1,13.48,-0.42,0.2166,14360.0
2762.15,13.62,-0.297,0.3548,14340.0
2762.2,13.76,-0.174,0.4931,14310.0
2762.25,13.92,-0.2333,0.7,14280.0
2762.3,14.08,-0.2926,0.907,14250.0
2762.35,14.24,-0.4761,0.8459,14240.0
2762.4,14.41,-0.6596,0.7848,14250.0
2762.45,14.18,-0.6931,0.7185,14280.0
2762.5,13.94,-0.7265,0.6521,14310.0
2762.55,13.8,-0.6443,0.3806,14320.0
2762.6,13.66,-0.5621,0.109,14310.0
2762.65,13.77,-0.4259,0.2835,14290.0
2762.7,13.89,-0.2898,0.458,14260.0
2762.75,13.82,-0.1879,0.6435,14230.0
2762.8,13.75,-0.08599,0.8289,14200.0
2762.85,13.75,0.04837,0.9166,14190.0
2762.9,13.74,0.1827,1.004,14190.0
2762.95,13.95,-0.03264,1.146,14210.0
2763.0,14.17,-0.248,1.287,14220.0
2763.05,14.36,-0.1582,1.017,14220.0
2763.1,14.55,-0.06847,0.7458,14220.0
2763.15,14.49,-0.1624,0.7539,14220.0
2763.2,14.44,-0.2564,0.7621,14220.0
2763.25,14.27,-0.06668,0.7546,14210.0
2763.3,14.11,0.123,0.747,14210.0
2763.35,14.09,0.03921,0.6929,14220.0
2763.4,14.08,-0.04459,0.6387,14220.0
2763.45,14.17,-0.08698,0.6238,14220.0
2763.5,14.26,-0.1294,0.609,14210.0
2763.55,14.27,-0.3354,0.5409,14210.0
2763.6,14.27,-0.5414,0.4729,14200.0
2763.65,14.38,-0.6033,0.4717,14200.0
2763.7,14.49,-0.6652,0.4704,14190.0
2763.75,14.36,-0.6913,0.5012,14190.0
2763.8,14.23,-0.7173,0.5319,14190.0
2763.85,14.41,-0.8949,0.5559,14200.0
2763.9,14.59,-1.072,0.5799,14210.0
2763.95,14.52,-0.7016,0.4903,14220.0
2764.0,14.45,-0.3308,0.4007,14230.0
2764.05,14.41,-0.1984,0.2813,14240.0
2764.1,14.36,-0.06608,0.1619,14240.0
2764.15,14.2,0.02906,0.1701,14230.0
2764.2,14.04,0.1242,0.1783,14210.0
2764.25,13.91,0.1674,0.2051,14200.0
2764.3,13.78,0.2106,0.2319,14190.0
2764.35,13.63,0.042,0.5357,14180.0
2764.4,13.48,-0.1266,0.8394,14170.0
2764.45,13.43,-0.2534,0.756,14170.0
2764.5,13.39,-0.3802,0.6726,14180.0
2764.55,13.54,-0.2181,0.5703,14190.0
2764.6,13.69,-0.05613,0.468,14210.0
2764.65,13.66,-0.08539,0.6909,14220.0
2764.7,13.63,-0.1146,0.9138,14230.0
2764.75,13.54,0.1445,0.7491,14230.0
2764.8,13.44,0.4037,0.5843,14230.0
2764.85,13.49,0.2299,0.5153,14230.0
2764.9,13.54,0.05613,0.4463,14210.0
2764.95,13.58,0.04598,0.3515,14190.0
2765.0,13.62,0.03583,0.2568,14160.0
2765.05,13.65,0.1013,0.2889,14150.0
2765.1,13.69,0.1668,0.3209,14150.0
2765.15,13.69,0.1467,0.4332,14160.0
2765.2,13.69,0.1266,0.5455,14180.0
2765.25,13.72,-0.1692,0.5969,14210.0
2765.3,13.75,-0.465,0.6482,14240.0
2765.35,13.9,-0.5382,0.3785,14250.0
2765.4,14.04,-0.6115,0.1088,14240.0
2765.45,14.14,-0.5971,0.03658,14210.0
2765.5,14.25,-0.5828,-0.03561,14180.0
2765.55,14.34,-0.5673,0.2457,14160.0
2765.6,14.43,-0.5517,0.527,14140.0
2765.65,14.48,-0.4271,0.3889,14120.0
2765.7,14.54,-0.3025,0.2507,14120.0
2765.75,14.79,-0.2767,0.4375,14140.0
2765.8,15.04,-0.2508,0.6243,14160.0
2765.85,14.91,-0.3609,0.7265,14180.0
2765.9,14.79,-0.4709,0.8287,14180.0
2765.95,14.63,-0.381,0.8266,14170.0
2766.0,14.48,-0.291,0.8245,14160.0
2766.05,14.52,-0.2136,0.9086,14150.0
2766.1,14.57,-0.1361,0.9926,14130.0
2766.15,14.49,-0.09813,0.8571,14120.0
2766.2,14.41,-0.06011,0.7216,14120.0
2766.25,14.39,-0.2916,0.6557,14130.0
2766.3,14.36,-0.5231,0.5897,14150.0
2766.35,14.34,-0.5492,0.577,14150.0
2766.4,14.32,-0.5752,0.5643,14140.0
2766.45,14.12,-0.538,0.6655,14120.0
2766.5,13.93,-0.5008,0.7667,14130.0
2766.55,13.87,-0.3147,0.8094,14140.0
2766.6,13.81,-0.1286,0.8521,14140.0
2766.65,13.9,-0.1505,0.8515,14140.0
2766.7,14.0,-0.1724,0.8509,14160.0
2766.75,13.95,-0.1988,0.7709,14180.0
2766.8,13.9,-0.2253,0.6909,14200.0
2766.85,13.88,-0.07166,0.5887,14190.0
2766.9,13.86,0.08201,0.4865,14180.0
2766.95,13.86,0.1296,0.4592,14190.0
2767.0,13.85,0.1771,0.4319,14190.0
2767.05,13.9,0.2787,0.4101,14170.0
2767.1,13.94,0.3802,0.3882,14140.0
2767.15,13.9,0.3489,0.335,14120.0
2767.2,13.87,0.3177,0.2817,14130.0
2767.25,13.85,0.1722,0.273,14150.0
2767.3,13.84,0.02667,0.2644,14160.0
2767.35,13.7,0.1765,0.2902,14170.0
2767.4,13.56,0.3264,0.3161,14190.0
2767.45,13.6,0.5504,0.3526,14220.0
2767.5,13.64,0.7743,0.3892,14230.0
2767.55,13.39,0.9462,0.2818,14220.0
2767.6,13.14,1.118,0.1744,14200.0
2767.65,13.2,1.323,0.2385,14200.0
2767.7,13.27,1.528,0.3026,14190.0
2767.75,13.41,1.232,0.3173,14160.0
2767.8,13.56,0.9359,0.3319,14120.0
2767.85,13.69,0.8005,0.2984,14110.0
2767.9,13.83,0.6652,0.2648,14120.0
2767.95,13.88,0.8774,0.1856,14150.0
2768.0,13.93,1.09,0.1063,14170.0
2768.05,13.8,1.266,-0.01817,14200.0
2768.1,13.67,1.443,-0.1427,14220.0
2768.15,13.53,1.284,0.0003658,14230.0
2768.2,13.39,1.126,0.1434,14210.0
2768.25,13.31,1.084,0.2957,14160.0
2768.3,13.23,1.042,0.448,14130.0
2768.35,13.13,0.9956,0.4479,14110.0
2768.4,13.04,0.9494,0.4478,14110.0
2768.45,12.89,0.8849,0.3429,14120.0
2768.5,12.75,0.8204,0.238,14130.0
2768.55,12.59,0.8953,0.2791,14160.0
2768.6,12.44,0.9701,0.3202,14190.0
2768.65,12.41,0.8328,0.2306,14190.0
2768.7,12.37,0.6955,0.141,14170.0
2768.75,12.49,0.5645,-0.06719,14150.0
2768.8,12.61,0.4335,-0.2753,14150.0
2768.85,12.42,0.6582,-0.3506,14150.0
2768.9,12.23,0.8829,-0.4258,14140.0
2768.95,12.41,0.7285,-0.5216,14130.0
2769.0,12.58,0.574,-0.6175,14130.0
2769.05,12.64,0.744,-0.3436,14140.0
2769.1,12.7,0.914,-0.06975,14150.0
2769.15,12.75,0.9898,-0.005609,14150.0
2769.2,12.81,1.066,0.05853,14150.0
2769.25,12.77,1.169,0.1558,14160.0
2769.3,12.74,1.273,0.2531,14170.0
2769.35,12.7,1.166,0.3604,14180.0
2769.4,12.65,1.06,0.4678,14170.0
2769.45,12.67,0.8557,0.3007,14180.0
2769.5,12.68,0.6517,0.1336,14180.0
2769.55,12.71,0.7251,0.2225,14190.0
2769.6,12.75,0.7986,0.3114,14180.0
2769.65,12.81,0.8555,0.3353,14180.0
2769.7,12.87,0.9124,0.3592,14190.0
2769.75,12.73,0.8421,0.2397,14200.0
2769.8,12.59,0.7719,0.1202,14200.0
2769.85,12.58,0.869,0.1879,14190.0
2769.9,12.57,0.9661,0.2556,14190.0
2769.95,12.61,0.7371,0.1992,14190.0
2770.0,12.66,0.508,0.1429,14190.0
2770.05,12.54,0.4813,0.09731,14190.0
2770.1,12.43,0.4546,0.0517,14190.0
2770.15,12.44,0.2329,0.1146,14190.0
2770.2,12.46,0.01115,0.1775,14200.0
2770.25,12.6,0.0824,0.1627,14220.0
2770.3,12.74,0.1537,0.1478,14220.0
2770.35,12.71,0.2138,0.2627,14220.0
2770.4,12.69,0.2739,0.3775,14220.0
2770.45,12.68,0.3008,0.388,14220.0
2770.5,12.67,0.3276,0.3985,14220.0
2770.55,12.79,0.2355,0.3257,14200.0
2770.6,12.9,0.1433,0.2529,14180.0
2770.65,12.93,-0.02568,0.542,14180.0
2770.7,12.96,-0.1947,0.8311,14190.0
2770.75,12.92,0.1873,0.6225,14200.0
2770.8,12.88,0.5693,0.4139,14210.0
2770.85,12.82,0.4753,0.4002,14220.0
2770.9,12.76,0.3814,0.3865,14240.0
2770.95,12.82,0.3613,0.3033,14250.0
2771.0,12.88,0.3412,0.22,14240.0
2771.05,13.16,0.4445,0.1568,14220.0
2771.1,13.43,0.5478,0.09365,14210.0
2771.15,13.44,0.5742,0.1995,14200.0
2771.2,13.45,0.6007,0.3053,14200.0
2771.25,13.51,0.5201,0.08572,14200.0
2771.3,13.58,0.4395,-0.1339,14200.0
2771.35,13.63,0.5836,-0.09706,14210.0
2771.4,13.67,0.7277,-0.06024,14220.0
2771.45,13.79,0.7319,-0.08377,14220.0
2771.5,13.9,0.7361,-0.1073,14220.0
2771.55,13.85,0.8037,-0.179,14220.0
2771.6,13.81,0.8714,-0.2507,14220.0
2771.65,13.61,0.923,-0.2261,14230.0
2771.7,13.42,0.9745,-0.2014,14240.0
2771.75,13.47,0.9791,-0.373,14240.0
2771.8,13.53,0.9837,-0.5446,14250.0
2771.85,13.58,0.9853,-0.6396,14260.0
2771.9,13.63,0.9868,-0.7346,14250.0
2771.95,13.51,1.028,-0.6918,14230.0
2772.0,13.39,1.068,-0.649,14220.0
2772.05,13.32,0.8264,-0.498,14220.0
2772.1,13.25,0.5844,-0.347,14230.0
2772.15,13.42,0.4431,-0.449,14240.0
2772.2,13.58,0.3017,-0.5509,14260.0
2772.25,13.73,0.3039,-0.4673,14290.0
2772.3,13.87,0.3061,-0.3836,14310.0
2772.35,13.92,0.5259,-0.2206,14330.0
2772.4,13.97,0.7456,-0.05755,14340.0
2772.45,13.98,0.875,0.04097,14340.0
2772.5,14.0,1.004,0.1395,14350.0
2772.55,14.13,1.004,0.3034,14350.0
2772.6,14.26,1.004,0.4673,14340.0
2772.65,14.34,0.8529,0.3222,14330.0
2772.7,14.42,0.7014,0.1771,14340.0
2772.75,14.26,0.6228,0.2696,14350.0
2772.8,14.1,0.5442,0.3622,14360.0
2772.85,14.16,0.5772,0.2552,14370.0
2772.9,14.22,0.6103,0.1483,14380.0
2772.95,14.51,0.7534,0.2656,14390.0
2773.0,14.79,0.8965,0.3829,14410.0
2773.05,14.89,0.8344,0.5049,14440.0
2773.1,15.0,0.7723,0.627,14450.0
2773.15,15.11,0.6895,0.531,14450.0
2773.2,15.23,0.6067,0.4351,14450.0
2773.25,15.55,0.5655,0.2755,14460.0
2773.3,15.86,0.5243,0.1158,14460.0
2773.35,15.93,0.5714,0.3423,14450.0
2773.4,16.01,0.6186,0.5687,14440.0
2773.45,16.02,0.5856,0.5753,14420.0
2773.5,16.04,0.5525,0.5819,14420.0
2773.55,16.02,0.5537,0.3258,14420.0
2773.6,16.0,0.5549,0.06975,14400.0
2773.65,16.12,0.3828,0.08499,14390.0
2773.7,16.24,0.2106,0.1002,14400.0
2773.75,16.07,0.216,0.1511,14430.0
2773.8,15.89,0.2213,0.2019,14460.0
2773.85,15.94,0.3461,0.1085,14480.0
2773.9,15.99,0.4709,0.01512,14500.0
2773.95,16.12,0.4166,-0.1584,14510.0
2774.0,16.24,0.3623,-0.3319,14500.0
2774.05,16.19,0.2369,-0.3376,14460.0
2774.1,16.13,0.1115,-0.3434,14410.0
2774.15,16.18,0.3071,-0.378,14370.0
2774.2,16.22,0.5028,-0.4126,14360.0
2774.25,16.19,0.5965,-0.422,14360.0
2774.3,16.16,0.6903,-0.4314,14360.0
2774.35,16.39,0.5084,-0.467,14390.0
2774.4,16.62,0.3264,-0.5026,14430.0
2774.45,16.73,0.4236,-0.2989,14480.0
2774.5,16.83,0.5207,-0.09511,14500.0
2774.55,16.73,0.4289,0.05841,14510.0
2774.6,16.62,0.3372,0.2119,14500.0
2774.65,16.38,0.3927,0.1473,14490.0
2774.7,16.14,0.4482,0.08267,14460.0
2774.75,16.12,0.5366,0.1078,14420.0
2774.8,16.09,0.625,0.1329,14390.0
2774.85,15.92,0.4882,-0.0008536,14380.0
2774.9,15.74,0.3515,-0.1346,14380.0
2774.95,15.85,0.3708,-0.1256,14400.0
2775.0,15.96,0.3901,-0.1166,14420.0
2775.05,15.87,0.3025,-0.1305,14450.0
2775.1,15.78,0.215,-0.1444,14500.0
2775.15,15.96,0.3416,-0.1054,14530.0
2775.2,16.14,0.4681,-0.06633,14540.0
2775.25,16.0,0.5095,-0.02597,14530.0
2775.3,15.87,0.5509,0.01439,14510.0
2775.35,15.82,0.4715,0.04695,14500.0
2775.4,15.77,0.3921,0.0795,14480.0
2775.45,15.85,0.5125,0.1664,14470.0
2775.5,15.94,0.633,0.2534,14470.0
2775.55,15.96,0.5814,0.41,14490.0
2775.6,15.98,0.5298,0.5665,14520.0
2775.65,15.79,0.6982,0.5108,14530.0
2775.7,15.6,0.8666,0.4551,14530.0
2775.75,15.67,0.958,0.5043,14530.0
2775.8,15.74,1.049,0.5536,14540.0
2775.85,15.65,0.9142,0.5054,14540.0
2775.9,15.55,0.779,0.4573,14530.0
2775.95,15.37,0.7052,0.3868,14520.0
2776.0,15.19,0.6314,0.3163,14520.0
2776.05,15.19,0.6857,0.3707,14540.0
2776.1,15.19,0.74,0.4251,14550.0
2776.15,15.14,0.6109,0.4281,14550.0
2776.2,15.08,0.4817,0.4312,14540.0
2776.25,15.08,0.2285,0.4714,14540.0
2776.3,15.07,-0.02468,0.5117,14530.0
2776.35,15.17,-0.02309,0.5676,14500.0
2776.4,15.26,-0.0215,0.6236,14480.0
2776.45,15.14,-0.1065,0.3557,14480.0
2776.5,15.02,-0.1915,0.0878,14510.0
2776.55,14.92,0.08141,0.05036,14530.0
2776.6,14.82,0.3543,0.01293,14540.0
2776.65,14.9,0.4801,-0.2417,14540.0
2776.7,14.97,0.6059,-0.4963,14550.0
2776.75,14.8,0.714,-0.4675,14550.0
2776.8,14.63,0.822,-0.4387,14530.0
2776.85,14.72,0.9833,-0.4145,14500.0
2776.9,14.82,1.144,-0.3902,14490.0
2776.95,14.71,0.9884,-0.3172,14490.0
2777.0,14.6,0.8324,-0.2441,14490.0
2777.05,14.53,0.8214,-0.2507,14490.0
2777.1,14.47,0.8105,-0.2573,14490.0
2777.15,14.47,0.8274,-0.2657,14510.0
2777.2,14.46,0.8443,-0.2741,14540.0
2777.25,14.33,0.9315,-0.3547,14540.0
2777.3,14.2,1.019,-0.4353,14540.0
2777.35,14.16,1.063,-0.3272,14550.0
2777.4,14.11,1.107,-0.219,14570.0
2777.45,14.36,1.085,-0.1086,14580.0
2777.5,14.61,1.063,0.001707,14570.0
2777.55,14.69,1.028,-0.07182,14550.0
2777.6,14.77,0.992,-0.1453,14540.0
2777.65,14.8,1.064,-0.2419,14540.0
2777.7,14.82,1.137,-0.3385,14530.0
2777.75,14.86,1.35,-0.3823,14510.0
2777.8,14.91,1.562,-0.4261,14510.0
2777.85,14.95,1.349,-0.4246,14540.0
2777.9,14.99,1.136,-0.4231,14570.0
2777.95,14.82,1.074,-0.4171,14590.0
2778.0,14.66,1.012,-0.4112,14610.0
2778.05,14.77,0.9046,-0.4008,14610.0
2778.1,14.88,0.797,-0.3904,14610.0
2778.15,14.95,0.7034,-0.4619,14590.0
2778.2,15.03,0.6099,-0.5334,14560.0
2778.25,15.0,0.6045,-0.424,14530.0
2778.3,14.97,0.5991,-0.3146,14520.0
2778.35,14.9,0.6895,-0.2083,14530.0
2778.4,14.83,0.7798,-0.1019,14530.0
2778.45,14.97,0.8555,0.08255,14540.0
2778.5,15.11,0.9311,0.267,14540.0
2778.55,14.89,0.9661,0.2619,14550.0
2778.6,14.67,1.001,0.2568,14550.0
2778.65,14.63,0.8601,0.1239,14550.0
2778.7,14.6,0.7189,-0.009023,14540.0
2778.75,14.54,0.879,0.09779,14530.0
2778.8,14.49,1.039,0.2046,14530.0
2778.85,14.72,0.9072,0.1278,14530.0
2778.9,14.95,0.7755,0.05097,14520.0
2778.95,15.0,0.6493,0.0139,14510.0
2779.0,15.06,0.5231,-0.02317,14520.0
2779.05,15.01,0.7173,0.1761,14520.0
2779.1,14.96,0.9116,0.3753,14510.0
2779.15,14.81,0.8045,0.4175,14500.0
2779.2,14.67,0.6974,0.4597,14480.0
2779.25,14.75,0.6252,0.3169,14470.0
2779.3,14.82,0.5529,0.1741,14470.0
2779.35,14.74,0.3796,0.2886,14470.0
2779.4,14.67,0.2062,0.4031,14460.0
2779.45,14.85,0.2619,0.4082,14450.0
2779.5,15.04,0.3177,0.4134,14450.0
2779.55,14.98,0.3364,0.3003,14450.0
2779.6,14.93,0.3551,0.1873,14450.0
2779.65,14.83,0.3083,0.2102,14450.0
2779.7,14.74,0.2615,0.2331,14460.0
2779.75,14.85,0.1754,0.1284,14450.0
2779.8,14.97,0.08917,0.02366,14440.0
2779.85,14.94,0.1517,0.08548,14420.0
2779.9,14.91,0.2142,0.1473,14410.0
2779.95,14.88,0.2687,0.2169,14400.0
2780.0,14.86,0.3232,0.2866,14400.0
2780.05,15.07,0.2323,0.3469,14410.0
2780.1,15.29,0.1413,0.4073,14420.0
2780.15,15.31,0.2102,0.2288,14440.0
2780.2,15.33,0.2791,0.05024,14450.0
2780.25,15.3,0.2371,0.07414,14460.0
2780.3,15.28,0.1951,0.09804,14460.0
2780.35,15.13,0.291,0.1991,14440.0
2780.4,14.98,0.3869,0.3002,14430.0
2780.45,14.77,0.3067,0.3023,14420.0
2780.5,14.56,0.2265,0.3044,14410.0
2780.55,14.64,0.1833,0.1518,14400.0
2780.6,14.71,0.1401,-0.0007316,14400.0
2780.65,14.6,0.1823,-0.1363,14400.0
2780.7,14.48,0.2245,-0.2719,14420.0
2780.75,14.57,0.1654,-0.1814,14440.0
2780.8,14.66,0.1063,-0.09097,14460.0
2780.85,14.72,0.02886,-0.1228,14480.0
2780.9,14.78,-0.04857,-0.1546,14500.0
2780.95,14.93,0.07663,-0.279,14510.0
2781.0,15.08,0.2018,-0.4034,14500.0
2781.05,15.04,0.3853,-0.2819,14480.0
2781.1,14.99,0.5689,-0.1605,14460.0
2781.15,14.99,0.547,-0.1988,14440.0
2781.2,14.98,0.5251,-0.237,14440.0
2781.25,14.8,0.4162,-0.1513,14450.0
2781.3,14.62,0.3073,-0.0656,14460.0
2781.35,14.61,0.3977,0.02744,14490.0
2781.4,14.59,0.4881,0.1205,14520.0
2781.45,14.55,0.4315,-0.03548,14530.0
2781.5,14.51,0.375,-0.1914,14520.0
2781.55,14.28,0.4528,-0.05512,14490.0
2781.6,14.04,0.5306,0.08121,14470.0
2781.65,13.94,0.4291,0.2523,14470.0
2781.7,13.83,0.3276,0.4234,14470.0
2781.75,13.93,0.3728,0.3328,14480.0
2781.8,14.02,0.418,0.2422,14490.0
2781.85,14.06,0.5197,0.1625,14490.0
2781.9,14.1,0.6214,0.08292,14490.0
2781.95,14.15,0.7458,-0.003414,14480.0
2782.0,14.2,0.8702,-0.08975,14460.0
2782.05,14.32,0.9415,-0.0001219,14450.0
2782.1,14.45,1.013,0.0895,14440.0
2782.15,14.51,1.044,0.2631,14430.0
2782.2,14.58,1.075,0.4368,14420.0
2782.25,14.45,0.839,0.5342,14400.0
2782.3,14.32,0.6031,0.6316,14400.0
2782.35,14.27,0.7118,0.6251,14400.0
2782.4,14.23,0.8204,0.6185,14400.0
2782.45,14.15,0.7426,0.5436,14400.0
2782.5,14.06,0.6648,0.4687,14410.0
2782.55,13.84,0.255,0.3524,14400.0
2782.6,13.61,-0.1549,0.2361,14390.0
2782.65,13.7,-0.1322,0.2846,14370.0
2782.7,13.79,-0.1095,0.3331,14360.0
2782.75,13.7,-0.0625,0.3497,14340.0
2782.8,13.61,-0.01553,0.3663,14340.0
2782.85,13.66,-0.05474,0.3695,14330.0
2782.9,13.72,-0.09395,0.3726,14320.0
2782.95,13.83,-0.09932,0.3035,14310.0
2783.0,13.95,-0.1047,0.2344,14310.0
2783.05,14.09,-0.01314,0.2131,14320.0
2783.1,14.23,0.07842,0.1919,14320.0
2783.15,14.26,-0.1266,0.06304,14330.0
2783.2,14.29,-0.3316,-0.06585,14340.0
2783.25,14.18,-0.2874,-0.2735,14350.0
2783.3,14.08,-0.2432,-0.4812,14340.0
2783.35,14.07,-0.3274,-0.6685,14320.0
2783.4,14.06,-0.4116,-0.8558,14290.0
2783.45,13.98,-0.5078,-0.8576,14270.0
2783.5,13.9,-0.6039,-0.8594,14260.0
2783.55,13.85,-0.6188,-0.8651,14270.0
2783.6,13.79,-0.6337,-0.8709,14280.0
2783.65,13.7,-0.4926,-0.6026,14310.0
2783.7,13.61,-0.3515,-0.3344,14340.0
2783.75,13.45,-0.4395,-0.2595,14360.0
2783.8,13.29,-0.5275,-0.1846,14360.0
2783.85,13.32,-0.4339,-0.3344,14360.0
2783.9,13.35,-0.3404,-0.4841,14360.0
2783.95,13.24,-0.1845,-0.3351,14350.0
2784.0,13.14,-0.02866,-0.1861,14330.0
2784.05,12.95,-0.07464,-0.1429,14320.0
2784.1,12.75,-0.1206,-0.09975,14320.0
2784.15,12.91,-0.08997,-0.2822,14330.0
2784.2,13.06,-0.05931,-0.4646,14340.0
2784.25,13.04,0.1899,-0.4091,14360.0
2784.3,13.02,0.4391,-0.3536,14380.0
2784.35,13.02,0.4291,-0.2895,14400.0
2784.4,13.01,0.4192,-0.2253,14420.0
2784.45,13.14,0.3493,-0.1077,14430.0
2784.5,13.27,0.2795,0.009999,14430.0
2784.55,13.37,0.1186,0.0906,14420.0
2784.6,13.46,-0.0422,0.1712,14410.0
2784.65,13.35,-0.09156,0.3069,14390.0
2784.7,13.25,-0.1409,0.4426,14360.0
2784.75,13.25,-0.1469,0.2664,14340.0
2784.8,13.25,-0.1529,0.09023,14340.0
2784.85,13.13,-0.297,-0.04914,14340.0
2784.9,13.0,-0.4411,-0.1885,14350.0
2784.95,13.02,-0.453,-0.02902,14370.0
2785.0,13.04,-0.465,0.1305,14390.0
2785.05,12.98,-0.7912,0.1547,14410.0
2785.1,12.93,-1.117,0.179,14420.0
2785.15,12.97,-0.9988,0.2512,14430.0
2785.2,13.02,-0.8802,0.3234,14430.0
2785.25,13.22,-0.7225,0.3245,14410.0
2785.3,13.43,-0.5649,0.3256,14390.0
2785.35,13.35,-0.5169,0.45,14350.0
2785.4,13.27,-0.4689,0.5743,14330.0
2785.45,13.45,-0.5836,0.7171,14310.0
2785.5,13.62,-0.6982,0.8599,14310.0
2785.55,13.67,-0.9064,1.011,14320.0
2785.6,13.72,-1.115,1.161,14340.0
2785.65,13.7,-1.293,0.945,14370.0
2785.7,13.69,-1.471,0.7287,14380.0
2785.75,13.9,-1.163,0.949,14400.0
2785.8,14.11,-0.8559,1.169,14410.0
2785.85,14.17,-0.9646,1.1,14420.0
2785.9,14.23,-1.073,1.03,14420.0
2785.95,14.24,-1.114,0.9276,14410.0
2786.0,14.25,-1.154,0.8253,14400.0
2786.05,14.2,-1.18,0.796,14400.0
2786.1,14.14,-1.206,0.7667,14400.0
2786.15,14.2,-1.175,0.8271,14390.0
2786.2,14.26,-1.144,0.8875,14390.0
2786.25,14.44,-1.186,0.8383,14390.0
2786.3,14.61,-1.228,0.7892,14400.0
2786.35,14.65,-1.196,0.8123,14410.0
2786.4,14.69,-1.163,0.8355,14420.0
2786.45,14.7,-1.188,0.7586,14440.0
2786.5,14.71,-1.214,0.6816,14460.0
2786.55,14.76,-1.058,0.5412,14480.0
2786.6,14.8,-0.9025,0.4007,14500.0
2786.65,14.91,-0.8871,0.5746,14520.0
2786.7,15.02,-0.8718,0.7485,14520.0
2786.75,14.99,-0.9729,0.7799,14520.0
2786.8,14.97,-1.074,0.8114,14510.0
2786.85,15.18,-1.075,0.6657,14490.0
2786.9,15.39,-1.076,0.5199,14480.0
2786.95,15.23,-1.122,0.3962,14470.0
2787.0,15.08,-1.169,0.2724,14470.0
2787.05,14.92,-1.206,0.4169,14480.0
2787.1,14.77,-1.242,0.5614,14510.0
2787.15,14.86,-1.374,0.4575,14540.0
2787.2,14.96,-1.506,0.3536,14580.0
2787.25,15.01,-1.624,0.2552,14610.0
2787.3,15.07,-1.741,0.1568,14620.0
2787.35,15.05,-1.806,0.2021,14620.0
2787.4,15.03,-1.871,0.2473,14600.0
2787.45,15.04,-1.825,0.03122,14570.0
2787.5,15.06,-1.778,-0.1849,14540.0
2787.55,15.1,-1.652,-0.161,14520.0
2787.6,15.14,-1.527,-0.1371,14520.0
2787.65,15.11,-1.369,0.2322,14530.0
2787.7,15.08,-1.211,0.6014,14560.0
2787.75,15.02,-1.329,0.5131,14580.0
2787.8,14.97,-1.447,0.4248,14610.0
2787.85,15.11,-1.52,0.3298,14630.0
2787.9,15.25,-1.593,0.2349,14650.0
2787.95,15.35,-1.815,0.2256,14640.0
2788.0,15.45,-2.037,0.2163,14620.0
2788.05,15.53,-1.896,0.229,14600.0
2788.1,15.6,-1.756,0.2417,14570.0
2788.15,15.68,-1.614,0.09475,14540.0
2788.2,15.76,-1.471,-0.05219,14530.0
2788.25,15.74,-1.368,0.09365,14520.0
2788.3,15.72,-1.265,0.2395,14540.0
2788.35,15.68,-1.049,0.3285,14560.0
2788.4,15.63,-0.8332,0.4175,14600.0
2788.45,15.77,-0.8513,0.4552,14620.0
2788.5,15.92,-0.8694,0.4929,14650.0
2788.55,15.88,-0.8678,0.3909,14660.0
2788.6,15.84,-0.8662,0.289,14670.0
2788.65,15.85,-0.797,0.3814,14660.0
2788.7,15.86,-0.7277,0.4739,14640.0
2788.75,15.91,-0.8788,0.4136,14610.0
2788.8,15.96,-1.03,0.3534,14590.0
2788.85,15.83,-0.9588,0.318,14580.0
2788.9,15.7,-0.8877,0.2827,14580.0
2788.95,15.65,-0.9876,0.293,14590.0
2789.0,15.6,-1.088,0.3034,14610.0
2789.05,15.68,-1.032,0.4817,14640.0
2789.1,15.75,-0.9769,0.6599,14670.0
2789.15,15.65,-0.9966,0.5799,14700.0
2789.2,15.54,-1.016,0.4999,14710.0
2789.25,15.55,-1.053,0.4441,14700.0
2789.3,15.56,-1.089,0.3882,14680.0
2789.35,15.66,-1.224,0.4072,14650.0
2789.4,15.76,-1.36,0.4261,14630.0
2789.45,15.73,-1.204,0.2544,14610.0
2789.5,15.71,-1.047,0.08267,14610.0
2789.55,15.91,-0.8067,0.1335,14640.0
2789.6,16.12,-0.5661,0.1844,14670.0
2789.65,16.1,-0.6704,0.3542,14690.0
2789.7,16.08,-0.7747,0.5241,14700.0
2789.75,16.14,-0.744,0.4508,14690.0
2789.8,16.2,-0.7134,0.3775,14680.0
2789.85,16.24,-1.042,0.2131,14660.0
2789.9,16.28,-1.37,0.04878,14650.0
2789.95,16.14,-1.219,0.1117,14650.0
2790.0,15.99,-1.068,0.1746,14660.0
2790.05,15.98,-1.117,0.3412,14670.0
2790.1,15.97,-1.167,0.5077,14670.0
2790.15,15.99,-1.208,0.37,14660.0
2790.2,16.0,-1.249,0.2322,14650.0
2790.25,16.0,-1.297,0.1545,14650.0
2790.3,15.99,-1.344,0.07682,14650.0
2790.35,16.01,-1.379,0.06841,14660.0
2790.4,16.02,-1.414,0.05999,14660.0
2790.45,16.01,-1.517,0.1006,14670.0
2790.5,15.99,-1.621,0.1412,14680.0
2790.55,15.9,-1.504,0.2075,14680.0
2790.6,15.8,-1.388,0.2739,14670.0
2790.65,15.68,-1.234,0.4156,14660.0
2790.7,15.55,-1.081,0.5573,14640.0
2790.75,15.43,-1.091,0.4692,14650.0
2790.8,15.32,-1.101,0.3812,14660.0
2790.85,15.21,-1.006,0.2189,14650.0
2790.9,15.1,-0.9104,0.05658,14640.0
2790.95,15.21,-0.9044,0.0717,14650.0
2791.0,15.32,-0.8985,0.08682,14670.0
2791.05,15.46,-0.9222,0.1011,14680.0
2791.1,15.61,-0.9458,0.1154,14690.0
2791.15,15.66,-0.9387,0.2018,14700.0
2791.2,15.71,-0.9315,0.2883,14710.0
2791.25,15.4,-0.9295,0.1916,14720.0
2791.3,15.08,-0.9275,0.09487,14720.0
2791.35,15.05,-0.9285,0.2127,14710.0
2791.4,15.01,-0.9295,0.3305,14700.0
2791.45,15.04,-1.098,0.3445,14690.0
2791.5,15.07,-1.267,0.3585,14690.0
2791.55,15.04,-1.298,0.3664,14690.0
2791.6,15.01,-1.33,0.3743,14700.0
2791.65,15.02,-1.145,0.4842,14730.0
2791.7,15.02,-0.9606,0.5941,14760.0
2791.75,14.8,-0.9853,0.4351,14770.0
2791.8,14.58,-1.01,0.2761,14770.0
2791.85,14.49,-1.129,0.1821,14750.0
2791.9,14.4,-1.248,0.08804,14730.0
2791.95,14.58,-0.9411,0.09999,14730.0
2792.0,14.75,-0.6345,0.1119,14720.0
2792.05,14.83,-0.4451,-0.1607,14710.0
2792.1,14.91,-0.2556,-0.4334,14720.0
2792.15,15.03,-0.3834,-0.5151,14740.0
2792.2,15.16,-0.5111,-0.5968,14760.0
2792.25,15.13,-0.4261,-0.4493,14780.0
2792.3,15.1,-0.3412,-0.3019,14780.0
2792.35,15.14,-0.2462,-0.2083,14770.0
2792.4,15.19,-0.1513,-0.1146,14760.0
2792.45,15.29,-0.2456,-0.1351,14740.0
2792.5,15.4,-0.34,-0.1556,14720.0
2792.55,15.46,-0.4536,0.05158,14700.0
2792.6,15.52,-0.5673,0.2588,14700.0
2792.65,15.42,-0.5084,0.3031,14710.0
2792.7,15.32,-0.4494,0.3475,14730.0
2792.75,15.41,-0.425,0.001585,14750.0
2792.8,15.5,-0.4005,-0.3444,14750.0
2792.85,15.54,-0.49,-0.148,14760.0
2792.9,15.59,-0.5796,0.04829,14770.0
2792.95,15.48,-0.7556,0.205,14760.0
2793.0,15.38,-0.9315,0.3617,14720.0
2793.05,15.38,-0.8977,0.3764,14690.0
2793.1,15.37,-0.8638,0.3912,14660.0
2793.15,15.5,-0.8624,0.4556,14660.0
2793.2,15.62,-0.8611,0.5199,14660.0
2793.25,15.54,-0.9628,0.573,14660.0
2793.3,15.45,-1.064,0.626,14660.0
2793.35,15.47,-1.085,0.536,14670.0
2793.4,15.48,-1.105,0.446,14690.0
2793.45,15.41,-1.037,0.45,14690.0
2793.5,15.34,-0.9693,0.4539,14680.0
2793.55,15.37,-0.8431,0.3865,14650.0
2793.6,15.4,-0.7169,0.3192,14630.0
2793.65,15.41,-0.7818,0.3013,14610.0
2793.7,15.42,-0.8467,0.2834,14580.0
2793.75,15.37,-0.9279,0.3913,14550.0
2793.8,15.32,-1.009,0.4992,14540.0
2793.85,15.3,-0.9719,0.705,14550.0
2793.9,15.28,-0.9347,0.9109,14570.0
2793.95,15.18,-0.9841,0.9332,14590.0
2794.0,15.08,-1.033,0.9555,14600.0
2794.05,14.92,-1.045,0.7876,14610.0
2794.1,14.76,-1.056,0.6197,14610.0
2794.15,14.61,-0.8644,0.5124,14590.0
2794.2,14.47,-0.6732,0.4051,14550.0
2794.25,14.47,-0.6865,0.3884,14520.0
2794.3,14.47,-0.6998,0.3717,14500.0
2794.35,14.57,-0.67,0.4682,14510.0
2794.4,14.67,-0.6401,0.5648,14510.0
2794.45,14.64,-0.667,0.6325,14520.0
2794.5,14.61,-0.6939,0.7002,14520.0
2794.55,14.73,-0.6292,0.5104,14530.0
2794.6,14.86,-0.5645,0.3207,14530.0
2794.65,15.02,-0.3422,0.3812,14520.0
2794.7,15.18,-0.1198,0.4417,14510.0
2794.75,15.15,0.03025,0.4453,14500.0
2794.8,15.12,0.1803,0.449,14500.0
2794.85,15.08,0.0617,0.3526,14500.0
2794.9,15.04,-0.05693,0.2563,14500.0
2794.95,14.8,0.005971,0.3495,14500.0
2795.0,14.57,0.06887,0.4426,14510.0
2795.05,14.39,-0.05912,0.3652,14510.0
2795.1,14.21,-0.1871,0.2878,14490.0
2795.15,14.22,-0.09514,-0.06963,14470.0
2795.2,14.23,-0.003185,-0.427,14460.0
2795.25,14.21,-0.1063,-0.4339,14450.0
2795.3,14.2,-0.2094,-0.4407,14450.0
2795.35,13.96,-0.2669,-0.3192,14450.0
2795.4,13.73,-0.3244,-0.1978,14450.0
2795.45,13.61,-0.4703,0.04012,14440.0
2795.5,13.49,-0.6162,0.278,14450.0
2795.55,13.44,-0.7333,0.3504,14450.0
2795.6,13.39,-0.8503,0.4229,14450.0
2795.65,13.35,-0.7522,0.4692,14460.0
2795.7,13.3,-0.6541,0.5156,14460.0
2795.75,13.33,-0.5872,0.3754,14460.0
2795.8,13.35,-0.5203,0.2353,14440.0
2795.85,13.39,-0.6845,0.3754,14410.0
2795.9,13.43,-0.8487,0.5156,14380.0
2795.95,13.33,-0.8208,0.6541,14360.0
2796.0,13.22,-0.793,0.7926,14350.0
2796.05,13.26,-0.6881,0.6085,14350.0
2796.1,13.3,-0.5832,0.4243,14360.0
2796.15,13.25,-0.5127,0.343,14380.0
2796.2,13.2,-0.4423,0.2617,14390.0
2796.25,13.33,-0.5444,0.304,14400.0
2796.3,13.46,-0.6465,0.3463,14400.0
2796.35,13.41,-0.5304,0.2852,14390.0
2796.4,13.36,-0.4144,0.2241,14370.0
2796.45,13.55,-0.5671,0.4203,14350.0
2796.5,13.73,-0.7197,0.6165,14330.0
2796.55,13.69,-0.6001,0.5649,14310.0
2796.6,13.65,-0.4805,0.5134,14290.0
2796.65,13.74,-0.3326,0.6609,14280.0
2796.7,13.83,-0.1847,0.8084,14290.0
2796.75,13.87,-0.2735,1.032,14300.0
2796.8,13.91,-0.3623,1.256,14310.0
2796.85,13.85,-0.3384,1.082,14320.0
2796.9,13.79,-0.3145,0.9092,14330.0
2796.95,13.87,-0.3744,0.9898,14340.0
2797.0,13.95,-0.4343,1.07,14350.0
2797.05,13.81,-0.6288,1.062,14340.0
2797.1,13.66,-0.8232,1.054,14330.0
2797.15,13.77,-0.8453,1.283,14310.0
2797.2,13.88,-0.8674,1.512,14300.0
2797.25,13.98,-0.8348,1.347,14270.0
2797.3,14.09,-0.8021,1.183,14250.0
2797.35,14.18,-1.07,1.16,14250.0
2797.4,14.27,-1.339,1.136,14260.0
2797.45,14.35,-1.191,1.185,14270.0
2797.5,14.44,-1.044,1.234,14280.0
2797.55,14.6,-0.8995,1.255,14300.0
2797.6,14.77,-0.7548,1.276,14330.0
2797.65,14.97,-0.9331,1.35,14350.0
2797.7,15.17,-1.111,1.424,14360.0
2797.75,15.01,-1.045,1.135,14350.0
2797.8,14.86,-0.9793,0.8472,14320.0
2797.85,14.86,-1.018,0.7471,14270.0
2797.9,14.87,-1.057,0.647,14230.0
2797.95,14.8,-1.126,0.6774,14190.0
2798.0,14.73,-1.195,0.7077,14170.0
2798.05,14.77,-1.226,0.7203,14180.0
2798.1,14.81,-1.257,0.7328,14210.0
2798.15,14.89,-0.9064,0.7689,14250.0
2798.2,14.97,-0.5557,0.805,14280.0
2798.25,15.13,-0.6337,0.7044,14300.0
2798.3,15.28,-0.7118,0.6038,14300.0
2798.35,15.11,-0.8921,0.4742,14280.0
2798.4,14.94,-1.072,0.3446,14250.0
2798.45,14.98,-1.184,0.2335,14220.0
2798.5,15.01,-1.297,0.1224,14190.0
2798.55,14.99,-1.426,0.2341,14160.0
2798.6,14.97,-1.555,0.3458,14140.0
2798.65,14.91,-1.592,0.44,14120.0
2798.7,14.85,-1.629,0.5341,14120.0
2798.75,14.69,-1.448,0.5029,14150.0
2798.8,14.53,-1.267,0.4717,14190.0
2798.85,14.58,-1.284,0.5224,14220.0
2798.9,14.63,-1.301,0.5731,14250.0
2798.95,14.66,-1.24,0.5229,14260.0
2799.0,14.69,-1.179,0.4726,14250.0
2799.05,14.68,-1.403,0.39,14210.0
2799.1,14.66,-1.627,0.3073,14140.0
2799.15,14.6,-1.427,0.2786,14090.0
2799.2,14.53,-1.226,0.25,14060.0
2799.25,14.62,-1.316,0.009389,14070.0
2799.3,14.71,-1.405,-0.2312,14100.0
2799.35,14.68,-1.295,-0.1267,14140.0
2799.4,14.65,-1.184,-0.02219,14190.0
2799.45,14.63,-1.37,0.02207,14210.0
2799.5,14.61,-1.557,0.06633,14200.0
2799.55,14.65,-1.618,0.169,14160.0
2799.6,14.68,-1.68,0.2717,14120.0
2799.65,14.54,-1.548,0.2703,14080.0
2799.7,14.4,-1.417,0.269,14070.0
2799.75,14.37,-1.469,0.2296,14090.0
2799.8,14.34,-1.521,0.1902,14120.0
2799.85,14.32,-1.274,0.1065,14160.0
2799.9,14.29,-1.026,0.02268,14190.0
2799.95,14.48,-1.126,0.06914,14200.0
2800.0,14.67,-1.225,0.1156,14170.0
2800.05,14.78,-1.289,0.2666,14140.0
2800.1,14.88,-1.353,0.4175,14110.0
2800.15,14.82,-1.333,0.3711,14100.0
2800.2,14.75,-1.314,0.3246,14100.0
2800.25,14.67,-1.31,0.1583,14120.0
2800.3,14.58,-1.307,-0.008048,14160.0
2800.35,14.49,-1.443,0.1194,14200.0
2800.4,14.39,-1.58,0.2468,14230.0
2800.45,14.34,-1.693,0.3148,14240.0
2800.5,14.29,-1.805,0.3829,14240.0
2800.55,14.3,-1.709,0.3345,14210.0
2800.6,14.31,-1.613,0.2861,14170.0
2800.65,14.39,-1.554,0.4284,14130.0
2800.7,14.47,-1.495,0.5707,14100.0
2800.75,14.43,-1.264,0.522,14080.0
2800.8,14.4,-1.033,0.4734,14090.0
2800.85,14.42,-1.057,0.4189,14120.0
2800.9,14.44,-1.081,0.3644,14180.0
2800.95,14.33,-1.005,0.5982,14230.0
2801.0,14.23,-0.9299,0.8321,14260.0
2801.05,14.17,-1.055,0.7875,14270.0
2801.1,14.11,-1.179,0.7428,14260.0
2801.15,14.0,-0.8947,0.8394,14230.0
2801.2,13.9,-0.6103,0.936,14170.0
2801.25,13.86,-0.4194,0.8286,14120.0
2801.3,13.82,-0.2285,0.7211,14090.0
2801.35,13.8,-0.1549,0.5831,14090.0
2801.4,13.79,-0.08121,0.4451,14110.0
2801.45,13.95,-0.1475,0.4034,14140.0
2801.5,14.12,-0.2138,0.3617,14190.0
2801.55,14.12,-0.08201,0.4123,14230.0
2801.6,14.13,0.04976,0.4629,14260.0
2801.65,14.04,0.009952,0.4223,14280.0
2801.7,13.95,-0.02986,0.3817,14270.0
2801.75,14.06,0.247,0.3094,14240.0
2801.8,14.17,0.5239,0.237,14200.0
2801.85,14.12,0.4411,0.3324,14160.0
2801.9,14.08,0.3583,0.4278,14120.0
2801.95,14.1,0.2633,0.4751,14100.0
2802.0,14.11,0.1684,0.5224,14100.0
2802.05,14.01,0.2237,0.3745,14120.0
2802.1,13.92,0.2791,0.2266,14150.0
2802.15,13.87,0.1073,0.4173,14170.0
2802.2,13.83,-0.06449,0.608,14200.0
2802.25,13.91,-0.02986,0.9081,14210.0
2802.3,13.99,0.004777,1.208,14210.0
2802.35,14.02,0.2187,1.142,14200.0
2802.4,14.04,0.4327,1.076,14180.0
2802.45,14.16,0.3135,0.901,14160.0
2802.5,14.28,0.1943,0.7263,14130.0
2802.55,14.28,0.2347,0.7303,14120.0
2802.6,14.27,0.2751,0.7343,14130.0
2802.65,14.43,-0.0009952,0.581,14130.0
2802.7,14.59,-0.2771,0.4278,14140.0
2802.75,14.65,-0.4636,0.4207,14140.0
2802.8,14.7,-0.6501,0.4136,14140.0
2802.85,14.78,-0.6674,0.2167,14130.0
2802.9,14.85,-0.6847,0.01975,14130.0
2802.95,14.92,-0.4602,0.1184,14130.0
2803.0,14.99,-0.2357,0.217,14140.0
2803.05,14.95,-0.07384,0.2573,14150.0
2803.1,14.92,0.08798,0.2975,14160.0
2803.15,14.99,-0.115,0.1742,14170.0
2803.2,15.06,-0.3181,0.05097,14170.0
2803.25,15.08,-0.3165,0.1228,14180.0
2803.3,15.11,-0.3149,0.1946,14180.0
2803.35,15.2,-0.1971,0.2318,14170.0
2803.4,15.29,-0.07922,0.269,14140.0
2803.45,15.39,-0.1837,0.3298,14110.0
2803.5,15.48,-0.2882,0.3907,14090.0
2803.55,15.5,-0.01971,0.3092,14090.0
2803.6,15.51,0.2488,0.2278,14110.0
2803.65,15.62,0.2818,0.2978,14140.0
2803.7,15.72,0.3149,0.3678,14190.0
2803.75,15.68,0.1274,0.2566,14240.0
2803.8,15.64,-0.06011,0.1453,14270.0
2803.85,15.71,0.03384,0.1656,14270.0
2803.9,15.78,0.1278,0.1858,14240.0
2803.95,15.71,0.05135,0.2655,14200.0
2804.0,15.63,-0.02508,0.3451,14160.0
2804.05,15.51,-0.1986,0.2848,14120.0
2804.1,15.38,-0.3722,0.2246,14080.0
2804.15,15.6,-0.2894,0.378,14070.0
2804.2,15.82,-0.2066,0.5314,14090.0
2804.25,15.6,-0.3312,0.8252,14130.0
2804.3,15.37,-0.4558,1.119,14190.0
2804.35,15.11,-0.3603,0.8956,14240.0
2804.4,14.85,-0.2647,0.6724,14280.0
2804.45,14.82,-0.3416,0.7691,14280.0
2804.5,14.78,-0.4184,0.8658,14260.0
2804.55,14.71,-0.3631,0.887,14210.0
2804.6,14.64,-0.3077,0.9082,14150.0
2804.65,14.61,-0.3593,0.7633,14100.0
2804.7,14.57,-0.4108,0.6185,14080.0
2804.75,14.72,-0.3609,0.6299,14090.0
2804.8,14.87,-0.3109,0.6414,14120.0
2804.85,14.71,-0.3205,0.4454,14150.0
2804.9,14.55,-0.33,0.2495,14180.0
2804.95,14.58,-0.4043,0.3831,14210.0
2805.0,14.61,-0.4785,0.5168,14210.0
2805.05,14.76,-0.6789,0.5675,14190.0
2805.1,14.91,-0.8794,0.6182,14160.0
2805.15,14.73,-0.881,0.5165,14150.0
2805.2,14.54,-0.8826,0.4148,14130.0
2805.25,14.53,-0.5589,0.3491,14130.0
2805.3,14.52,-0.2353,0.2834,14130.0
2805.35,14.56,-0.2753,0.3339,14150.0
2805.4,14.59,-0.3153,0.3843,14170.0
2805.45,14.49,-0.3139,0.3825,14190.0
2805.5,14.39,-0.3125,0.3807,14190.0
2805.55,14.34,-0.4027,0.3348,14180.0
2805.6,14.3,-0.4928,0.289,14160.0
2805.65,14.29,-0.7285,0.5374,14130.0
2805.7,14.27,-0.9642,0.7858,14110.0
2805.75,14.48,-0.9486,0.7964,14090.0
2805.8,14.69,-0.9331,0.807,14090.0
2805.85,14.68,-0.8248,0.6237,14120.0
2805.9,14.68,-0.7165,0.4404,14160.0
2805.95,14.5,-0.794,0.404,14200.0
2806.0,14.32,-0.8714,0.3675,14230.0
2806.05,14.26,-0.9236,0.297,14250.0
2806.1,14.2,-0.9757,0.2266,14250.0
2806.15,14.2,-0.8569,0.3239,14230.0
2806.2,14.2,-0.738,0.4212,14180.0
2806.25,14.22,-0.628,0.5774,14120.0
2806.3,14.24,-0.5179,0.7336,14080.0
2806.35,14.32,-0.3599,0.5746,14070.0
2806.4,14.4,-0.2018,0.4156,14100.0
2806.45,14.58,-0.2146,0.3825,14140.0
2806.5,14.77,-0.2273,0.3495,14210.0
2806.55,14.63,-0.2801,0.3526,14270.0
2806.6,14.49,-0.3328,0.3558,14320.0
2806.65,14.46,-0.3644,0.4706,14330.0
2806.7,14.42,-0.3961,0.5853,14310.0
2806.75,14.64,-0.4494,0.6069,14260.0
2806.8,14.85,-0.5028,0.6285,14210.0
2806.85,14.77,-0.535,0.6422,14160.0
2806.9,14.7,-0.5673,0.656,14120.0
2806.95,14.69,-0.5653,0.392,14100.0
2807.0,14.69,-0.5633,0.128,14110.0
2807.05,14.65,-0.5293,0.19,14150.0
2807.1,14.6,-0.4952,0.2519,14210.0
2807.15,14.73,-0.3316,0.01561,14250.0
2807.2,14.85,-0.168,-0.2207,14280.0
2807.25,14.8,-0.2152,-0.1692,14290.0
2807.3,14.75,-0.2623,-0.1178,14270.0
2807.35,14.75,-0.4892,-0.009267,14230.0
2807.4,14.74,-0.7162,0.09926,14180.0
2807.45,14.85,-0.7792,0.06987,14140.0
2807.5,14.96,-0.8423,0.04048,14110.0
2807.55,15.11,-0.7171,0.274,14100.0
2807.6,15.26,-0.592,0.5075,14100.0
2807.65,15.43,-0.785,0.4152,14120.0
2807.7,15.6,-0.9781,0.3229,14130.0
2807.75,15.45,-0.9707,0.4373,14140.0
2807.8,15.3,-0.9634,0.5516,14140.0
2807.85,15.16,-0.9701,0.4752,14130.0
2807.9,15.02,-0.9769,0.3987,14120.0
2807.95,15.12,-0.7084,0.2753,14120.0
2808.0,15.22,-0.4399,0.1519,14130.0
2808.05,15.22,-0.4536,0.403,14150.0
2808.1,15.22,-0.4673,0.6541,14180.0
2808.15,15.02,-0.5394,0.6197,14190.0
2808.2,14.81,-0.6115,0.5853,14180.0
2808.25,14.77,-0.2866,0.466,14150.0
2808.3,14.72,0.03822,0.3468,14120.0
2808.35,14.72,-0.1383,0.3313,14080.0
2808.4,14.71,-0.3149,0.3158,14060.0
2808.45,14.69,-0.3274,0.1544,14060.0
2808.5,14.68,-0.34,-0.007072,14070.0
2808.55,14.68,-0.2556,-0.0517,14100.0
2808.6,14.67,-0.1712,-0.09633,14140.0
2808.65,14.54,-0.3314,-0.3169,14180.0
2808.7,14.4,-0.4916,-0.5375,14200.0
2808.75,14.4,-0.4076,-0.5723,14210.0
2808.8,14.39,-0.3236,-0.607,14200.0
2808.85,14.25,-0.2444,-0.538,14170.0
2808.9,14.12,-0.1652,-0.469,14130.0
2808.95,13.98,-0.2168,-0.4406,14080.0
2809.0,13.84,-0.2683,-0.4121,14040.0
2809.05,13.71,-0.2496,-0.4208,14010.0
2809.1,13.59,-0.2309,-0.4295,14010.0
2809.15,13.48,-0.1077,-0.1313,14030.0
2809.2,13.37,0.01553,0.1668,14070.0
2809.25,13.39,-0.1568,0.1483,14130.0
2809.3,13.4,-0.3292,0.1297,14170.0
2809.35,13.4,-0.4263,0.1852,14190.0
2809.4,13.39,-0.5235,0.2407,14190.0
2809.45,13.3,-0.5046,0.3174,14160.0
2809.5,13.21,-0.4857,0.3941,14110.0
2809.55,12.96,-0.3286,0.4797,14060.0
2809.6,12.72,-0.1716,0.5653,14010.0
2809.65,12.81,-0.2038,0.7558,13980.0
2809.7,12.9,-0.2361,0.9462,13970.0
2809.75,12.87,-0.1996,0.8433,13980.0
2809.8,12.84,-0.1632,0.7404,14010.0
2809.85,12.89,-0.07922,0.5875,14040.0
2809.9,12.93,0.004777,0.4346,14070.0
2809.95,12.97,-0.01692,0.4807,14090.0
2810.0,13.01,-0.03861,0.5268,14090.0
2810.05,13.21,0.02488,0.2746,14060.0
2810.1,13.41,0.08837,0.02244,14020.0
2810.15,13.32,0.09454,-0.01768,13970.0
2810.2,13.24,0.1007,-0.0578,13920.0
2810.25,13.16,0.005971,0.01671,13890.0
2810.3,13.09,-0.08877,0.09121,13880.0
2810.35,13.1,-0.08101,-0.0128,13890.0
2810.4,13.11,-0.07325,-0.1168,13920.0
2810.45,13.19,-0.1795,-0.3067,13940.0
2810.5,13.26,-0.2858,-0.4965,13940.0
2810.55,13.38,-0.5778,-0.4256,13920.0
2810.6,13.5,-0.8698,-0.3546,13890.0
2810.65,13.51,-0.8228,-0.2127,13860.0
2810.7,13.52,-0.7759,-0.07072,13840.0
2810.75,13.58,-0.8228,0.004634,13840.0
2810.8,13.64,-0.8698,0.07999,13860.0
2810.85,13.48,-0.989,0.1013,13900.0
2810.9,13.32,-1.108,0.1227,13930.0
2810.95,13.0,-1.003,-0.03622,13940.0
2811.0,12.68,-0.8973,-0.1951,13920.0
2811.05,12.66,-0.8931,-0.2967,13890.0
2811.1,12.64,-0.8889,-0.3982,13870.0
2811.15,12.66,-0.9865,-0.4462,13840.0
2811.2,12.67,-1.084,-0.4941,13830.0
2811.25,12.62,-1.184,-0.4892,13820.0
2811.3,12.57,-1.283,-0.4843,13840.0
2811.35,12.47,-1.129,-0.2903,13870.0
2811.4,12.37,-0.9745,-0.09633,13900.0
2811.45,12.32,-1.038,-0.2656,13920.0
2811.5,12.27,-1.102,-0.4348,13940.0
2811.55,12.16,-1.062,-0.472,13950.0
2811.6,12.06,-1.021,-0.5092,13950.0
2811.65,12.05,-0.7384,-0.537,13930.0
2811.7,12.03,-0.4554,-0.5648,13900.0
2811.75,12.07,-0.3308,-0.4386,13850.0
2811.8,12.12,-0.2062,-0.3124,13830.0
2811.85,12.09,-0.42,-0.488,13820.0
2811.9,12.05,-0.6337,-0.6636,13820.0
2811.95,12.22,-0.4616,-0.6994,13840.0
2812.0,12.39,-0.2894,-0.7353,13860.0
2812.05,12.73,-0.3057,-0.6391,13910.0
2812.1,13.06,-0.322,-0.5429,13950.0
2812.15,13.12,-0.3451,-0.2568,13960.0
2812.2,13.18,-0.3682,0.02927,13960.0
2812.25,13.13,-0.3097,-0.01683,13930.0
2812.3,13.09,-0.2512,-0.06292,13910.0
2812.35,13.15,-0.3234,-0.003292,13870.0
2812.4,13.22,-0.3957,0.05634,13830.0
2812.45,13.1,-0.5101,-0.04292,13790.0
2812.5,12.99,-0.6246,-0.1422,13780.0
2812.55,13.01,-0.5848,-0.1916,13780.0
2812.6,13.04,-0.545,-0.2409,13800.0
2812.65,12.94,-0.5858,-0.354,13810.0
2812.7,12.84,-0.6266,-0.467,13840.0
2812.75,12.76,-0.6107,-0.5819,13870.0
2812.8,12.68,-0.5947,-0.6968,13900.0
2812.85,12.56,-0.5886,-0.6351,13910.0
2812.9,12.43,-0.5824,-0.5734,13890.0
2812.95,12.44,-0.7836,-0.4115,13850.0
2813.0,12.45,-0.9849,-0.2497,13800.0
2813.05,12.32,-0.8206,-0.1705,13750.0
2813.1,12.19,-0.6564,-0.09121,13700.0
2813.15,12.11,-0.5973,-0.3411,13680.0
2813.2,12.02,-0.5382,-0.5909,13690.0
2813.25,12.2,-0.4156,-0.6569,13720.0
2813.3,12.38,-0.293,-0.7228,13760.0
2813.35,12.51,-0.3847,-0.668,13770.0
2813.4,12.64,-0.4765,-0.6131,13770.0
2813.45,12.66,-0.466,-0.7466,13770.0
2813.5,12.68,-0.4554,-0.8801,13770.0
2813.55,12.71,-0.5161,-0.7165,13760.0
2813.6,12.73,-0.5768,-0.5529,13750.0
2813.65,12.62,-0.492,-0.3117,13740.0
2813.7,12.5,-0.4072,-0.07048,13740.0
2813.75,12.37,-0.4869,-0.001341,13740.0
2813.8,12.24,-0.5665,0.0678,13720.0
2813.85,12.26,-0.5392,0.0328,13710.0
2813.9,12.28,-0.5119,-0.002195,13700.0
2813.95,12.45,-0.5657,0.1077,13710.0
2814.0,12.62,-0.6194,0.2175,13720.0
2814.05,12.63,-0.5042,0.4526,13730.0
2814.1,12.64,-0.3889,0.6877,13730.0
2814.15,12.6,-0.4343,0.745,13750.0
2814.2,12.55,-0.4797,0.8024,13780.0
2814.25,12.55,-0.4789,0.7037,13790.0
2814.3,12.55,-0.4781,0.6051,13800.0
2814.35,12.33,-0.5919,0.5108,13800.0
2814.4,12.12,-0.7058,0.4165,13800.0
2814.45,12.28,-0.5583,0.3339,13780.0
2814.5,12.44,-0.4108,0.2512,13750.0
2814.55,12.4,-0.215,0.2458,13710.0
2814.6,12.35,-0.01911,0.2405,13690.0
2814.65,12.17,-0.05872,0.2895,13690.0
2814.7,11.98,-0.09833,0.3385,13700.0
2814.75,12.15,-0.05812,0.02683,13730.0
2814.8,12.31,-0.01791,-0.2848,13770.0
2814.85,12.27,-0.1742,-0.2694,13820.0
2814.9,12.23,-0.3304,-0.2539,13870.0
2814.95,12.27,-0.209,-0.1706,13890.0
2815.0,12.31,-0.08758,-0.08731,13870.0
2815.05,12.34,-0.2311,0.06609,13840.0
2815.1,12.37,-0.3746,0.2195,13810.0
2815.15,12.47,-0.3583,0.09694,13790.0
2815.2,12.57,-0.342,-0.02561,13760.0
2815.25,12.59,-0.4305,0.05475,13740.0
2815.3,12.62,-0.5191,0.1351,13730.0
2815.35,12.52,-0.6019,0.1022,13740.0
2815.4,12.43,-0.6847,0.06926,13760.0
2815.45,12.44,-0.5484,0.1607,13790.0
2815.5,12.44,-0.412,0.2522,13810.0
2815.55,12.28,-0.3441,0.3747,13840.0
2815.6,12.12,-0.2763,0.4973,13880.0
2815.65,12.13,-0.4303,0.3887,13890.0
2815.7,12.14,-0.5844,0.2802,13880.0
2815.75,12.09,-0.6463,0.4326,13840.0
2815.8,12.05,-0.7082,0.5851,13810.0
2815.85,12.07,-0.7731,0.3998,13780.0
2815.9,12.1,-0.838,0.2146,13760.0
2815.95,12.27,-0.8344,0.3174,13740.0
2816.0,12.44,-0.8308,0.4202,13720.0
2816.05,12.6,-0.8435,0.4065,13730.0
2816.1,12.76,-0.8563,0.3929,13750.0
2816.15,12.79,-0.8475,0.2612,13770.0
2816.2,12.83,-0.8388,0.1295,13780.0
2816.25,12.72,-0.787,-0.002927,13790.0
2816.3,12.62,-0.7353,-0.1354,13820.0
2816.35,12.54,-0.8314,-0.278,13840.0
2816.4,12.46,-0.9275,-0.4207,13850.0
2816.45,12.44,-1.032,-0.3322,13840.0
2816.5,12.43,-1.136,-0.2436,13830.0
2816.55,12.47,-1.108,-0.1478,13830.0
2816.6,12.52,-1.079,-0.05195,13810.0
2816.65,12.63,-1.105,-0.02719,13780.0
2816.7,12.74,-1.13,-0.002439,13750.0
2816.75,12.93,-1.099,0.01268,13740.0
2816.8,13.11,-1.068,0.0278,13770.0
2816.85,13.21,-1.198,0.04524,13800.0
2816.9,13.32,-1.327,0.06268,13840.0
2816.95,13.4,-1.315,0.09718,13870.0
2817.0,13.48,-1.303,0.1317,13920.0
2817.05,13.42,-1.34,0.1962,13960.0
2817.1,13.36,-1.378,0.2607,13970.0
2817.15,13.51,-1.079,0.2948,13950.0
2817.2,13.67,-0.7802,0.329,13910.0
2817.25,13.6,-0.8788,0.4754,13870.0
2817.3,13.53,-0.9773,0.6219,13840.0
2817.35,13.36,-0.75,0.5959,13800.0
2817.4,13.19,-0.5227,0.5699,13780.0
2817.45,13.15,-0.6001,0.6746,13790.0
2817.5,13.11,-0.6775,0.7792,13840.0
2817.55,13.1,-0.539,0.8664,13900.0
2817.6,13.09,-0.4005,0.9536,13950.0
2817.65,13.33,-0.4045,0.9387,13980.0
2817.7,13.56,-0.4084,0.9238,14010.0
2817.75,13.64,-0.3662,0.851,14030.0
2817.8,13.71,-0.324,0.7782,14020.0
2817.85,13.67,-0.3973,0.7824,13990.0
2817.9,13.62,-0.4705,0.7865,13950.0
2817.95,13.51,-0.3758,0.7044,13920.0
2818.0,13.4,-0.281,0.6224,13910.0
2818.05,13.37,-0.07285,0.4693,13890.0
2818.1,13.33,0.1353,0.3163,13860.0
2818.15,13.04,-0.02627,0.1861,13860.0
2818.2,12.76,-0.1879,0.05585,13880.0
2818.25,12.71,-0.1845,-0.08536,13920.0
2818.3,12.66,-0.1811,-0.2266,13960.0
2818.35,12.51,-0.3045,-0.2791,14000.0
2818.4,12.36,-0.4279,-0.3317,14040.0
2818.45,12.29,-0.6091,-0.1296,14070.0
2818.5,12.23,-0.7902,0.07243,14080.0
2818.55,11.93,-0.8338,0.1856,14040.0
2818.6,11.64,-0.8774,0.2987,13980.0
2818.65,11.64,-0.9665,0.2679,13940.0
2818.7,11.64,-1.056,0.237,13900.0
2818.75,11.55,-0.7404,0.1105,13870.0
2818.8,11.46,-0.4252,-0.0161,13860.0
2818.85,11.55,-0.4753,-0.1927,13860.0
2818.9,11.63,-0.5255,-0.3692,13900.0
2818.95,11.69,-0.5738,-0.5114,13940.0
2819.0,11.76,-0.6222,-0.6536,13970.0
2819.05,11.7,-0.4857,-0.562,14000.0
2819.1,11.65,-0.3491,-0.4704,14030.0
2819.15,11.78,-0.1555,-0.5303,14060.0
2819.2,11.92,0.03822,-0.5902,14070.0
2819.25,11.94,0.08857,-0.7852,14030.0
2819.3,11.97,0.1389,-0.9801,13980.0
2819.35,11.82,0.1427,-0.8806,13930.0
2819.4,11.68,0.1465,-0.7811,13900.0
2819.45,11.63,0.135,-0.5836,13870.0
2819.5,11.58,0.1234,-0.3861,13840.0
2819.55,11.69,0.2002,-0.4275,13860.0
2819.6,11.8,0.2771,-0.469,13910.0
2819.65,11.88,0.3445,-0.3989,13980.0
2819.7,11.96,0.412,-0.3287,14030.0
2819.75,12.04,0.4956,-0.1812,14060.0
2819.8,12.12,0.5792,-0.03365,14080.0
2819.85,11.94,0.4863,0.0178,14090.0
2819.9,11.77,0.3933,0.06926,14060.0
2819.95,11.77,0.2126,-0.04878,14010.0
2820.0,11.77,0.03185,-0.1668,13950.0
2820.05,11.84,-0.1248,-0.01768,13920.0
2820.1,11.92,-0.2814,0.1314,13910.0
2820.15,11.99,-0.3931,0.2618,13910.0
2820.2,12.06,-0.5048,0.3922,13910.0
2820.25,12.07,-0.6198,0.1895,13940.0
2820.3,12.09,-0.7349,-0.01317,13980.0
2820.35,11.91,-0.6214,-0.1339,14030.0
2820.4,11.73,-0.508,-0.2546,14060.0
2820.45,11.78,-0.4305,-0.1873,14070.0
2820.5,11.83,-0.3531,-0.12,14070.0
2820.55,11.79,-0.1529,-0.283,14070.0
2820.6,11.76,0.04737,-0.446,14050.0
2820.65,11.6,0.06608,-0.1563,14010.0
2820.7,11.44,0.08479,0.1334,13980.0
2820.75,11.41,0.06767,0.08877,13970.0
2820.8,11.39,0.05056,0.04414,13980.0
2820.85,11.42,0.07345,-0.1493,13980.0
2820.9,11.44,0.09634,-0.3426,13970.0
2820.95,11.51,0.1793,-0.3523,13970.0
2821.0,11.57,0.2623,-0.3619,13980.0
2821.05,11.67,-0.1123,-0.2786,14000.0
2821.1,11.76,-0.4869,-0.1953,14010.0
2821.15,11.81,-0.4433,-0.2397,14010.0
2821.2,11.85,-0.3997,-0.2841,14010.0
2821.25,11.87,-0.3183,-0.02317,14030.0
2821.3,11.88,-0.2369,0.2378,14040.0
2821.35,11.92,-0.157,0.03463,14050.0
2821.4,11.96,-0.07723,-0.1685,14040.0
2821.45,11.92,-0.1075,-0.4108,14030.0
2821.5,11.89,-0.1377,-0.6531,14020.0
2821.55,11.97,-0.1529,-0.7474,14000.0
2821.6,12.05,-0.168,-0.8416,13960.0
2821.65,12.19,-0.1344,-0.8908,13930.0
2821.7,12.33,-0.1007,-0.9399,13920.0
2821.75,12.33,0.04259,-0.733,13950.0
2821.8,12.32,0.1859,-0.526,13980.0
2821.85,12.48,0.3023,-0.3753,14010.0
2821.9,12.63,0.4188,-0.2246,14040.0
2821.95,12.59,0.5255,-0.387,14080.0
2822.0,12.54,0.6322,-0.5495,14100.0
2822.05,12.6,0.6184,-0.4709,14100.0
2822.1,12.66,0.6047,-0.3924,14060.0
2822.15,12.58,0.6282,-0.4013,14010.0
2822.2,12.49,0.6517,-0.4102,13980.0
2822.25,12.44,0.3696,-0.2483,13960.0
2822.3,12.39,0.08758,-0.08633,13940.0
2822.35,12.47,0.1843,0.07414,13920.0
2822.4,12.55,0.281,0.2346,13940.0
2822.45,12.83,0.4435,0.07889,13980.0
2822.5,13.1,0.6059,-0.07682,14030.0
2822.55,12.99,0.5241,-0.01414,14050.0
2822.6,12.88,0.4423,0.04853,14070.0
2822.65,12.88,0.3979,0.01719,14080.0
2822.7,12.88,0.3535,-0.01414,14090.0
2822.75,13.02,0.3561,0.08938,14060.0
2822.8,13.16,0.3587,0.1929,14000.0
2822.85,13.43,0.1029,0.4298,13950.0
2822.9,13.7,-0.1529,0.6668,13940.0
2822.95,13.63,-0.09634,0.7137,13950.0
2823.0,13.55,-0.03981,0.7606,13960.0
2823.05,13.44,-0.288,0.4886,13980.0
2823.1,13.34,-0.5362,0.2166,14020.0
2823.15,13.27,-0.3433,-0.01622,14060.0
2823.2,13.2,-0.1505,-0.249,14080.0
2823.25,13.17,-0.1439,-0.3281,14070.0
2823.3,13.13,-0.1373,-0.4073,14050.0
2823.35,13.2,-0.2576,-0.3917,14040.0
2823.4,13.27,-0.3778,-0.3761,14030.0
2823.45,13.14,-0.5547,-0.563,14020.0
2823.5,13.0,-0.7317,-0.7499,14010.0
2823.55,13.12,-0.743,-0.5546,14010.0
2823.6,13.25,-0.7544,-0.3592,14020.0
2823.65,13.52,-0.7767,-0.1522,14030.0
2823.7,13.79,-0.799,0.05487,14030.0
2823.75,13.88,-0.7802,-0.03365,14020.0
2823.8,13.96,-0.7615,-0.1222,14020.0
2823.85,14.0,-0.7484,-0.1679,14030.0
2823.9,14.03,-0.7353,-0.2136,14040.0
2823.95,14.26,-0.7124,-0.1017,14050.0
2824.0,14.5,-0.6895,0.01024,14060.0
2824.05,14.36,-0.826,-0.0428,14080.0
2824.1,14.22,-0.9626,-0.09584,14090.0
2824.15,14.38,-0.8845,-0.2014,14090.0
2824.2,14.54,-0.8065,-0.307,14070.0
2824.25,14.66,-0.906,-0.2861,14050.0
2824.3,14.79,-1.006,-0.2651,14040.0
2824.35,14.74,-1.028,-0.3152,14040.0
2824.4,14.7,-1.05,-0.3653,14040.0
2824.45,14.59,-1.088,-0.3166,14040.0
2824.5,14.48,-1.126,-0.2678,14050.0
2824.55,14.45,-1.159,-0.3451,14070.0
2824.6,14.43,-1.193,-0.4224,14080.0
2824.65,14.4,-1.142,-0.3228,14090.0
2824.7,14.36,-1.09,-0.2231,14090.0
2824.75,14.37,-0.9399,-0.2733,14100.0
2824.8,14.38,-0.7898,-0.3234,14110.0
2824.85,14.37,-0.8579,-0.1418,14110.0
2824.9,14.36,-0.9259,0.03975,14100.0
2824.95,14.32,-1.005,-0.01695,14070.0
2825.0,14.28,-1.084,-0.07365,14060.0
2825.05,14.34,-1.132,-0.004756,14060.0
2825.1,14.4,-1.18,0.06414,14060.0
2825.15,14.43,-1.212,-0.0817,14050.0
2825.2,14.47,-1.245,-0.2275,14040.0
2825.25,14.46,-1.268,-0.3739,14050.0
2825.3,14.45,-1.291,-0.5202,14060.0
2825.35,14.48,-1.311,-0.3911,14060.0
2825.4,14.52,-1.331,-0.2619,14050.0
2825.45,14.44,-1.275,-0.3665,14050.0
2825.5,14.37,-1.22,-0.4712,14060.0
2825.55,14.47,-0.9297,-0.3856,14060.0
2825.6,14.57,-0.6393,-0.3,14050.0
2825.65,14.48,-0.5255,-0.3084,14030.0
2825.7,14.39,-0.4116,-0.3168,14020.0
2825.75,14.12,-0.2791,-0.2913,14030.0
2825.8,13.85,-0.1465,-0.2658,14020.0
2825.85,13.7,-0.1598,-0.2308,14010.0
2825.9,13.55,-0.1732,-0.1958,13990.0
2825.95,13.4,-0.1799,-0.1445,13990.0
2826.0,13.25,-0.1867,-0.09316,14000.0
2826.05,13.05,-0.3013,-0.1407,14020.0
2826.1,12.85,-0.416,-0.1883,14020.0
2826.15,12.9,-0.5293,-0.2934,14040.0
2826.2,12.95,-0.6425,-0.3985,14060.0
2826.25,13.14,-0.6089,-0.4912,14070.0
2826.3,13.33,-0.5752,-0.5838,14060.0
2826.35,13.5,-0.4461,-0.4118,14040.0
2826.4,13.68,-0.3169,-0.2397,14030.0
2826.45,13.55,-0.4465,-0.4267,14030.0
2826.5,13.42,-0.576,-0.6136,14030.0
2826.55,13.48,-0.6127,-0.319,14040.0
2826.6,13.53,-0.6493,-0.02439,14050.0
2826.65,13.62,-0.5352,0.03829,14070.0
2826.7,13.72,-0.4212,0.101,14090.0
2826.75,13.6,-0.5312,0.02317,14120.0
2826.8,13.47,-0.6413,-0.05463,14130.0
2826.85,13.52,-0.67,-0.1219,14130.0
2826.9,13.56,-0.6986,-0.1892,14130.0
2826.95,13.73,-0.5492,-0.2589,14130.0
2827.0,13.91,-0.3997,-0.3285,14120.0
2827.05,13.76,-0.454,-0.2557,14100.0
2827.1,13.61,-0.5084,-0.1829,14090.0
2827.15,13.59,-0.2892,-0.1869,14100.0
2827.2,13.57,-0.07006,-0.191,14120.0
2827.25,13.57,0.0213,-0.1975,14130.0
2827.3,13.58,0.1127,-0.2041,14150.0
2827.35,13.35,0.3822,-0.3248,14170.0
2827.4,13.12,0.6517,-0.4456,14190.0
2827.45,13.14,0.4918,-0.5152,14190.0
2827.5,13.16,0.332,-0.5848,14180.0
2827.55,13.2,0.4721,-0.5093,14160.0
2827.6,13.23,0.6123,-0.4339,14140.0
2827.65,13.36,0.6123,-0.6319,14140.0
2827.7,13.49,0.6123,-0.8299,14130.0
2827.75,13.31,0.4385,-0.8942,14120.0
2827.8,13.13,0.2647,-0.9584,14120.0
2827.85,13.31,0.3921,-0.7717,14140.0
2827.9,13.49,0.5195,-0.5851,14160.0
2827.95,13.58,0.383,-0.5384,14170.0
2828.0,13.68,0.2464,-0.4917,14170.0
2828.05,13.64,0.1604,-0.3133,14170.0
2828.1,13.61,0.07444,-0.1349,14160.0
2828.15,13.59,-0.03503,-0.03707,14130.0
2828.2,13.57,-0.1445,0.06073,14100.0
2828.25,13.57,-0.02906,0.01171,14070.0
2828.3,13.56,0.08638,-0.03731,14070.0
2828.35,13.5,0.02787,0.08036,14080.0
2828.4,13.43,-0.03065,0.198,14100.0
2828.45,13.33,-0.1535,0.1556,14110.0
2828.5,13.23,-0.2763,0.1132,14130.0
2828.55,13.21,-0.2446,-0.1304,14130.0
2828.6,13.2,-0.213,-0.3739,14120.0
2828.65,13.16,-0.3742,-0.24,14080.0
2828.7,13.12,-0.5354,-0.1061,14050.0
2828.75,13.15,-0.3503,-0.08487,14030.0
2828.8,13.19,-0.1652,-0.06365,14030.0
2828.85,13.07,-0.1971,-0.1041,14040.0
2828.9,12.94,-0.2289,-0.1446,14050.0
2828.95,12.68,-0.4594,-0.1496,14060.0
2829.0,12.42,-0.6899,-0.1546,14080.0
2829.05,12.47,-0.7012,0.02475,14110.0
2829.1,12.52,-0.7126,0.2041,14110.0
2829.15,12.58,-0.5689,0.1015,14100.0
2829.2,12.64,-0.4252,-0.001219,14090.0
2829.25,12.62,-0.2207,-0.303,14070.0
2829.3,12.59,-0.01632,-0.6048,14060.0
2829.35,12.56,0.003583,-0.7207,14040.0
2829.4,12.54,0.02349,-0.8365,14020.0
2829.45,12.46,-0.01214,-0.8633,14020.0
2829.5,12.38,-0.04777,-0.8901,14040.0
2829.55,12.39,0.084,-0.6819,14070.0
2829.6,12.41,0.2158,-0.4736,14090.0
2829.65,12.44,0.1957,-0.4468,14100.0
2829.7,12.48,0.1756,-0.42,14110.0
2829.75,12.56,0.08419,-0.2581,14110.0
2829.8,12.64,-0.007165,-0.09633,14100.0
2829.85,12.53,-0.04877,0.006463,14080.0
2829.9,12.42,-0.09036,0.1093,14050.0
2829.95,12.43,-0.2896,0.09657,14050.0
2830.0,12.45,-0.4888,0.08389,14050.0
2830.05,12.36,-0.4353,0.1911,14060.0
2830.1,12.27,-0.3818,0.2983,14070.0
2830.15,12.26,-0.3195,0.3405,14090.0
2830.2,12.25,-0.2572,0.3826,14110.0
2830.25,12.4,-0.2896,0.3056,14130.0
2830.3,12.55,-0.322,0.2285,14130.0
2830.35,12.68,0.02329,0.01378,14130.0
2830.4,12.82,0.3686,-0.201,14120.0
2830.45,12.85,0.4031,-0.1522,14120.0
2830.5,12.87,0.4375,-0.1034,14120.0
2830.55,12.76,0.4934,-0.01366,14110.0
2830.6,12.64,0.5494,0.07609,14110.0
2830.65,12.79,0.6771,0.2484,14130.0
2830.7,12.95,0.8049,0.4207,14150.0
2830.75,12.95,0.7355,0.3803,14150.0
2830.8,12.94,0.666,0.34,14140.0
2830.85,13.06,0.5358,0.4108,14130.0
2830.9,13.17,0.4056,0.4817,14130.0
2830.95,13.29,0.492,0.3342,14130.0
2831.0,13.41,0.5784,0.1868,14130.0
2831.05,13.39,0.3354,0.1425,14120.0
2831.1,13.37,0.09236,0.09828,14130.0
2831.15,13.35,0.01672,-0.01134,14150.0
2831.2,13.33,-0.05892,-0.121,14160.0
2831.25,13.31,-0.03583,-0.2066,14160.0
2831.3,13.3,-0.01274,-0.2922,14160.0
2831.35,13.22,0.03961,-0.1278,14160.0
2831.4,13.14,0.09196,0.03658,14150.0
2831.45,13.12,0.1744,-0.02292,14140.0
2831.5,13.11,0.2568,-0.08243,14110.0
2831.55,13.06,0.2355,-0.08426,14090.0
2831.6,13.01,0.2142,-0.08609,14090.0
2831.65,12.93,0.1286,-0.05597,14090.0
2831.7,12.85,0.04299,-0.02585,14100.0
2831.75,12.86,-0.1873,-0.178,14110.0
2831.8,12.86,-0.4176,-0.3302,14140.0
2831.85,12.8,-0.4978,-0.2174,14180.0
2831.9,12.74,-0.578,-0.1046,14200.0
2831.95,12.63,-0.7164,-0.01232,14190.0
2832.0,12.52,-0.8547,0.07999,14180.0
2832.05,12.37,-0.9646,0.257,14170.0
2832.1,12.22,-1.074,0.4341,14150.0
2832.15,12.15,-1.007,0.4864,14120.0
2832.2,12.07,-0.9399,0.5387,14080.0
2832.25,11.96,-1.076,0.2975,14070.0
2832.3,11.84,-1.211,0.05634,14090.0
2832.35,11.9,-1.243,-0.04292,14110.0
2832.4,11.97,-1.274,-0.1422,14130.0
2832.45,12.13,-1.044,-0.118,14170.0
2832.5,12.3,-0.8145,-0.09389,14220.0
2832.55,12.27,-0.8965,-0.2956,14260.0
2832.6,12.24,-0.9785,-0.4973,14270.0
2832.65,12.1,-0.9508,-0.6101,14240.0
2832.7,11.97,-0.9232,-0.7228,14210.0
2832.75,12.11,-0.7444,-0.648,14190.0
2832.8,12.25,-0.5657,-0.5731,14170.0
2832.85,12.33,-0.4779,-0.5013,14150.0
2832.9,12.4,-0.3901,-0.4295,14140.0
2832.95,12.3,-0.4767,-0.1032,14170.0
2833.0,12.19,-0.5633,0.2231,14230.0
2833.05,12.26,-0.5716,-0.04292,14270.0
2833.1,12.32,-0.58,-0.309,14290.0
2833.15,12.46,-0.4956,-0.389,14310.0
2833.2,12.6,-0.4112,-0.469,14330.0
2833.25,12.53,-0.5078,-0.4619,14330.0
2833.3,12.45,-0.6043,-0.4548,14320.0
2833.35,12.41,-0.6668,-0.3423,14290.0
2833.4,12.38,-0.7293,-0.2297,14270.0
2833.45,12.22,-0.7112,-0.2068,14270.0
2833.5,12.07,-0.6931,-0.1839,14280.0
2833.55,12.02,-0.7888,-0.07877,14290.0
2833.6,11.97,-0.8845,0.02634,14310.0
2833.65,12.1,-0.669,0.03365,14350.0
2833.7,12.24,-0.4534,0.04097,14400.0
2833.75,12.1,-0.2719,-0.09536,14430.0
2833.8,11.97,-0.09036,-0.2317,14420.0
2833.85,11.88,-0.1489,-0.3356,14380.0
2833.9,11.78,-0.2074,-0.4395,14340.0
2833.95,11.53,-0.2623,-0.3851,14290.0
2834.0,11.28,-0.3173,-0.3307,14260.0
2834.05,11.28,-0.4064,-0.4389,14240.0
2834.1,11.29,-0.4956,-0.547,14270.0
2834.15,11.28,-0.2088,-0.5718,14330.0
2834.2,11.26,0.07802,-0.5965,14400.0
2834.25,11.35,-0.003384,-0.4941,14440.0
2834.3,11.43,-0.08479,-0.3917,14440.0
2834.35,11.56,-0.1461,-0.3105,14410.0
2834.4,11.69,-0.2074,-0.2292,14360.0
2834.45,11.61,-0.2072,-0.1094,14290.0
2834.5,11.52,-0.207,0.01049,14240.0
2834.55,11.59,-0.2394,-0.05365,14220.0
2834.6,11.67,-0.2719,-0.1178,14260.0
2834.65,11.71,-0.3109,-0.171,14330.0
2834.7,11.76,-0.3499,-0.2241,14390.0
2834.75,11.91,-0.4719,-0.2939,14430.0
2834.8,12.06,-0.5939,-0.3636,14450.0
2834.85,11.85,-0.7866,-0.5008,14440.0
2834.9,11.63,-0.9793,-0.638,14400.0
2834.95,11.72,-0.9652,-0.651,14350.0
2835.0,11.8,-0.951,-0.6641,14310.0
2835.05,11.73,-0.824,-0.6446,14280.0
2835.1,11.66,-0.697,-0.6251,14280.0
2835.15,11.7,-0.7434,-0.4798,14300.0
2835.2,11.73,-0.7898,-0.3346,14330.0
2835.25,11.6,-0.8035,-0.3986,14370.0
2835.3,11.46,-0.8173,-0.4626,14430.0
2835.35,11.51,-0.8338,-0.4892,14480.0
2835.4,11.56,-0.8503,-0.5158,14490.0
2835.45,11.59,-0.5955,-0.5327,14470.0
2835.5,11.63,-0.3408,-0.5497,14430.0
2835.55,11.73,-0.379,-0.5926,14380.0
2835.6,11.82,-0.4172,-0.6355,14340.0
2835.65,11.91,-0.422,-0.6236,14320.0
2835.7,11.99,-0.4267,-0.6116,14330.0
2835.75,12.01,-0.459,-0.6744,14360.0
2835.8,12.02,-0.4912,-0.7372,14410.0
2835.85,12.1,-0.3145,-0.6023,14450.0
2835.9,12.17,-0.1377,-0.4673,14470.0
2835.95,12.33,-0.07603,-0.2267,14470.0
2836.0,12.49,-0.01433,0.0139,14460.0
2836.05,12.5,-0.1555,0.09036,14450.0
2836.1,12.52,-0.2966,0.1668,14430.0
2836.15,12.47,-0.3457,0.3194,14410.0
2836.2,12.42,-0.3949,0.4719,14400.0
2836.25,12.36,-0.3197,0.4719,14420.0
2836.3,12.3,-0.2444,0.4719,14440.0
2836.35,12.44,0.0625,0.7081,14450.0
2836.4,12.58,0.3694,0.9443,14470.0
2836.45,12.63,0.4817,0.966,14480.0
2836.5,12.68,0.5939,0.9877,14490.0
2836.55,12.84,0.3559,0.8943,14490.0
2836.6,13.0,0.1178,0.8009,14460.0
2836.65,12.88,-0.1123,0.6304,14430.0
2836.7,12.77,-0.3424,0.4599,14400.0
2836.75,12.61,-0.5418,0.5941,14390.0
2836.8,12.45,-0.7412,0.7282,14390.0
2836.85,12.41,-0.4608,0.7715,14400.0
2836.9,12.36,-0.1803,0.8148,14440.0
2836.95,12.55,-0.1702,0.6911,14480.0
2837.0,12.75,-0.16,0.5675,14500.0
2837.05,12.67,-0.08837,0.5163,14500.0
2837.1,12.59,-0.01672,0.4651,14490.0
2837.15,12.51,0.03901,0.3269,14450.0
2837.2,12.42,0.09474,0.1888,14410.0
2837.25,12.48,0.1427,0.03646,14370.0
2837.3,12.54,0.1907,-0.1158,14360.0
2837.35,12.5,0.2699,-0.2669,14380.0
2837.4,12.45,0.3491,-0.418,14410.0
2837.45,12.49,0.2056,-0.3311,14450.0
2837.5,12.53,0.0621,-0.2441,14470.0
2837.55,12.71,0.01712,-0.2955,14480.0
2837.6,12.9,-0.02787,-0.3468,14470.0
2837.65,12.84,0.01294,-0.1856,14440.0
2837.7,12.79,0.05374,-0.02439,14410.0
2837.75,12.85,-0.2178,-0.09097,14380.0
2837.8,12.9,-0.4892,-0.1575,14360.0
2837.85,12.97,-0.2912,-0.1567,14370.0
2837.9,13.04,-0.09315,-0.1558,14380.0
2837.95,13.14,-0.08579,-0.05402,14400.0
2838.0,13.25,-0.07842,0.0478,14420.0
2838.05,13.33,-0.1847,0.07316,14440.0
2838.1,13.42,-0.291,0.09853,14460.0
2838.15,13.36,-0.1873,0.04524,14460.0
2838.2,13.31,-0.0836,-0.008048,14450.0
2838.25,13.23,-0.335,-0.3019,14440.0
2838.3,13.14,-0.5864,-0.5958,14430.0
2838.35,13.09,-0.6351,-0.4251,14430.0
2838.4,13.04,-0.6839,-0.2544,14430.0
2838.45,12.98,-0.622,-0.2496,14440.0
2838.5,12.92,-0.5601,-0.2449,14450.0
2838.55,12.96,-0.466,-0.383,14460.0
2838.6,13.0,-0.3718,-0.5212,14460.0
2838.65,13.08,-0.2669,-0.4735,14460.0
2838.7,13.16,-0.162,-0.4258,14460.0
2838.75,13.17,-0.005772,-0.1869,14460.0
2838.8,13.17,0.1505,0.05195,14470.0
2838.85,13.19,0.172,-0.1169,14470.0
2838.9,13.21,0.1935,-0.2858,14470.0
2838.95,13.38,0.4039,-0.3711,14470.0
2839.0,13.56,0.6142,-0.4563,14470.0
2839.05,13.61,0.501,-0.5135,14480.0
2839.1,13.65,0.3877,-0.5707,14480.0
2839.15,13.77,0.3553,-0.7667,14470.0
2839.2,13.88,0.3228,-0.9628,14460.0
2839.25,13.9,0.3543,-0.9617,14440.0
2839.3,13.91,0.3857,-0.9606,14420.0
2839.35,14.05,0.4172,-0.9298,14400.0
2839.4,14.2,0.4486,-0.8989,14380.0
2839.45,14.22,0.4904,-0.8354,14380.0
2839.5,14.24,0.5322,-0.7719,14390.0
2839.55,14.24,0.5679,-0.7183,14400.0
2839.6,14.24,0.6035,-0.6648,14410.0
2839.65,14.26,0.7152,-0.7658,14420.0
2839.7,14.28,0.8268,-0.8667,14420.0
2839.75,14.19,1.025,-0.8551,14410.0
2839.8,14.1,1.223,-0.8436,14390.0
2839.85,14.23,1.303,-0.7819,14360.0
2839.9,14.36,1.384,-0.7202,14330.0
2839.95,14.52,1.253,-0.712,14300.0
2840.0,14.68,1.121,-0.7038,14280.0
2840.05,14.62,1.328,-0.6615,14290.0
2840.1,14.56,1.534,-0.6192,14320.0
2840.15,14.6,1.407,-0.5303,14350.0
2840.2,14.64,1.279,-0.4414,14380.0
2840.25,14.62,1.011,-0.3851,14370.0
2840.3,14.6,0.7428,-0.3287,14350.0
2840.35,14.6,0.7154,-0.237,14320.0
2840.4,14.61,0.6879,-0.1453,14280.0
2840.45,14.72,0.546,-0.08999,14250.0
2840.5,14.83,0.4041,-0.03463,14240.0
2840.55,14.71,0.5507,-0.2713,14260.0
2840.6,14.58,0.6974,-0.508,14290.0
2840.65,14.77,0.6351,-0.4998,14320.0
2840.7,14.96,0.5728,-0.4917,14330.0
2840.75,14.9,0.5213,-0.3551,14340.0
2840.8,14.85,0.4697,-0.2185,14340.0
2840.85,14.77,0.5525,-0.1107,14320.0
2840.9,14.7,0.6353,-0.002927,14290.0
2840.95,14.67,0.7092,-0.07475,14280.0
2841.0,14.63,0.783,-0.1466,14290.0
2841.05,14.49,0.7872,-0.1207,14320.0
2841.1,14.35,0.7914,-0.09487,14350.0
2841.15,14.41,0.8961,-0.04573,14370.0
2841.2,14.47,1.001,0.003414,14380.0
2841.25,14.54,0.9705,-0.02414,14400.0
2841.3,14.61,0.9403,-0.0517,14400.0
2841.35,14.4,1.06,-0.1718,14380.0
2841.4,14.19,1.18,-0.2919,14360.0
2841.45,14.25,1.052,-0.2736,14330.0
2841.5,14.31,0.9247,-0.2553,14320.0
2841.55,14.48,0.996,-0.2449,14300.0
2841.6,14.66,1.067,-0.2344,14300.0
2841.65,14.76,1.236,-0.1157,14320.0
2841.7,14.87,1.405,0.002926,14370.0
2841.75,14.81,1.278,0.1249,14410.0
2841.8,14.74,1.152,0.2468,14430.0
2841.85,14.52,1.068,0.2527,14430.0
2841.9,14.29,0.9837,0.2585,14420.0
2841.95,14.31,1.087,0.3342,14380.0
2842.0,14.33,1.19,0.41,14330.0
2842.05,14.31,0.9847,0.4565,14270.0
2842.1,14.3,0.7794,0.5031,14240.0
2842.15,14.13,0.7074,0.4935,14230.0
2842.2,13.95,0.6353,0.4838,14240.0
2842.25,14.25,0.5388,0.5203,14260.0
2842.3,14.54,0.4423,0.5568,14290.0
2842.35,14.4,0.3611,0.6975,14320.0
2842.4,14.27,0.2799,0.8382,14330.0
2842.45,14.34,0.1423,0.7806,14330.0
2842.5,14.4,0.004777,0.7231,14300.0
2842.55,14.38,0.06529,0.5303,14260.0
2842.6,14.36,0.1258,0.3375,14230.0
2842.65,14.25,0.06767,0.3875,14190.0
2842.7,14.13,0.009554,0.4375,14160.0
2842.75,14.17,0.09733,0.3195,14140.0
2842.8,14.21,0.1851,0.2014,14130.0
2842.85,14.24,0.2797,0.1167,14140.0
2842.9,14.27,0.3742,0.03195,14160.0
2842.95,14.24,0.6023,-0.1778,14170.0
2843.0,14.22,0.8304,-0.3875,14180.0
2843.05,14.3,0.7812,-0.3614,14180.0
2843.1,14.38,0.7321,-0.3353,14180.0
2843.15,14.37,0.7028,-0.3573,14160.0
2843.2,14.36,0.6736,-0.3792,14140.0
2843.25,14.42,0.7856,-0.5095,14130.0
2843.3,14.47,0.8977,-0.6397,14130.0
2843.35,14.33,0.7369,-0.7166,14120.0
2843.4,14.19,0.576,-0.7936,14120.0
2843.45,14.13,0.5601,-0.7632,14110.0
2843.5,14.07,0.5442,-0.7328,14110.0
2843.55,14.2,0.4309,-0.6077,14110.0
2843.6,14.34,0.3177,-0.4826,14120.0
2843.65,14.42,0.2655,-0.6914,14130.0
2843.7,14.5,0.2134,-0.9001,14150.0
2843.75,14.43,0.3147,-0.8005,14170.0
2843.8,14.37,0.416,-0.7009,14180.0
2843.85,14.4,0.6069,-0.5835,14190.0
2843.9,14.43,0.7978,-0.466,14190.0
2843.95,14.21,0.8609,-0.2366,14190.0
2844.0,13.98,0.924,-0.007072,14180.0
2844.05,14.06,0.7908,0.02573,14170.0
2844.1,14.13,0.6576,0.05853,14170.0
2844.15,14.12,0.5794,0.1023,14150.0
2844.2,14.12,0.5012,0.1461,14140.0
2844.25,13.83,0.6097,0.01451,14120.0
2844.3,13.55,0.7181,-0.1171,14120.0
2844.35,13.51,0.7303,-0.02146,14120.0
2844.4,13.48,0.7424,0.07414,14150.0
2844.45,13.46,0.8708,0.1561,14190.0
2844.5,13.44,0.9992,0.238,14220.0
2844.55,13.49,0.9168,0.09145,14240.0
2844.6,13.54,0.8344,-0.05512,14240.0
2844.65,13.6,1.041,-0.07597,14220.0
2844.7,13.66,1.247,-0.09682,14180.0
2844.75,13.66,1.095,0.02317,14140.0
2844.8,13.67,0.9435,0.1432,14100.0
2844.85,13.78,0.8495,0.1724,14090.0
2844.9,13.89,0.7556,0.2017,14090.0
2844.95,13.83,1.04,0.1834,14100.0
2845.0,13.77,1.325,0.1651,14110.0
2845.05,13.81,1.195,0.2325,14130.0
2845.1,13.86,1.064,0.3,14140.0
2845.15,13.95,1.191,0.2369,14140.0
2845.2,14.04,1.318,0.1739,14130.0
2845.25,14.04,1.221,0.02231,14120.0
2845.3,14.04,1.123,-0.1293,14110.0
2845.35,13.93,0.904,-0.1697,14110.0
2845.4,13.82,0.6851,-0.2102,14090.0
2845.45,13.66,0.7516,-0.1329,14050.0
2845.5,13.51,0.8181,-0.0556,14020.0
2845.55,13.46,0.8855,0.1218,14000.0
2845.6,13.41,0.953,0.2992,13970.0
2845.65,13.34,0.9214,0.524,13950.0
2845.7,13.27,0.8897,0.7487,13960.0
2845.75,13.23,0.8288,0.6707,13990.0
2845.8,13.19,0.7679,0.5926,14020.0
2845.85,13.13,0.5631,0.6981,14030.0
2845.9,13.08,0.3583,0.8036,14030.0
2845.95,13.05,0.4082,0.8809,14020.0
2846.0,13.03,0.4582,0.9582,14010.0
2846.05,12.84,0.4835,0.746,13990.0
2846.1,12.66,0.5088,0.5338,13950.0
2846.15,12.6,0.3913,0.3636,13930.0
2846.2,12.53,0.2739,0.1934,13920.0
2846.25,12.52,0.2114,0.3155,13930.0
2846.3,12.51,0.1489,0.4375,13940.0
2846.35,12.63,0.2237,0.2987,13950.0
2846.4,12.75,0.2986,0.16,13960.0
2846.45,12.65,0.05653,0.2864,13980.0
2846.5,12.56,-0.1855,0.4129,13990.0
2846.55,12.5,-0.2365,0.5237,14000.0
2846.6,12.45,-0.2874,0.6346,14000.0
2846.65,12.38,-0.3326,0.7408,14000.0
2846.7,12.3,-0.3778,0.847,14020.0
2846.75,12.59,-0.6535,0.8725,14020.0
2846.8,12.88,-0.9291,0.8979,14000.0
2846.85,12.89,-1.07,0.8721,13980.0
2846.9,12.9,-1.211,0.8462,13960.0
2846.95,12.88,-1.127,0.9015,13960.0
2847.0,12.85,-1.042,0.9567,13950.0
2847.05,12.82,-0.837,0.9238,13960.0
2847.1,12.78,-0.6318,0.8909,13980.0
2847.15,12.87,-0.451,0.8694,14020.0
2847.2,12.97,-0.2703,0.848,14040.0
2847.25,12.93,-0.2126,0.8979,14040.0
2847.3,12.89,-0.1549,0.9479,14030.0
2847.35,12.75,-0.1951,0.9833,14010.0
2847.4,12.61,-0.2353,1.019,14000.0
2847.45,12.49,0.00199,0.9009,13990.0
2847.5,12.36,0.2392,0.7831,13980.0
2847.55,12.63,0.1865,0.8641,13990.0
2847.6,12.9,0.1338,0.945,14020.0
2847.65,12.99,-0.05832,0.9193,14030.0
2847.7,13.08,-0.2504,0.8936,14030.0
2847.75,13.17,-0.2625,0.5883,14000.0
2847.8,13.26,-0.2747,0.2831,13980.0
2847.85,13.34,-0.246,0.28,13950.0
2847.9,13.42,-0.2174,0.2768,13930.0
2847.95,13.42,-0.4281,0.08536,13930.0
2848.0,13.42,-0.6389,-0.1061,13930.0
2848.05,13.53,-0.6089,-0.05499,13950.0
2848.1,13.64,-0.5788,-0.003902,13980.0
2848.15,13.62,-0.5669,-0.1168,14000.0
2848.2,13.59,-0.5549,-0.2297,13990.0
2848.25,13.58,-0.6594,0.06219,13970.0
2848.3,13.56,-0.7639,0.3541,13950.0
2848.35,13.61,-0.7814,0.2353,13920.0
2848.4,13.66,-0.799,0.1166,13890.0
2848.45,13.55,-0.7339,0.08658,13860.0
2848.5,13.44,-0.6688,0.05658,13850.0
2848.55,13.31,-0.6853,0.2355,13850.0
2848.6,13.18,-0.7018,0.4143,13870.0
2848.65,13.24,-0.78,0.5704,13880.0
2848.7,13.3,-0.8583,0.7265,13900.0
2848.75,13.51,-0.9626,0.7243,13920.0
2848.8,13.72,-1.067,0.7221,13930.0
2848.85,13.51,-0.9964,0.7781,13930.0
2848.9,13.3,-0.9259,0.8341,13910.0
2848.95,13.34,-1.042,0.8699,13890.0
2849.0,13.37,-1.158,0.9058,13870.0
2849.05,13.35,-1.147,0.8787,13860.0
2849.1,13.32,-1.136,0.8516,13850.0
2849.15,13.42,-1.299,0.8077,13850.0
2849.2,13.53,-1.463,0.7638,13860.0
2849.25,13.59,-1.456,0.7732,13880.0
2849.3,13.65,-1.45,0.7826,13910.0
2849.35,13.83,-1.407,0.7277,13940.0
2849.4,14.0,-1.364,0.6729,13970.0
2849.45,14.01,-1.178,0.5715,13980.0
2849.5,14.02,-0.9916,0.4702,13980.0
2849.55,14.23,-0.8891,0.4681,13960.0
2849.6,14.43,-0.7866,0.466,13940.0
2849.65,14.31,-0.8222,0.394,13920.0
2849.7,14.2,-0.8579,0.3219,13910.0
2849.75,14.25,-0.7615,0.4,13920.0
2849.8,14.3,-0.6652,0.478,13940.0
2849.85,14.36,-0.4924,0.4061,13970.0
2849.9,14.43,-0.3197,0.3341,13990.0
2849.95,14.28,-0.4037,0.2712,14020.0
2850.0,14.13,-0.4877,0.2083,14020.0
2850.05,14.17,-0.4176,0.1183,14010.0
2850.1,14.21,-0.3475,0.02829,13980.0
2850.15,14.17,-0.3774,0.1404,13960.0
2850.2,14.14,-0.4072,0.2524,13960.0
2850.25,14.02,-0.4944,0.2758,13960.0
2850.3,13.91,-0.5816,0.2992,13970.0
2850.35,14.08,-0.6103,0.3441,13980.0
2850.4,14.25,-0.6389,0.389,14010.0
2850.45,14.15,-0.5738,0.1885,14030.0
2850.5,14.05,-0.5088,-0.01195,14040.0
2850.55,14.06,-0.6819,0.2122,14030.0
2850.6,14.07,-0.8551,0.4363,14020.0
2850.65,13.9,-0.872,0.2994,14000.0
2850.7,13.73,-0.8889,0.1624,13980.0
2850.75,13.96,-0.8396,0.03475,13960.0
2850.8,14.18,-0.7902,-0.09292,13960.0
2850.85,14.26,-0.6769,-0.2133,13970.0
2850.9,14.34,-0.5637,-0.3336,13990.0
2850.95,14.25,-0.6049,-0.4245,14020.0
2851.0,14.16,-0.6461,-0.5153,14030.0
2851.05,14.32,-0.6763,-0.3152,14040.0
2851.1,14.47,-0.7066,-0.1151,14060.0
2851.15,14.42,-0.8175,-0.0917,14060.0
2851.2,14.36,-0.9283,-0.06829,14040.0
2851.25,14.41,-0.9379,-0.1928,14020.0
2851.3,14.46,-0.9474,-0.3173,13990.0
2851.35,14.43,-0.9572,-0.07585,13980.0
2851.4,14.4,-0.9669,0.1656,13970.0
2851.45,14.46,-1.102,0.2818,13960.0
2851.5,14.51,-1.238,0.398,13970.0
2851.55,14.4,-1.303,0.3602,14000.0
2851.6,14.29,-1.369,0.3224,14050.0
2851.65,14.13,-1.024,0.3524,14090.0
2851.7,13.97,-0.6791,0.3824,14100.0
2851.75,13.97,-0.6095,0.1345,14100.0
2851.8,13.97,-0.5398,-0.1134,14090.0
2851.85,13.86,-0.545,0.04817,14070.0
2851.9,13.74,-0.5502,0.2097,14040.0
2851.95,13.77,-0.5655,0.163,14030.0
2852.0,13.79,-0.5808,0.1163,14030.0
2852.05,13.88,-0.5846,-0.002439,14050.0
2852.1,13.97,-0.5884,-0.1212,14090.0
2852.15,13.87,-0.6931,-0.08999,14120.0
2852.2,13.78,-0.7978,-0.05877,14150.0
2852.25,13.73,-0.9494,0.0006097,14170.0
2852.3,13.68,-1.101,0.05999,14190.0
2852.35,13.52,-1.148,0.04268,14190.0
2852.4,13.36,-1.195,0.02536,14170.0
2852.45,13.3,-1.292,0.2577,14140.0
2852.5,13.25,-1.39,0.4899,14120.0
2852.55,13.12,-1.294,0.7363,14120.0
2852.6,12.99,-1.198,0.9826,14120.0
2852.65,13.21,-0.9707,1.008,14130.0
2852.7,13.42,-0.7436,1.033,14160.0
2852.75,13.42,-0.538,0.8352,14200.0
2852.8,13.41,-0.3324,0.637,14230.0
2852.85,13.22,-0.2576,0.489,14230.0
2852.9,13.03,-0.1827,0.3409,14220.0
2852.95,13.03,-0.1473,0.1307,14210.0
2853.0,13.02,-0.1119,-0.0795,14200.0
2853.05,13.1,-0.1905,-0.2635,14170.0
2853.1,13.17,-0.2691,-0.4475,14150.0
2853.15,13.09,-0.2472,-0.219,14150.0
2853.2,13.02,-0.2253,0.009511,14170.0
2853.25,13.04,-0.3153,0.08231,14180.0
2853.3,13.07,-0.4052,0.1551,14180.0
2853.35,13.11,-0.3503,-0.1005,14180.0
2853.4,13.16,-0.2954,-0.3561,14200.0
2853.45,13.15,-0.2804,-0.3042,14210.0
2853.5,13.14,-0.2655,-0.2524,14200.0
2853.55,13.36,-0.3258,-0.02829,14180.0
2853.6,13.57,-0.3861,0.1958,14170.0
2853.65,13.47,-0.4391,0.1656,14180.0
2853.7,13.36,-0.492,0.1354,14180.0
2853.75,13.23,-0.5187,0.2436,14180.0
2853.8,13.1,-0.5454,0.3519,14190.0
2853.85,13.23,-0.6574,0.332,14220.0
2853.9,13.36,-0.7695,0.3122,14240.0
2853.95,13.32,-0.7826,0.1494,14230.0
2854.0,13.28,-0.7958,-0.01341,14210.0
2854.05,13.39,-0.7749,-0.01792,14190.0
2854.1,13.5,-0.754,-0.02244,14170.0
2854.15,13.48,-0.6031,-0.07877,14170.0
2854.2,13.45,-0.4522,-0.1351,14180.0
2854.25,13.33,-0.4668,-0.524,14200.0
2854.3,13.21,-0.4813,-0.9128,14260.0
2854.35,13.34,-0.4283,-0.9098,14320.0
2854.4,13.46,-0.3754,-0.9067,14360.0
2854.45,13.51,-0.3535,-0.8544,14370.0
2854.5,13.56,-0.3316,-0.8021,14360.0
2854.55,13.66,-0.6218,-0.6948,14330.0
2854.6,13.76,-0.912,-0.5875,14290.0
2854.65,13.76,-0.7006,-0.5764,14250.0
2854.7,13.75,-0.4892,-0.5653,14220.0
2854.75,13.72,-0.3109,-0.5512,14230.0
2854.8,13.69,-0.1326,-0.537,14280.0
2854.85,13.41,-0.2269,-0.7208,14340.0
2854.9,13.13,-0.3213,-0.9045,14410.0
2854.95,13.1,-0.322,-0.7619,14450.0
2855.0,13.07,-0.3228,-0.6192,14470.0
2855.05,13.17,-0.254,-0.6001,14480.0
2855.1,13.27,-0.1851,-0.5809,14470.0
2855.15,13.49,-0.294,-0.4504,14440.0
2855.2,13.71,-0.4029,-0.32,14400.0
2855.25,13.79,-0.2974,-0.4379,14370.0
2855.3,13.87,-0.1919,-0.5558,14350.0
2855.35,13.85,-0.01592,-0.3836,14350.0
2855.4,13.82,0.16,-0.2114,14360.0
2855.45,13.78,0.07345,-0.2172,14400.0
2855.5,13.74,-0.01314,-0.2229,14460.0
2855.55,13.78,0.01533,-0.1927,14510.0
2855.6,13.83,0.04379,-0.1624,14540.0
2855.65,13.77,0.003185,-0.2289,14550.0
2855.7,13.71,-0.03742,-0.2953,14520.0
2855.75,13.59,-0.01831,-0.2846,14490.0
2855.8,13.47,0.0007962,-0.2739,14450.0
2855.85,13.43,0.0209,-0.03756,14420.0
2855.9,13.4,0.041,0.1988,14420.0
2855.95,13.14,0.1131,0.3106,14440.0
2856.0,12.89,0.1851,0.4224,14470.0
2856.05,12.84,0.009554,0.2422,14490.0
2856.1,12.8,-0.166,0.06194,14490.0
2856.15,12.88,-0.3201,0.206,14500.0
2856.2,12.96,-0.4741,0.35,14490.0
2856.25,12.99,-0.491,0.1683,14490.0
2856.3,13.01,-0.508,-0.01341,14480.0
2856.35,13.2,-0.7603,0.025,14460.0
2856.4,13.4,-1.013,0.06341,14440.0
2856.45,13.27,-1.007,0.06877,14440.0
2856.5,13.14,-1.002,0.07414,14450.0
2856.55,12.99,-1.048,0.1724,14480.0
2856.6,12.85,-1.094,0.2707,14500.0
2856.65,12.94,-0.9743,0.1608,14510.0
2856.7,13.02,-0.8547,0.05097,14520.0
2856.75,13.1,-1.006,0.1489,14510.0
2856.8,13.17,-1.158,0.2468,14490.0
2856.85,13.12,-0.9419,0.1721,14460.0
2856.9,13.06,-0.7257,0.09731,14430.0
2856.95,12.99,-0.5587,0.1227,14410.0
2857.0,12.93,-0.3917,0.148,14420.0
2857.05,12.85,-0.4311,0.2358,14450.0
2857.1,12.76,-0.4705,0.3236,14490.0
2857.15,12.65,-0.4996,0.3226,14540.0
2857.2,12.54,-0.5287,0.3217,14570.0
2857.25,12.64,-0.752,0.3313,14580.0
2857.3,12.73,-0.9753,0.3409,14560.0
2857.35,12.93,-1.182,0.3592,14520.0
2857.4,13.14,-1.388,0.3775,14480.0
2857.45,13.34,-1.447,0.2577,14450.0
2857.5,13.55,-1.507,0.1378,14430.0
2857.55,13.6,-1.395,0.2862,14430.0
2857.6,13.66,-1.282,0.4346,14450.0
2857.65,13.67,-1.23,0.3572,14490.0
2857.7,13.69,-1.178,0.2797,14540.0
2857.75,13.71,-1.204,0.4095,14580.0
2857.8,13.73,-1.23,0.5392,14620.0
2857.85,13.7,-1.246,0.3897,14620.0
2857.9,13.67,-1.263,0.2402,14610.0
2857.95,13.84,-1.211,0.1218,14570.0
2858.0,14.02,-1.159,0.003414,14530.0
2858.05,14.06,-0.9837,0.03207,14510.0
2858.1,14.11,-0.8085,0.06072,14500.0
2858.15,14.07,-0.8304,0.1394,14510.0
2858.2,14.03,-0.8523,0.218,14540.0
2858.25,13.88,-0.827,0.1974,14580.0
2858.3,13.73,-0.8017,0.1768,14620.0
2858.35,13.61,-0.7912,-0.03634,14650.0
2858.4,13.5,-0.7806,-0.2495,14660.0
2858.45,13.42,-0.8093,-0.5326,14660.0
2858.5,13.33,-0.838,-0.8158,14650.0
2858.55,13.37,-0.6829,-0.9127,14620.0
2858.6,13.4,-0.5279,-1.01,14600.0
2858.65,13.44,-0.5563,-0.8964,14600.0
2858.7,13.47,-0.5848,-0.7831,14590.0
2858.75,13.4,-0.5999,-0.7285,14590.0
2858.8,13.32,-0.615,-0.6738,14610.0
2858.85,13.27,-0.5426,-0.6485,14640.0
2858.9,13.22,-0.4701,-0.6231,14670.0
2858.95,13.1,-0.5291,-0.6152,14680.0
2859.0,12.97,-0.588,-0.6073,14660.0
2859.05,13.13,-0.7613,-0.4335,14650.0
2859.1,13.29,-0.9347,-0.2597,14630.0
2859.15,13.14,-0.8792,-0.4534,14620.0
2859.2,12.99,-0.8236,-0.647,14610.0
2859.25,12.96,-0.9934,-0.6927,14610.0
2859.3,12.93,-1.163,-0.7385,14620.0
2859.35,12.82,-1.082,-0.752,14640.0
2859.4,12.7,-1.001,-0.7655,14650.0
2859.45,12.9,-0.8812,-0.9034,14640.0
2859.5,13.1,-0.7615,-1.041,14630.0
2859.55,13.24,-0.8043,-1.196,14630.0
2859.6,13.38,-0.8471,-1.352,14630.0
2859.65,13.44,-0.8507,-1.22,14620.0
2859.7,13.5,-0.8543,-1.088,14600.0
2859.75,13.53,-0.826,-0.8799,14590.0
2859.8,13.56,-0.7978,-0.6719,14590.0
2859.85,13.5,-0.8099,-0.8249,14590.0
2859.9,13.45,-0.822,-0.9779,14580.0
2859.95,13.59,-0.6998,-0.9443,14570.0
2860.0,13.73,-0.5776,-0.9106,14580.0
2860.05,13.61,-0.6608,-0.7897,14580.0
2860.1,13.49,-0.744,-0.6687,14580.0
2860.15,13.34,-0.916,-0.562,14570.0
2860.2,13.18,-1.088,-0.4553,14560.0
2860.25,13.1,-0.9391,-0.302,14540.0
2860.3,13.02,-0.7902,-0.1488,14530.0
2860.35,12.75,-0.7671,-0.4232,14510.0
2860.4,12.48,-0.744,-0.6977,14490.0
2860.45,12.37,-0.5906,-0.9677,14510.0
2860.5,12.27,-0.4371,-1.238,14540.0
2860.55,12.11,-0.6025,-1.281,14580.0
2860.6,11.95,-0.7679,-1.324,14590.0
2860.65,11.98,-0.7613,-1.423,14570.0
2860.7,12.0,-0.7548,-1.522,14550.0
2860.75,12.04,-0.9007,-1.518,14520.0
2860.8,12.08,-1.047,-1.515,14490.0
2860.85,12.13,-1.074,-1.499,14460.0
2860.9,12.19,-1.101,-1.482,14460.0
2860.95,12.25,-1.011,-1.413,14490.0
2861.0,12.31,-0.9212,-1.343,14530.0
2861.05,12.52,-0.9323,-1.26,14560.0
2861.1,12.73,-0.9435,-1.178,14580.0
2861.15,12.65,-0.9347,-1.089,14580.0
2861.2,12.57,-0.9259,-1.0,14580.0
2861.25,12.29,-0.9681,-0.9261,14560.0
2861.3,12.02,-1.01,-0.8521,14540.0
2861.35,11.97,-0.9176,-0.8551,14510.0
2861.4,11.93,-0.8248,-0.8582,14490.0
2861.45,11.96,-0.7416,-0.8076,14490.0
2861.5,11.99,-0.6584,-0.757,14500.0
2861.55,12.09,-0.6341,-0.8,14520.0
2861.6,12.19,-0.6099,-0.8431,14540.0
2861.65,12.19,-0.6031,-0.9981,14560.0
2861.7,12.18,-0.5963,-1.153,14590.0
2861.75,12.2,-0.8051,-1.158,14600.0
2861.8,12.22,-1.014,-1.163,14580.0
2861.85,12.15,-1.06,-1.15,14540.0
2861.9,12.08,-1.106,-1.137,14510.0
2861.95,11.96,-1.051,-1.125,14500.0
2862.0,11.84,-0.9956,-1.112,14500.0
2862.05,12.0,-1.104,-1.099,14490.0
2862.1,12.16,-1.213,-1.086,14500.0
2862.15,12.25,-1.194,-0.8637,14510.0
2862.2,12.35,-1.175,-0.6411,14530.0
2862.25,12.33,-1.145,-0.5246,14530.0
2862.3,12.31,-1.115,-0.408,14530.0
2862.35,12.14,-1.125,-0.4421,14520.0
2862.4,11.97,-1.135,-0.4763,14520.0
2862.45,11.89,-1.16,-0.4524,14510.0
2862.5,11.8,-1.186,-0.4285,14490.0
2862.55,11.8,-1.132,-0.459,14470.0
2862.6,11.8,-1.079,-0.4895,14460.0
2862.65,11.81,-1.035,-0.3157,14470.0
2862.7,11.81,-0.9916,-0.1419,14470.0
2862.75,11.87,-0.8656,-0.3048,14470.0
2862.8,11.93,-0.7396,-0.4678,14470.0
2862.85,11.85,-0.9138,-0.4914,14470.0
2862.9,11.77,-1.088,-0.5151,14460.0
2862.95,11.77,-1.213,-0.3908,14440.0
2863.0,11.78,-1.339,-0.2666,14420.0
2863.05,11.81,-1.312,-0.09633,14400.0
2863.1,11.84,-1.285,0.07389,14400.0
2863.15,11.88,-1.249,0.007072,14400.0
2863.2,11.93,-1.213,-0.05975,14420.0
2863.25,12.08,-1.096,-0.2323,14440.0
2863.3,12.24,-0.9793,-0.4048,14450.0
2863.35,12.22,-0.9222,-0.4373,14450.0
2863.4,12.19,-0.865,-0.4697,14450.0
2863.45,12.25,-1.034,-0.2844,14440.0
2863.5,12.3,-1.203,-0.09901,14420.0
2863.55,12.26,-1.173,-0.08145,14400.0
2863.6,12.23,-1.143,-0.0639,14370.0
2863.65,12.23,-0.9723,-0.2844,14360.0
2863.7,12.24,-0.8013,-0.5048,14360.0
2863.75,12.32,-0.662,-0.5637,14370.0
2863.8,12.4,-0.5227,-0.6226,14390.0
2863.85,12.5,-0.5834,-0.5771,14410.0
2863.9,12.6,-0.6441,-0.5316,14420.0
2863.95,12.66,-0.4813,-0.6268,14440.0
2864.0,12.72,-0.3185,-0.7219,14450.0
2864.05,12.89,-0.3392,-0.736,14460.0
2864.1,13.06,-0.3599,-0.7502,14460.0
2864.15,12.95,-0.2868,-0.7163,14450.0
2864.2,12.83,-0.2138,-0.6824,14440.0
2864.25,12.8,-0.06509,-0.6474,14430.0
2864.3,12.78,0.0836,-0.6124,14410.0
2864.35,12.83,0.2267,-0.4059,14390.0
2864.4,12.88,0.3698,-0.1995,14390.0
2864.45,12.76,0.2956,-0.07853,14400.0
2864.5,12.63,0.2213,0.04243,14420.0
2864.55,12.59,0.2478,0.01585,14460.0
2864.6,12.55,0.2743,-0.01073,14490.0
2864.65,12.71,0.4039,0.1384,14520.0
2864.7,12.86,0.5334,0.2875,14520.0
2864.75,13.0,0.2908,0.08292,14510.0
2864.8,13.13,0.04817,-0.1217,14480.0
2864.85,13.09,0.2665,-0.1328,14450.0
2864.9,13.06,0.4849,-0.1439,14430.0
2864.95,13.2,0.5064,-0.09121,14440.0
2865.0,13.35,0.5279,-0.03853,14450.0
2865.05,13.24,0.3228,0.1701,14470.0
2865.1,13.14,0.1178,0.3787,14480.0
2865.15,13.11,-0.03642,0.364,14480.0
2865.2,13.08,-0.1907,0.3492,14480.0
2865.25,13.18,-0.1417,0.3853,14460.0
2865.3,13.28,-0.09275,0.4214,14450.0
2865.35,13.25,0.005175,0.2455,14440.0
2865.4,13.21,0.1031,0.0695,14450.0
2865.45,13.14,-0.01234,0.03561,14460.0
2865.5,13.07,-0.1278,0.001707,14480.0
2865.55,13.28,-0.2832,0.1354,14480.0
2865.6,13.49,-0.4387,0.269,14480.0
2865.65,13.63,-0.3031,0.2086,14460.0
2865.7,13.78,-0.1676,0.1483,14440.0
2865.75,13.85,-0.2954,0.1535,14410.0
2865.8,13.92,-0.4232,0.1588,14370.0
2865.85,13.88,-0.335,0.1736,14350.0
2865.9,13.84,-0.2468,0.1885,14350.0
2865.95,14.02,-0.3051,0.2191,14350.0
2866.0,14.19,-0.3635,0.2497,14370.0
2866.05,14.33,-0.4964,0.3142,14410.0
2866.1,14.48,-0.6294,0.3787,14460.0
2866.15,14.43,-0.6734,0.4157,14480.0
2866.2,14.38,-0.7173,0.4526,14480.0
2866.25,14.28,-0.6051,0.2313,14450.0
2866.3,14.18,-0.4928,0.009999,14420.0
2866.35,14.07,-0.3579,0.1151,14390.0
2866.4,13.97,-0.2229,0.2202,14360.0
2866.45,13.87,-0.03802,0.3,14340.0
2866.5,13.77,0.1469,0.3797,14340.0
2866.55,13.96,0.1276,0.3662,14360.0
2866.6,14.15,0.1083,0.3526,14390.0
2866.65,14.38,0.04379,0.3552,14420.0
2866.7,14.6,-0.0207,0.3578,14450.0
2866.75,14.54,-0.08798,0.3485,14490.0
2866.8,14.49,-0.1553,0.3392,14530.0
2866.85,14.51,0.1489,0.4854,14550.0
2866.9,14.53,0.453,0.6316,14530.0
2866.95,14.72,0.3433,0.618,14510.0
2867.0,14.92,0.2337,0.6043,14490.0
2867.05,14.75,0.06588,0.5919,14470.0
2867.1,14.57,-0.1019,0.5794,14460.0
2867.15,14.6,-0.2018,0.4663,14450.0
2867.2,14.63,-0.3017,0.3531,14480.0
2867.25,14.47,-0.1539,0.3722,14520.0
2867.3,14.31,-0.005971,0.3912,14570.0
2867.35,14.29,-0.0416,0.6051,14600.0
2867.4,14.28,-0.07723,0.8189,14620.0
2867.45,14.4,-0.2797,0.5598,14630.0
2867.5,14.52,-0.4821,0.3007,14630.0
2867.55,14.49,-0.6005,0.2389,14610.0
2867.6,14.46,-0.7189,0.1771,14600.0
2867.65,14.45,-0.7733,0.2152,14590.0
2867.7,14.44,-0.8276,0.2534,14610.0
2867.75,14.31,-0.8439,0.5138,14620.0
2867.8,14.18,-0.8603,0.7743,14620.0
2867.85,14.18,-0.6891,0.5946,14620.0
2867.9,14.18,-0.5179,0.4148,14630.0
2867.95,14.1,-0.9118,0.5998,14650.0
2868.0,14.03,-1.306,0.7848,14670.0
2868.05,13.92,-1.425,0.6992,14680.0
2868.1,13.81,-1.544,0.6136,14690.0
2868.15,13.76,-1.601,0.5924,14710.0
2868.2,13.71,-1.657,0.5712,14710.0
2868.25,13.66,-1.745,0.7146,14700.0
2868.3,13.61,-1.834,0.858,14680.0
2868.35,13.44,-1.757,0.8365,14670.0
2868.4,13.27,-1.68,0.815,14680.0
2868.45,13.4,-1.638,0.8949,14690.0
2868.5,13.54,-1.595,0.9748,14700.0
2868.55,13.5,-1.647,0.8659,14700.0
2868.6,13.47,-1.699,0.757,14720.0
2868.65,13.33,-1.551,0.7791,14730.0
2868.7,13.19,-1.404,0.8011,14720.0
2868.75,13.02,-1.486,0.7438,14700.0
2868.8,12.86,-1.568,0.6865,14690.0
2868.85,13.08,-1.646,0.6964,14700.0
2868.9,13.31,-1.724,0.7063,14710.0
2868.95,13.44,-1.639,0.4706,14730.0
2869.0,13.57,-1.554,0.2349,14750.0
2869.05,13.75,-1.707,0.1382,14780.0
2869.1,13.93,-1.859,0.04146,14800.0
2869.15,13.99,-1.868,0.2268,14800.0
2869.2,14.05,-1.876,0.4121,14780.0
2869.25,14.01,-1.959,0.3345,14760.0
2869.3,13.97,-2.042,0.2568,14740.0
2869.35,14.02,-2.114,0.3879,14730.0
2869.4,14.08,-2.185,0.519,14730.0
2869.45,14.2,-2.025,0.4224,14750.0
2869.5,14.32,-1.865,0.3258,14790.0
2869.55,14.41,-1.797,0.4582,14840.0
2869.6,14.5,-1.73,0.5907,14880.0
2869.65,14.37,-1.541,0.433,14910.0
2869.7,14.25,-1.352,0.2753,14930.0
2869.75,14.24,-1.366,0.363,14940.0
2869.8,14.24,-1.381,0.4507,14920.0
2869.85,14.31,-1.414,0.4302,14880.0
2869.9,14.38,-1.448,0.4097,14850.0
2869.95,14.45,-1.469,0.5136,14830.0
2870.0,14.53,-1.49,0.6175,14840.0
2870.05,14.3,-1.602,0.5485,14870.0
2870.1,14.08,-1.713,0.4795,14900.0
2870.15,14.31,-1.575,0.5017,14950.0
2870.2,14.54,-1.436,0.5238,15000.0
2870.25,14.71,-1.352,0.6671,15040.0
2870.3,14.89,-1.269,0.8104,15050.0
2870.35,14.95,-1.145,0.6613,15040.0
2870.4,15.02,-1.021,0.5121,15030.0
2870.45,14.82,-1.103,0.2997,15020.0
2870.5,14.62,-1.184,0.08731,15000.0
2870.55,14.55,-1.143,0.05036,14980.0
2870.6,14.48,-1.101,0.01341,14980.0
2870.65,14.59,-0.8774,-0.06963,15000.0
2870.7,14.7,-0.6537,-0.1527,15040.0
2870.75,14.54,-0.4644,-0.1219,15070.0
2870.8,14.38,-0.2751,-0.09121,15080.0
2870.85,14.35,-0.2462,-0.09511,15100.0
2870.9,14.31,-0.2174,-0.09901,15100.0
2870.95,14.31,-0.3527,-0.2111,15110.0
2871.0,14.32,-0.4881,-0.3231,15110.0
2871.05,14.28,-0.5304,-0.1189,15110.0
2871.1,14.25,-0.5728,0.08536,15120.0
2871.15,14.4,-0.6925,0.002927,15150.0
2871.2,14.55,-0.8121,-0.0795,15170.0
2871.25,14.59,-0.7046,-0.02195,15180.0
2871.3,14.63,-0.5971,0.03561,15180.0
2871.35,14.72,-0.3268,0.1405,15190.0
2871.4,14.8,-0.05653,0.2453,15190.0
2871.45,14.88,-0.1097,0.1891,15180.0
2871.5,14.95,-0.1628,0.1329,15180.0
2871.55,14.81,0.0625,0.001219,15200.0
2871.6,14.66,0.2878,-0.1305,15240.0
2871.65,14.59,0.491,-0.1814,15290.0
2871.7,14.52,0.6943,-0.2324,15310.0
2871.75,14.61,0.5523,-0.1673,15330.0
2871.8,14.71,0.4104,-0.1022,15350.0
2871.85,14.65,0.4747,-0.2497,15370.0
2871.9,14.59,0.539,-0.3973,15370.0
2871.95,14.75,0.545,-0.5419,15360.0
2872.0,14.9,0.5509,-0.6865,15370.0
2872.05,14.99,0.6469,-0.5071,15380.0
2872.1,15.08,0.7428,-0.3278,15400.0
2872.15,14.8,0.8887,-0.4217,15410.0
2872.2,14.53,1.035,-0.5156,15410.0
2872.25,14.51,0.9988,-0.317,15420.0
2872.3,14.49,0.963,-0.1185,15460.0
2872.35,14.43,0.9488,-0.3692,15500.0
2872.4,14.37,0.9347,-0.6199,15540.0
2872.45,14.37,0.8366,-0.5655,15570.0
2872.5,14.37,0.7384,-0.5112,15590.0
2872.55,14.34,0.6612,-0.3364,15620.0
2872.6,14.3,0.584,-0.1617,15620.0
2872.65,14.28,0.6755,-0.2898,15600.0
2872.7,14.26,0.7671,-0.418,15580.0
2872.75,14.33,0.8652,-0.3862,15580.0
2872.8,14.4,0.9634,-0.3544,15590.0
2872.85,14.41,0.9038,-0.3278,15610.0
2872.9,14.42,0.8443,-0.3012,15630.0
2872.95,14.63,0.6757,-0.3667,15670.0
2873.0,14.84,0.5072,-0.4321,15720.0
2873.05,14.74,0.5533,-0.2723,15770.0
2873.1,14.65,0.5995,-0.1124,15790.0
2873.15,14.64,0.7022,-0.3053,15780.0
2873.2,14.63,0.8049,-0.4982,15780.0
2873.25,14.68,0.5766,-0.6003,15780.0
2873.3,14.73,0.3483,-0.7024,15780.0
2873.35,14.66,0.2978,-0.7175,15760.0
2873.4,14.59,0.2472,-0.7326,15760.0
2873.45,14.75,0.2241,-0.7369,15780.0
2873.5,14.91,0.201,-0.7411,15820.0
2873.55,14.99,0.3129,-0.8777,15860.0
2873.6,15.08,0.4248,-1.014,15890.0
2873.65,15.11,0.4393,-1.093,15920.0
2873.7,15.15,0.4538,-1.172,15950.0
2873.75,15.2,0.7558,-1.214,15960.0
2873.8,15.25,1.058,-1.256,15950.0
2873.85,15.24,0.9417,-1.309,15940.0
2873.9,15.23,0.8256,-1.361,15940.0
2873.95,15.24,0.7828,-1.456,15970.0
2874.0,15.25,0.74,-1.551,16010.0
2874.05,15.24,0.5824,-1.395,16040.0
2874.1,15.22,0.4248,-1.239,16070.0
2874.15,15.33,0.5034,-1.26,16110.0
2874.2,15.44,0.582,-1.281,16150.0
2874.25,15.42,0.789,-1.266,16170.0
2874.3,15.41,0.996,-1.252,16170.0
2874.35,15.44,0.9757,-1.028,16160.0
2874.4,15.48,0.9554,-0.8048,16170.0
2874.45,15.44,0.7649,-0.7559,16180.0
2874.5,15.4,0.5744,-0.707,16170.0
2874.55,15.38,0.6529,-0.6655,16180.0
2874.6,15.37,0.7313,-0.6241,16210.0
2874.65,15.38,0.5896,-0.4803,16270.0
2874.7,15.39,0.4478,-0.3365,16320.0
2874.75,15.49,0.4506,-0.3312,16350.0
2874.8,15.59,0.4534,-0.3258,16370.0
2874.85,15.7,0.3101,-0.1668,16390.0
2874.9,15.8,0.1668,-0.007804,16420.0
2874.95,15.74,0.1742,-0.09597,16420.0
2875.0,15.68,0.1815,-0.1841,16400.0
2875.05,15.54,0.2954,-0.1528,16390.0
2875.1,15.4,0.4092,-0.1215,16390.0
2875.15,15.45,0.3103,-0.09755,16400.0
2875.2,15.51,0.2114,-0.07365,16400.0
2875.25,15.62,0.2649,-0.2039,16420.0
2875.3,15.74,0.3185,-0.3341,16460.0
2875.35,15.63,0.497,-0.2578,16520.0
2875.4,15.52,0.6755,-0.1814,16570.0
2875.45,15.62,0.5973,-0.09743,16590.0
2875.5,15.72,0.5191,-0.01341,16600.0
2875.55,15.65,0.4717,-0.1201,16590.0
2875.6,15.58,0.4244,-0.2268,16570.0
2875.65,15.61,0.4013,0.05121,16550.0
2875.7,15.63,0.3782,0.3292,16540.0
2875.75,15.6,0.4578,0.3711,16540.0
2875.8,15.57,0.5374,0.4129,16570.0
2875.85,15.61,0.383,0.2071,16610.0
2875.9,15.66,0.2285,0.001219,16650.0
2875.95,15.99,0.3159,-0.0178,16690.0
2876.0,16.31,0.4033,-0.03683,16710.0
2876.05,16.39,0.5621,-0.1141,16710.0
2876.1,16.47,0.7209,-0.1914,16710.0
2876.15,16.45,0.7761,-0.2006,16700.0
2876.2,16.42,0.8312,-0.2097,16700.0
2876.25,16.41,0.8123,-0.3276,16710.0
2876.3,16.39,0.7934,-0.4456,16730.0
2876.35,16.47,0.5581,-0.2852,16770.0
2876.4,16.55,0.3228,-0.1249,16800.0
2876.45,16.64,0.2333,-0.04682,16830.0
2876.5,16.73,0.1437,0.03122,16850.0
2876.55,16.59,0.002189,0.01024,16870.0
2876.6,16.46,-0.1393,-0.01073,16880.0
2876.65,16.4,-0.1509,0.133,16890.0
2876.7,16.35,-0.1624,0.2768,16890.0
2876.75,16.63,-0.413,0.352,16910.0
2876.8,16.92,-0.6636,0.4273,16940.0
2876.85,17.07,-0.7673,0.2931,16970.0
2876.9,17.21,-0.871,0.159,16980.0
2876.95,17.0,-0.6312,-0.001829,16990.0
2877.0,16.79,-0.3913,-0.1627,17010.0
2877.05,16.91,-0.3473,-0.2131,17010.0
2877.1,17.03,-0.3033,-0.2636,17010.0
2877.15,17.09,-0.2874,-0.3291,17020.0
2877.2,17.14,-0.2715,-0.3946,17040.0
2877.25,17.16,-0.4966,-0.3826,17080.0
2877.3,17.17,-0.7217,-0.3707,17110.0
2877.35,17.32,-0.7261,-0.4236,17120.0
2877.4,17.47,-0.7305,-0.4765,17130.0
2877.45,17.39,-0.832,-0.4462,17130.0
2877.5,17.3,-0.9335,-0.4158,17130.0
2877.55,17.25,-0.8903,-0.4058,17110.0
2877.6,17.2,-0.8471,-0.3958,17100.0
2877.65,17.36,-0.7287,-0.542,17100.0
2877.7,17.52,-0.6103,-0.6882,17120.0
2877.75,17.54,-0.5105,-0.7714,17140.0
2877.8,17.56,-0.4108,-0.8545,17160.0
2877.85,17.47,-0.1917,-0.8865,17170.0
2877.9,17.38,0.02747,-0.9184,17190.0
2877.95,17.39,0.05971,-0.8531,17200.0
2878.0,17.4,0.09196,-0.7877,17210.0
2878.05,17.3,0.12,-0.8445,17210.0
2878.1,17.2,0.1481,-0.9014,17210.0
2878.15,17.21,0.07365,-0.8063,17220.0
2878.2,17.22,-0.0007962,-0.7111,17230.0
2878.25,17.27,-0.03025,-0.5596,17230.0
2878.3,17.32,-0.05971,-0.408,17220.0
2878.35,17.25,-0.05991,-0.3928,17210.0
2878.4,17.19,-0.06011,-0.3775,17210.0
2878.45,17.26,-0.1148,-0.4521,17220.0
2878.5,17.34,-0.1696,-0.5268,17230.0
2878.55,17.25,-0.2524,-0.5299,17250.0
2878.6,17.17,-0.3352,-0.5331,17280.0
2878.65,17.3,-0.6119,-0.5249,17300.0
2878.7,17.44,-0.8885,-0.5168,17320.0
2878.75,17.4,-1.046,-0.441,17330.0
2878.8,17.36,-1.203,-0.3653,17330.0
2878.85,17.37,-1.177,-0.3653,17330.0
2878.9,17.39,-1.15,-0.3653,17340.0
2878.95,17.5,-1.036,-0.2913,17340.0
2879.0,17.61,-0.922,-0.2173,17330.0
2879.05,17.86,-0.8841,-0.06158,17330.0
2879.1,18.11,-0.8463,0.09414,17330.0
2879.15,18.03,-0.7673,0.1052,17330.0
2879.2,17.95,-0.6883,0.1163,17340.0
2879.25,17.9,-0.7954,0.1124,17360.0
2879.3,17.84,-0.9025,0.1085,17390.0
2879.35,17.82,-0.9922,0.01256,17410.0
2879.4,17.81,-1.082,-0.08341,17420.0
2879.45,17.92,-0.9345,0.06792,17430.0
2879.5,18.03,-0.787,0.2192,17420.0
2879.55,18.04,-0.627,0.2296,17400.0
2879.6,18.05,-0.467,0.24,17380.0
2879.65,18.04,-0.4894,0.2401,17380.0
2879.7,18.04,-0.5119,0.2402,17390.0
2879.75,18.1,-0.8222,0.2544,17400.0
2879.8,18.17,-1.133,0.2685,17410.0
2879.85,18.06,-1.118,0.1545,17410.0
2879.9,17.96,-1.104,0.04048,17420.0
2879.95,17.9,-1.191,0.01085,17420.0
2880.0,17.84,-1.278,-0.01878,17400.0
2880.05,17.54,-1.069,0.02878,17390.0
2880.1,17.24,-0.8603,0.07633,17390.0
2880.15,17.27,-0.8591,-0.05512,17400.0
2880.2,17.3,-0.8579,-0.1866,17410.0
2880.25,17.12,-0.7486,-0.23,17410.0
2880.3,16.93,-0.6393,-0.2734,17410.0
2880.35,16.68,-0.6005,-0.2005,17410.0
2880.4,16.43,-0.5617,-0.1275,17420.0
2880.45,16.51,-0.8501,-0.09523,17420.0
2880.5,16.58,-1.139,-0.06292,17410.0
2880.55,16.68,-1.062,-0.1244,17410.0
2880.6,16.77,-0.9853,-0.1858,17400.0
2880.65,16.96,-0.8228,-0.007682,17400.0
2880.7,17.14,-0.6604,0.1705,17380.0
2880.75,17.15,-0.6188,0.09731,17370.0
2880.8,17.17,-0.5772,0.02414,17370.0
2880.85,17.08,-0.498,0.06414,17390.0
2880.9,17.0,-0.4188,0.1041,17390.0
2880.95,16.94,-0.3513,0.3052,17400.0
2881.0,16.88,-0.2838,0.5063,17410.0
2881.05,16.99,-0.1744,0.5352,17430.0
2881.1,17.09,-0.06489,0.5641,17440.0
2881.15,16.93,-0.1473,0.4813,17440.0
2881.2,16.78,-0.2297,0.3985,17420.0
2881.25,16.67,-0.2444,0.4636,17410.0
2881.3,16.56,-0.2592,0.5287,17380.0
2881.35,16.69,-0.3298,0.4793,17360.0
2881.4,16.82,-0.4005,0.43,17340.0
2881.45,16.62,-0.3593,0.5585,17330.0
2881.5,16.41,-0.3181,0.687,17340.0
2881.55,16.41,-0.3238,0.9053,17360.0
2881.6,16.41,-0.3296,1.124,17390.0
2881.65,16.42,-0.1847,1.034,17410.0
2881.7,16.43,-0.03981,0.944,17440.0
2881.75,16.38,-0.1361,0.8661,17440.0
2881.8,16.34,-0.2325,0.7882,17420.0
2881.85,16.4,-0.1957,0.7719,17370.0
2881.9,16.47,-0.1588,0.7555,17320.0
2881.95,16.24,-0.2777,0.7165,17290.0
2882.0,16.02,-0.3965,0.6775,17270.0
2882.05,15.88,-0.5545,0.6703,17280.0
2882.1,15.73,-0.7126,0.6631,17310.0
2882.15,15.76,-0.5259,0.7343,17350.0
2882.2,15.78,-0.3392,0.8055,17380.0
2882.25,15.62,-0.4092,0.8427,17390.0
2882.3,15.46,-0.4793,0.8799,17370.0
2882.35,15.45,-0.6318,0.8349,17350.0
2882.4,15.44,-0.7842,0.7899,17330.0
2882.45,15.37,-0.9793,0.5496,17290.0
2882.5,15.3,-1.174,0.3092,17260.0
2882.55,15.42,-1.008,0.1517,17260.0
2882.6,15.55,-0.8415,-0.005853,17280.0
2882.65,15.53,-0.7806,0.1482,17310.0
2882.7,15.51,-0.7197,0.3022,17330.0
2882.75,15.59,-0.781,0.3504,17340.0
2882.8,15.67,-0.8423,0.3987,17330.0
2882.85,15.65,-0.5255,0.3133,17320.0
2882.9,15.62,-0.2086,0.2278,17300.0
2882.95,15.51,-0.1501,0.3402,17260.0
2883.0,15.4,-0.09156,0.4526,17240.0
2883.05,15.39,0.04717,0.4613,17250.0
2883.1,15.39,0.1859,0.4699,17280.0
2883.15,15.24,0.1929,0.3813,17290.0
2883.2,15.09,0.1998,0.2927,17300.0
2883.25,15.23,0.2653,0.2607,17300.0
2883.3,15.38,0.3308,0.2288,17300.0
2883.35,15.34,-0.01453,0.2102,17310.0
2883.4,15.31,-0.3599,0.1917,17300.0
2883.45,15.28,-0.5778,0.2251,17290.0
2883.5,15.25,-0.7958,0.2585,17300.0
2883.55,15.23,-0.7376,0.2603,17300.0
2883.6,15.21,-0.6795,0.2622,17280.0
2883.65,15.34,-0.5923,0.2973,17240.0
2883.7,15.46,-0.5052,0.3324,17210.0
2883.75,15.56,-0.4908,0.3675,17210.0
2883.8,15.67,-0.4765,0.4026,17230.0
2883.85,15.49,-0.5456,0.3425,17250.0
2883.9,15.31,-0.6146,0.2824,17280.0
2883.95,15.25,-0.5416,0.3125,17330.0
2884.0,15.19,-0.4685,0.3426,17360.0
2884.05,15.05,-0.6459,0.2684,17360.0
2884.1,14.92,-0.8232,0.1941,17310.0
2884.15,14.97,-1.154,0.05353,17240.0
2884.2,15.02,-1.486,-0.08706,17180.0
2884.25,14.87,-1.694,-0.1497,17150.0
2884.3,14.72,-1.902,-0.2124,17140.0
2884.35,14.66,-1.825,-0.467,17140.0
2884.4,14.59,-1.747,-0.7216,17180.0
2884.45,14.21,-1.649,-0.8306,17240.0
2884.5,13.83,-1.551,-0.9397,17270.0
2884.55,13.93,-1.542,-0.9762,17260.0
2884.6,14.03,-1.533,-1.013,17230.0
2884.65,14.26,-1.201,-1.014,17210.0
2884.7,14.49,-0.8694,-1.014,17190.0
2884.75,14.43,-0.8294,-0.9377,17160.0
2884.8,14.37,-0.7894,-0.8611,17130.0
2884.85,14.42,-0.5422,-0.8189,17120.0
2884.9,14.47,-0.295,-0.7767,17130.0
2884.95,14.52,-0.3895,-0.6555,17150.0
2885.0,14.57,-0.4841,-0.5343,17140.0
2885.05,14.74,-0.3481,-0.4092,17120.0
2885.1,14.91,-0.2122,-0.2841,17100.0
2885.15,15.0,-0.07862,-0.3902,17110.0
2885.2,15.08,0.05494,-0.4963,17120.0
2885.25,14.89,-0.03085,-0.3183,17120.0
2885.3,14.71,-0.1166,-0.1402,17130.0
2885.35,14.78,-0.3201,-0.05573,17150.0
2885.4,14.86,-0.5235,0.02878,17160.0
2885.45,14.92,-0.5018,0.03487,17150.0
2885.5,14.98,-0.4801,0.04097,17120.0
2885.55,15.06,-0.4399,0.2978,17100.0
2885.6,15.13,-0.3997,0.5546,17090.0
2885.65,15.4,-0.6433,0.4363,17090.0
2885.7,15.68,-0.8869,0.318,17080.0
2885.75,15.61,-0.8758,0.2511,17080.0
2885.8,15.54,-0.8646,0.1841,17100.0
2885.85,15.5,-0.8099,0.1089,17110.0
2885.9,15.46,-0.7552,0.03365,17120.0
2885.95,15.55,-0.6821,0.01488,17120.0
2886.0,15.64,-0.6091,-0.003902,17120.0
2886.05,15.68,-0.6638,-0.08377,17110.0
2886.1,15.71,-0.7185,-0.1636,17110.0
2886.15,15.8,-0.7247,0.06987,17100.0
2886.2,15.88,-0.7309,0.3034,17090.0
2886.25,15.73,-0.7408,0.5035,17100.0
2886.3,15.58,-0.7508,0.7036,17100.0
2886.35,15.63,-0.7775,0.654,17100.0
2886.4,15.68,-0.8041,0.6043,17090.0
2886.45,15.57,-0.838,0.5245,17060.0
2886.5,15.46,-0.8718,0.4446,17030.0
2886.55,15.46,-0.7994,0.3041,17010.0
2886.6,15.46,-0.7269,0.1636,17000.0
2886.65,15.61,-0.9343,0.1219,17020.0
2886.7,15.76,-1.142,0.08024,17050.0
2886.75,15.79,-1.067,0.0917,17070.0
2886.8,15.82,-0.9924,0.1032,17080.0
2886.85,15.93,-1.12,-0.035,17060.0
2886.9,16.04,-1.247,-0.1732,17020.0
2886.95,16.12,-1.175,-0.4036,16980.0
2887.0,16.19,-1.103,-0.6341,16950.0
2887.05,16.27,-0.9546,-0.7903,16940.0
2887.1,16.35,-0.8057,-0.9465,16950.0
2887.15,16.58,-0.5324,-0.7481,16970.0
2887.2,16.81,-0.2592,-0.5497,17000.0
2887.25,16.62,-0.08459,-0.5349,17020.0
2887.3,16.43,0.08997,-0.5202,17010.0
2887.35,16.49,-0.08181,-0.5577,16990.0
2887.4,16.55,-0.2536,-0.5953,16970.0
2887.45,16.54,-0.3911,-0.7691,16950.0
2887.5,16.53,-0.5287,-0.9428,16940.0
2887.55,16.54,-0.3726,-0.7381,16940.0
2887.6,16.54,-0.2166,-0.5334,16970.0
2887.65,16.49,-0.2631,-0.4731,17000.0
2887.7,16.44,-0.3097,-0.4129,17020.0
2887.75,16.34,-0.2862,-0.3887,17010.0
2887.8,16.25,-0.2627,-0.3646,17000.0
2887.85,16.21,-0.4514,-0.4663,16980.0
2887.9,16.18,-0.6401,-0.568,16980.0
2887.95,16.2,-0.5334,-0.5803,16990.0
2888.0,16.22,-0.4267,-0.5926,17010.0
2888.05,16.21,-0.588,-0.5686,17020.0
2888.1,16.21,-0.7492,-0.5446,17040.0
2888.15,16.41,-0.8061,-0.5373,17050.0
2888.2,16.61,-0.863,-0.5299,17040.0
2888.25,16.82,-0.6403,-0.4959,17020.0
2888.3,17.02,-0.4176,-0.4619,17010.0
2888.35,16.96,-0.341,-0.2648,17000.0
2888.4,16.9,-0.2643,-0.0678,17000.0
2888.45,16.96,-0.3487,0.06792,17020.0
2888.5,17.03,-0.4331,0.2036,17040.0
2888.55,17.2,-0.3658,0.2614,17060.0
2888.6,17.37,-0.2986,0.3192,17080.0
2888.65,17.41,-0.4039,0.3389,17090.0
2888.7,17.45,-0.5091,0.3585,17080.0
2888.75,17.55,-0.4156,0.4715,17040.0
2888.8,17.65,-0.322,0.5846,17000.0
2888.85,17.41,-0.1053,0.6091,16970.0
2888.9,17.18,0.1115,0.6336,16960.0
2888.95,17.06,0.05155,0.7905,16970.0
2889.0,16.94,-0.00836,0.9475,16990.0
2889.05,17.01,-0.03165,0.9454,17030.0
2889.1,17.07,-0.05494,0.9433,17060.0
2889.15,17.11,-0.02886,0.8215,17070.0
2889.2,17.15,-0.002787,0.6997,17040.0
2889.25,17.32,-0.0838,0.6361,17010.0
2889.3,17.49,-0.1648,0.5726,16980.0
2889.35,17.44,-0.1519,0.484,16960.0
2889.4,17.39,-0.1389,0.3953,16940.0
2889.45,17.43,-0.1381,0.2397,16940.0
2889.5,17.48,-0.1373,0.08414,16960.0
2889.55,17.45,-0.1361,-0.05195,16980.0
2889.6,17.43,-0.135,-0.188,16990.0
2889.65,17.31,-0.1326,-0.1764,16970.0
2889.7,17.18,-0.1302,-0.1649,16950.0
2889.75,17.18,-0.2379,-0.2202,16940.0
2889.8,17.17,-0.3455,-0.2756,16930.0
2889.85,16.98,-0.3232,-0.4482,16910.0
2889.9,16.79,-0.301,-0.6209,16900.0
2889.95,16.72,-0.2488,-0.6797,16900.0
2890.0,16.65,-0.1967,-0.7385,16910.0
2890.05,16.55,-0.244,-0.6683,16930.0
2890.1,16.45,-0.2914,-0.5982,16920.0
2890.15,16.45,-0.4538,-0.6148,16910.0
2890.2,16.45,-0.6162,-0.6314,16910.0
2890.25,16.39,-0.6204,-0.6565,16920.0
2890.3,16.33,-0.6246,-0.6816,16910.0
2890.35,16.08,-0.3971,-0.682,16880.0
2890.4,15.82,-0.1696,-0.6824,16860.0
2890.45,15.8,-0.2215,-0.7072,16850.0
2890.5,15.78,-0.2735,-0.7321,16860.0
2890.55,15.85,-0.2892,-0.7207,16870.0
2890.6,15.91,-0.3049,-0.7092,16860.0
2890.65,15.86,-0.4425,-0.7866,16870.0
2890.7,15.81,-0.58,-0.8641,16880.0
2890.75,15.89,-0.4839,-0.7706,16890.0
2890.8,15.98,-0.3877,-0.6772,16890.0
2890.85,16.03,-0.5858,-0.6004,16880.0
2890.9,16.08,-0.7838,-0.5236,16870.0
2890.95,16.22,-0.5722,-0.3279,16860.0
2891.0,16.35,-0.3607,-0.1322,16850.0
2891.05,16.21,-0.3543,-0.3239,16820.0
2891.1,16.07,-0.3479,-0.5156,16790.0
2891.15,16.03,-0.2237,-0.6014,16790.0
2891.2,15.98,-0.09952,-0.6872,16810.0
2891.25,16.12,-0.1095,-0.6398,16830.0
2891.3,16.26,-0.1194,-0.5924,16840.0
2891.35,16.31,-0.3658,-0.5223,16840.0
2891.4,16.37,-0.6123,-0.4521,16840.0
2891.45,16.13,-0.7293,-0.4685,16830.0
2891.5,15.89,-0.8463,-0.4848,16800.0
2891.55,15.78,-0.9554,-0.5512,16760.0
2891.6,15.68,-1.064,-0.6175,16740.0
2891.65,15.68,-1.041,-0.6129,16750.0
2891.7,15.68,-1.018,-0.6082,16780.0
2891.75,15.5,-0.7669,-0.8534,16790.0
2891.8,15.32,-0.5163,-1.099,16790.0
2891.85,15.3,-0.4381,-1.157,16790.0
2891.9,15.27,-0.3599,-1.216,16770.0
2891.95,15.12,-0.3346,-1.257,16730.0
2892.0,14.97,-0.3093,-1.299,16680.0
2892.05,14.8,-0.2838,-1.188,16640.0
2892.1,14.63,-0.2584,-1.077,16630.0
2892.15,14.5,-0.2383,-0.9206,16650.0
2892.2,14.37,-0.2181,-0.7641,16700.0
2892.25,14.35,-0.1344,-0.4796,16730.0
2892.3,14.33,-0.05056,-0.1951,16750.0
2892.35,14.14,-0.05255,-0.3358,16770.0
2892.4,13.95,-0.05454,-0.4765,16760.0
2892.45,13.85,-0.1684,-0.4938,16720.0
2892.5,13.76,-0.2822,-0.5112,16660.0
2892.55,13.74,-0.176,-0.6526,16610.0
2892.6,13.73,-0.06966,-0.7941,16580.0
2892.65,13.8,-0.3119,-0.7824,16580.0
2892.7,13.87,-0.5541,-0.7706,16590.0
2892.75,13.77,-0.3368,-0.6881,16610.0
2892.8,13.67,-0.1194,-0.6055,16650.0
2892.85,13.57,-0.2669,-0.6127,16690.0
2892.9,13.46,-0.4144,-0.6199,16700.0
2892.95,13.36,-0.4873,-0.5488,16690.0
2893.0,13.25,-0.5601,-0.4778,16670.0
2893.05,13.36,-0.4787,-0.3055,16650.0
2893.1,13.48,-0.3973,-0.1332,16630.0
2893.15,13.59,-0.2745,-0.09999,16600.0
2893.2,13.7,-0.1517,-0.06682,16580.0
2893.25,13.73,-0.2211,-0.1629,16560.0
2893.3,13.75,-0.2906,-0.259,16570.0
2893.35,13.55,-0.3338,-0.2768,16590.0
2893.4,13.35,-0.377,-0.2946,16590.0
2893.45,13.36,-0.7677,-0.3547,16590.0
2893.5,13.36,-1.158,-0.4148,16580.0
2893.55,13.47,-1.331,-0.3556,16580.0
2893.6,13.57,-1.504,-0.2963,16570.0
2893.65,13.55,-1.519,-0.3772,16550.0
2893.7,13.53,-1.534,-0.458,16520.0
2893.75,13.61,-1.363,-0.3992,16510.0
2893.8,13.68,-1.191,-0.3405,16510.0
2893.85,13.49,-0.9176,-0.6109,16520.0
2893.9,13.3,-0.6441,-0.8814,16510.0
2893.95,13.46,-0.7245,-0.8836,16500.0
2894.0,13.62,-0.8049,-0.8858,16500.0
2894.05,13.63,-0.786,-0.8761,16480.0
2894.1,13.63,-0.7671,-0.8665,16450.0
2894.15,13.63,-0.8384,-0.7898,16420.0
2894.2,13.63,-0.9096,-0.7131,16400.0
2894.25,13.67,-0.7303,-0.8516,16400.0
2894.3,13.71,-0.5509,-0.9901,16400.0
2894.35,13.84,-0.5434,-0.748,16410.0
2894.4,13.96,-0.5358,-0.5058,16420.0
2894.45,13.88,-0.6226,-0.4064,16430.0
2894.5,13.8,-0.7094,-0.307,16450.0
2894.55,13.67,-0.6367,-0.287,16440.0
2894.6,13.54,-0.5641,-0.267,16410.0
2894.65,13.73,-0.6324,-0.4397,16370.0
2894.7,13.92,-0.7006,-0.6124,16350.0
2894.75,13.96,-0.6286,-0.4788,16330.0
2894.8,14.0,-0.5565,-0.3453,16320.0
2894.85,14.02,-0.6413,-0.3609,16320.0
2894.9,14.03,-0.7261,-0.3765,16340.0
2894.95,13.88,-0.7538,-0.2717,16380.0
2895.0,13.74,-0.7814,-0.1668,16410.0
2895.05,13.71,-0.7862,-0.09304,16420.0
2895.1,13.69,-0.791,-0.01927,16410.0
2895.15,13.9,-0.5925,-0.1027,16390.0
2895.2,14.11,-0.3941,-0.1861,16380.0
2895.25,14.05,-0.1939,-0.3426,16360.0
2895.3,13.98,0.006369,-0.4992,16320.0
2895.35,14.09,-0.05115,-0.5681,16290.0
2895.4,14.19,-0.1087,-0.637,16280.0
2895.45,14.24,-0.1612,-0.669,16300.0
2895.5,14.3,-0.2138,-0.7009,16320.0
2895.55,14.44,-0.2996,-0.4504,16330.0
2895.6,14.58,-0.3853,-0.2,16340.0
2895.65,14.61,-0.4154,-0.215,16350.0
2895.7,14.64,-0.4455,-0.23,16340.0
2895.75,14.48,-0.4765,-0.268,16300.0
2895.8,14.32,-0.5076,-0.3061,16250.0
2895.85,14.32,-0.3308,-0.3086,16220.0
2895.9,14.32,-0.1541,-0.3112,16210.0
2895.95,14.35,-0.002389,-0.1994,16200.0
2896.0,14.38,0.1493,-0.08755,16190.0
2896.05,14.27,-0.0009952,-0.1483,16180.0
2896.1,14.16,-0.1513,-0.209,16200.0
2896.15,14.24,-0.04956,-0.03183,16210.0
2896.2,14.32,0.05215,0.1453,16200.0
2896.25,14.18,0.3137,-0.02488,16170.0
2896.3,14.05,0.5752,-0.1951,16150.0
2896.35,14.2,0.6901,-0.4343,16120.0
2896.4,14.36,0.8049,-0.6736,16100.0
2896.45,14.3,0.6447,-0.6688,16080.0
2896.5,14.25,0.4845,-0.6641,16070.0
2896.55,14.16,0.5296,-0.7839,16080.0
2896.6,14.07,0.5748,-0.9038,16100.0
2896.65,14.09,0.5774,-0.8614,16110.0
2896.7,14.1,0.58,-0.8189,16100.0
2896.75,14.22,0.4214,-0.529,16080.0
2896.8,14.33,0.2627,-0.239,16060.0
2896.85,14.4,0.1377,-0.3911,16050.0
2896.9,14.47,0.01274,-0.5431,16020.0
2896.95,14.65,-0.01951,-0.5445,15980.0
2897.0,14.83,-0.05175,-0.5458,15960.0
2897.05,14.83,0.006767,-0.45,15970.0
2897.1,14.83,0.06529,-0.3541,15990.0
2897.15,14.67,0.2922,-0.1989,16020.0
2897.2,14.5,0.5191,-0.04365,16050.0
2897.25,14.38,0.3734,-0.03012,16070.0
2897.3,14.26,0.2277,-0.01658,16080.0
2897.35,14.23,-0.0203,-0.0589,16060.0
2897.4,14.21,-0.2683,-0.1012,16020.0
2897.45,14.33,-0.3396,-0.05743,15980.0
2897.5,14.46,-0.4108,-0.01366,15960.0
2897.55,14.39,-0.4843,0.025,15970.0
2897.6,14.33,-0.5577,0.06365,15990.0
2897.65,14.28,-0.4618,0.0417,16020.0
2897.7,14.24,-0.3658,0.01975,16040.0
2897.75,14.27,-0.03185,0.0239,16060.0
2897.8,14.31,0.3021,0.02805,16060.0
2897.85,14.36,0.4677,0.04707,16040.0
2897.9,14.41,0.6334,0.06609,16010.0
2897.95,14.56,0.4948,-0.2659,15990.0
2898.0,14.7,0.3563,-0.598,15990.0
2898.05,14.56,0.4516,-0.6575,16000.0
2898.1,14.42,0.547,-0.717,16010.0
2898.15,14.55,0.4433,-0.7296,16010.0
2898.2,14.69,0.3396,-0.7421,16010.0
2898.25,14.81,0.3487,-0.6661,15990.0
2898.3,14.93,0.3579,-0.5902,15970.0
2898.35,14.85,0.4902,-0.8273,15940.0
2898.4,14.77,0.6226,-1.065,15910.0
2898.45,14.79,0.4564,-1.222,15900.0
2898.5,14.8,0.2902,-1.379,15910.0
2898.55,14.7,0.2564,-1.3,15920.0
2898.6,14.61,0.2225,-1.22,15910.0
2898.65,14.64,-0.006568,-1.055,15880.0
2898.7,14.68,-0.2357,-0.8892,15860.0
2898.75,14.68,-0.333,-1.07,15840.0
2898.8,14.68,-0.4303,-1.252,15820.0
2898.85,14.7,-0.4636,-1.19,15810.0
2898.9,14.72,-0.4968,-1.129,15810.0
2898.95,14.85,-0.2952,-1.12,15820.0
2899.0,14.97,-0.09355,-1.112,15820.0
2899.05,15.25,0.03842,-1.1,15800.0
2899.1,15.53,0.1704,-1.087,15770.0
2899.15,15.58,0.1133,-1.042,15730.0
2899.2,15.64,0.05613,-0.9972,15710.0
2899.25,15.58,-0.02329,-1.229,15680.0
2899.3,15.53,-0.1027,-1.462,15680.0
2899.35,15.58,0.004379,-1.548,15680.0
2899.4,15.63,0.1115,-1.634,15700.0
2899.45,15.72,-0.1853,-1.523,15700.0
2899.5,15.81,-0.4821,-1.411,15690.0
2899.55,15.71,-0.5561,-1.26,15680.0
2899.6,15.61,-0.6302,-1.109,15670.0
2899.65,15.62,-0.6208,-1.15,15670.0
2899.7,15.63,-0.6115,-1.19,15660.0
2899.75,15.63,-0.6933,-1.401,15650.0
2899.8,15.62,-0.7751,-1.612,15640.0
2899.85,15.45,-0.7164,-1.527,15620.0
2899.9,15.27,-0.6576,-1.442,15610.0
2899.95,15.26,-0.6529,-1.263,15600.0
2900.0,15.26,-0.6481,-1.084,15600.0
2900.05,15.24,-0.3736,-1.145,15620.0
2900.1,15.22,-0.09912,-1.206,15640.0
2900.15,15.3,-0.002986,-0.957,15660.0
2900.2,15.38,0.09315,-0.708,15670.0
2900.25,15.16,0.1736,-0.6761,15650.0
2900.3,14.94,0.254,-0.6443,15620.0
2900.35,15.1,0.1529,-0.5998,15580.0
2900.4,15.27,0.05175,-0.5553,15550.0
2900.45,15.35,0.05095,-0.519,15530.0
2900.5,15.44,0.05016,-0.4826,15520.0
2900.55,15.35,0.05175,-0.4539,15540.0
2900.6,15.26,0.05334,-0.4251,15570.0
2900.65,15.17,0.1027,-0.6559,15580.0
2900.7,15.07,0.1521,-0.8867,15590.0
2900.75,15.25,0.2556,-1.159,15570.0
2900.8,15.42,0.3591,-1.431,15540.0
2900.85,15.41,0.2271,-1.197,15500.0
2900.9,15.4,0.09514,-0.9623,15470.0
2900.95,15.24,-0.03901,-0.8748,15450.0
2901.0,15.08,-0.1732,-0.7872,15450.0
2901.05,15.0,-0.158,-0.7187,15450.0
2901.1,14.91,-0.1429,-0.6502,15440.0
2901.15,14.95,0.119,-0.4724,15440.0
2901.2,14.99,0.381,-0.2946,15420.0
2901.25,15.01,0.2804,-0.4264,15390.0
2901.3,15.04,0.1799,-0.5582,15370.0
2901.35,14.94,0.2753,-0.2805,15350.0
2901.4,14.84,0.3706,-0.002683,15350.0
2901.45,14.93,0.4421,-0.09377,15350.0
2901.5,15.02,0.5135,-0.1849,15350.0
2901.55,15.1,0.3189,-0.154,15340.0
2901.6,15.18,0.1242,-0.1232,15320.0
2901.65,14.97,0.1909,-0.312,15300.0
2901.7,14.76,0.2576,-0.5009,15280.0
2901.75,14.8,0.3553,-0.5724,15250.0
2901.8,14.83,0.453,-0.6438,15230.0
2901.85,14.83,0.5253,-0.581,15230.0
2901.9,14.83,0.5975,-0.5182,15240.0
2901.95,14.9,0.6411,-0.5323,15250.0
2902.0,14.98,0.6847,-0.5463,15260.0
2902.05,15.11,0.5593,-0.5973,15260.0
2902.1,15.25,0.4339,-0.6482,15270.0
2902.15,15.39,0.3836,-0.5469,15270.0
2902.2,15.53,0.3332,-0.4456,15260.0
2902.25,15.39,0.2291,-0.402,15240.0
2902.3,15.26,0.125,-0.3585,15230.0
2902.35,15.33,-0.135,-0.6325,15230.0
2902.4,15.39,-0.3949,-0.9065,15230.0
2902.45,15.44,-0.4041,-0.6609,15230.0
2902.5,15.5,-0.4132,-0.4153,15230.0
2902.55,15.25,-0.3756,-0.3919,15230.0
2902.6,15.0,-0.338,-0.3685,15240.0
2902.65,14.93,-0.3973,-0.5152,15240.0
2902.7,14.86,-0.4566,-0.6619,15250.0
2902.75,15.04,-0.7709,-0.7333,15260.0
2902.8,15.23,-1.085,-0.8048,15270.0
2902.85,15.37,-0.9532,-0.6555,15270.0
2902.9,15.52,-0.8212,-0.5063,15250.0
2902.95,15.36,-0.6128,-0.5307,15230.0
2903.0,15.21,-0.4045,-0.5551,15210.0
2903.05,15.21,-0.4431,-0.5954,15210.0
2903.1,15.21,-0.4817,-0.6358,15210.0
2903.15,15.22,-0.281,-0.5282,15210.0
2903.2,15.22,-0.08041,-0.4207,15220.0
2903.25,15.18,-0.1397,-0.573,15230.0
2903.3,15.14,-0.199,-0.7253,15230.0
2903.35,15.15,-0.3959,-0.7781,15220.0
2903.4,15.16,-0.5927,-0.8309,15210.0
2903.45,15.14,-0.6795,-0.6999,15200.0
2903.5,15.11,-0.7663,-0.569,15190.0
2903.55,15.12,-0.8222,-0.5085,15180.0
2903.6,15.12,-0.8782,-0.448,15170.0
2903.65,15.16,-0.741,-0.4899,15170.0
2903.7,15.2,-0.6039,-0.5319,15160.0
2903.75,15.21,-0.5965,-0.4859,15160.0
2903.8,15.23,-0.5892,-0.44,15140.0
2903.85,15.44,-0.4094,-0.3512,15140.0
2903.9,15.64,-0.2297,-0.2624,15140.0
2903.95,15.6,-0.244,-0.2667,15150.0
2904.0,15.55,-0.2584,-0.2709,15170.0
2904.05,15.3,-0.1133,-0.4186,15180.0
2904.1,15.04,0.03185,-0.5663,15170.0
2904.15,15.16,0.05673,-0.6351,15150.0
2904.2,15.28,0.08161,-0.7038,15110.0
2904.25,15.28,0.3063,-0.6649,15080.0
2904.3,15.28,0.531,-0.626,15070.0
2904.35,15.3,0.661,-0.5905,15070.0
2904.4,15.32,0.791,-0.5551,15100.0
2904.45,15.01,0.7434,-0.5219,15150.0
2904.5,14.71,0.6958,-0.4887,15180.0
2904.55,14.86,0.5302,-0.5059,15190.0
2904.6,15.01,0.3646,-0.5231,15190.0
2904.65,15.4,0.4246,-0.2856,15170.0
2904.7,15.78,0.4845,-0.04804,15140.0
2904.75,15.75,0.5985,0.02792,15110.0
2904.8,15.73,0.7126,0.1039,15080.0
2904.85,15.62,0.5561,0.3413,15070.0
2904.9,15.52,0.3997,0.5787,15090.0
2904.95,15.5,0.4532,0.4035,15130.0
2905.0,15.48,0.5068,0.2283,15180.0
2905.05,15.33,0.613,0.0728,15210.0
2905.1,15.17,0.7193,-0.08267,15220.0
2905.15,15.27,0.6264,-0.2913,15210.0
2905.2,15.36,0.5334,-0.4999,15190.0
2905.25,15.32,0.6451,-0.3864,15150.0
2905.3,15.28,0.7568,-0.2729,15120.0
2905.35,15.28,0.7566,-0.1717,15110.0
2905.4,15.28,0.7564,-0.07048,15120.0
2905.45,15.39,0.53,-0.1047,15140.0
2905.5,15.5,0.3037,-0.139,15160.0
2905.55,15.47,0.4182,-0.09328,15180.0
2905.6,15.43,0.5326,-0.04756,15200.0
2905.65,15.72,0.5193,0.06231,15220.0
2905.7,16.02,0.506,0.1722,15230.0
2905.75,16.2,0.5086,0.3324,15220.0
2905.8,16.37,0.5111,0.4926,15200.0
2905.85,16.47,0.2962,0.2325,15180.0
2905.9,16.57,0.08121,-0.02756,15150.0
2905.95,16.54,0.006767,-0.1791,15130.0
2906.0,16.5,-0.06767,-0.3307,15120.0
2906.05,16.35,0.2096,-0.1919,15120.0
2906.1,16.2,0.4869,-0.05316,15140.0
2906.15,16.05,0.6276,0.08523,15150.0
2906.2,15.89,0.7683,0.2236,15170.0
2906.25,16.09,0.6473,-0.04451,15170.0
2906.3,16.3,0.5263,-0.3126,15170.0
2906.35,16.49,0.4084,-0.3206,15160.0
2906.4,16.68,0.2906,-0.3285,15140.0
2906.45,16.63,0.2418,-0.232,15130.0
2906.5,16.59,0.1931,-0.1356,15130.0
2906.55,16.3,0.3095,-0.2395,15130.0
2906.6,16.01,0.4259,-0.3434,15140.0
2906.65,16.0,0.4548,-0.2231,15140.0
2906.7,15.99,0.4837,-0.1029,15150.0
2906.75,15.95,0.339,-0.2088,15150.0
2906.8,15.9,0.1943,-0.3146,15140.0
2906.85,15.96,0.1823,-0.1607,15120.0
2906.9,16.03,0.1704,-0.006829,15100.0
2906.95,16.1,0.1433,0.1241,15110.0
2907.0,16.17,0.1162,0.2551,15130.0
2907.05,16.14,0.1324,0.1267,15160.0
2907.1,16.11,0.1485,-0.001707,15190.0
2907.15,16.1,0.007962,-0.2002,15200.0
2907.2,16.09,-0.1326,-0.3987,15210.0
2907.25,16.07,-0.1005,-0.4589,15210.0
2907.3,16.04,-0.06847,-0.519,15190.0
2907.35,16.27,-0.21,-0.541,15170.0
2907.4,16.5,-0.3515,-0.5631,15140.0
2907.45,16.57,-0.4668,-0.7192,15130.0
2907.5,16.64,-0.582,-0.8753,15140.0
2907.55,16.72,-0.4367,-0.8559,15160.0
2907.6,16.8,-0.2914,-0.8365,15190.0
2907.65,16.78,-0.3095,-0.8216,15220.0
2907.7,16.77,-0.3276,-0.8067,15250.0
2907.75,16.78,-0.3579,-0.7041,15280.0
2907.8,16.79,-0.3881,-0.6014,15280.0
2907.85,16.86,-0.2022,-0.4684,15260.0
2907.9,16.94,-0.01632,-0.3353,15230.0
2907.95,16.97,0.000199,-0.4853,15220.0
2908.0,17.01,0.01672,-0.6353,15210.0
2908.05,16.84,0.2257,-0.6416,15210.0
2908.1,16.66,0.4347,-0.648,15220.0
2908.15,16.54,0.6469,-0.5081,15240.0
2908.2,16.43,0.8591,-0.3683,15280.0
2908.25,16.39,0.835,-0.3576,15300.0
2908.3,16.35,0.8109,-0.347,15300.0
2908.35,16.35,0.8296,-0.534,15290.0
2908.4,16.35,0.8483,-0.7209,15280.0
2908.45,16.26,0.5906,-0.6802,15270.0
2908.5,16.16,0.3328,-0.6394,15260.0
2908.55,16.04,0.3565,-0.7326,15250.0
2908.6,15.91,0.3802,-0.8258,15240.0
2908.65,15.8,0.5846,-0.721,15240.0
2908.7,15.68,0.789,-0.6163,15240.0
2908.75,15.5,0.88,-0.492,15240.0
2908.8,15.32,0.9709,-0.3678,15220.0
2908.85,15.19,0.9632,-0.3675,15220.0
2908.9,15.05,0.9554,-0.3673,15220.0
2908.95,15.1,0.877,-0.2884,15210.0
2909.0,15.15,0.7986,-0.2095,15200.0
2909.05,15.03,0.8768,-0.166,15190.0
2909.1,14.91,0.955,-0.1224,15180.0
2909.15,14.72,0.8666,-0.1764,15180.0
2909.2,14.54,0.7783,-0.2305,15190.0
2909.25,14.78,0.8181,-0.06829,15200.0
2909.3,15.02,0.8579,0.09389,15210.0
2909.35,14.98,0.8226,0.02097,15220.0
2909.4,14.94,0.7874,-0.05195,15220.0
2909.45,15.03,0.6097,-0.03646,15200.0
2909.5,15.12,0.4319,-0.02097,15160.0
2909.55,15.2,0.3491,0.04512,15120.0
2909.6,15.29,0.2663,0.1112,15090.0
2909.65,15.4,0.3356,0.2646,15090.0
2909.7,15.51,0.4049,0.418,15100.0
2909.75,15.24,0.3925,0.521,15120.0
2909.8,14.98,0.3802,0.6241,15160.0
2909.85,14.92,0.2432,0.6205,15210.0
2909.9,14.87,0.1063,0.617,15240.0
2909.95,14.94,0.2138,0.6313,15220.0
2910.0,15.02,0.3213,0.6455,15180.0
2910.05,14.93,0.3736,0.6093,15130.0
2910.1,14.84,0.4259,0.5731,15080.0
2910.15,14.78,0.3644,0.4918,15040.0
2910.2,14.73,0.3029,0.4104,15020.0
2910.25,14.65,0.08997,0.39,15030.0
2910.3,14.57,-0.123,0.3695,15070.0
2910.35,14.67,-0.2052,0.3497,15130.0
2910.4,14.78,-0.2874,0.33,15150.0
2910.45,14.83,-0.1805,0.4917,15140.0
2910.5,14.87,-0.07365,0.6533,15120.0
2910.55,14.91,0.006568,0.717,15090.0
2910.6,14.94,0.08678,0.7806,15060.0
2910.65,14.96,-0.02428,0.7264,15030.0
2910.7,14.99,-0.1353,0.6721,15020.0
2910.75,15.11,-0.008758,0.6279,15030.0
2910.8,15.23,0.1178,0.5836,15050.0
2910.85,15.43,0.161,0.5835,15060.0
2910.9,15.62,0.2042,0.5834,15050.0
2910.95,15.5,-0.0007961,0.6086,15040.0
2911.0,15.39,-0.2058,0.6338,15040.0
2911.05,15.41,-0.1722,0.6169,15030.0
2911.1,15.44,-0.1385,0.5999,15010.0
2911.15,15.34,0.02707,0.6698,14990.0
2911.2,15.23,0.1927,0.7397,14970.0
2911.25,15.22,0.3887,0.6915,14970.0
2911.3,15.21,0.5848,0.6433,14980.0
2911.35,15.33,0.4474,0.7998,14970.0
2911.4,15.45,0.3101,0.9562,14960.0
2911.45,15.27,0.3816,0.8441,14950.0
2911.5,15.08,0.453,0.7319,14940.0
2911.55,15.2,0.5898,0.7958,14920.0
2911.6,15.32,0.7265,0.8597,14890.0
2911.65,15.23,0.5941,0.7483,14860.0
2911.7,15.13,0.4618,0.637,14850.0
2911.75,15.2,0.407,0.6271,14850.0
2911.8,15.26,0.3523,0.6172,14850.0
2911.85,15.32,0.4056,0.7314,14840.0
2911.9,15.37,0.459,0.8455,14850.0
2911.95,15.29,0.1973,0.6494,14860.0
2912.0,15.21,-0.06449,0.4534,14850.0
2912.05,15.13,-0.1891,0.2351,14820.0
2912.1,15.05,-0.3137,0.01683,14770.0
2912.15,15.17,-0.2996,-0.07475,14730.0
2912.2,15.29,-0.2854,-0.1663,14700.0
2912.25,15.38,-0.326,-0.1197,14700.0
2912.3,15.47,-0.3666,-0.07316,14700.0
2912.35,15.33,-0.5637,-0.2381,14720.0
2912.4,15.2,-0.7607,-0.4031,14750.0
2912.45,15.31,-0.7964,-0.1446,14760.0
2912.5,15.43,-0.832,0.1139,14750.0
2912.55,15.56,-0.7414,0.125,14710.0
2912.6,15.69,-0.6509,0.1361,14680.0
2912.65,15.4,-0.4184,0.1369,14660.0
2912.7,15.11,-0.1859,0.1378,14650.0
2912.75,14.87,-0.3358,-0.07926,14630.0
2912.8,14.63,-0.4857,-0.2963,14610.0
2912.85,14.76,-0.4843,-0.473,14620.0
2912.9,14.89,-0.4829,-0.6497,14630.0
2912.95,14.77,-0.633,-0.3628,14630.0
2913.0,14.64,-0.783,-0.07585,14620.0
2913.05,14.68,-0.6164,0.09414,14610.0
2913.1,14.73,-0.4498,0.2641,14610.0
2913.15,14.67,-0.3437,0.2707,14610.0
2913.2,14.62,-0.2377,0.2773,14590.0
2913.25,14.69,-0.46,0.1102,14560.0
2913.3,14.77,-0.6823,-0.05682,14540.0
2913.35,14.68,-0.8513,-0.08036,14540.0
2913.4,14.59,-1.02,-0.1039,14550.0
2913.45,14.69,-1.005,-0.2797,14550.0
2913.5,14.79,-0.9888,-0.4556,14550.0
2913.55,14.77,-0.821,-0.4323,14560.0
2913.6,14.75,-0.6533,-0.409,14550.0
2913.65,14.89,-0.6546,-0.2333,14520.0
2913.7,15.04,-0.656,-0.05755,14470.0
2913.75,14.9,-0.6332,0.04853,14420.0
2913.8,14.76,-0.6103,0.1546,14400.0
2913.85,14.64,-0.8318,0.2678,14400.0
2913.9,14.52,-1.053,0.3809,14400.0
2913.95,14.5,-1.036,0.3819,14400.0
2914.0,14.48,-1.019,0.3829,14410.0
2914.05,14.47,-0.9375,0.2914,14430.0
2914.1,14.46,-0.8555,0.2,14430.0
2914.15,14.19,-0.8724,0.08694,14410.0
2914.2,13.92,-0.8893,-0.02609,14370.0
2914.25,14.02,-0.7156,0.1927,14330.0
2914.3,14.11,-0.5418,0.4114,14290.0
2914.35,14.12,-0.5983,0.4253,14250.0
2914.4,14.13,-0.6548,0.4392,14210.0
2914.45,14.19,-0.5748,0.3498,14190.0
2914.5,14.26,-0.4948,0.2605,14190.0
2914.55,14.26,-0.333,0.2431,14190.0
2914.6,14.26,-0.1712,0.2258,14200.0
2914.65,14.3,-0.1103,0.2045,14210.0
2914.7,14.35,-0.04936,0.1832,14200.0
2914.75,14.46,-0.2321,-0.06914,14180.0
2914.8,14.58,-0.4148,-0.3214,14160.0
2914.85,14.41,-0.506,-0.4115,14120.0
2914.9,14.24,-0.5971,-0.5017,14080.0
2914.95,14.15,-0.7832,-0.4245,14050.0
2915.0,14.07,-0.9693,-0.3473,14020.0
2915.05,14.04,-0.9343,-0.3875,14010.0
2915.1,14.02,-0.8993,-0.4278,14020.0
2915.15,13.96,-0.6688,-0.6188,14020.0
2915.2,13.89,-0.4383,-0.8099,14020.0
2915.25,14.04,-0.3636,-0.706,14010.0
2915.3,14.18,-0.289,-0.6021,13990.0
2915.35,14.27,-0.1582,-0.5458,13960.0
2915.4,14.36,-0.02747,-0.4895,13930.0
2915.45,14.31,-0.2791,-0.3341,13910.0
2915.5,14.27,-0.5306,-0.1788,13900.0
2915.55,14.21,-0.4679,0.009023,13900.0
2915.6,14.15,-0.4052,0.1968,13900.0
2915.65,14.25,-0.5402,0.3608,13900.0
2915.7,14.35,-0.6751,0.5248,13890.0
2915.75,14.28,-0.8477,0.524,13880.0
2915.8,14.2,-1.02,0.5231,13870.0
2915.85,14.15,-1.051,0.5041,13840.0
2915.9,14.11,-1.082,0.4851,13800.0
2915.95,14.24,-1.163,0.6781,13780.0
2916.0,14.37,-1.243,0.8711,13760.0
2916.05,14.48,-1.415,0.6865,13740.0
2916.1,14.59,-1.587,0.5019,13740.0
2916.15,14.55,-1.532,0.2922,13760.0
2916.2,14.52,-1.478,0.08243,13780.0
2916.25,14.32,-1.524,0.09121,13780.0
2916.3,14.13,-1.57,0.09999,13780.0
2916.35,14.11,-1.584,-0.08962,13760.0
2916.4,14.09,-1.598,-0.2792,13720.0
2916.45,13.98,-1.391,-0.4763,13660.0
2916.5,13.86,-1.184,-0.6733,13600.0
2916.55,13.75,-0.8985,-0.4625,13550.0
2916.6,13.64,-0.613,-0.2517,13550.0
2916.65,13.51,-0.614,-0.2146,13570.0
2916.7,13.38,-0.615,-0.1775,13600.0
2916.75,13.33,-0.5989,-0.3695,13640.0
2916.8,13.29,-0.5828,-0.5614,13660.0
2916.85,13.16,-0.5957,-0.5407,13660.0
2916.9,13.02,-0.6087,-0.5199,13630.0
2916.95,12.72,-0.6994,-0.5665,13560.0
2917.0,12.41,-0.7902,-0.6131,13480.0
2917.05,12.52,-0.6459,-0.4832,13420.0
2917.1,12.63,-0.5016,-0.3534,13380.0
2917.15,12.75,-0.4857,-0.199,13370.0
2917.2,12.88,-0.4697,-0.04463,13380.0
2917.25,12.82,-0.3967,0.01256,13420.0
2917.3,12.77,-0.3236,0.06975,13460.0
2917.35,12.59,-0.2414,0.1217,13490.0
2917.4,12.42,-0.1592,0.1736,13490.0
2917.45,12.47,-0.1306,0.2811,13460.0
2917.5,12.52,-0.1019,0.3885,13410.0
2917.55,12.63,-0.1433,0.2184,13360.0
2917.6,12.73,-0.1847,0.04829,13300.0
2917.65,12.5,-0.2982,0.01402,13260.0
2917.7,12.28,-0.4116,-0.02024,13250.0
2917.75,12.29,-0.283,-0.08341,13270.0
2917.8,12.31,-0.1545,-0.1466,13300.0
2917.85,12.13,-0.3264,-0.1877,13320.0
2917.9,11.95,-0.4984,-0.2288,13340.0
2917.95,11.97,-0.3879,-0.1345,13330.0
2918.0,12.0,-0.2775,-0.04024,13310.0
2918.05,12.34,-0.1815,0.01524,13280.0
2918.1,12.67,-0.08559,0.07072,13240.0
2918.15,12.79,-0.2209,-0.007438,13210.0
2918.2,12.91,-0.3563,-0.0856,13200.0
2918.25,12.98,-0.4835,-0.06109,13200.0
2918.3,13.05,-0.6107,-0.03658,13220.0
2918.35,12.99,-0.6045,-0.1617,13230.0
2918.4,12.93,-0.5983,-0.2868,13240.0
2918.45,12.95,-0.4114,-0.3274,13240.0
2918.5,12.96,-0.2245,-0.368,13240.0
2918.55,12.93,-0.1925,-0.1412,13230.0
2918.6,12.89,-0.1604,0.0856,13210.0
2918.65,12.95,-0.05852,0.1013,13190.0
2918.7,13.0,0.04339,0.1171,13160.0
2918.75,13.04,0.1198,0.1961,13140.0
2918.8,13.08,0.1963,0.2751,13140.0
2918.85,13.11,0.4035,0.1489,13140.0
2918.9,13.14,0.6107,0.02268,13160.0
2918.95,13.08,0.3611,-0.006463,13170.0
2919.0,13.01,0.1115,-0.03561,13190.0
2919.05,13.12,0.08937,-0.0456,13210.0
2919.1,13.24,0.06728,-0.0556,13200.0
2919.15,13.15,-0.1839,-0.1505,13180.0
2919.2,13.06,-0.4351,-0.2453,13150.0
2919.25,13.01,-0.4606,-0.213,13120.0
2919.3,12.96,-0.4861,-0.1807,13090.0
2919.35,12.92,-0.5474,-0.1493,13060.0
2919.4,12.87,-0.6087,-0.1178,13050.0
2919.45,12.86,-0.6435,-0.08475,13060.0
2919.5,12.85,-0.6783,-0.0517,13080.0
2919.55,12.9,-0.3804,-0.115,13100.0
2919.6,12.95,-0.0824,-0.1783,13120.0
2919.65,12.87,-0.1891,-0.2074,13130.0
2919.7,12.79,-0.2958,-0.2366,13130.0
2919.75,12.87,-0.1411,-0.2183,13110.0
2919.8,12.96,0.01353,-0.2,13080.0
2919.85,12.92,0.374,-0.1358,13030.0
2919.9,12.88,0.7345,-0.0717,13000.0
2919.95,12.97,0.5967,-0.0845,12980.0
2920.0,13.05,0.459,-0.09731,12970.0
2920.05,13.12,0.331,-0.3261,12970.0
2920.1,13.19,0.203,-0.5548,12980.0
2920.15,13.28,0.2259,-0.6062,13010.0
2920.2,13.37,0.2488,-0.6575,13030.0
2920.25,13.23,0.2962,-0.616,13040.0
2920.3,13.09,0.3435,-0.5746,13030.0
2920.35,13.24,0.3935,-0.5408,13000.0
2920.4,13.38,0.4435,-0.507,12970.0
2920.45,13.45,0.4403,-0.36,12940.0
2920.5,13.52,0.4371,-0.2129,12900.0
2920.55,13.47,0.1409,-0.2669,12880.0
2920.6,13.42,-0.1553,-0.3209,12870.0
2920.65,13.41,-0.2168,-0.1223,12890.0
2920.7,13.41,-0.2783,0.07633,12920.0
2920.75,13.59,-0.2446,-0.3118,12940.0
2920.8,13.78,-0.211,-0.6999,12950.0
2920.85,13.68,-0.0631,-0.846,12940.0
2920.9,13.59,0.08479,-0.9921,12930.0
2920.95,13.54,0.3362,-0.9686,12890.0
2921.0,13.5,0.5876,-0.945,12860.0
2921.05,13.6,0.5617,-0.802,12830.0
2921.1,13.7,0.5358,-0.659,12830.0
2921.15,13.66,0.5555,-0.4492,12840.0
2921.2,13.62,0.5752,-0.2395,12870.0
2921.25,13.62,0.5929,-0.2806,12900.0
2921.3,13.62,0.6107,-0.3217,12920.0
2921.35,13.69,0.6941,-0.5437,12940.0
2921.4,13.77,0.7775,-0.7658,12940.0
2921.45,13.74,0.8224,-0.81,12920.0
2921.5,13.72,0.8674,-0.8543,12900.0
2921.55,13.78,1.076,-0.9275,12870.0
2921.6,13.84,1.284,-1.001,12850.0
2921.65,13.81,1.292,-0.8084,12840.0
2921.7,13.78,1.299,-0.6163,12840.0
2921.75,13.85,1.11,-0.7135,12870.0
2921.8,13.92,0.9208,-0.8106,12910.0
2921.85,13.84,0.9023,-0.619,12950.0
2921.9,13.75,0.8837,-0.4273,12970.0
2921.95,13.54,0.8772,-0.6398,12970.0
2922.0,13.34,0.8706,-0.8523,12950.0
2922.05,13.27,0.706,-0.7869,12920.0
2922.1,13.2,0.5414,-0.7214,12880.0
2922.15,13.25,0.5316,-0.8604,12850.0
2922.2,13.29,0.5219,-0.9994,12840.0
2922.25,13.28,0.5137,-1.141,12830.0
2922.3,13.26,0.5056,-1.283,12850.0
2922.35,13.26,0.6423,-1.066,12880.0
2922.4,13.26,0.779,-0.8497,12900.0
2922.45,13.25,0.6734,-0.8293,12910.0
2922.5,13.23,0.5677,-0.8089,12920.0
2922.55,13.12,0.5579,-0.7432,12920.0
2922.6,13.01,0.5482,-0.6775,12900.0
2922.65,13.26,0.5161,-0.6215,12880.0
2922.7,13.52,0.4841,-0.5655,12860.0
2922.75,13.61,0.4944,-0.4642,12860.0
2922.8,13.69,0.5048,-0.3629,12850.0
2922.85,13.76,0.2789,-0.347,12860.0
2922.9,13.82,0.05295,-0.3312,12870.0
2922.95,13.83,0.04478,-0.2879,12880.0
2923.0,13.85,0.03662,-0.2446,12910.0
2923.05,13.97,-0.1204,-0.2625,12920.0
2923.1,14.1,-0.2775,-0.2805,12920.0
2923.15,14.01,-0.2576,-0.1751,12910.0
2923.2,13.92,-0.2377,-0.06975,12900.0
2923.25,13.83,-0.07763,-0.0489,12900.0
2923.3,13.73,0.0824,-0.02805,12910.0
2923.35,13.76,0.1793,0.08292,12910.0
2923.4,13.79,0.2763,0.1939,12920.0
2923.45,13.96,0.3776,0.1105,12950.0
2923.5,14.12,0.4789,0.02707,12970.0
2923.55,14.09,0.3021,0.1046,12960.0
2923.6,14.05,0.1254,0.1822,12950.0
2923.65,14.07,0.1184,-0.06158,12930.0
2923.7,14.1,0.1115,-0.3053,12920.0
2923.75,14.0,0.07842,-0.302,12920.0
2923.8,13.9,0.04538,-0.2987,12930.0
2923.85,13.87,0.1228,-0.2911,12940.0
2923.9,13.84,0.2002,-0.2834,12970.0
2923.95,13.9,0.1771,-0.07682,13000.0
2924.0,13.96,0.1541,0.1297,13010.0
2924.05,14.06,0.07564,-0.06585,13010.0
2924.1,14.17,-0.002787,-0.2614,13000.0
2924.15,14.07,0.1224,-0.2635,13000.0
2924.2,13.97,0.2476,-0.2656,12990.0
2924.25,13.5,0.3238,-0.1467,12980.0
2924.3,13.03,0.4001,-0.0278,12980.0
2924.35,13.18,0.5076,-0.07267,12990.0
2924.4,13.34,0.615,-0.1175,13000.0
2924.45,13.46,0.5748,-0.02585,13020.0
2924.5,13.57,0.5346,0.06585,13020.0
2924.55,13.54,0.7374,0.1544,13020.0
2924.6,13.51,0.9403,0.2429,13020.0
2924.65,13.53,0.9516,0.3831,13030.0
2924.7,13.55,0.963,0.5234,13020.0
2924.75,13.56,0.9878,0.6542,13020.0
2924.8,13.56,1.013,0.785,13010.0
2924.85,13.58,1.1,0.7822,13020.0
2924.9,13.59,1.187,0.7794,13020.0
2924.95,13.56,1.036,0.4689,13030.0
2925.0,13.53,0.8853,0.1583,13030.0
2925.05,13.44,0.7701,0.19,13030.0
2925.1,13.35,0.6548,0.2217,13030.0
2925.15,13.22,0.6481,0.07877,13030.0
2925.2,13.09,0.6413,-0.06414,13010.0
2925.25,13.08,0.7116,0.2328,12980.0
2925.3,13.06,0.7818,0.5297,12960.0
2925.35,13.09,0.656,0.5513,12950.0
2925.4,13.12,0.5302,0.5729,12960.0
2925.45,13.14,0.583,0.325,12980.0
2925.5,13.17,0.6357,0.07706,13000.0
2925.55,13.16,0.6909,0.07328,13030.0
2925.6,13.14,0.746,0.0695,13040.0
2925.65,13.27,1.018,0.2703,13040.0
2925.7,13.39,1.29,0.4712,13010.0
2925.75,13.52,1.406,0.4228,12980.0
2925.8,13.65,1.522,0.3743,12950.0
2925.85,13.87,1.492,0.3178,12940.0
2925.9,14.08,1.461,0.2612,12940.0
2925.95,13.95,1.32,0.2388,12950.0
2926.0,13.82,1.179,0.2163,12980.0
2926.05,13.59,1.327,0.1336,13010.0
2926.1,13.36,1.475,0.05097,13030.0
2926.15,13.44,1.826,0.05207,13040.0
2926.2,13.51,2.178,0.05316,13030.0
2926.25,13.52,1.941,0.02402,13000.0
2926.3,13.53,1.705,-0.005121,12980.0
2926.35,13.59,1.72,-0.1319,12970.0
2926.4,13.65,1.734,-0.2588,12960.0
2926.45,13.5,1.655,-0.3965,12970.0
2926.5,13.36,1.576,-0.5343,12990.0
2926.55,13.35,1.645,-0.4113,13020.0
2926.6,13.35,1.715,-0.2883,13040.0
2926.65,13.41,1.609,-0.3066,13050.0
2926.7,13.47,1.504,-0.3248,13030.0
2926.75,13.5,1.461,-0.4025,13010.0
2926.8,13.52,1.419,-0.4802,13000.0
2926.85,13.58,1.268,-0.5474,12990.0
2926.9,13.64,1.118,-0.6146,12990.0
2926.95,13.43,1.194,-0.5445,13010.0
2927.0,13.23,1.27,-0.4743,13040.0
2927.05,13.21,1.021,-0.4148,13070.0
2927.1,13.2,0.7723,-0.3553,13090.0
2927.15,13.11,0.6755,-0.3939,13090.0
2927.2,13.02,0.5788,-0.4324,13080.0
2927.25,12.98,0.4853,-0.4373,13070.0
2927.3,12.93,0.3917,-0.4421,13060.0
2927.35,13.06,0.2241,-0.4065,13040.0
2927.4,13.2,0.05653,-0.3709,13030.0
2927.45,13.34,0.03165,-0.385,13030.0
2927.5,13.49,0.006767,-0.399,13050.0
2927.55,13.34,0.1785,-0.3507,13080.0
2927.6,13.2,0.3503,-0.3024,13110.0
2927.65,13.25,0.2765,-0.2416,13130.0
2927.7,13.31,0.2026,-0.1807,13150.0
2927.75,13.41,0.3306,-0.2811,13160.0
2927.8,13.51,0.4586,-0.3814,13150.0
2927.85,13.53,0.5525,-0.512,13120.0
2927.9,13.55,0.6465,-0.6426,13090.0
2927.95,13.52,0.493,-0.6018,13070.0
2928.0,13.5,0.3396,-0.5609,13060.0
2928.05,13.55,0.1835,-0.5631,13060.0
2928.1,13.6,0.02747,-0.5653,13070.0
2928.15,13.58,0.1322,-0.5368,13100.0
2928.2,13.56,0.2369,-0.5082,13130.0
2928.25,13.65,0.3217,-0.5337,13150.0
2928.3,13.74,0.4064,-0.5592,13160.0
2928.35,13.62,0.5722,-0.4312,13150.0
2928.4,13.5,0.738,-0.3031,13140.0
2928.45,13.53,0.7613,-0.2141,13120.0
2928.5,13.56,0.7846,-0.1251,13100.0
2928.55,13.4,0.7233,-0.03109,13080.0
2928.6,13.24,0.662,0.06292,13060.0
2928.65,13.26,0.5531,0.2031,13050.0
2928.7,13.28,0.4443,0.3434,13050.0
2928.75,13.21,0.293,0.2542,13060.0
2928.8,13.15,0.1417,0.1651,13080.0
2928.85,13.2,0.1427,0.1597,13110.0
2928.9,13.25,0.1437,0.1544,13140.0
2928.95,13.27,-0.1433,0.1516,13160.0
2929.0,13.3,-0.4303,0.1488,13170.0
2929.05,13.33,-0.3071,-0.01097,13160.0
2929.1,13.37,-0.1839,-0.1707,13150.0
2929.15,13.48,-0.2904,-0.1433,13120.0
2929.2,13.59,-0.3969,-0.1158,13080.0
2929.25,13.53,-0.5577,-0.08499,13060.0
2929.3,13.48,-0.7185,-0.05414,13050.0
2929.35,13.59,-0.6859,-0.07828,13070.0
2929.4,13.69,-0.6533,-0.1024,13110.0
2929.45,13.73,-0.6546,-0.06609,13150.0
2929.5,13.76,-0.656,-0.02975,13190.0
2929.55,13.69,-0.5999,-0.07902,13210.0
2929.6,13.63,-0.5438,-0.1283,13210.0
2929.65,13.66,-0.4379,-0.2305,13200.0
2929.7,13.69,-0.332,-0.3326,13170.0
2929.75,14.05,-0.07922,-0.2908,13150.0
2929.8,14.41,0.1736,-0.249,13150.0
2929.85,14.32,0.1379,-0.292,13160.0
2929.9,14.24,0.1023,-0.3351,13170.0
2929.95,14.42,0.09594,-0.3256,13180.0
2930.0,14.59,0.08957,-0.3161,13190.0
2930.05,14.67,0.2478,-0.2128,13190.0
2930.1,14.75,0.406,-0.1095,13190.0
2930.15,14.65,0.4148,-0.008536,13200.0
2930.2,14.56,0.4236,0.09243,13210.0
2930.25,14.7,0.406,-0.02707,13240.0
2930.3,14.85,0.3885,-0.1466,13260.0
2930.35,14.84,0.461,-0.1706,13270.0
2930.4,14.83,0.5334,-0.1946,13260.0
2930.45,14.94,0.4743,-0.2381,13250.0
2930.5,15.04,0.4152,-0.2817,13260.0
2930.55,15.07,0.2984,-0.3644,13260.0
2930.6,15.1,0.1815,-0.447,13270.0
2930.65,14.81,0.2828,-0.586,13290.0
2930.7,14.52,0.3842,-0.725,13320.0
2930.75,14.79,0.3511,-0.6162,13350.0
2930.8,15.06,0.3181,-0.5073,13360.0
2930.85,15.06,0.337,-0.3434,13350.0
2930.9,15.06,0.3559,-0.1795,13330.0
2930.95,15.06,0.1051,-0.3273,13320.0
2931.0,15.05,-0.1457,-0.4751,13330.0
2931.05,14.91,-0.1369,-0.6727,13340.0
2931.1,14.76,-0.1282,-0.8704,13380.0
2931.15,14.75,-0.3523,-1.028,13430.0
2931.2,14.74,-0.5764,-1.186,13480.0
2931.25,14.66,-0.406,-1.151,13500.0
2931.3,14.58,-0.2357,-1.115,13500.0
2931.35,14.51,-0.3851,-1.195,13480.0
2931.4,14.44,-0.5346,-1.276,13460.0
2931.45,14.38,-0.3873,-1.185,13440.0
2931.5,14.33,-0.24,-1.093,13420.0
2931.55,14.14,-0.1602,-1.074,13410.0
2931.6,13.96,-0.08041,-1.056,13430.0
2931.65,13.91,0.01174,-0.8945,13460.0
2931.7,13.87,0.1039,-0.7333,13500.0
2931.75,14.06,0.2283,-0.6646,13530.0
2931.8,14.24,0.3527,-0.5958,13570.0
2931.85,14.1,0.2229,-0.3964,13610.0
2931.9,13.95,0.09315,-0.1971,13630.0
2931.95,14.01,0.1608,0.01707,13630.0
2932.0,14.08,0.2285,0.2312,13600.0
2932.05,14.19,0.09355,0.1519,13560.0
2932.1,14.31,-0.0414,0.07267,13520.0
2932.15,14.29,0.08459,-0.09036,13480.0
2932.2,14.27,0.2106,-0.2534,13460.0
2932.25,14.28,0.1654,-0.307,13460.0
2932.3,14.29,0.1202,-0.3607,13500.0
2932.35,14.3,0.1869,-0.3126,13560.0
2932.4,14.3,0.2536,-0.2646,13620.0
2932.45,14.38,0.3185,-0.3286,13670.0
2932.5,14.46,0.3834,-0.3926,13700.0
2932.55,14.35,0.3422,-0.3069,13700.0
2932.6,14.24,0.301,-0.2212,13670.0
2932.65,14.17,0.1837,-0.1966,13620.0
2932.7,14.09,0.06648,-0.1719,13570.0
2932.75,14.15,0.07006,-0.3557,13530.0
2932.8,14.22,0.07365,-0.5395,13520.0
2932.85,14.15,0.2058,-0.5119,13540.0
2932.9,14.09,0.338,-0.4843,13580.0
2932.95,13.94,0.253,-0.2819,13630.0
2933.0,13.78,0.168,-0.0795,13670.0
2933.05,13.63,0.2506,-0.06268,13710.0
2933.1,13.49,0.3332,-0.04585,13730.0
2933.15,13.41,0.3443,-0.1635,13730.0
2933.2,13.33,0.3555,-0.2812,13720.0
2933.25,13.33,0.4353,-0.387,13710.0
2933.3,13.32,0.5151,-0.4929,13700.0
2933.35,13.39,0.4936,-0.6881,13680.0
2933.4,13.46,0.4721,-0.8833,13670.0
2933.45,13.53,0.4031,-0.8615,13680.0
2933.5,13.6,0.334,-0.8397,13700.0
2933.55,13.45,0.4576,-0.793,13730.0
2933.6,13.3,0.5812,-0.7463,13770.0
2933.65,13.42,0.6435,-0.7098,13810.0
2933.7,13.55,0.7058,-0.6733,13840.0
2933.75,13.53,0.661,-0.4707,13860.0
2933.8,13.5,0.6162,-0.268,13860.0
2933.85,13.62,0.7273,-0.2527,13850.0
2933.9,13.73,0.8384,-0.2373,13840.0
2933.95,13.62,0.8471,-0.23,13830.0
2934.0,13.51,0.8559,-0.2227,13840.0
2934.05,13.34,0.8153,-0.101,13870.0
2934.1,13.17,0.7747,0.02073,13910.0
2934.15,13.21,0.8845,0.03085,13950.0
2934.2,13.25,0.9944,0.04097,13970.0
2934.25,13.41,1.12,0.09889,13960.0
2934.3,13.58,1.246,0.1568,13940.0
2934.35,13.64,1.29,0.2031,13910.0
2934.4,13.7,1.334,0.2495,13890.0
2934.45,13.73,1.245,0.5376,13890.0
2934.5,13.77,1.156,0.8258,13900.0
2934.55,13.58,1.115,0.5557,13950.0
2934.6,13.39,1.075,0.2856,14010.0
2934.65,13.4,0.9228,0.2384,14070.0
2934.7,13.41,0.7707,0.1912,14120.0
2934.75,13.51,0.5008,0.2551,14130.0
2934.8,13.61,0.2309,0.319,14110.0
2934.85,13.73,0.3326,0.2099,14070.0
2934.9,13.84,0.4343,0.1007,14010.0
2934.95,14.06,0.3855,0.004756,13960.0
2935.0,14.28,0.3368,-0.09121,13950.0
2935.05,14.38,0.5804,0.04256,13960.0
2935.1,14.48,0.824,0.1763,14000.0
2935.15,14.42,0.9994,0.2689,14060.0
2935.2,14.35,1.175,0.3614,14130.0
2935.25,14.55,1.017,0.1762,14190.0
2935.3,14.75,0.8599,-0.009023,14220.0
2935.35,14.71,0.9926,0.07182,14230.0
2935.4,14.68,1.125,0.1527,14210.0
2935.45,14.77,1.286,0.01549,14180.0
2935.5,14.86,1.446,-0.1217,14140.0
2935.55,14.99,1.523,0.0817,14110.0
2935.6,15.12,1.6,0.2851,14090.0
2935.65,15.01,1.381,0.343,14090.0
2935.7,14.89,1.161,0.4009,14110.0
2935.75,14.82,1.004,0.1573,14150.0
2935.8,14.75,0.8463,-0.08633,14200.0
2935.85,14.88,0.8099,-0.1269,14270.0
2935.9,15.0,0.7735,-0.1675,14320.0
2935.95,15.08,0.8485,-0.06268,14340.0
2936.0,15.15,0.9236,0.04219,14340.0
2936.05,15.23,0.6831,0.02609,14320.0
2936.1,15.31,0.4427,0.009999,14280.0
2936.15,15.3,0.4003,-0.001585,14230.0
2936.2,15.3,0.3579,-0.01317,14190.0
2936.25,15.18,0.405,-0.1874,14190.0
2936.3,15.07,0.4522,-0.3617,14220.0
2936.35,15.22,0.2458,-0.3986,14260.0
2936.4,15.38,0.03941,-0.4356,14300.0
2936.45,15.44,0.2162,-0.4923,14330.0
2936.5,15.5,0.3929,-0.549,14360.0
2936.55,15.52,0.5101,-0.3931,14370.0
2936.6,15.54,0.6274,-0.2373,14360.0
2936.65,15.65,0.5742,-0.2069,14340.0
2936.7,15.76,0.5211,-0.1766,14330.0
2936.75,15.71,0.54,-0.09462,14330.0
2936.8,15.66,0.5589,-0.01268,14340.0
2936.85,15.75,0.5657,-0.1883,14350.0
2936.9,15.85,0.5724,-0.3639,14360.0
2936.95,15.89,0.508,-0.3091,14380.0
2937.0,15.93,0.4435,-0.2544,14390.0
2937.05,15.88,0.4321,-0.2496,14400.0
2937.1,15.83,0.4208,-0.2449,14390.0
2937.15,15.91,0.5239,-0.2892,14380.0
2937.2,15.98,0.627,-0.3336,14380.0
2937.25,15.93,0.453,-0.1857,14390.0
2937.3,15.87,0.2791,-0.0378,14410.0
2937.35,15.73,0.337,-0.2709,14430.0
2937.4,15.58,0.3949,-0.5041,14460.0
2937.45,15.57,0.4815,-0.4403,14500.0
2937.5,15.56,0.5681,-0.3765,14530.0
2937.55,15.62,0.5064,-0.4223,14550.0
2937.6,15.68,0.4447,-0.468,14540.0
2937.65,15.7,0.4377,-0.4547,14520.0
2937.7,15.73,0.4307,-0.4414,14500.0
2937.75,15.92,0.5012,-0.3291,14480.0
2937.8,16.1,0.5716,-0.2168,14470.0
2937.85,16.17,0.6835,-0.1127,14460.0
2937.9,16.23,0.7954,-0.008536,14490.0
2937.95,16.34,0.8013,-0.03536,14560.0
2938.0,16.44,0.8073,-0.06219,14630.0
2938.05,16.58,0.8167,-0.05902,14710.0
2938.1,16.72,0.826,-0.05585,14770.0
2938.15,16.64,0.5442,-0.143,14800.0
2938.2,16.56,0.2623,-0.2302,14800.0
2938.25,16.54,-0.1618,0.01658,14750.0
2938.3,16.53,-0.586,0.2634,14690.0
2938.35,16.46,-0.4833,0.1838,14640.0
2938.4,16.4,-0.3806,0.1041,14620.0
2938.45,16.55,-0.3736,0.1351,14630.0
2938.5,16.71,-0.3666,0.1661,14670.0
2938.55,16.59,-0.2749,0.4606,14730.0
2938.6,16.48,-0.1831,0.755,14810.0
2938.65,16.33,0.02289,0.7515,14890.0
2938.7,16.18,0.2289,0.748,14950.0
2938.75,16.37,0.1666,0.6544,14990.0
2938.8,16.56,0.1043,0.5609,14980.0
2938.85,16.56,0.1142,0.5431,14950.0
2938.9,16.55,0.1242,0.5253,14910.0
2938.95,16.47,0.2355,0.5182,14870.0
2939.0,16.39,0.3467,0.5112,14830.0
2939.05,16.18,0.4397,0.5219,14810.0
2939.1,15.97,0.5326,0.5326,14820.0
2939.15,15.94,0.3585,0.2401,14870.0
2939.2,15.91,0.1843,-0.05243,14930.0
2939.25,15.78,0.2038,-0.01841,14980.0
2939.3,15.65,0.2233,0.01561,15010.0
2939.35,15.84,0.3207,0.131,15020.0
2939.4,16.02,0.418,0.2463,15020.0
2939.45,16.04,0.4504,0.257,15010.0
2939.5,16.06,0.4829,0.2678,14990.0
2939.55,16.07,0.578,0.3089,14980.0
2939.6,16.08,0.6732,0.35,15000.0
2939.65,16.25,0.5109,0.4852,15020.0
2939.7,16.42,0.3487,0.6204,15040.0
2939.75,16.28,0.3664,0.5702,15040.0
2939.8,16.13,0.3842,0.5199,15020.0
2939.85,16.16,0.5444,0.268,14990.0
2939.9,16.18,0.7046,0.0161,14970.0
2939.95,16.26,0.5716,0.1282,14960.0
2940.0,16.33,0.4387,0.2402,14980.0
2940.05,16.48,0.5772,0.4562,15020.0
2940.1,16.63,0.7158,0.6721,15090.0
2940.15,16.63,0.9447,0.6721,15160.0
2940.2,16.62,1.174,0.6721,15200.0
2940.25,16.55,1.129,0.5759,15220.0
2940.3,16.48,1.085,0.4797,15220.0
2940.35,16.51,1.051,0.5164,15180.0
2940.4,16.54,1.018,0.5531,15110.0
2940.45,16.63,0.9178,0.5029,15040.0
2940.5,16.73,0.8181,0.4526,15000.0
2940.55,16.64,0.9445,0.4678,14990.0
2940.6,16.56,1.071,0.4829,15040.0
2940.65,16.75,1.27,0.2848,15120.0
2940.7,16.94,1.47,0.08682,15230.0
2940.75,16.95,1.343,0.04085,15350.0
2940.8,16.95,1.215,-0.005121,15430.0
2940.85,17.02,1.092,0.1439,15450.0
2940.9,17.1,0.9681,0.2929,15410.0
2940.95,17.06,0.8861,0.3156,15330.0
2941.0,17.02,0.8041,0.3383,15240.0
2941.05,16.93,0.6103,0.1561,15170.0
2941.1,16.85,0.4164,-0.02609,15120.0
2941.15,16.95,0.09335,-0.1136,15140.0
2941.2,17.06,-0.2297,-0.2012,15210.0
2941.25,17.02,-0.3031,-0.3893,15300.0
2941.3,16.98,-0.3766,-0.5775,15400.0
2941.35,16.85,-0.4096,-0.4445,15460.0
2941.4,16.71,-0.4427,-0.3114,15500.0
2941.45,16.6,-0.4162,-0.3747,15500.0
2941.5,16.5,-0.3897,-0.438,15470.0
2941.55,16.52,-0.13,-0.5098,15430.0
2941.6,16.54,0.1298,-0.5816,15380.0
2941.65,16.32,0.3519,-0.5263,15340.0
2941.7,16.11,0.574,-0.4709,15330.0
2941.75,16.35,0.5999,-0.4569,15330.0
2941.8,16.59,0.6258,-0.4429,15340.0
2941.85,16.62,0.9084,-0.3476,15350.0
2941.9,16.64,1.191,-0.2524,15390.0
2941.95,16.69,1.204,-0.3192,15420.0
2942.0,16.73,1.217,-0.3861,15450.0
2942.05,16.81,1.23,-0.4109,15470.0
2942.1,16.88,1.244,-0.4358,15480.0
2942.15,16.75,1.3,-0.2772,15500.0
2942.2,16.61,1.357,-0.1185,15500.0
2942.25,16.71,1.153,-0.05012,15490.0
2942.3,16.82,0.9502,0.01829,15470.0
2942.35,16.7,1.018,-0.04109,15460.0
2942.4,16.59,1.085,-0.1005,15450.0
2942.45,16.43,0.8917,-0.08804,15420.0
2942.5,16.28,0.6982,-0.0756,15400.0
2942.55,16.36,0.7538,-0.09316,15410.0
2942.6,16.44,0.8093,-0.1107,15450.0
2942.65,16.39,0.7878,-0.1328,15500.0
2942.7,16.34,0.7663,-0.1549,15540.0
2942.75,16.17,0.9345,-0.1396,15560.0
2942.8,15.99,1.103,-0.1244,15580.0
2942.85,16.01,0.7679,-0.2463,15580.0
2942.9,16.02,0.4331,-0.3683,15550.0
2942.95,15.99,0.3173,-0.5063,15520.0
2943.0,15.95,0.2014,-0.6443,15500.0
2943.05,15.88,0.009355,-0.6275,15510.0
2943.1,15.81,-0.1827,-0.6107,15540.0
2943.15,15.96,-0.1397,-0.76,15570.0
2943.2,16.1,-0.09673,-0.9094,15590.0
2943.25,16.3,0.05454,-0.9917,15600.0
2943.3,16.5,0.2058,-1.074,15610.0
2943.35,16.6,0.3131,-0.8839,15600.0
2943.4,16.71,0.4204,-0.6938,15570.0
2943.45,16.81,0.5038,-0.5495,15550.0
2943.5,16.91,0.5872,-0.4051,15550.0
2943.55,16.93,0.5579,-0.5119,15570.0
2943.6,16.95,0.5287,-0.6187,15600.0
2943.65,17.07,0.7106,-0.5735,15630.0
2943.7,17.2,0.8925,-0.5282,15670.0
2943.75,17.11,0.8613,-0.6869,15710.0
2943.8,17.03,0.83,-0.8455,15730.0
2943.85,17.09,0.7532,-0.8912,15710.0
2943.9,17.16,0.6763,-0.937,15670.0
2943.95,17.28,0.498,-1.054,15620.0
2944.0,17.4,0.3197,-1.17,15580.0
2944.05,17.28,0.3318,-1.229,15560.0
2944.1,17.15,0.3439,-1.288,15560.0
2944.15,17.09,0.3869,-1.354,15580.0
2944.2,17.02,0.4299,-1.42,15640.0
2944.25,17.05,0.283,-1.516,15720.0
2944.3,17.08,0.1361,-1.612,15780.0
2944.35,17.12,0.1483,-1.499,15800.0
2944.4,17.16,0.1604,-1.386,15780.0
2944.45,17.16,0.3569,-1.208,15730.0
2944.5,17.17,0.5533,-1.03,15660.0
2944.55,17.26,0.4996,-0.9895,15590.0
2944.6,17.35,0.4459,-0.9494,15530.0
2944.65,17.32,0.4027,-0.7938,15520.0
2944.7,17.29,0.3595,-0.6382,15570.0
2944.75,17.13,0.4393,-0.5252,15640.0
2944.8,16.97,0.5191,-0.4121,15710.0
2944.85,16.96,0.4158,-0.2322,15760.0
2944.9,16.96,0.3125,-0.05219,15770.0
2944.95,17.16,0.3738,-0.1217,15760.0
2945.0,17.37,0.4351,-0.1912,15710.0
2945.05,17.37,0.2814,-0.2785,15650.0
2945.1,17.38,0.1278,-0.3658,15610.0
2945.15,17.46,-0.1154,-0.308,15580.0
2945.2,17.54,-0.3587,-0.2502,15590.0
2945.25,17.5,-0.3816,-0.3964,15610.0
2945.3,17.46,-0.4045,-0.5426,15630.0
2945.35,17.57,-0.421,-0.5979,15660.0
2945.4,17.68,-0.4375,-0.6531,15680.0
2945.45,17.67,-0.4011,-0.843,15700.0
2945.5,17.66,-0.3646,-1.033,15700.0
2945.55,17.59,-0.372,-0.9122,15680.0
2945.6,17.52,-0.3794,-0.7916,15650.0
2945.65,17.56,-0.4011,-0.6792,15630.0
2945.7,17.59,-0.4228,-0.5668,15610.0
2945.75,17.46,-0.1467,-0.5134,15610.0
2945.8,17.32,0.1294,-0.4599,15610.0
2945.85,17.4,0.1322,-0.5892,15610.0
2945.9,17.49,0.135,-0.7185,15630.0
2945.95,17.47,-0.004777,-0.7515,15660.0
2946.0,17.45,-0.1445,-0.7845,15670.0
2946.05,17.38,-0.2761,-0.6519,15660.0
2946.1,17.32,-0.4076,-0.5192,15650.0
2946.15,17.32,-0.41,-0.4331,15630.0
2946.2,17.33,-0.4124,-0.347,15610.0
2946.25,17.52,-0.2402,-0.3028,15590.0
2946.3,17.71,-0.06807,-0.2585,15580.0
2946.35,17.58,-0.07205,-0.3697,15590.0
2946.4,17.45,-0.07603,-0.4809,15630.0
2946.45,17.52,-0.299,-0.6672,15670.0
2946.5,17.6,-0.5219,-0.8536,15690.0
2946.55,17.46,-0.5852,-0.8816,15690.0
2946.6,17.31,-0.6485,-0.9097,15680.0
2946.65,17.48,-0.6497,-0.7805,15660.0
2946.7,17.65,-0.6509,-0.6514,15630.0
2946.75,17.49,-0.6634,-0.589,15610.0
2946.8,17.34,-0.6759,-0.5265,15600.0
2946.85,17.45,-0.6931,-0.4012,15610.0
2946.9,17.55,-0.7102,-0.2758,15640.0
2946.95,17.7,-0.5611,-0.0956,15670.0
2947.0,17.84,-0.412,0.08462,15670.0
2947.05,17.98,-0.2896,-0.08975,15670.0
2947.1,18.11,-0.1672,-0.2641,15680.0
2947.15,17.98,-0.3093,-0.08206,15690.0
2947.2,17.85,-0.4514,0.09999,15690.0
2947.25,17.68,-0.4244,-0.005365,15690.0
2947.3,17.51,-0.3973,-0.1107,15680.0
2947.35,17.55,-0.3766,0.01841,15690.0
2947.4,17.59,-0.3559,0.1475,15700.0
2947.45,17.39,-0.5396,0.03926,15700.0
2947.5,17.2,-0.7233,-0.06902,15690.0
2947.55,17.31,-0.9305,0.05365,15690.0
2947.6,17.42,-1.138,0.1763,15690.0
2947.65,17.23,-1.199,0.2648,15700.0
2947.7,17.04,-1.26,0.3534,15710.0
2947.75,17.21,-1.065,0.2357,15710.0
2947.8,17.37,-0.871,0.118,15710.0
2947.85,17.31,-0.7154,-0.00317,15710.0
2947.9,17.24,-0.5597,-0.1244,15710.0
2947.95,17.11,-0.4982,-0.05402,15700.0
2948.0,16.98,-0.4367,0.01634,15700.0
2948.05,16.98,-0.381,0.01171,15710.0
2948.1,16.98,-0.3252,0.007072,15720.0
2948.15,17.0,-0.6033,0.1119,15710.0
2948.2,17.01,-0.8814,0.2168,15690.0
2948.25,16.88,-0.9218,0.1934,15660.0
2948.3,16.74,-0.9622,0.17,15660.0
2948.35,16.59,-0.9044,0.09597,15670.0
2948.4,16.43,-0.8467,0.02195,15690.0
2948.45,16.35,-0.7743,0.1097,15690.0
2948.5,16.27,-0.7018,0.1975,15700.0
2948.55,16.07,-0.7205,0.4682,15710.0
2948.6,15.87,-0.7392,0.7389,15710.0
2948.65,15.81,-0.5131,0.7441,15690.0
2948.7,15.74,-0.287,0.7492,15660.0
2948.75,15.72,-0.4232,0.5792,15640.0
2948.8,15.7,-0.5593,0.4092,15640.0
2948.85,15.82,-0.5191,0.235,15650.0
2948.9,15.94,-0.4789,0.06073,15670.0
2948.95,15.95,-0.3087,0.2001,15680.0
2949.0,15.95,-0.1385,0.3395,15700.0
2949.05,15.92,-0.1487,0.2106,15710.0
2949.1,15.89,-0.1588,0.0817,15710.0
2949.15,15.88,-0.3006,-0.1006,15710.0
2949.2,15.87,-0.4423,-0.2829,15700.0
2949.25,15.66,-0.3985,-0.3992,15690.0
2949.3,15.44,-0.3547,-0.5156,15680.0
2949.35,15.41,-0.2357,-0.5959,15680.0
2949.4,15.39,-0.1166,-0.6763,15670.0
2949.45,15.3,-0.1097,-0.6466,15690.0
2949.5,15.2,-0.1027,-0.617,15710.0
2949.55,15.17,-0.1988,-0.6638,15730.0
2949.6,15.13,-0.295,-0.7107,15730.0
2949.65,14.87,-0.08499,-0.5813,15720.0
2949.7,14.61,0.125,-0.4519,15730.0
2949.75,14.66,0.1566,-0.3146,15740.0
2949.8,14.72,0.1883,-0.1773,15740.0
2949.85,14.77,0.2201,-0.2055,15740.0
2949.9,14.82,0.252,-0.2336,15750.0
2949.95,14.96,0.4345,-0.06755,15760.0
2950.0,15.1,0.617,0.09853,15770.0
2950.05,15.06,0.661,-0.05121,15770.0
2950.1,15.02,0.705,-0.201,15760.0
2950.15,14.99,0.4423,-0.2683,15760.0
2950.2,14.96,0.1795,-0.3356,15760.0
2950.25,14.97,0.2066,-0.2816,15760.0
2950.3,14.97,0.2337,-0.2275,15750.0
2950.35,14.93,0.1879,-0.2735,15740.0
2950.4,14.88,0.1421,-0.3195,15760.0
2950.45,14.86,0.3079,-0.217,15780.0
2950.5,14.84,0.4737,-0.1146,15800.0
2950.55,14.71,0.2657,-0.01512,15810.0
2950.6,14.57,0.05772,0.08438,15810.0
2950.65,14.78,0.06051,0.1996,15800.0
2950.7,14.99,0.0633,0.3148,15780.0
2950.75,15.03,0.1387,0.303,15750.0
2950.8,15.07,0.2142,0.2912,15730.0
2950.85,14.98,0.2339,0.2024,15720.0
2950.9,14.9,0.2536,0.1136,15720.0
2950.95,14.85,0.2938,0.01317,15730.0
2951.0,14.81,0.334,-0.08731,15730.0
2951.05,14.8,0.3278,-0.2235,15730.0
2951.1,14.78,0.3217,-0.3597,15730.0
2951.15,14.62,0.5287,-0.3741,15720.0
2951.2,14.46,0.7357,-0.3885,15710.0
2951.25,14.55,0.7818,-0.4357,15700.0
2951.3,14.65,0.828,-0.4829,15690.0
2951.35,14.75,0.5989,-0.4829,15690.0
2951.4,14.84,0.3698,-0.4829,15700.0
2951.45,14.94,0.38,-0.1936,15710.0
2951.5,15.03,0.3901,0.0956,15710.0
2951.55,15.05,0.1785,0.1044,15700.0
2951.6,15.08,-0.03304,0.1132,15690.0
2951.65,15.13,0.0007961,0.1045,15660.0
2951.7,15.18,0.03463,0.09584,15620.0
2951.75,15.19,0.05175,0.0378,15600.0
2951.8,15.2,0.06887,-0.02024,15610.0
2951.85,15.31,0.1754,-0.06365,15650.0
2951.9,15.42,0.2818,-0.1071,15700.0
2951.95,15.46,0.3599,-0.2612,15750.0
2952.0,15.5,0.4379,-0.4153,15770.0
2952.05,15.66,0.4847,-0.2774,15760.0
2952.1,15.82,0.5314,-0.1395,15720.0
2952.15,15.68,0.7514,-0.1466,15680.0
2952.2,15.54,0.9713,-0.1536,15630.0
2952.25,15.46,1.126,-0.1567,15600.0
2952.3,15.38,1.281,-0.1597,15600.0
2952.35,15.38,1.321,0.02768,15620.0
2952.4,15.37,1.361,0.2151,15660.0
2952.45,15.25,1.428,0.21,15710.0
2952.5,15.13,1.495,0.2049,15740.0
2952.55,15.29,1.508,0.07341,15760.0
2952.6,15.45,1.52,-0.05804,15760.0
2952.65,15.48,1.708,-0.09657,15760.0
2952.7,15.51,1.896,-0.1351,15730.0
2952.75,15.31,1.797,-0.0556,15690.0
2952.8,15.1,1.697,0.0239,15660.0
2952.85,15.13,1.802,0.09267,15640.0
2952.9,15.16,1.907,0.1614,15630.0
2952.95,15.21,1.666,0.2923,15630.0
2953.0,15.25,1.425,0.4231,15640.0
2953.05,15.32,1.485,0.4018,15670.0
2953.1,15.39,1.545,0.3804,15700.0
2953.15,15.16,1.499,0.2236,15720.0
2953.2,14.92,1.453,0.06682,15730.0
2953.25,14.78,1.429,0.1125,15730.0
2953.3,14.63,1.406,0.1583,15740.0
2953.35,14.58,1.519,0.1832,15750.0
2953.4,14.52,1.632,0.208,15730.0
2953.45,14.57,1.657,-0.04207,15700.0
2953.5,14.62,1.683,-0.2922,15660.0
2953.55,14.69,1.586,-0.2442,15640.0
2953.6,14.76,1.49,-0.1963,15640.0
2953.65,14.95,1.2,-0.3881,15650.0
2953.7,15.14,0.9112,-0.5799,15650.0
2953.75,15.21,1.203,-0.4665,15680.0
2953.8,15.28,1.496,-0.3531,15720.0
2953.85,15.17,1.46,-0.2207,15740.0
2953.9,15.05,1.425,-0.08828,15740.0
2953.95,15.23,1.434,-0.09182,15740.0
2954.0,15.42,1.443,-0.09536,15740.0
2954.05,15.46,1.429,-0.1162,15720.0
2954.1,15.5,1.415,-0.1371,15700.0
2954.15,15.5,1.569,-0.1508,15690.0
2954.2,15.49,1.724,-0.1646,15670.0
2954.25,15.44,1.544,-0.3818,15660.0
2954.3,15.38,1.363,-0.599,15660.0
2954.35,15.34,1.386,-0.5988,15660.0
2954.4,15.29,1.408,-0.5987,15670.0
2954.45,15.36,1.406,-0.4892,15690.0
2954.5,15.43,1.404,-0.3797,15700.0
2954.55,15.41,1.281,-0.4278,15710.0
2954.6,15.4,1.159,-0.4758,15720.0
2954.65,15.55,1.049,-0.6293,15720.0
2954.7,15.7,0.9391,-0.7828,15720.0
2954.75,15.71,0.7816,-0.6888,15720.0
2954.8,15.71,0.6242,-0.5948,15710.0
2954.85,15.5,0.577,-0.5677,15710.0
2954.9,15.29,0.5298,-0.5407,15700.0
2954.95,15.27,0.4672,-0.6436,15690.0
2955.0,15.24,0.4045,-0.7465,15670.0
2955.05,15.17,0.3971,-0.6535,15660.0
2955.1,15.11,0.3897,-0.5604,15660.0
2955.15,14.99,0.377,-0.6193,15660.0
2955.2,14.88,0.3642,-0.6782,15660.0
2955.25,15.0,0.4353,-0.5113,15670.0
2955.3,15.11,0.5064,-0.3444,15690.0
2955.35,15.26,0.543,-0.283,15710.0
2955.4,15.4,0.5796,-0.2217,15710.0
2955.45,15.33,0.6648,-0.3369,15710.0
2955.5,15.27,0.75,-0.4521,15690.0
2955.55,15.16,1.005,-0.3979,15660.0
2955.6,15.06,1.259,-0.3436,15630.0
2955.65,15.13,1.361,-0.3384,15610.0
2955.7,15.2,1.464,-0.3331,15600.0
2955.75,15.34,1.369,-0.254,15600.0
2955.8,15.48,1.275,-0.1749,15630.0
2955.85,15.45,1.063,-0.1084,15660.0
2955.9,15.41,0.8511,-0.04195,15690.0
2955.95,15.36,0.9972,-0.1357,15690.0
2956.0,15.32,1.143,-0.2295,15680.0
2956.05,15.38,0.9992,-0.1174,15670.0
2956.1,15.44,0.8551,-0.005365,15650.0
2956.15,15.37,0.9285,-0.1896,15640.0
2956.2,15.29,1.002,-0.3739,15620.0
2956.25,15.39,0.9958,-0.2901,15630.0
2956.3,15.48,0.9896,-0.2063,15640.0
2956.35,15.47,0.9815,-0.1571,15660.0
2956.4,15.45,0.9733,-0.1078,15670.0
2956.45,15.67,1.113,0.06292,15680.0
2956.5,15.89,1.252,0.2336,15690.0
2956.55,16.02,0.9709,0.1451,15690.0
2956.6,16.16,0.6899,0.05658,15670.0
2956.65,16.3,0.5269,0.1999,15650.0
2956.7,16.45,0.3638,0.3431,15640.0
2956.75,16.55,0.454,0.2657,15630.0
2956.8,16.65,0.5442,0.1883,15630.0
2956.85,16.64,0.495,0.2358,15630.0
2956.9,16.63,0.4459,0.2834,15660.0
2956.95,16.66,0.4025,0.1453,15690.0
2957.0,16.69,0.3591,0.007316,15720.0
2957.05,16.74,0.3495,0.09999,15730.0
2957.1,16.79,0.34,0.1927,15710.0
2957.15,16.66,0.3521,0.02731,15690.0
2957.2,16.53,0.3642,-0.138,15680.0
2957.25,16.44,0.4654,0.02719,15670.0
2957.3,16.35,0.5665,0.1924,15670.0
2957.35,16.49,0.2818,0.1935,15690.0
2957.4,16.63,-0.002787,0.1946,15710.0
2957.45,16.68,0.07822,0.249,15730.0
2957.5,16.73,0.1592,0.3034,15730.0
2957.55,16.68,0.3461,0.1906,15730.0
2957.6,16.63,0.533,0.0778,15710.0
2957.65,16.75,0.5914,0.09401,15700.0
2957.7,16.87,0.6497,0.1102,15710.0
2957.75,16.94,0.7448,0.1552,15730.0
2957.8,17.02,0.84,0.2002,15750.0
2957.85,16.97,1.03,0.02158,15770.0
2957.9,16.92,1.221,-0.1571,15790.0
2957.95,16.86,1.325,-0.3014,15790.0
2958.0,16.8,1.429,-0.4458,15770.0
2958.05,16.82,1.122,-0.3387,15730.0
2958.1,16.84,0.8153,-0.2317,15710.0
2958.15,16.87,0.6552,-0.1783,15710.0
2958.2,16.89,0.4952,-0.1249,15720.0
2958.25,16.87,0.3019,-0.1655,15740.0
2958.3,16.86,0.1087,-0.2061,15760.0
2958.35,16.77,0.05474,-0.1968,15800.0
2958.4,16.68,0.0007961,-0.1875,15820.0
2958.45,16.7,0.03523,-0.2579,15830.0
2958.5,16.72,0.06966,-0.3283,15830.0
2958.55,16.67,-0.002389,-0.357,15830.0
2958.6,16.61,-0.07444,-0.3858,15830.0
2958.65,16.5,-0.1525,-0.1518,15830.0
2958.7,16.4,-0.2305,0.08219,15810.0
2958.75,16.31,-0.3865,0.1389,15800.0
2958.8,16.23,-0.5426,0.1956,15790.0
2958.85,16.36,-0.4592,0.03865,15800.0
2958.9,16.49,-0.3758,-0.1183,15800.0
2958.95,16.32,-0.4863,-0.07438,15800.0
2959.0,16.15,-0.5967,-0.03048,15820.0
2959.05,16.02,-0.4337,-0.02683,15850.0
2959.1,15.88,-0.2707,-0.02317,15870.0
2959.15,15.77,-0.212,0.01475,15890.0
2959.2,15.66,-0.1533,0.05268,15890.0
2959.25,15.72,-0.119,0.06999,15870.0
2959.3,15.78,-0.08479,0.08731,15840.0
2959.35,15.84,-0.04976,0.313,15810.0
2959.4,15.9,-0.01473,0.5387,15790.0
2959.45,16.05,-0.1274,0.5092,15790.0
2959.5,16.2,-0.24,0.4797,15810.0
2959.55,16.2,-0.3945,0.4964,15840.0
2959.6,16.21,-0.549,0.5131,15870.0
2959.65,16.14,-0.5716,0.4181,15880.0
2959.7,16.07,-0.5943,0.3231,15870.0
2959.75,16.1,-0.536,0.4298,15860.0
2959.8,16.13,-0.4777,0.5365,15850.0
2959.85,16.25,-0.5189,0.6294,15840.0
2959.9,16.37,-0.5601,0.7224,15820.0
2959.95,16.51,-0.7237,0.706,15810.0
2960.0,16.64,-0.8873,0.6897,15810.0
2960.05,16.59,-0.7637,0.7026,15830.0
2960.1,16.54,-0.6401,0.7155,15840.0
2960.15,16.45,-0.2594,0.4637,15850.0
2960.2,16.35,0.1214,0.2119,15860.0
2960.25,16.21,0.07962,0.4067,15870.0
2960.3,16.08,0.03782,0.6014,15870.0
2960.35,16.08,0.1777,0.6188,15860.0
2960.4,16.08,0.3177,0.6363,15850.0
2960.45,16.13,0.3919,0.5318,15850.0
2960.5,16.18,0.4662,0.4273,15860.0
2960.55,16.21,0.4309,0.4573,15860.0
2960.6,16.24,0.3957,0.4873,15850.0
2960.65,16.11,0.4244,0.6476,15840.0
2960.7,15.98,0.453,0.808,15840.0
2960.75,16.01,0.38,0.8678,15850.0
2960.8,16.04,0.3069,0.9277,15860.0
2960.85,16.05,-0.03165,0.8719,15880.0
2960.9,16.07,-0.3702,0.816,15890.0
2960.95,16.01,-0.3426,0.7616,15910.0
2961.0,15.96,-0.3149,0.7072,15920.0
2961.05,16.08,-0.295,0.7164,15910.0
2961.1,16.21,-0.2751,0.7255,15890.0
2961.15,16.2,-0.5609,0.6416,15890.0
2961.2,16.19,-0.8467,0.5577,15900.0
2961.25,16.09,-0.828,0.6686,15910.0
2961.3,15.98,-0.8093,0.7794,15910.0
2961.35,16.12,-0.5211,0.7942,15900.0
2961.4,16.25,-0.2329,0.8089,15900.0
2961.45,16.27,-0.2834,0.777,15900.0
2961.5,16.28,-0.334,0.745,15910.0
2961.55,16.37,-0.2687,0.6065,15920.0
2961.6,16.45,-0.2034,0.468,15930.0
2961.65,16.51,-0.2739,0.3935,15960.0
2961.7,16.57,-0.3443,0.319,15980.0
2961.75,16.57,-0.3613,0.3303,15970.0
2961.8,16.57,-0.3782,0.3417,15940.0
2961.85,16.42,-0.4242,0.3066,15910.0
2961.9,16.28,-0.4701,0.2714,15900.0
2961.95,16.51,-0.3891,0.06658,15870.0
2962.0,16.75,-0.3081,-0.1383,15850.0
2962.05,16.77,-0.2004,-0.2468,15830.0
2962.1,16.8,-0.09275,-0.3553,15850.0
2962.15,16.6,-0.1162,-0.2848,15880.0
2962.2,16.41,-0.1397,-0.2144,15910.0
2962.25,16.21,-0.2392,-0.3041,15920.0
2962.3,16.01,-0.3388,-0.3939,15910.0
2962.35,15.79,-0.4906,-0.6232,15900.0
2962.4,15.57,-0.6425,-0.8526,15880.0
2962.45,15.44,-0.6182,-0.7777,15850.0
2962.5,15.32,-0.5939,-0.7028,15810.0
2962.55,15.37,-0.7733,-0.4956,15800.0
2962.6,15.41,-0.9526,-0.2883,15820.0
2962.65,15.51,-0.8286,-0.1947,15830.0
2962.7,15.6,-0.7046,-0.1012,15830.0
2962.75,15.55,-0.8758,-0.08658,15810.0
2962.8,15.5,-1.047,-0.07194,15810.0
2962.85,15.48,-1.059,0.09779,15820.0
2962.9,15.46,-1.071,0.2675,15820.0
2962.95,15.43,-0.9924,0.263,15810.0
2963.0,15.41,-0.9136,0.2585,15820.0
2963.05,15.45,-0.962,0.2133,15840.0
2963.1,15.5,-1.01,0.168,15850.0
2963.15,15.38,-1.092,0.1091,15830.0
2963.2,15.27,-1.173,0.05024,15810.0
2963.25,15.31,-1.18,-0.00817,15790.0
2963.3,15.35,-1.187,-0.06658,15790.0
2963.35,15.39,-1.183,-0.03841,15800.0
2963.4,15.42,-1.178,-0.01024,15790.0
2963.45,15.29,-1.191,-0.1058,15780.0
2963.5,15.17,-1.204,-0.2014,15800.0
2963.55,15.01,-1.038,-0.2055,15820.0
2963.6,14.85,-0.8722,-0.2095,15840.0
2963.65,14.7,-0.8559,0.01329,15840.0
2963.7,14.55,-0.8396,0.2361,15850.0
2963.75,14.57,-0.8551,-0.06243,15860.0
2963.8,14.59,-0.8706,-0.3609,15870.0
2963.85,14.59,-0.9212,-0.5574,15860.0
2963.9,14.6,-0.9717,-0.7538,15840.0
2963.95,14.62,-0.993,-0.7665,15820.0
2964.0,14.63,-1.014,-0.7792,15820.0
2964.05,14.56,-1.358,-0.7032,15810.0
2964.1,14.48,-1.701,-0.6272,15810.0
2964.15,14.55,-1.76,-0.5693,15810.0
2964.2,14.62,-1.819,-0.5114,15840.0
2964.25,14.56,-1.811,-0.5445,15870.0
2964.3,14.49,-1.803,-0.5775,15880.0
2964.35,14.6,-1.85,-0.6919,15880.0
2964.4,14.71,-1.897,-0.8063,15860.0
2964.45,14.87,-1.775,-0.768,15850.0
2964.5,15.03,-1.653,-0.7297,15830.0
2964.55,15.15,-1.64,-0.6671,15800.0
2964.6,15.28,-1.626,-0.6046,15760.0
2964.65,15.2,-1.714,-0.4715,15740.0
2964.7,15.13,-1.801,-0.3385,15740.0
2964.75,14.98,-1.843,-0.529,15750.0
2964.8,14.83,-1.885,-0.7194,15760.0
2964.85,14.71,-1.774,-0.8398,15760.0
2964.9,14.58,-1.662,-0.9601,15770.0
2964.95,14.49,-1.501,-0.9733,15780.0
2965.0,14.4,-1.34,-0.9865,15770.0
2965.05,14.53,-1.417,-0.9415,15740.0
2965.1,14.65,-1.493,-0.8965,15710.0
2965.15,14.69,-1.475,-0.7266,15690.0
2965.2,14.72,-1.457,-0.5568,15680.0
2965.25,14.62,-1.269,-0.4703,15660.0
2965.3,14.52,-1.082,-0.3839,15650.0
2965.35,14.46,-0.7388,-0.1616,15640.0
2965.4,14.4,-0.3957,0.06073,15660.0
2965.45,14.58,-0.4335,0.1683,15680.0
2965.5,14.76,-0.4713,0.2758,15680.0
2965.55,14.97,-0.5458,0.2181,15660.0
2965.6,15.19,-0.6202,0.1605,15640.0
2965.65,15.1,-0.6785,0.1397,15620.0
2965.7,15.01,-0.7369,0.119,15610.0
2965.75,14.94,-0.7761,0.05963,15600.0
2965.8,14.87,-0.8153,0.0002439,15580.0
2965.85,14.78,-0.7126,-0.1094,15590.0
2965.9,14.68,-0.6099,-0.219,15620.0
2965.95,14.91,-0.5593,-0.254,15630.0
2966.0,15.15,-0.5088,-0.289,15620.0
2966.05,15.17,-0.3587,-0.1973,15610.0
2966.1,15.2,-0.2086,-0.1056,15610.0
2966.15,15.2,-0.242,-0.1512,15600.0
2966.2,15.19,-0.2755,-0.1968,15590.0
2966.25,15.03,-0.2412,-0.3845,15560.0
2966.3,14.86,-0.207,-0.5721,15550.0
2966.35,15.0,-0.08698,-0.5124,15550.0
2966.4,15.13,0.03304,-0.4526,15550.0
2966.45,15.03,-0.157,-0.3333,15540.0
2966.5,14.92,-0.3471,-0.2139,15530.0
2966.55,14.98,-0.0623,-0.1519,15540.0
2966.6,15.04,0.2225,-0.08999,15550.0
2966.65,14.99,0.3346,-0.04695,15560.0
2966.7,14.94,0.4466,-0.003902,15550.0
2966.75,14.99,0.2761,-0.07841,15540.0
2966.8,15.03,0.1055,-0.1529,15520.0
2966.85,14.96,-0.1622,-0.02085,15490.0
2966.9,14.89,-0.4299,0.1112,15450.0
2966.95,14.77,-0.4186,0.1375,15420.0
2967.0,14.66,-0.4072,0.1639,15400.0
2967.05,14.75,-0.2203,0.2797,15400.0
2967.1,14.83,-0.03344,0.3956,15410.0
2967.15,14.77,-0.2028,0.3436,15410.0
2967.2,14.71,-0.3722,0.2917,15410.0
2967.25,14.63,-0.2309,0.05536,15400.0
2967.3,14.55,-0.08957,-0.181,15380.0
2967.35,14.65,0.05593,-0.1297,15350.0
2967.4,14.74,0.2014,-0.07853,15320.0
2967.45,14.67,0.1947,-0.09377,15290.0
2967.5,14.6,0.1879,-0.109,15280.0
2967.55,14.69,0.2663,-0.04121,15290.0
2967.6,14.77,0.3447,0.02658,15280.0
2967.65,14.6,0.4397,0.1251,15260.0
2967.7,14.43,0.5346,0.2236,15250.0
2967.75,14.37,0.6972,0.2946,15240.0
2967.8,14.31,0.8599,0.3656,15240.0
2967.85,14.37,0.8595,0.2762,15220.0
2967.9,14.44,0.8591,0.1868,15210.0
2967.95,14.56,0.6037,0.2123,15210.0
2968.0,14.68,0.3483,0.2378,15200.0
2968.05,14.8,0.2474,0.4703,15190.0
2968.1,14.93,0.1465,0.7028,15170.0
2968.15,14.95,0.2375,0.6564,15150.0
2968.2,14.98,0.3284,0.6099,15150.0
2968.25,14.81,0.2978,0.6903,15150.0
2968.3,14.64,0.2671,0.7706,15160.0
2968.35,14.63,0.1881,0.6229,15160.0
2968.4,14.63,0.1091,0.4751,15160.0
2968.45,14.47,0.08479,0.345,15160.0
2968.5,14.32,0.06051,0.2149,15150.0
2968.55,14.21,0.2307,0.04317,15140.0
2968.6,14.1,0.4009,-0.1285,15130.0
2968.65,14.18,0.4236,-0.114,15130.0
2968.7,14.26,0.4463,-0.0995,15130.0
2968.75,14.43,0.6702,-0.02683,15120.0
2968.8,14.61,0.8941,0.04585,15110.0
2968.85,14.78,0.9365,0.04268,15110.0
2968.9,14.94,0.9789,0.03951,15120.0
2968.95,14.77,0.912,0.168,15140.0
2969.0,14.59,0.8451,0.2966,15150.0
2969.05,14.67,0.8179,0.357,15160.0
2969.1,14.75,0.7906,0.4175,15170.0
2969.15,14.98,0.9536,0.4248,15160.0
2969.2,15.21,1.117,0.4321,15130.0
2969.25,15.29,1.019,0.3453,15080.0
2969.3,15.37,0.9224,0.2585,15040.0
2969.35,15.56,0.6988,0.3462,15020.0
2969.4,15.76,0.4753,0.4339,15020.0
2969.45,15.87,0.4759,0.348,15040.0
2969.5,15.97,0.4765,0.2622,15060.0
2969.55,15.92,0.5205,0.3324,15080.0
2969.6,15.87,0.5645,0.4026,15110.0
2969.65,15.76,0.5372,0.3645,15100.0
2969.7,15.64,0.5099,0.3263,15070.0
2969.75,15.48,0.3963,0.2879,15020.0
2969.8,15.32,0.2826,0.2495,14970.0
2969.85,15.04,0.2066,0.2083,14940.0
2969.9,14.76,0.1306,0.1671,14900.0
2969.95,14.57,0.04996,0.1873,14870.0
2970.0,14.39,-0.03065,0.2075,14860.0
2970.05,14.38,-0.2227,0.3454,14870.0
2970.1,14.36,-0.4148,0.4834,14880.0
2970.15,14.23,-0.4634,0.4442,14890.0
2970.2,14.1,-0.5119,0.4051,14890.0
2970.25,14.0,-0.3547,0.4979,14890.0
2970.3,13.91,-0.1974,0.5907,14870.0
2970.35,13.88,-0.293,0.6516,14830.0
2970.4,13.86,-0.3885,0.7126,14790.0
2970.45,13.95,-0.324,0.6858,14740.0
2970.5,14.04,-0.2596,0.659,14720.0
2970.55,14.09,-0.124,0.4263,14710.0
2970.6,14.13,0.01154,0.1936,14710.0
2970.65,14.11,-0.05712,0.2908,14710.0
2970.7,14.09,-0.1258,0.388,14720.0
2970.75,13.98,-0.1616,0.6309,14720.0
2970.8,13.87,-0.1974,0.8738,14710.0
2970.85,13.81,-0.2291,0.715,14700.0
2970.9,13.74,-0.2607,0.5563,14690.0
2970.95,13.8,-0.293,0.5376,14700.0
2971.0,13.86,-0.3252,0.519,14700.0
2971.05,13.78,-0.5382,0.5388,14700.0
2971.1,13.69,-0.7512,0.5587,14680.0
2971.15,13.71,-0.787,0.5102,14660.0
2971.2,13.74,-0.8228,0.4617,14650.0
2971.25,13.8,-1.072,0.2562,14660.0
2971.3,13.85,-1.321,0.05073,14670.0
2971.35,14.03,-1.377,0.03256,14680.0
2971.4,14.21,-1.434,0.01439,14690.0
2971.45,14.24,-1.467,0.0884,14700.0
2971.5,14.27,-1.5,0.1624,14700.0
2971.55,14.21,-1.451,0.123,14690.0
2971.6,14.15,-1.402,0.08365,14670.0
2971.65,14.07,-1.426,0.1134,14670.0
2971.7,14.0,-1.45,0.1432,14660.0
2971.75,13.9,-1.58,0.1197,14660.0
2971.8,13.8,-1.709,0.09633,14650.0
2971.85,13.9,-1.75,0.1849,14650.0
2971.9,14.01,-1.79,0.2734,14640.0
2971.95,14.08,-1.573,0.1753,14640.0
2972.0,14.16,-1.356,0.07731,14630.0
2972.05,13.97,-1.442,0.1034,14620.0
2972.1,13.78,-1.527,0.1295,14620.0
2972.15,13.85,-1.691,0.2911,14610.0
2972.2,13.92,-1.855,0.4526,14620.0
2972.25,14.02,-1.701,0.4775,14620.0
2972.3,14.13,-1.547,0.5024,14640.0
2972.35,14.02,-1.711,0.4699,14650.0
2972.4,13.91,-1.876,0.4375,14650.0
2972.45,14.01,-1.896,0.3091,14630.0
2972.5,14.1,-1.916,0.1807,14590.0
2972.55,14.13,-1.751,-0.01268,14560.0
2972.6,14.16,-1.587,-0.2061,14530.0
2972.65,14.24,-1.419,-0.268,14500.0
2972.7,14.31,-1.251,-0.33,14490.0
2972.75,14.1,-1.155,-0.2805,14520.0
2972.8,13.89,-1.059,-0.231,14550.0
2972.85,13.76,-1.128,-0.4269,14580.0
2972.9,13.63,-1.197,-0.6229,14590.0
2972.95,13.49,-1.354,-0.619,14570.0
2973.0,13.36,-1.511,-0.6151,14550.0
2973.05,13.26,-1.369,-0.5857,14530.0
2973.1,13.16,-1.227,-0.5563,14490.0
2973.15,13.32,-1.366,-0.602,14460.0
2973.2,13.48,-1.505,-0.6477,14440.0
2973.25,13.62,-1.301,-0.721,14430.0
2973.3,13.75,-1.097,-0.7943,14430.0
2973.35,13.86,-1.056,-0.8927,14410.0
2973.4,13.97,-1.015,-0.9911,14390.0
2973.45,13.93,-0.8802,-0.8926,14380.0
2973.5,13.88,-0.7452,-0.7941,14400.0
2973.55,13.73,-0.8268,-0.4837,14420.0
2973.6,13.58,-0.9084,-0.1734,14430.0
2973.65,13.59,-0.8694,-0.2078,14430.0
2973.7,13.61,-0.8304,-0.2422,14430.0
2973.75,13.47,-0.6113,-0.3187,14420.0
2973.8,13.34,-0.3921,-0.3953,14380.0
2973.85,13.34,-0.4849,-0.4314,14330.0
2973.9,13.34,-0.5776,-0.4675,14290.0
2973.95,13.29,-0.6399,-0.3329,14280.0
2974.0,13.24,-0.7022,-0.1983,14280.0
2974.05,13.42,-0.664,0.0884,14290.0
2974.1,13.61,-0.6258,0.3751,14290.0
2974.15,13.59,-0.5693,0.5256,14310.0
2974.2,13.57,-0.5127,0.676,14340.0
2974.25,13.54,-0.5034,0.6793,14360.0
2974.3,13.51,-0.494,0.6826,14370.0
2974.35,13.47,-0.5296,0.7174,14360.0
2974.4,13.44,-0.5653,0.7521,14360.0
2974.45,13.42,-0.6696,0.7204,14340.0
2974.5,13.41,-0.7739,0.6887,14300.0
2974.55,13.54,-0.6622,0.6796,14260.0
2974.6,13.68,-0.5505,0.6704,14240.0
2974.65,13.54,-0.5675,0.6136,14230.0
2974.7,13.41,-0.5844,0.5568,14250.0
2974.75,13.32,-0.6527,0.5618,14260.0
2974.8,13.23,-0.7209,0.5668,14280.0
2974.85,13.19,-0.5283,0.4506,14310.0
2974.9,13.15,-0.3356,0.3344,14330.0
2974.95,13.08,-0.009952,0.3802,14330.0
2975.0,13.01,0.3157,0.4261,14320.0
2975.05,13.01,0.334,0.3881,14300.0
2975.1,13.01,0.3523,0.3502,14300.0
2975.15,13.02,0.2412,0.3428,14290.0
2975.2,13.02,0.1302,0.3353,14280.0
2975.25,12.81,0.03185,0.3037,14260.0
2975.3,12.61,-0.06648,0.2722,14240.0
2975.35,12.44,-0.2478,0.2045,14230.0
2975.4,12.28,-0.4291,0.1368,14220.0
2975.45,12.32,-0.5828,0.07719,14210.0
2975.5,12.35,-0.7365,0.01756,14210.0
2975.55,12.41,-0.6403,0.1367,14230.0
2975.6,12.46,-0.5442,0.2558,14250.0
2975.65,12.59,-0.6596,0.2331,14270.0
2975.7,12.71,-0.7751,0.2105,14260.0
2975.75,12.84,-0.6937,0.1434,14240.0
2975.8,12.96,-0.6123,0.07633,14220.0
2975.85,13.07,-0.827,0.1486,14190.0
2975.9,13.17,-1.042,0.221,14150.0
2975.95,13.14,-1.197,0.3346,14110.0
2976.0,13.1,-1.353,0.4482,14090.0
2976.05,13.12,-1.397,0.4926,14070.0
2976.1,13.15,-1.441,0.537,14070.0
2976.15,13.17,-1.348,0.5495,14060.0
2976.2,13.19,-1.255,0.5619,14050.0
2976.25,13.37,-1.357,0.5118,14060.0
2976.3,13.56,-1.459,0.4617,14070.0
2976.35,13.59,-1.388,0.4862,14080.0
2976.4,13.63,-1.317,0.5107,14070.0
2976.45,13.7,-1.316,0.6363,14060.0
2976.5,13.77,-1.316,0.7619,14050.0
2976.55,13.55,-1.333,0.7884,14030.0
2976.6,13.34,-1.35,0.815,14000.0
2976.65,13.23,-1.234,0.6359,13950.0
2976.7,13.11,-1.118,0.4568,13920.0
2976.75,13.22,-0.9884,0.4986,13910.0
2976.8,13.34,-0.8591,0.5404,13910.0
2976.85,13.51,-0.6925,0.3756,13910.0
2976.9,13.69,-0.5259,0.2107,13920.0
2976.95,13.65,-0.6387,0.3976,13940.0
2977.0,13.61,-0.7516,0.5846,13960.0
2977.05,13.61,-0.7357,0.5991,13970.0
2977.1,13.62,-0.7197,0.6136,13960.0
2977.15,13.68,-0.549,0.4813,13940.0
2977.2,13.74,-0.3782,0.349,13930.0
2977.25,13.63,-0.2209,0.4101,13910.0
2977.3,13.52,-0.06369,0.4712,13890.0
2977.35,13.56,-0.3581,0.4977,13870.0
2977.4,13.6,-0.6525,0.5243,13860.0
2977.45,13.65,-0.5356,0.2894,13860.0
2977.5,13.7,-0.4188,0.05438,13870.0
2977.55,13.54,-0.5842,0.2252,13860.0
2977.6,13.39,-0.7496,0.3961,13860.0
2977.65,13.42,-0.9795,0.4921,13870.0
2977.7,13.46,-1.209,0.5882,13900.0
2977.75,13.37,-1.37,0.5109,13930.0
2977.8,13.29,-1.53,0.4336,13950.0
2977.85,13.26,-1.546,0.4286,13950.0
2977.9,13.22,-1.562,0.4236,13940.0
2977.95,13.27,-1.535,0.4628,13910.0
2978.0,13.32,-1.508,0.5019,13880.0
2978.05,13.31,-1.619,0.4817,13830.0
2978.1,13.3,-1.73,0.4614,13800.0
2978.15,13.29,-1.433,0.5843,13800.0
2978.2,13.28,-1.135,0.7072,13820.0
2978.25,13.16,-1.054,0.765,13850.0
2978.3,13.03,-0.9733,0.8228,13870.0
2978.35,12.94,-0.9709,0.7178,13900.0
2978.4,12.85,-0.9685,0.6129,13910.0
2978.45,12.94,-0.9347,0.5847,13910.0
2978.5,13.04,-0.9009,0.5565,13890.0
2978.55,13.01,-0.8328,0.5903,13860.0
2978.6,12.98,-0.7647,0.6241,13830.0
2978.65,12.92,-0.4496,0.5325,13800.0
2978.7,12.85,-0.1346,0.4409,13780.0
2978.75,12.76,-0.1785,0.5093,13750.0
2978.8,12.67,-0.2225,0.5777,13740.0
2978.85,12.66,-0.3111,0.569,13740.0
2978.9,12.64,-0.3997,0.5602,13740.0
2978.95,12.65,-0.3461,0.6399,13750.0
2979.0,12.66,-0.2926,0.7197,13750.0
2979.05,12.58,0.01453,0.5932,13750.0
2979.1,12.51,0.3217,0.4668,13740.0
2979.15,12.49,0.07703,0.5295,13730.0
2979.2,12.48,-0.1676,0.5921,13710.0
2979.25,12.45,-0.1961,0.4732,13690.0
2979.3,12.43,-0.2245,0.3544,13670.0
2979.35,12.48,-0.0623,0.2748,13660.0
2979.4,12.53,0.09992,0.1953,13660.0
2979.45,12.58,0.01373,0.1032,13660.0
2979.5,12.64,-0.07245,0.01097,13640.0
2979.55,12.7,-0.2104,0.1011,13620.0
2979.6,12.75,-0.3483,0.1912,13610.0
2979.65,12.85,-0.3575,0.2018,13600.0
2979.7,12.94,-0.3666,0.2124,13600.0
2979.75,12.85,-0.3127,0.07341,13610.0
2979.8,12.75,-0.2588,-0.0656,13620.0
2979.85,12.64,-0.3282,-0.08341,13630.0
2979.9,12.54,-0.3977,-0.1012,13650.0
2979.95,12.64,-0.4118,-0.09499,13660.0
2980.0,12.74,-0.4259,-0.08877,13660.0
2980.05,12.75,-0.4988,-0.04158,13650.0
2980.1,12.77,-0.5716,0.005609,13620.0
2980.15,12.86,-0.617,-0.03097,13610.0
2980.2,12.95,-0.6624,-0.06755,13600.0
2980.25,13.03,-0.4025,-0.02414,13600.0
2980.3,13.11,-0.1425,0.01927,13600.0
2980.35,13.03,-0.1441,0.1456,13620.0
2980.4,12.95,-0.1457,0.2719,13640.0
2980.45,13.05,-0.2603,0.4693,13660.0
2980.5,13.16,-0.375,0.6668,13670.0
2980.55,13.16,-0.4037,0.7614,13680.0
2980.6,13.16,-0.4323,0.856,13700.0
2980.65,13.07,-0.5358,0.6827,13710.0
2980.7,12.98,-0.6393,0.5095,13700.0
2980.75,13.01,-0.4317,0.4106,13670.0
2980.8,13.05,-0.2241,0.3117,13630.0
2980.85,13.25,-0.134,0.4279,13600.0
2980.9,13.45,-0.04379,0.5441,13570.0
2980.95,13.43,-0.09076,0.5024,13560.0
2981.0,13.42,-0.1377,0.4607,13570.0
2981.05,13.31,-0.2251,0.5654,13600.0
2981.1,13.2,-0.3125,0.6702,13640.0
2981.15,13.34,-0.3547,0.6201,13670.0
2981.2,13.47,-0.3969,0.5699,13680.0
2981.25,13.42,-0.3075,0.6081,13670.0
2981.3,13.36,-0.2181,0.6463,13650.0
2981.35,13.44,-0.1031,0.6998,13630.0
2981.4,13.52,0.01194,0.7533,13600.0
2981.45,13.52,-0.1139,0.967,13570.0
2981.5,13.51,-0.2396,1.181,13550.0
2981.55,13.46,-0.247,1.098,13540.0
2981.6,13.41,-0.2544,1.016,13540.0
2981.65,13.31,-0.3254,0.9696,13540.0
2981.7,13.21,-0.3965,0.9231,13540.0
2981.75,13.06,-0.4158,0.8838,13540.0
2981.8,12.91,-0.4351,0.8445,13550.0
2981.85,12.92,-0.4431,0.7404,13550.0
2981.9,12.93,-0.451,0.6363,13560.0
2981.95,12.86,-0.3246,0.6071,13570.0
2982.0,12.8,-0.1982,0.578,13580.0
2982.05,12.85,-0.164,0.6557,13590.0
2982.1,12.89,-0.1298,0.7333,13580.0
2982.15,12.63,-0.09693,0.8309,13560.0
2982.2,12.38,-0.06409,0.9284,13550.0
2982.25,12.56,-0.07026,0.9197,13540.0
2982.3,12.74,-0.07643,0.9109,13540.0
2982.35,12.71,-0.09733,1.026,13530.0
2982.4,12.68,-0.1182,1.142,13530.0
2982.45,12.65,-0.2166,1.156,13550.0
2982.5,12.61,-0.3149,1.171,13570.0
2982.55,12.71,-0.167,1.113,13590.0
2982.6,12.81,-0.01911,1.056,13620.0
2982.65,12.61,-0.117,1.062,13640.0
2982.7,12.42,-0.215,1.067,13660.0
2982.75,12.58,-0.3631,1.015,13690.0
2982.8,12.74,-0.5111,0.9621,13700.0
2982.85,12.7,-0.6262,0.9297,13690.0
2982.9,12.66,-0.7412,0.8972,13670.0
2982.95,12.62,-0.8716,0.8867,13650.0
2983.0,12.58,-1.002,0.8762,13630.0
2983.05,12.52,-0.8881,0.7319,13620.0
2983.1,12.45,-0.7743,0.5875,13630.0
2983.15,12.3,-0.6258,0.6804,13660.0
2983.2,12.14,-0.4773,0.7733,13710.0
2983.25,12.07,-0.457,0.6418,13750.0
2983.3,12.01,-0.4367,0.5102,13780.0
2983.35,12.12,-0.3736,0.5185,13800.0
2983.4,12.23,-0.3105,0.5268,13790.0
2983.45,12.22,-0.4164,0.4857,13780.0
2983.5,12.21,-0.5223,0.4446,13750.0
2983.55,12.17,-0.3422,0.405,13730.0
2983.6,12.13,-0.162,0.3653,13720.0
2983.65,12.12,-0.1435,0.3965,13710.0
2983.7,12.11,-0.125,0.4278,13700.0
2983.75,12.17,-0.05712,0.3508,13710.0
2983.8,12.23,0.01075,0.2739,13720.0
2983.85,12.39,-0.03861,0.3456,13750.0
2983.9,12.56,-0.08798,0.4173,13780.0
2983.95,12.59,-0.335,0.3644,13790.0
2984.0,12.62,-0.582,0.3114,13790.0
2984.05,12.71,-0.739,0.2892,13790.0
2984.1,12.81,-0.8961,0.267,13770.0
2984.15,12.93,-0.7603,0.4779,13750.0
2984.2,13.05,-0.6246,0.6887,13720.0
2984.25,13.1,-0.591,0.7076,13710.0
2984.3,13.16,-0.5573,0.7265,13710.0
2984.35,13.2,-0.5103,0.8656,13730.0
2984.4,13.23,-0.4634,1.005,13750.0
2984.45,13.3,-0.4745,0.8831,13780.0
2984.5,13.36,-0.4857,0.7614,13800.0
2984.55,13.43,-0.4295,0.6548,13810.0
2984.6,13.51,-0.3734,0.5482,13810.0
2984.65,13.6,-0.3173,0.5574,13780.0
2984.7,13.7,-0.2611,0.5665,13750.0
2984.75,13.79,-0.4355,0.3186,13730.0
2984.8,13.89,-0.6099,0.07072,13740.0
2984.85,13.85,-0.4536,-0.03231,13760.0
2984.9,13.81,-0.2974,-0.1354,13780.0
2984.95,13.77,-0.3784,0.1562,13820.0
2985.0,13.74,-0.4594,0.4478,13870.0
2985.05,13.91,-0.4711,0.5648,13900.0
2985.1,14.09,-0.4829,0.6819,13910.0
2985.15,13.98,-0.3666,0.6992,13900.0
2985.2,13.86,-0.2504,0.7165,13880.0
2985.25,13.98,-0.37,0.5651,13860.0
2985.3,14.1,-0.4896,0.4136,13850.0
2985.35,14.18,-0.6357,0.4595,13850.0
2985.4,14.26,-0.7818,0.5053,13870.0
2985.45,14.38,-0.7136,0.2769,13930.0
2985.5,14.5,-0.6453,0.04853,14000.0
2985.55,14.52,-0.7289,-0.09438,14060.0
2985.6,14.55,-0.8125,-0.2373,14090.0
2985.65,14.8,-0.709,-0.3112,14100.0
2985.7,15.05,-0.6055,-0.3851,14090.0
2985.75,14.95,-0.5296,-0.2051,14060.0
2985.8,14.85,-0.4538,-0.02512,14010.0
2985.85,14.85,-0.2946,-0.07487,13970.0
2985.9,14.85,-0.1353,-0.1246,13970.0
2985.95,14.9,-0.1286,0.1001,14000.0
2986.0,14.95,-0.1218,0.3248,14060.0
2986.05,14.95,-0.0199,0.307,14120.0
2986.1,14.96,0.08201,0.2892,14170.0
2986.15,14.98,0.2838,0.2745,14220.0
2986.2,15.0,0.4857,0.2597,14230.0
2986.25,15.09,0.6718,0.2108,14210.0
2986.3,15.18,0.8579,0.1619,14170.0
2986.35,15.2,1.0,0.2078,14120.0
2986.4,15.22,1.142,0.2536,14080.0
2986.45,15.05,0.948,0.3231,14070.0
2986.5,14.87,0.754,0.3926,14070.0
2986.55,14.89,0.5866,0.2117,14090.0
2986.6,14.91,0.4192,0.03073,14130.0
2986.65,15.02,0.4472,-0.02609,14190.0
2986.7,15.12,0.4753,-0.08292,14240.0
2986.75,14.92,0.53,-0.03646,14250.0
2986.8,14.73,0.5848,0.009999,14240.0
2986.85,14.8,0.6073,0.1223,14220.0
2986.9,14.88,0.6298,0.2346,14190.0
2986.95,14.79,0.6304,0.2409,14150.0
2987.0,14.69,0.631,0.2473,14110.0
2987.05,14.73,0.787,0.2056,14090.0
2987.1,14.76,0.9431,0.1639,14110.0
2987.15,14.9,0.827,0.2252,14160.0
2987.2,15.04,0.711,0.2866,14220.0
2987.25,14.98,0.6501,0.2058,14250.0
2987.3,14.93,0.5892,0.1251,14280.0
2987.35,15.05,0.5002,0.2666,14290.0
2987.4,15.18,0.4112,0.408,14270.0
2987.45,15.2,0.466,0.3255,14240.0
2987.5,15.23,0.5207,0.2429,14200.0
2987.55,14.97,0.5782,0.3229,14190.0
2987.6,14.71,0.6357,0.4029,14190.0
2987.65,14.79,0.4737,0.437,14200.0
2987.7,14.87,0.3117,0.4712,14220.0
2987.75,14.82,0.3426,0.3418,14250.0
2987.8,14.78,0.3734,0.2124,14290.0
2987.85,14.86,0.5052,0.2933,14320.0
2987.9,14.95,0.6369,0.3741,14340.0
2987.95,14.91,0.5561,0.2046,14340.0
2988.0,14.87,0.4753,0.03512,14330.0
2988.05,14.85,0.6869,-0.1184,14320.0
2988.1,14.83,0.8985,-0.2719,14300.0
2988.15,14.7,0.9632,-0.3159,14280.0
2988.2,14.57,1.028,-0.36,14270.0
2988.25,14.55,1.158,-0.3007,14300.0
2988.3,14.53,1.288,-0.2414,14350.0
2988.35,14.7,1.259,-0.274,14400.0
2988.4,14.86,1.229,-0.3066,14440.0
2988.45,14.77,1.223,-0.3055,14460.0
2988.5,14.69,1.216,-0.3044,14470.0
2988.55,14.78,1.098,-0.4439,14450.0
2988.6,14.86,0.9805,-0.5834,14410.0
2988.65,14.79,1.059,-0.6194,14370.0
2988.7,14.71,1.138,-0.6555,14350.0
2988.75,14.73,1.095,-0.4985,14360.0
2988.8,14.75,1.052,-0.3414,14380.0
2988.85,14.52,1.106,-0.3012,14410.0
2988.9,14.29,1.161,-0.2609,14450.0
2988.95,14.01,1.044,-0.1371,14500.0
2989.0,13.73,0.9259,-0.01317,14550.0
2989.05,13.88,1.007,-0.1791,14580.0
2989.1,14.04,1.087,-0.3451,14580.0
2989.15,14.05,1.073,-0.2003,14560.0
2989.2,14.06,1.058,-0.0556,14530.0
2989.25,14.08,1.088,-0.03012,14490.0
2989.3,14.1,1.117,-0.004634,14440.0
2989.35,14.22,1.16,-0.09536,14400.0
2989.4,14.34,1.203,-0.1861,14410.0
2989.45,14.35,0.9188,-0.2089,14460.0
2989.5,14.36,0.6349,-0.2317,14530.0
2989.55,14.59,0.5826,-0.2147,14580.0
2989.6,14.83,0.5302,-0.1978,14620.0
2989.65,14.92,0.4823,-0.2674,14640.0
2989.7,15.01,0.4343,-0.337,14620.0
2989.75,15.03,0.3479,-0.3989,14590.0
2989.8,15.05,0.2615,-0.4607,14540.0
2989.85,15.02,0.1622,-0.4353,14510.0
2989.9,15.0,0.0629,-0.41,14500.0
2989.95,14.82,0.08161,-0.2118,14510.0
2990.0,14.65,0.1003,-0.01366,14530.0
2990.05,14.55,0.3595,0.02451,14550.0
2990.1,14.45,0.6186,0.06268,14560.0
2990.15,14.5,0.6783,-0.04975,14570.0
2990.2,14.55,0.738,-0.1622,14570.0
2990.25,14.54,0.5438,-0.06121,14570.0
2990.3,14.54,0.3495,0.03975,14560.0
2990.35,14.46,0.3258,0.07914,14560.0
2990.4,14.38,0.3021,0.1185,14560.0
2990.45,14.53,0.3051,0.05914,14560.0
2990.5,14.69,0.3081,-0.0002438,14560.0
2990.55,14.72,0.3836,0.1697,14560.0
2990.6,14.75,0.459,0.3397,14560.0
2990.65,14.73,0.3384,0.4136,14560.0
2990.7,14.71,0.2178,0.4875,14560.0
2990.75,14.73,0.2876,0.3309,14550.0
2990.8,14.75,0.3575,0.1744,14530.0
2990.85,14.85,0.3897,0.1556,14510.0
2990.9,14.95,0.422,0.1368,14520.0
2990.95,15.04,0.4962,0.1469,14550.0
2991.0,15.14,0.5705,0.1571,14570.0
2991.05,15.02,0.6604,0.04097,14600.0
2991.1,14.91,0.7504,-0.07511,14620.0
2991.15,14.67,0.6529,0.008658,14640.0
2991.2,14.43,0.5553,0.09243,14630.0
2991.25,14.47,0.3865,0.1115,14610.0
2991.3,14.52,0.2178,0.1305,14570.0
2991.35,14.58,0.4104,0.2742,14540.0
2991.4,14.64,0.6031,0.418,14540.0
2991.45,14.63,0.6728,0.382,14540.0
2991.5,14.62,0.7424,0.3461,14550.0
2991.55,14.64,0.8298,0.2199,14570.0
2991.6,14.67,0.9172,0.09365,14610.0
2991.65,14.68,0.7944,0.01756,14660.0
2991.7,14.7,0.6716,-0.05853,14700.0
2991.75,14.63,0.5967,0.1716,14720.0
2991.8,14.55,0.5219,0.4017,14740.0
2991.85,14.58,0.4936,0.158,14740.0
2991.9,14.61,0.4654,-0.0856,14730.0
2991.95,14.62,0.5179,-0.1585,14690.0
2992.0,14.63,0.5705,-0.2314,14630.0
2992.05,14.87,0.5527,-0.2917,14580.0
2992.1,15.1,0.535,-0.3519,14570.0
2992.15,15.03,0.5842,-0.3818,14590.0
2992.2,14.97,0.6334,-0.4117,14650.0
2992.25,15.06,0.5914,-0.5363,14730.0
2992.3,15.15,0.5494,-0.6609,14800.0
2992.35,15.14,0.4811,-0.3564,14850.0
2992.4,15.13,0.4128,-0.05195,14880.0
2992.45,15.13,0.5314,-0.09023,14860.0
2992.5,15.13,0.6501,-0.1285,14810.0
2992.55,14.93,0.8304,-0.347,14740.0
2992.6,14.72,1.011,-0.5655,14690.0
2992.65,14.73,0.9847,-0.3274,14670.0
2992.7,14.75,0.9586,-0.08926,14680.0
2992.75,14.77,0.9614,0.02866,14710.0
2992.8,14.78,0.9642,0.1466,14760.0
2992.85,14.87,0.9622,0.3016,14820.0
2992.9,14.95,0.9602,0.4565,14870.0
2992.95,14.79,1.011,0.4492,14890.0
2993.0,14.62,1.062,0.4419,14890.0
2993.05,14.59,1.151,0.158,14870.0
2993.1,14.55,1.241,-0.1258,14840.0
2993.15,14.55,0.9654,-0.1373,14810.0
2993.2,14.56,0.6895,-0.1488,14780.0
2993.25,14.53,0.7022,-0.1679,14780.0
2993.3,14.51,0.715,-0.1871,14790.0
2993.35,14.44,0.781,-0.1482,14810.0
2993.4,14.37,0.8471,-0.1093,14850.0
2993.45,14.63,0.7798,-0.01939,14880.0
2993.5,14.88,0.7126,0.07048,14910.0
2993.55,14.95,0.7884,0.08219,14920.0
2993.6,15.03,0.8642,0.09389,14920.0
2993.65,15.11,0.8919,0.09572,14900.0
2993.7,15.19,0.9196,0.09755,14870.0
2993.75,15.13,0.787,0.2239,14860.0
2993.8,15.08,0.6544,0.3502,14870.0
2993.85,15.25,0.7329,0.6118,14910.0
2993.9,15.42,0.8113,0.8733,14960.0
2993.95,15.37,0.7958,0.7048,15000.0
2994.0,15.32,0.7802,0.5363,15040.0
2994.05,15.4,0.7253,0.5081,15050.0
2994.1,15.48,0.6704,0.4799,15040.0
2994.15,15.49,0.7287,0.5035,15000.0
2994.2,15.5,0.787,0.527,14960.0
2994.25,15.64,0.6839,0.5288,14950.0
2994.3,15.79,0.5808,0.5307,14950.0
2994.35,15.71,0.5981,0.4885,14990.0
2994.4,15.62,0.6154,0.4463,15050.0
2994.45,15.69,0.6407,0.3811,15120.0
2994.5,15.76,0.666,0.3158,15190.0
2994.55,15.8,0.5681,0.3301,15240.0
2994.6,15.84,0.4701,0.3444,15260.0
2994.65,15.74,0.5486,0.3722,15240.0
2994.7,15.65,0.627,0.4,15190.0
2994.75,15.43,0.7932,0.3386,15130.0
2994.8,15.21,0.9594,0.2773,15070.0
2994.85,15.17,0.9494,0.23,15040.0
2994.9,15.12,0.9395,0.1827,15060.0
2994.95,15.44,0.744,0.2206,15100.0
2995.0,15.76,0.5486,0.2585,15180.0
2995.05,15.67,0.1375,0.2305,15260.0
2995.1,15.57,-0.2735,0.2024,15340.0
2995.15,15.63,-0.2536,0.0228,15400.0
2995.2,15.7,-0.2337,-0.1568,15410.0
2995.25,15.81,-0.1967,-0.1805,15390.0
2995.3,15.92,-0.1596,-0.2041,15360.0
2995.35,15.88,-0.3382,-0.03024,15310.0
2995.4,15.85,-0.5167,0.1436,15250.0
2995.45,15.93,-0.493,0.227,15200.0
2995.5,16.0,-0.4693,0.3105,15200.0
2995.55,16.06,-0.2271,0.2445,15240.0
2995.6,16.13,0.01513,0.1785,15300.0
2995.65,16.26,-0.1893,0.2377,15370.0
2995.7,16.4,-0.3937,0.2968,15430.0
2995.75,16.31,-0.3457,0.3968,15480.0
2995.8,16.22,-0.2978,0.4968,15490.0
2995.85,16.06,-0.2994,0.5474,15470.0
2995.9,15.9,-0.301,0.598,15420.0
2995.95,15.96,-0.1377,0.5979,15380.0
2996.0,16.03,0.02548,0.5977,15350.0
2996.05,16.22,-0.0203,0.4608,15330.0
2996.1,16.42,-0.06608,0.3239,15330.0
2996.15,16.56,-0.01771,0.23,15370.0
2996.2,16.7,0.03065,0.1361,15430.0
2996.25,16.69,-0.02408,0.2566,15480.0
2996.3,16.68,-0.07882,0.377,15510.0
2996.35,16.67,-0.255,0.2795,15520.0
2996.4,16.65,-0.4311,0.1819,15510.0
2996.45,16.58,-0.4863,0.02073,15490.0
2996.5,16.51,-0.5414,-0.1405,15470.0
2996.55,16.52,-0.5742,-0.1336,15450.0
2996.6,16.53,-0.6071,-0.1268,15470.0
2996.65,16.44,-0.6282,-0.04817,15510.0
2996.7,16.34,-0.6493,0.03048,15560.0
2996.75,16.33,-0.6415,0.1384,15610.0
2996.8,16.32,-0.6337,0.2463,15640.0
2996.85,16.23,-0.5404,0.2883,15660.0
2996.9,16.14,-0.447,0.3302,15660.0
2996.95,16.21,-0.4753,0.3373,15650.0
2997.0,16.29,-0.5036,0.3444,15630.0
2997.05,16.41,-0.5659,0.5265,15630.0
2997.1,16.54,-0.6282,0.7087,15640.0
2997.15,16.62,-0.6015,0.6235,15680.0
2997.2,16.7,-0.5748,0.5382,15730.0
2997.25,16.84,-0.4761,0.4884,15770.0
2997.3,16.98,-0.3774,0.4385,15800.0
2997.35,17.12,-0.2761,0.4291,15830.0
2997.4,17.27,-0.1748,0.4197,15850.0
2997.45,16.98,-0.05633,0.4799,15850.0
2997.5,16.69,0.0621,0.5402,15840.0
2997.55,16.81,0.03961,0.4519,15830.0
2997.6,16.94,0.01712,0.3636,15820.0
2997.65,16.96,-0.06688,0.3148,15820.0
2997.7,16.99,-0.1509,0.2661,15830.0
2997.75,16.83,0.07305,0.3412,15860.0
2997.8,16.67,0.297,0.4163,15900.0
2997.85,16.7,0.2144,0.2194,15950.0
2997.9,16.72,0.1318,0.02244,16000.0
2997.95,16.73,-0.05613,-0.0867,16030.0
2998.0,16.73,-0.244,-0.1958,16030.0
2998.05,16.65,-0.126,-0.2557,16010.0
2998.1,16.58,-0.007962,-0.3156,15980.0
2998.15,16.47,0.03981,-0.3693,15950.0
2998.2,16.37,0.08758,-0.4231,15930.0
2998.25,16.32,0.05275,-0.392,15940.0
2998.3,16.27,0.01791,-0.3609,15970.0
2998.35,16.28,-0.06489,-0.378,16020.0
2998.4,16.3,-0.1477,-0.3951,16060.0
2998.45,16.37,-0.084,-0.2891,16070.0
2998.5,16.45,-0.0203,-0.1832,16070.0
2998.55,16.62,-0.005772,-0.0628,16070.0
2998.6,16.8,0.008758,0.05755,16070.0
2998.65,16.76,0.1437,0.08072,16060.0
2998.7,16.72,0.2787,0.1039,16070.0
2998.75,16.81,0.2848,-0.04402,16100.0
2998.8,16.9,0.291,-0.1919,16140.0
2998.85,16.92,0.2066,-0.1252,16170.0
2998.9,16.94,0.1222,-0.05853,16180.0
2998.95,17.01,0.4188,0.05073,16180.0
2999.0,17.08,0.7154,0.16,16180.0
2999.05,17.07,0.6771,0.02975,16170.0
2999.1,17.05,0.6389,-0.1005,16160.0
2999.15,17.07,0.6164,-0.1256,16160.0
2999.2,17.1,0.5939,-0.1507,16190.0
2999.25,16.9,0.5107,-0.1535,16240.0
2999.3,16.7,0.4275,-0.1563,16310.0
2999.35,16.79,0.5002,-0.1466,16370.0
2999.4,16.89,0.5728,-0.1368,16420.0
2999.45,16.92,0.5257,0.02414,16450.0
2999.5,16.95,0.4785,0.1851,16460.0
2999.55,16.96,0.6495,0.2275,16440.0
2999.6,16.96,0.8204,0.27,16400.0
2999.65,17.04,0.7954,0.3326,16360.0
2999.7,17.12,0.7703,0.3953,16340.0
2999.75,17.13,0.7605,0.3812,16340.0
2999.8,17.15,0.7508,0.367,16370.0
2999.85,17.1,0.5776,0.5225,16420.0
2999.9,17.06,0.4045,0.678,16480.0
2999.95,17.05,0.3021,0.805,16560.0
3000.0,17.03,0.1998,0.9321,16630.0
3000.05,16.95,0.1754,1.082,16660.0
3000.1,16.88,0.1509,1.232,16650.0
3000.15,16.87,0.007365,1.062,16610.0
3000.2,16.86,-0.1361,0.8919,16560.0
3000.25,16.88,-0.07743,0.6981,16510.0
3000.3,16.9,-0.01871,0.5043,16470.0
3000.35,16.8,-0.1467,0.5234,16470.0
3000.4,16.7,-0.2747,0.5424,16510.0
3000.45,16.51,-0.07743,0.3964,16580.0
3000.5,16.33,0.1198,0.2505,16650.0
3000.55,16.46,0.07086,0.3529,16690.0
3000.6,16.6,0.02189,0.4553,16710.0
3000.65,16.76,0.3274,0.3003,16700.0
3000.7,16.93,0.633,0.1453,16680.0
3000.75,17.07,0.5812,0.305,16640.0
3000.8,17.21,0.5295,0.4646,16590.0
3000.85,17.16,0.3587,0.5966,16580.0
3000.9,17.11,0.1879,0.7287,16590.0
3000.95,16.91,0.1119,0.6888,16620.0
3001.0,16.71,0.03583,0.649,16650.0
3001.05,16.6,-0.07663,0.5337,16670.0
3001.1,16.49,-0.1891,0.4185,16690.0
3001.15,16.6,-0.1596,0.6337,16690.0
3001.2,16.72,-0.1302,0.8489,16680.0
3001.25,16.6,-0.2251,0.8598,16660.0
3001.3,16.49,-0.3201,0.8706,16640.0
3001.35,16.48,-0.1839,0.5052,16650.0
3001.4,16.47,-0.04777,0.1397,16700.0
3001.45,16.46,-0.1043,0.1619,16740.0
3001.5,16.46,-0.1608,0.1841,16770.0
3001.55,16.49,-0.2896,0.2324,16790.0
3001.6,16.51,-0.4184,0.2807,16790.0
3001.65,16.56,-0.3541,0.2336,16770.0
3001.7,16.61,-0.2898,0.1866,16740.0
3001.75,16.55,-0.4351,0.05121,16710.0
3001.8,16.49,-0.5804,-0.08414,16710.0
3001.85,16.35,-0.5056,-0.1564,16730.0
3001.9,16.21,-0.4307,-0.2288,16760.0
3001.95,16.17,-0.2633,-0.282,16800.0
3002.0,16.13,-0.09594,-0.3353,16850.0
3002.05,16.17,-0.09912,-0.2027,16910.0
3002.1,16.2,-0.1023,-0.06999,16940.0
3002.15,16.26,-0.03424,-0.05816,16960.0
3002.2,16.32,0.03384,-0.04634,16950.0
3002.25,16.33,-0.03085,-0.0456,16930.0
3002.3,16.34,-0.09554,-0.04487,16910.0
3002.35,16.12,-0.1365,0.1624,16880.0
3002.4,15.89,-0.1775,0.3697,16860.0
3002.45,15.96,-0.1551,0.4429,16850.0
3002.5,16.03,-0.1326,0.516,16870.0
3002.55,16.07,-0.06051,0.496,16920.0
3002.6,16.11,0.01154,0.476,16970.0
3002.65,16.09,0.03404,0.4574,17020.0
3002.7,16.07,0.05653,0.4387,17060.0
3002.75,16.1,0.13,0.4865,17090.0
3002.8,16.13,0.2034,0.5343,17080.0
3002.85,16.13,0.1903,0.4915,17050.0
3002.9,16.12,0.1771,0.4487,17000.0
3002.95,16.29,0.1598,0.4254,16970.0
3003.0,16.46,0.1425,0.4022,16940.0
3003.05,16.57,0.4624,0.4196,16930.0
3003.1,16.68,0.7822,0.437,16950.0
3003.15,16.53,0.7816,0.3525,16990.0
3003.2,16.39,0.781,0.268,17020.0
3003.25,16.46,0.6509,0.2861,17040.0
3003.3,16.54,0.5207,0.3041,17050.0
3003.35,16.45,0.5211,0.2944,17040.0
3003.4,16.37,0.5215,0.2846,17000.0
3003.45,16.17,0.3346,0.4035,16960.0
3003.5,15.97,0.1477,0.5224,16930.0
3003.55,15.91,-0.02767,0.599,16930.0
3003.6,15.85,-0.203,0.6755,16970.0
3003.65,15.74,-0.3027,0.7261,17010.0
3003.7,15.64,-0.4025,0.7767,17050.0
3003.75,15.71,-0.2737,0.6125,17060.0
3003.8,15.79,-0.1449,0.4482,17050.0
3003.85,15.93,-0.01791,0.4907,17020.0
3003.9,16.07,0.1091,0.5331,17000.0
3003.95,16.09,-0.06986,0.6115,16970.0
3004.0,16.11,-0.2488,0.6899,16970.0
3004.05,16.18,-0.09654,0.7489,16980.0
3004.1,16.25,0.05573,0.808,17020.0
3004.15,16.31,0.05653,0.9506,17050.0
3004.2,16.36,0.05732,1.093,17080.0
3004.25,16.25,-0.03662,0.9821,17100.0
3004.3,16.14,-0.1306,0.8709,17130.0
3004.35,16.24,-0.03901,0.5213,17160.0
3004.4,16.35,0.05255,0.1717,17170.0
3004.45,16.27,0.1867,0.06719,17150.0
3004.5,16.2,0.3209,-0.03731,17140.0
3004.55,16.11,0.4594,0.07963,17130.0
3004.6,16.02,0.5979,0.1966,17110.0
3004.65,15.87,0.3648,0.4431,17090.0
3004.7,15.73,0.1318,0.6897,17090.0
3004.75,15.56,0.2333,0.8543,17120.0
3004.8,15.4,0.3348,1.019,17160.0
3004.85,15.33,0.33,0.8397,17190.0
3004.9,15.27,0.3252,0.6604,17210.0
3004.95,15.27,0.3603,0.6203,17240.0
3005.0,15.28,0.3953,0.5802,17260.0
3005.05,15.56,0.4084,0.4576,17260.0
3005.1,15.85,0.4216,0.3351,17220.0
3005.15,15.93,0.293,0.1771,17160.0
3005.2,16.0,0.1644,0.01902,17110.0
3005.25,15.84,0.167,-0.1514,17090.0
3005.3,15.68,0.1696,-0.3219,17080.0
3005.35,15.61,0.2826,-0.5758,17080.0
3005.4,15.54,0.3957,-0.8297,17110.0
3005.45,15.27,0.2721,-0.7954,17150.0
3005.5,15.0,0.1485,-0.7611,17160.0
3005.55,15.23,0.2353,-0.6251,17140.0
3005.6,15.45,0.322,-0.489,17100.0
3005.65,15.29,0.2607,-0.5942,17070.0
3005.7,15.12,0.1994,-0.6994,17050.0
3005.75,15.22,0.09932,-0.422,17030.0
3005.8,15.32,-0.0007962,-0.1446,17020.0
3005.85,15.36,-0.1182,0.05243,17030.0
3005.9,15.39,-0.2357,0.2495,17070.0
3005.95,15.31,-0.2806,0.3943,17100.0
3006.0,15.23,-0.3256,0.5392,17110.0
3006.05,15.36,-0.3603,0.5209,17100.0
3006.1,15.48,-0.3949,0.5026,17080.0
3006.15,15.57,-0.294,0.3308,17070.0
3006.2,15.66,-0.1931,0.159,17050.0
3006.25,15.81,-0.209,0.3347,17030.0
3006.3,15.96,-0.2249,0.5104,17020.0
3006.35,15.98,-0.3002,0.5002,17040.0
3006.4,15.99,-0.3754,0.4899,17080.0
3006.45,15.8,-0.3515,0.492,17130.0
3006.5,15.6,-0.3276,0.4941,17170.0
3006.55,15.64,-0.3358,0.4897,17200.0
3006.6,15.67,-0.3439,0.4853,17220.0
3006.65,15.68,-0.4259,0.3558,17240.0
3006.7,15.68,-0.508,0.2263,17230.0
3006.75,15.83,-0.3977,0.4089,17200.0
3006.8,15.98,-0.2874,0.5914,17170.0
3006.85,16.25,-0.1744,0.521,17160.0
3006.9,16.52,-0.0613,0.4507,17160.0
3006.95,16.59,-0.01015,0.5686,17160.0
3007.0,16.66,0.041,0.6865,17170.0
3007.05,16.59,-0.1413,0.6152,17210.0
3007.1,16.52,-0.3236,0.5438,17270.0
3007.15,16.4,-0.4765,0.6055,17310.0
3007.2,16.27,-0.6294,0.6672,17320.0
3007.25,16.27,-0.6224,0.685,17300.0
3007.3,16.27,-0.6154,0.7028,17270.0
3007.35,16.22,-0.5866,0.742,17240.0
3007.4,16.16,-0.5577,0.7811,17200.0
3007.45,16.32,-0.6252,0.8606,17170.0
3007.5,16.47,-0.6927,0.9401,17160.0
3007.55,16.53,-0.7458,0.8487,17170.0
3007.6,16.59,-0.799,0.7572,17200.0
3007.65,16.67,-0.8517,0.6786,17210.0
3007.7,16.74,-0.9044,0.5999,17200.0
3007.75,16.83,-0.6978,0.5208,17170.0
3007.8,16.93,-0.4912,0.4417,17140.0
3007.85,16.94,-0.5012,0.3653,17120.0
3007.9,16.95,-0.5111,0.289,17110.0
3007.95,16.97,-0.4401,0.5047,17100.0
3008.0,16.99,-0.369,0.7204,17110.0
3008.05,16.96,-0.2818,0.7027,17130.0
3008.1,16.93,-0.1947,0.685,17140.0
3008.15,16.89,-0.253,0.6722,17110.0
3008.2,16.84,-0.3113,0.6594,17080.0
3008.25,16.89,-0.3877,0.6446,17070.0
3008.3,16.94,-0.4642,0.6297,17070.0
3008.35,16.94,-0.247,0.5457,17060.0
3008.4,16.94,-0.02986,0.4617,17060.0
3008.45,16.89,-0.003384,0.4291,17070.0
3008.5,16.84,0.02309,0.3965,17090.0
3008.55,16.94,-0.1119,0.2485,17100.0
3008.6,17.04,-0.2468,0.1005,17110.0
3008.65,17.1,-0.3816,0.2331,17120.0
3008.7,17.16,-0.5163,0.3658,17130.0
3008.75,17.28,-0.6401,0.09645,17140.0
3008.8,17.41,-0.7639,-0.1729,17130.0
3008.85,17.5,-0.6413,-0.05743,17110.0
3008.9,17.59,-0.5187,0.05804,17100.0
3008.95,17.4,-0.4998,-0.02073,17120.0
3009.0,17.2,-0.4809,-0.0995,17150.0
3009.05,17.1,-0.3481,-0.2108,17180.0
3009.1,17.0,-0.2154,-0.3222,17200.0
3009.15,17.12,-0.2215,-0.3628,17210.0
3009.2,17.23,-0.2277,-0.4034,17210.0
3009.25,17.28,-0.2613,-0.4519,17200.0
3009.3,17.32,-0.295,-0.5004,17170.0
3009.35,17.23,-0.4395,-0.3986,17150.0
3009.4,17.14,-0.584,-0.2968,17150.0
3009.45,17.13,-0.3959,-0.2874,17160.0
3009.5,17.11,-0.2078,-0.278,17170.0
3009.55,17.08,-0.2221,-0.3358,17180.0
3009.6,17.05,-0.2365,-0.3936,17190.0
3009.65,17.1,0.007365,-0.2874,17200.0
3009.7,17.16,0.2512,-0.1812,17200.0
3009.75,17.05,0.1984,-0.3536,17180.0
3009.8,16.95,0.1457,-0.526,17150.0
3009.85,16.92,0.1732,-0.5082,17110.0
3009.9,16.9,0.2006,-0.4904,17090.0
3009.95,16.96,0.293,-0.2367,17070.0
3010.0,17.02,0.3853,0.01707,17060.0
3010.05,17.05,0.4373,-0.015,17050.0
3010.1,17.09,0.4892,-0.04707,17050.0
3010.15,17.23,0.465,-0.1725,17070.0
3010.2,17.36,0.4407,-0.298,17070.0
3010.25,17.45,0.4128,-0.3885,17050.0
3010.3,17.53,0.3849,-0.479,17020.0
3010.35,17.45,0.3392,-0.3064,16990.0
3010.4,17.36,0.2934,-0.1339,16960.0
3010.45,17.21,0.1994,-0.1977,16930.0
3010.5,17.05,0.1055,-0.2614,16910.0
3010.55,17.08,0.1184,-0.2591,16920.0
3010.6,17.1,0.1314,-0.2568,16940.0
3010.65,17.24,0.2812,-0.08804,16970.0
3010.7,17.38,0.4311,0.08072,16990.0
3010.75,17.42,0.5227,0.1441,16980.0
3010.8,17.46,0.6142,0.2075,16950.0
3010.85,17.54,0.4743,0.1691,16920.0
3010.9,17.62,0.3344,0.1307,16880.0
3010.95,17.51,0.4136,0.2546,16850.0
3011.0,17.4,0.4928,0.3785,16840.0
3011.05,17.33,0.631,0.3767,16850.0
3011.1,17.26,0.7691,0.3748,16880.0
3011.15,17.22,0.5623,0.3162,16900.0
3011.2,17.18,0.3555,0.2575,16920.0
3011.25,17.05,0.2783,0.2302,16940.0
3011.3,16.91,0.201,0.2029,16960.0
3011.35,16.78,0.1803,0.3597,16960.0
3011.4,16.65,0.1596,0.5165,16940.0
3011.45,16.52,0.1441,0.5558,16910.0
3011.5,16.39,0.1286,0.5951,16890.0
3011.55,16.35,0.01334,0.6404,16880.0
3011.6,16.3,-0.1019,0.6858,16860.0
3011.65,16.25,-0.1314,0.6961,16840.0
3011.7,16.2,-0.1608,0.7065,16840.0
3011.75,16.26,-0.1314,0.7619,16860.0
3011.8,16.32,-0.1019,0.8172,16890.0
3011.85,16.3,0.1925,0.6492,16900.0
3011.9,16.28,0.4869,0.4812,16900.0
3011.95,16.3,0.4504,0.1491,16900.0
3012.0,16.32,0.414,-0.1829,16900.0
3012.05,16.55,0.5024,-0.1223,16880.0
3012.1,16.77,0.5908,-0.0617,16860.0
3012.15,16.85,0.5906,0.1143,16830.0
3012.2,16.93,0.5904,0.2902,16800.0
3012.25,16.84,0.6037,0.357,16780.0
3012.3,16.75,0.617,0.4239,16760.0
3012.35,16.72,0.4849,0.4137,16740.0
3012.4,16.69,0.3527,0.4036,16720.0
3012.45,16.69,0.2775,0.4126,16720.0
3012.5,16.68,0.2022,0.4217,16740.0
3012.55,16.64,0.2291,0.4947,16750.0
3012.6,16.61,0.256,0.5677,16750.0
3012.65,16.54,0.1218,0.8131,16750.0
3012.7,16.47,-0.01234,1.058,16740.0
3012.75,16.62,-0.07882,1.089,16720.0
3012.8,16.78,-0.1453,1.12,16680.0
3012.85,16.84,-0.1298,1.079,16650.0
3012.9,16.9,-0.1142,1.037,16620.0
3012.95,16.62,-0.08181,1.264,16610.0
3013.0,16.34,-0.04936,1.49,16610.0
3013.05,16.24,0.03861,1.385,16620.0
3013.1,16.14,0.1266,1.279,16640.0
3013.15,15.86,0.1688,1.163,16650.0
3013.2,15.58,0.211,1.046,16650.0
3013.25,15.67,0.2717,0.9173,16630.0
3013.3,15.75,0.3324,0.7887,16600.0
3013.35,15.93,0.1996,0.8984,16560.0
3013.4,16.11,0.06688,1.008,16540.0
3013.45,16.16,0.1533,1.046,16540.0
3013.5,16.2,0.2396,1.083,16550.0
3013.55,16.03,0.1505,1.036,16580.0
3013.6,15.86,0.0613,0.9892,16600.0
3013.65,15.84,0.2217,0.8864,16620.0
3013.7,15.83,0.3822,0.7836,16610.0
3013.75,15.79,0.1288,0.8354,16580.0
3013.8,15.76,-0.1246,0.8872,16520.0
3013.85,15.77,-0.1692,0.7647,16470.0
3013.9,15.77,-0.2138,0.6421,16420.0
3013.95,15.81,-0.2884,0.4506,16400.0
3014.0,15.84,-0.3631,0.259,16410.0
3014.05,15.99,-0.5557,0.3834,16450.0
3014.1,16.14,-0.7484,0.5077,16490.0
3014.15,16.14,-0.7317,0.2878,16530.0
3014.2,16.13,-0.715,0.0678,16560.0
3014.25,16.24,-0.8195,0.106,16570.0
3014.3,16.35,-0.924,0.1441,16550.0
3014.35,16.29,-0.8818,-0.009145,16500.0
3014.4,16.24,-0.8396,-0.1624,16430.0
3014.45,16.23,-0.8702,-0.2341,16370.0
3014.5,16.22,-0.9009,-0.3058,16330.0
3014.55,16.04,-0.6945,-0.2439,16300.0
3014.6,15.86,-0.4881,-0.1819,16290.0
3014.65,15.8,-0.534,-0.3412,16320.0
3014.7,15.74,-0.58,-0.5004,16360.0
3014.75,15.77,-0.6003,-0.6488,16400.0
3014.8,15.8,-0.6206,-0.7972,16410.0
3014.85,15.81,-0.8346,-0.6726,16410.0
3014.9,15.82,-1.049,-0.548,16410.0
3014.95,15.79,-0.9058,-0.4381,16400.0
3015.0,15.75,-0.7631,-0.3283,16370.0
3015.05,15.84,-0.5398,-0.4448,16330.0
3015.1,15.92,-0.3165,-0.5614,16280.0
3015.15,15.91,-0.4385,-0.6001,16230.0
3015.2,15.91,-0.5605,-0.6387,16180.0
3015.25,15.91,-0.5824,-0.5221,16160.0
3015.3,15.91,-0.6043,-0.4056,16160.0
3015.35,15.98,-0.6833,-0.4865,16190.0
3015.4,16.05,-0.7623,-0.5675,16260.0
3015.45,16.03,-0.6672,-0.5788,16320.0
3015.5,16.01,-0.572,-0.5902,16370.0
3015.55,16.13,-0.5828,-0.6763,16380.0
3015.6,16.25,-0.5935,-0.7624,16350.0
3015.65,16.2,-0.6576,-0.7632,16280.0
3015.7,16.16,-0.7217,-0.7641,16200.0
3015.75,16.15,-0.4942,-0.6841,16130.0
3015.8,16.14,-0.2667,-0.6041,16080.0
3015.85,16.05,-0.1334,-0.5992,16050.0
3015.9,15.96,0.0,-0.5943,16060.0
3015.95,16.13,-0.1815,-0.5412,16090.0
3016.0,16.3,-0.3631,-0.488,16160.0
3016.05,16.56,-0.3159,-0.3544,16210.0
3016.1,16.83,-0.2687,-0.2207,16240.0
3016.15,16.79,-0.2259,-0.1783,16230.0
3016.2,16.75,-0.1831,-0.1358,16200.0
3016.25,16.64,-0.0822,-0.2325,16140.0
3016.3,16.54,0.01871,-0.3292,16060.0
3016.35,16.4,0.08798,-0.3013,15990.0
3016.4,16.27,0.1572,-0.2734,15940.0
3016.45,16.22,0.171,-0.03317,15950.0
3016.5,16.18,0.1847,0.2071,15980.0
3016.55,16.14,0.4084,0.2589,16020.0
3016.6,16.11,0.6322,0.3107,16060.0
3016.65,15.99,0.6469,0.2569,16100.0
3016.7,15.88,0.6616,0.2031,16100.0
3016.75,15.9,0.5386,0.2395,16060.0
3016.8,15.92,0.4156,0.2758,16000.0
3016.85,15.75,0.4988,0.2942,15950.0
3016.9,15.59,0.582,0.3126,15900.0
3016.95,15.77,0.5416,0.2379,15870.0
3017.0,15.94,0.5012,0.1632,15880.0
3017.05,16.04,0.4256,0.3369,15910.0
3017.1,16.13,0.3499,0.5107,15960.0
3017.15,16.3,0.4881,0.4493,16000.0
3017.2,16.46,0.6262,0.388,16010.0
3017.25,16.48,0.5406,0.2401,15990.0
3017.3,16.5,0.455,0.09218,15950.0
3017.35,16.46,0.3296,0.1755,15900.0
3017.4,16.42,0.2042,0.2588,15850.0
3017.45,16.54,-0.1298,0.1046,15810.0
3017.5,16.65,-0.4638,-0.04951,15800.0
3017.55,16.69,-0.6439,0.01988,15810.0
3017.6,16.72,-0.824,0.08926,15840.0
3017.65,16.72,-0.5937,0.08255,15880.0
3017.7,16.71,-0.3635,0.07585,15920.0
3017.75,16.83,-0.4202,-0.1614,15960.0
3017.8,16.95,-0.4769,-0.3987,15990.0
3017.85,16.95,-0.6194,-0.3851,15970.0
3017.9,16.95,-0.7619,-0.3714,15940.0
3017.95,16.66,-0.75,-0.3462,15880.0
3018.0,16.37,-0.738,-0.3209,15830.0
3018.05,16.32,-0.7034,-0.1346,15790.0
3018.1,16.27,-0.6688,0.0517,15780.0
3018.15,16.13,-0.8613,0.1028,15790.0
3018.2,16.0,-1.054,0.1539,15840.0
3018.25,15.91,-1.286,0.2538,15890.0
3018.3,15.82,-1.518,0.3536,15930.0
3018.35,15.85,-1.261,0.4793,15960.0
3018.4,15.88,-1.003,0.6051,15960.0
3018.45,15.71,-0.8051,0.547,15950.0
3018.5,15.54,-0.6071,0.489,15910.0
3018.55,15.7,-0.3583,0.4535,15850.0
3018.6,15.86,-0.1095,0.418,15790.0
3018.65,15.93,0.09614,0.4602,15740.0
3018.7,15.99,0.3017,0.5024,15720.0
3018.75,16.02,0.4256,0.5687,15720.0
3018.8,16.05,0.5494,0.6351,15730.0
3018.85,16.24,0.6011,0.4176,15760.0
3018.9,16.43,0.6529,0.2002,15790.0
3018.95,16.27,0.5581,-0.111,15820.0
3019.0,16.11,0.4634,-0.4221,15830.0
3019.05,16.17,0.216,-0.3256,15800.0
3019.1,16.24,-0.03145,-0.229,15770.0
3019.15,15.98,-0.06767,-0.06219,15720.0
3019.2,15.73,-0.1039,0.1046,15680.0
3019.25,15.79,0.0215,0.08572,15650.0
3019.3,15.85,0.1469,0.06682,15630.0
3019.35,15.93,0.00617,0.08499,15620.0
3019.4,16.02,-0.1346,0.1032,15640.0
3019.45,16.0,-0.1254,0.1878,15650.0
3019.5,15.98,-0.1162,0.2724,15660.0
3019.55,16.06,-0.07504,0.2561,15670.0
3019.6,16.15,-0.03384,0.2397,15680.0
3019.65,16.23,0.3762,0.196,15690.0
3019.7,16.31,0.7862,0.1522,15680.0
3019.75,16.23,0.6127,-0.1499,15650.0
3019.8,16.15,0.4391,-0.4519,15630.0
3019.85,16.05,0.4084,-0.5354,15620.0
3019.9,15.95,0.3778,-0.619,15610.0
3019.95,15.86,0.5173,-0.6085,15600.0
3020.0,15.77,0.6568,-0.598,15590.0
3020.05,15.74,0.6574,-0.5085,15580.0
3020.1,15.72,0.658,-0.419,15590.0
3020.15,15.66,0.8169,-0.2875,15600.0
3020.2,15.6,0.9757,-0.1561,15600.0
3020.25,15.58,0.8017,0.03183,15600.0
3020.3,15.57,0.6278,0.2197,15600.0
3020.35,15.59,0.624,0.1399,15610.0
3020.4,15.6,0.6202,0.05999,15610.0
3020.45,15.71,0.5722,-0.1273,15600.0
3020.5,15.82,0.5243,-0.3146,15580.0
3020.55,15.96,0.585,-0.4109,15590.0
3020.6,16.1,0.6457,-0.5073,15600.0
3020.65,16.1,0.6507,-0.4604,15590.0
3020.7,16.11,0.6556,-0.4136,15560.0
3020.75,16.01,0.4606,-0.3502,15540.0
3020.8,15.91,0.2655,-0.2868,15530.0
3020.85,16.07,0.1137,-0.2408,15530.0
3020.9,16.22,-0.03822,-0.1949,15520.0
3020.95,16.15,-0.1889,-0.1274,15510.0
3021.0,16.08,-0.3396,-0.05999,15520.0
3021.05,16.12,-0.175,0.05158,15540.0
3021.1,16.16,-0.01035,0.1632,15540.0
3021.15,16.19,0.1322,0.1321,15520.0
3021.2,16.22,0.2747,0.101,15500.0
3021.25,16.34,0.3748,-0.01134,15490.0
3021.3,16.45,0.4749,-0.1236,15480.0
3021.35,16.42,0.4327,-0.03926,15460.0
3021.4,16.38,0.3905,0.04512,15420.0
3021.45,16.37,0.5324,0.05292,15410.0
3021.5,16.36,0.6744,0.06073,15410.0
3021.55,16.43,0.7576,-0.01488,15420.0
3021.6,16.51,0.8408,-0.09048,15410.0
3021.65,16.65,0.9636,-0.1028,15400.0
3021.7,16.78,1.086,-0.1151,15400.0
3021.75,16.93,0.9303,-0.2302,15420.0
3021.8,17.07,0.7743,-0.3453,15420.0
3021.85,16.96,0.7227,-0.1675,15410.0
3021.9,16.85,0.6712,0.01024,15390.0
3021.95,16.84,0.6115,0.0178,15380.0
3022.0,16.82,0.5517,0.02536,15360.0
3022.05,16.86,0.5995,-0.2219,15330.0
3022.1,16.89,0.6473,-0.4692,15310.0
3022.15,16.89,0.7287,-0.4117,15300.0
3022.2,16.89,0.8101,-0.3541,15310.0
3022.25,16.94,0.8744,-0.3373,15320.0
3022.3,16.99,0.9387,-0.3205,15320.0
3022.35,16.89,0.8559,-0.2961,15310.0
3022.4,16.79,0.7731,-0.2717,15300.0
3022.45,16.46,0.6919,-0.2652,15300.0
3022.5,16.12,0.6107,-0.2588,15300.0
3022.55,16.13,0.3901,-0.2318,15300.0
3022.6,16.14,0.1696,-0.2049,15310.0
3022.65,16.18,0.1342,-0.1846,15330.0
3022.7,16.22,0.09872,-0.1644,15340.0
3022.75,16.18,0.09474,-0.1968,15340.0
3022.8,16.13,0.09076,-0.2292,15310.0
3022.85,16.16,-0.03404,-0.2573,15290.0
3022.9,16.18,-0.1588,-0.2853,15270.0
3022.95,16.3,0.06489,-0.02353,15260.0
3023.0,16.41,0.2886,0.2383,15250.0
3023.05,16.34,0.2789,0.1514,15250.0
3023.1,16.26,0.2691,0.06463,15260.0
3023.15,16.28,0.1819,-0.03097,15280.0
3023.2,16.29,0.09474,-0.1266,15290.0
3023.25,16.28,0.09474,0.008901,15290.0
3023.3,16.28,0.09474,0.1444,15290.0
3023.35,16.19,0.2444,0.5362,15290.0
3023.4,16.1,0.3941,0.9279,15290.0
3023.45,16.24,0.5235,0.8805,15270.0
3023.5,16.39,0.6529,0.8331,15230.0
3023.55,16.48,0.6103,0.6985,15200.0
3023.6,16.57,0.5677,0.5638,15170.0
3023.65,16.7,0.5446,0.6736,15160.0
3023.7,16.83,0.5215,0.7833,15150.0
3023.75,16.87,0.5551,0.6357,15150.0
3023.8,16.91,0.5888,0.488,15160.0
3023.85,16.73,0.7092,0.4592,15190.0
3023.9,16.55,0.8296,0.4304,15220.0
3023.95,16.56,0.8417,0.3762,15220.0
3024.0,16.57,0.8539,0.3219,15210.0
3024.05,16.87,0.7333,0.06597,15190.0
3024.1,17.16,0.6127,-0.19,15160.0
3024.15,17.12,0.5448,-0.08389,15120.0
3024.2,17.07,0.4769,0.02219,15080.0
3024.25,17.25,0.4039,0.07475,15060.0
3024.3,17.43,0.3308,0.1273,15070.0
3024.35,17.43,0.3597,0.1379,15090.0
3024.4,17.42,0.3885,0.1485,15110.0
3024.45,17.44,0.5151,0.2361,15110.0
3024.5,17.46,0.6417,0.3236,15110.0
3024.55,17.47,0.5245,0.3751,15110.0
3024.6,17.47,0.4072,0.4265,15100.0
3024.65,17.37,0.3579,0.3237,15080.0
3024.7,17.27,0.3085,0.221,15050.0
3024.75,17.47,0.4337,0.3413,15030.0
3024.8,17.68,0.5589,0.4617,15020.0
3024.85,17.58,0.4817,0.4753,15030.0
3024.9,17.49,0.4045,0.489,15030.0
3024.95,17.45,0.5157,0.2585,15030.0
3025.0,17.41,0.627,0.02805,15030.0
3025.05,17.29,0.6656,-0.1641,15030.0
3025.1,17.16,0.7042,-0.3563,15010.0
3025.15,17.26,0.5581,-0.2284,14990.0
3025.2,17.36,0.412,-0.1005,14970.0
3025.25,17.46,0.4719,-0.1218,14960.0
3025.3,17.57,0.5318,-0.1432,14970.0
3025.35,17.56,0.5615,-0.1256,15000.0
3025.4,17.56,0.5912,-0.108,15020.0
3025.45,17.73,0.5854,-0.03475,15040.0
3025.5,17.9,0.5796,0.03853,15050.0
3025.55,17.87,0.5103,0.025,15040.0
3025.6,17.84,0.4411,0.01146,15020.0
3025.65,17.81,0.5635,0.1712,15000.0
3025.7,17.78,0.6859,0.3309,14970.0
3025.75,17.63,0.5764,0.3552,14960.0
3025.8,17.48,0.467,0.3795,14960.0
3025.85,17.5,0.3652,0.4681,14970.0
3025.9,17.52,0.2635,0.5568,14980.0
3025.95,17.66,0.326,0.3628,15000.0
3026.0,17.79,0.3885,0.1688,15040.0
3026.05,17.75,0.4713,0.2008,15080.0
3026.1,17.7,0.5541,0.2329,15110.0
3026.15,17.75,0.6423,0.1989,15120.0
3026.2,17.8,0.7305,0.1649,15100.0
3026.25,17.86,0.6409,0.08719,15070.0
3026.3,17.93,0.5513,0.009511,15020.0
3026.35,18.01,0.4554,0.05902,14970.0
3026.4,18.09,0.3595,0.1085,14920.0
3026.45,18.31,0.4761,0.04158,14910.0
3026.5,18.53,0.5927,-0.02536,14940.0
3026.55,18.53,0.4558,-0.09877,14990.0
3026.6,18.53,0.3189,-0.1722,15040.0
3026.65,18.58,0.2339,-0.1138,15070.0
3026.7,18.64,0.1489,-0.05536,15100.0
3026.75,18.49,0.1704,-0.1352,15090.0
3026.8,18.34,0.1919,-0.2151,15040.0
3026.85,18.4,0.2725,-0.1877,14980.0
3026.9,18.45,0.3531,-0.1602,14930.0
3026.95,18.59,0.4769,-0.1158,14920.0
3027.0,18.73,0.6007,-0.07146,14920.0
3027.05,18.94,0.3555,-0.143,14920.0
3027.1,19.15,0.1103,-0.2146,14930.0
3027.15,19.07,-0.2619,-0.1582,14950.0
3027.2,18.99,-0.6341,-0.1017,14960.0
3027.25,18.96,-0.3199,-0.06231,14970.0
3027.3,18.93,-0.005573,-0.02292,14950.0
3027.35,18.78,0.09236,0.1406,14940.0
3027.4,18.63,0.1903,0.3041,14950.0
3027.45,18.95,0.03085,0.3481,14950.0
3027.5,19.26,-0.1286,0.3922,14950.0
3027.55,19.26,-0.05832,0.4113,14940.0
3027.6,19.25,0.01194,0.4304,14940.0
3027.65,19.14,0.1871,0.4587,14940.0
3027.7,19.02,0.3623,0.487,14950.0
3027.75,18.93,0.3055,0.4085,14950.0
3027.8,18.84,0.2488,0.33,14940.0
3027.85,19.04,0.1423,0.2502,14940.0
3027.9,19.25,0.03583,0.1705,14950.0
3027.95,19.4,-0.03722,0.2251,14960.0
3028.0,19.56,-0.1103,0.2797,14950.0
3028.05,19.38,0.1413,0.2127,14940.0
3028.1,19.2,0.3929,0.1456,14950.0
3028.15,19.11,0.3983,0.2035,14980.0
3028.2,19.02,0.4037,0.2614,15000.0
3028.25,19.06,0.3308,0.2075,15020.0
3028.3,19.1,0.258,0.1536,15020.0
3028.35,19.2,0.3648,0.01122,15010.0
3028.4,19.3,0.4717,-0.1312,15000.0
3028.45,19.37,0.6359,0.1079,14970.0
3028.5,19.45,0.8001,0.347,14930.0
3028.55,19.41,0.949,0.2673,14910.0
3028.6,19.37,1.098,0.1875,14920.0
3028.65,19.44,1.183,0.1972,14960.0
3028.7,19.5,1.267,0.2068,15010.0
3028.75,19.55,1.449,0.1534,15050.0
3028.8,19.6,1.631,0.09999,15090.0
3028.85,19.39,1.513,0.08426,15110.0
3028.9,19.18,1.394,0.06853,15080.0
3028.95,18.88,1.44,0.05377,15020.0
3029.0,18.59,1.486,0.03902,14950.0
3029.05,18.65,1.385,-0.006585,14890.0
3029.1,18.71,1.285,-0.05219,14860.0
3029.15,18.67,1.249,-0.1028,14860.0
3029.2,18.63,1.213,-0.1534,14870.0
3029.25,18.61,1.152,-0.195,14910.0
3029.3,18.6,1.091,-0.2366,14960.0
3029.35,18.58,1.173,-0.2394,15020.0
3029.4,18.56,1.256,-0.2422,15040.0
3029.45,18.57,1.053,-0.2146,15020.0
3029.5,18.58,0.8491,-0.1871,14990.0
3029.55,18.68,0.7992,-0.1416,14950.0
3029.6,18.79,0.7492,-0.09609,14920.0
3029.65,18.66,0.7856,-0.03707,14880.0
3029.7,18.54,0.822,0.02195,14840.0
3029.75,18.57,0.8611,0.02805,14840.0
3029.8,18.6,0.9001,0.03414,14870.0
3029.85,18.57,0.9046,0.08816,14900.0
3029.9,18.54,0.9092,0.1422,14930.0
3029.95,18.48,0.8465,0.01146,14960.0
3030.0,18.41,0.7838,-0.1193,14990.0
3030.05,18.51,0.6949,-0.1862,15000.0
3030.1,18.61,0.6059,-0.2531,14980.0
3030.15,18.68,0.7408,-0.2698,14940.0
3030.2,18.74,0.8758,-0.2866,14910.0
3030.25,18.73,0.8732,-0.3546,14910.0
3030.3,18.71,0.8706,-0.4226,14910.0
3030.35,18.7,0.8573,-0.1622,14920.0
3030.4,18.69,0.8439,0.09828,14940.0
3030.45,18.9,0.8521,0.08304,14970.0
3030.5,19.1,0.8603,0.0678,15000.0
3030.55,18.98,1.034,0.07109,15010.0
3030.6,18.85,1.207,0.07438,15000.0
3030.65,18.75,1.244,0.05231,14980.0
3030.7,18.65,1.281,0.03024,14970.0
3030.75,18.52,1.197,-0.2258,14970.0
3030.8,18.38,1.113,-0.4819,14970.0
3030.85,18.42,1.199,-0.4801,14960.0
3030.9,18.46,1.285,-0.4782,14970.0
3030.95,18.37,1.065,-0.2305,15010.0
3031.0,18.29,0.8439,0.01732,15050.0
3031.05,18.34,0.779,-0.00878,15060.0
3031.1,18.39,0.7142,-0.03487,15050.0
3031.15,18.42,0.6385,0.08133,15030.0
3031.2,18.44,0.5629,0.1975,15020.0
3031.25,18.34,0.3595,0.1412,15000.0
3031.3,18.25,0.156,0.08487,14970.0
3031.35,18.31,0.2229,0.07719,14950.0
3031.4,18.37,0.2898,0.0695,14970.0
3031.45,18.6,0.1943,0.08414,15010.0
3031.5,18.82,0.09872,0.09877,15040.0
3031.55,18.9,0.2747,-0.03585,15040.0
3031.6,18.98,0.4506,-0.1705,15030.0
3031.65,19.04,0.4711,0.1288,15030.0
3031.7,19.1,0.4916,0.428,15020.0
3031.75,19.12,0.6833,0.3252,14980.0
3031.8,19.14,0.875,0.2224,14950.0
3031.85,19.11,0.7743,0.1041,14950.0
3031.9,19.09,0.6736,-0.01414,14980.0
3031.95,18.96,0.7,-0.1161,14990.0
3032.0,18.84,0.7265,-0.218,14970.0
3032.05,18.72,0.9088,-0.4275,14950.0
3032.1,18.59,1.091,-0.637,14950.0
3032.15,18.52,1.235,-0.5318,14970.0
3032.2,18.44,1.379,-0.4265,14970.0
3032.25,18.43,1.353,-0.573,14960.0
3032.3,18.42,1.327,-0.7194,14970.0
3032.35,18.46,1.217,-0.6869,14990.0
3032.4,18.49,1.107,-0.6543,15010.0
3032.45,18.21,1.043,-0.534,15010.0
3032.5,17.92,0.9797,-0.4136,14990.0
3032.55,18.04,0.8151,-0.4167,14990.0
3032.6,18.16,0.6505,-0.4197,15000.0
3032.65,18.3,0.3969,-0.2146,15000.0
3032.7,18.44,0.1433,-0.009511,14990.0
3032.75,18.31,0.05712,0.03463,14980.0
3032.8,18.19,-0.02906,0.07877,15000.0
3032.85,18.33,0.06648,-0.07816,15030.0
3032.9,18.48,0.162,-0.2351,15060.0
3032.95,18.31,0.1517,-0.1908,15090.0
3033.0,18.14,0.1413,-0.1466,15110.0
3033.05,18.24,0.2572,-0.09475,15130.0
3033.1,18.34,0.373,-0.04292,15140.0
3033.15,18.44,0.3264,0.1344,15130.0
3033.2,18.54,0.2799,0.3117,15100.0
3033.25,18.47,0.3995,0.2983,15080.0
3033.3,18.4,0.5191,0.2848,15090.0
3033.35,18.11,0.6759,0.05585,15110.0
3033.4,17.83,0.8328,-0.1732,15130.0
3033.45,17.7,0.6328,-0.3856,15160.0
3033.5,17.56,0.4327,-0.598,15190.0
3033.55,17.73,0.3035,-0.2638,15230.0
3033.6,17.89,0.1744,0.07048,15240.0
3033.65,17.74,0.2197,0.06633,15220.0
3033.7,17.6,0.2651,0.06219,15190.0
3033.75,17.64,0.06867,0.1378,15170.0
3033.8,17.69,-0.1278,0.2134,15170.0
3033.85,17.77,-0.1099,0.1373,15170.0
3033.9,17.85,-0.09196,0.06121,15200.0
3033.95,17.92,-0.2283,0.2409,15240.0
3034.0,17.98,-0.3646,0.4207,15270.0
3034.05,17.89,-0.2926,0.4068,15290.0
3034.1,17.8,-0.2205,0.3929,15270.0
3034.15,17.86,-0.3947,0.2962,15240.0
3034.2,17.92,-0.5689,0.1995,15200.0
3034.25,17.74,-0.7735,0.1396,15170.0
3034.3,17.55,-0.9781,0.07975,15160.0
3034.35,17.4,-1.013,0.06926,15170.0
3034.4,17.25,-1.049,0.05877,15190.0
3034.45,17.49,-1.056,-0.06316,15240.0
3034.5,17.73,-1.064,-0.1851,15280.0
3034.55,17.79,-0.9765,-0.1639,15300.0
3034.6,17.85,-0.8889,-0.1427,15290.0
3034.65,17.62,-0.7114,-0.2456,15260.0
3034.7,17.4,-0.5338,-0.3485,15230.0
3034.75,17.29,-0.4498,-0.3563,15190.0
3034.8,17.19,-0.3658,-0.3641,15160.0
3034.85,17.35,-0.3597,-0.5143,15140.0
3034.9,17.51,-0.3535,-0.6646,15130.0
3034.95,17.41,-0.2731,-0.4506,15130.0
3035.0,17.32,-0.1927,-0.2366,15150.0
3035.05,17.31,-0.248,-0.2262,15180.0
3035.1,17.31,-0.3033,-0.2158,15210.0
3035.15,17.27,-0.4152,-0.2038,15240.0
3035.2,17.23,-0.5271,-0.1917,15260.0
3035.25,17.3,-0.5382,-0.2277,15260.0
3035.3,17.38,-0.5494,-0.2636,15230.0
3035.35,17.3,-0.4759,-0.2573,15200.0
3035.4,17.22,-0.4025,-0.2509,15160.0
3035.45,17.4,-0.2846,-0.1836,15140.0
3035.5,17.57,-0.1668,-0.1163,15130.0
3035.55,17.4,0.05115,-0.1757,15140.0
3035.6,17.23,0.2691,-0.2351,15160.0
3035.65,17.29,0.2108,-0.131,15180.0
3035.7,17.35,0.1525,-0.02683,15210.0
3035.75,17.33,0.3242,0.08341,15240.0
3035.8,17.31,0.496,0.1936,15260.0
3035.85,17.31,0.4039,0.2331,15290.0
3035.9,17.31,0.3117,0.2727,15310.0
3035.95,17.4,0.2576,0.4492,15330.0
3036.0,17.49,0.2034,0.6258,15330.0
3036.05,17.29,0.07862,0.509,15320.0
3036.1,17.1,-0.04618,0.3922,15290.0
3036.15,16.93,0.1893,0.3704,15260.0
3036.2,16.77,0.4248,0.3487,15230.0
3036.25,16.73,0.2629,0.1768,15220.0
3036.3,16.7,0.1011,0.004878,15230.0
3036.35,16.64,0.004578,0.03841,15260.0
3036.4,16.59,-0.09196,0.07194,15300.0
3036.45,16.67,-0.118,0.04329,15350.0
3036.5,16.76,-0.1441,0.01463,15400.0
3036.55,16.58,-0.1346,0.07828,15430.0
3036.6,16.4,-0.125,0.1419,15420.0
3036.65,16.51,-0.05135,0.08389,15390.0
3036.7,16.63,0.02229,0.02585,15340.0
3036.75,16.53,0.08419,0.2546,15300.0
3036.8,16.43,0.1461,0.4834,15270.0
3036.85,16.41,0.2609,0.587,15260.0
3036.9,16.39,0.3758,0.6907,15280.0
3036.95,16.36,0.172,0.562,15320.0
3037.0,16.32,-0.03185,0.4334,15370.0
3037.05,16.25,-0.2832,0.5402,15390.0
3037.1,16.17,-0.5346,0.647,15400.0
3037.15,16.09,-0.2789,0.7094,15400.0
3037.2,16.02,-0.02309,0.7719,15380.0
3037.25,16.07,0.1328,0.7852,15360.0
3037.3,16.13,0.2886,0.7984,15340.0
3037.35,15.9,0.07305,0.6882,15320.0
3037.4,15.68,-0.1425,0.578,15320.0
3037.45,15.84,-0.2104,0.641,15340.0
3037.5,16.0,-0.2783,0.7041,15360.0
3037.55,15.98,-0.4707,0.6427,15390.0
3037.6,15.96,-0.6632,0.5814,15400.0
3037.65,15.78,-0.6481,0.7517,15400.0
3037.7,15.6,-0.633,0.9221,15380.0
3037.75,15.69,-0.6397,0.8549,15350.0
3037.8,15.79,-0.6465,0.7877,15320.0
3037.85,15.76,-0.6437,0.7211,15290.0
3037.9,15.73,-0.6409,0.6546,15290.0
3037.95,15.72,-0.714,0.8675,15310.0
3038.0,15.7,-0.787,1.08,15360.0
3038.05,15.62,-0.6343,1.13,15410.0
3038.1,15.54,-0.4817,1.179,15450.0
3038.15,15.63,-0.3019,1.286,15470.0
3038.2,15.72,-0.1222,1.392,15470.0
3038.25,15.59,-0.1065,1.289,15450.0
3038.3,15.46,-0.09076,1.186,15410.0
3038.35,15.53,-0.1756,1.145,15360.0
3038.4,15.59,-0.2603,1.104,15310.0
3038.45,15.78,0.09395,1.165,15310.0
3038.5,15.96,0.4482,1.226,15340.0
3038.55,16.1,0.5987,1.237,15400.0
3038.6,16.23,0.7492,1.248,15460.0
3038.65,16.24,0.6779,1.271,15510.0
3038.7,16.24,0.6067,1.295,15550.0
3038.75,16.23,0.4098,1.18,15570.0
3038.8,16.23,0.213,1.064,15550.0
3038.85,16.11,0.1903,0.9559,15490.0
3038.9,15.99,0.1676,0.8477,15420.0
3038.95,16.15,-0.1377,0.8327,15370.0
3039.0,16.3,-0.4431,0.8177,15350.0
3039.05,16.3,-0.4265,0.8433,15350.0
3039.1,16.3,-0.41,0.8689,15370.0
3039.15,16.38,-0.3171,0.7372,15420.0
3039.2,16.47,-0.2241,0.6055,15490.0
3039.25,16.42,-0.3111,0.4398,15560.0
3039.3,16.37,-0.3981,0.2741,15580.0
3039.35,16.36,-0.4687,0.2835,15550.0
3039.4,16.36,-0.5394,0.2929,15510.0
3039.45,16.3,-0.2104,0.2911,15480.0
3039.5,16.24,0.1186,0.2892,15440.0
3039.55,16.37,0.1767,0.1981,15410.0
3039.6,16.5,0.2349,0.1071,15380.0
3039.65,16.44,0.2948,0.1791,15400.0
3039.7,16.39,0.3547,0.2512,15450.0
3039.75,16.55,0.2607,0.1583,15480.0
3039.8,16.72,0.1668,0.06536,15500.0
3039.85,16.6,0.1875,-0.01439,15510.0
3039.9,16.48,0.2082,-0.09414,15520.0
3039.95,16.32,0.159,-0.1268,15520.0
3040.0,16.15,0.1099,-0.1595,15500.0
3040.05,16.11,0.2743,0.1101,15470.0
3040.1,16.07,0.4387,0.3797,15460.0
3040.15,16.14,0.4924,0.445,15460.0
3040.2,16.2,0.5462,0.5102,15460.0
3040.25,16.16,0.5012,0.3114,15460.0
3040.3,16.11,0.4562,0.1127,15460.0
3040.35,16.09,0.411,0.09475,15480.0
3040.4,16.08,0.3658,0.07682,15500.0
3040.45,16.27,0.285,-0.05792,15510.0
3040.5,16.47,0.2042,-0.1927,15500.0
3040.55,16.54,0.169,-0.2762,15470.0
3040.6,16.61,0.1338,-0.3597,15460.0
3040.65,16.8,0.2759,-0.3076,15450.0
3040.7,16.99,0.418,-0.2556,15460.0
3040.75,16.92,0.4311,-0.3603,15470.0
3040.8,16.85,0.4443,-0.4651,15500.0
3040.85,16.81,0.4043,-0.4209,15540.0
3040.9,16.78,0.3642,-0.3768,15570.0
3040.95,16.67,0.3768,-0.484,15570.0
3041.0,16.57,0.3893,-0.5912,15550.0
3041.05,16.7,0.4335,-0.6681,15530.0
3041.1,16.84,0.4777,-0.745,15520.0
3041.15,16.78,0.4204,-0.7261,15510.0
3041.2,16.71,0.3631,-0.7072,15500.0
3041.25,17.03,0.4457,-0.5048,15510.0
3041.3,17.34,0.5283,-0.3024,15540.0
3041.35,17.37,0.6572,-0.2336,15590.0
3041.4,17.4,0.7862,-0.1649,15620.0
3041.45,17.44,0.581,-0.363,15610.0
3041.5,17.48,0.3758,-0.5612,15590.0
3041.55,17.61,0.2651,-0.2903,15570.0
3041.6,17.73,0.1545,-0.01951,15550.0
3041.65,17.84,0.3427,0.06438,15530.0
3041.7,17.95,0.531,0.1483,15520.0
3041.75,17.91,0.4797,0.1215,15530.0
3041.8,17.88,0.4283,0.09462,15570.0
3041.85,17.78,0.167,0.1705,15610.0
3041.9,17.68,-0.09435,0.2463,15620.0
3041.95,17.84,0.1351,-0.01683,15620.0
3042.0,18.0,0.3646,-0.28,15620.0
3042.05,18.02,0.3993,-0.1673,15610.0
3042.1,18.03,0.4339,-0.05463,15580.0
3042.15,17.87,0.3201,-0.03487,15540.0
3042.2,17.71,0.2062,-0.01512,15500.0
3042.25,17.79,0.1903,-0.06426,15500.0
3042.3,17.87,0.1744,-0.1134,15510.0
3042.35,17.9,0.3969,0.0856,15530.0
3042.4,17.92,0.6194,0.2846,15550.0
3042.45,17.79,0.5816,0.2679,15580.0
3042.5,17.67,0.5438,0.2512,15610.0
3042.55,17.52,0.7617,0.2373,15630.0
3042.6,17.38,0.9797,0.2234,15620.0
3042.65,17.43,0.8973,0.2225,15600.0
3042.7,17.48,0.8149,0.2217,15560.0
3042.75,17.42,0.7066,-0.006585,15520.0
3042.8,17.36,0.5983,-0.2349,15470.0
3042.85,17.45,0.4626,-0.2391,15420.0
3042.9,17.53,0.3268,-0.2434,15410.0
3042.95,17.41,0.1648,-0.1045,15440.0
3043.0,17.29,0.002787,0.03439,15500.0
3043.05,17.3,0.2195,0.01329,15560.0
3043.1,17.32,0.4363,-0.007804,15610.0
3043.15,17.18,0.5965,-0.263,15650.0
3043.2,17.04,0.7568,-0.5182,15660.0
3043.25,16.81,0.4614,-0.6313,15630.0
3043.3,16.58,0.166,-0.7443,15570.0
3043.35,16.65,0.3638,-0.8128,15510.0
3043.4,16.72,0.5617,-0.8814,15470.0
3043.45,16.72,0.7595,-0.8728,15460.0
3043.5,16.73,0.9574,-0.8643,15470.0
3043.55,16.7,1.264,-0.7945,15500.0
3043.6,16.67,1.57,-0.7248,15540.0
3043.65,16.6,1.467,-0.6896,15590.0
3043.7,16.53,1.365,-0.6543,15620.0
3043.75,16.27,1.322,-0.561,15630.0
3043.8,16.02,1.279,-0.4678,15630.0
3043.85,16.17,1.318,-0.5869,15640.0
3043.9,16.32,1.357,-0.706,15630.0
3043.95,16.59,1.245,-0.6319,15610.0
3044.0,16.87,1.133,-0.5577,15570.0
3044.05,16.73,0.9654,-0.5914,15550.0
3044.1,16.59,0.7974,-0.6251,15530.0
3044.15,16.54,0.665,-0.6026,15530.0
3044.2,16.49,0.5326,-0.5802,15530.0
3044.25,16.34,0.5866,-0.4725,15560.0
3044.3,16.18,0.6405,-0.3648,15590.0
3044.35,16.07,0.5559,-0.3635,15620.0
3044.4,15.95,0.4713,-0.3622,15640.0
3044.45,15.84,0.4753,-0.2374,15640.0
3044.5,15.74,0.4793,-0.1127,15630.0
3044.55,15.89,0.7472,-0.1441,15620.0
3044.6,16.04,1.015,-0.1756,15590.0
3044.65,16.06,1.049,-0.2636,15570.0
3044.7,16.09,1.084,-0.3517,15570.0
3044.75,16.1,1.063,-0.3259,15570.0
3044.8,16.1,1.042,-0.3002,15570.0
3044.85,16.13,1.212,-0.5358,15570.0
3044.9,16.16,1.381,-0.7714,15570.0
3044.95,15.89,1.338,-0.7871,15550.0
3045.0,15.61,1.296,-0.8028,15530.0
3045.05,15.72,1.097,-0.8972,15510.0
3045.1,15.82,0.8977,-0.9916,15500.0
3045.15,16.09,0.837,-1.083,15520.0
3045.2,16.36,0.7763,-1.175,15540.0
3045.25,16.27,0.7269,-1.097,15550.0
3045.3,16.19,0.6775,-1.02,15560.0
3045.35,16.13,0.5575,-0.7625,15550.0
3045.4,16.07,0.4375,-0.5048,15510.0
3045.45,16.05,0.4397,-0.2925,15460.0
3045.5,16.03,0.4419,-0.08024,15420.0
3045.55,15.83,0.5251,-0.2291,15390.0
3045.6,15.63,0.6083,-0.378,15380.0
3045.65,15.53,0.792,-0.556,15390.0
3045.7,15.42,0.9757,-0.7341,15430.0
3045.75,15.55,0.7908,-0.641,15460.0
3045.8,15.68,0.6059,-0.548,15480.0
3045.85,15.75,0.6634,-0.6063,15480.0
3045.9,15.82,0.7209,-0.6646,15470.0
3045.95,15.59,0.4785,-0.6816,15450.0
3046.0,15.37,0.2361,-0.6987,15430.0
3046.05,15.36,0.2422,-0.6498,15400.0
3046.1,15.36,0.2484,-0.6009,15380.0
3046.15,15.0,0.4361,-0.4904,15370.0
3046.2,14.65,0.6238,-0.38,15350.0
3046.25,14.74,0.5454,-0.4687,15330.0
3046.3,14.83,0.467,-0.5575,15320.0
3046.35,14.7,0.4689,-0.5124,15320.0
3046.4,14.58,0.4709,-0.4673,15340.0
3046.45,14.47,0.5103,-0.6159,15360.0
3046.5,14.37,0.5498,-0.7645,15380.0
3046.55,14.48,0.5559,-0.8397,15400.0
3046.6,14.6,0.5621,-0.9148,15400.0
3046.65,14.56,0.7428,-0.7686,15380.0
3046.7,14.51,0.9236,-0.6224,15350.0
3046.75,14.59,0.7297,-0.5579,15300.0
3046.8,14.67,0.5358,-0.4934,15270.0
3046.85,14.55,0.4765,-0.4912,15250.0
3046.9,14.43,0.4172,-0.489,15240.0
3046.95,14.55,0.4658,-0.4541,15250.0
3047.0,14.67,0.5143,-0.4192,15270.0
3047.05,14.76,0.2621,-0.4211,15310.0
3047.1,14.85,0.009952,-0.4229,15350.0
3047.15,14.91,0.1306,-0.3118,15360.0
3047.2,14.97,0.2512,-0.2007,15340.0
3047.25,14.91,0.2886,-0.3928,15310.0
3047.3,14.84,0.326,-0.5848,15280.0
3047.35,14.7,0.2888,-0.6333,15250.0
3047.4,14.56,0.2516,-0.6819,15230.0
3047.45,14.69,0.04399,-0.6058,15200.0
3047.5,14.82,-0.1636,-0.5297,15200.0
3047.55,14.73,-0.08678,-0.6875,15200.0
3047.6,14.65,-0.009952,-0.8453,15210.0
3047.65,14.63,0.008559,-0.7553,15210.0
3047.7,14.62,0.02707,-0.6653,15200.0
3047.75,14.76,0.2751,-0.4068,15210.0
3047.8,14.9,0.5231,-0.1483,15220.0
3047.85,14.98,0.4289,-0.1505,15220.0
3047.9,15.06,0.3348,-0.1527,15200.0
3047.95,15.03,0.2367,-0.1768,15170.0
3048.0,14.99,0.1385,-0.201,15140.0
3048.05,14.98,0.199,-0.2499,15110.0
3048.1,14.97,0.2596,-0.2987,15080.0
3048.15,14.91,0.2838,-0.2545,15060.0
3048.2,14.85,0.3081,-0.2102,15070.0
3048.25,14.96,0.2568,-0.009389,15090.0
3048.3,15.06,0.2054,0.1914,15120.0
3048.35,15.09,0.3274,0.1632,15130.0
3048.4,15.12,0.4494,0.1349,15130.0
3048.45,15.19,0.3889,0.1461,15120.0
3048.5,15.26,0.3284,0.1573,15100.0
3048.55,15.41,0.379,0.1829,15070.0
3048.6,15.56,0.4295,0.2085,15040.0
3048.65,15.7,0.4731,0.2253,15020.0
3048.7,15.85,0.5167,0.2422,15010.0
3048.75,15.72,0.537,0.1217,15000.0
3048.8,15.6,0.5573,0.001219,14980.0
3048.85,15.69,0.5947,-0.005853,14980.0
3048.9,15.78,0.6322,-0.01293,14990.0
3048.95,15.7,0.4668,-0.05707,15010.0
3049.0,15.62,0.3013,-0.1012,15020.0
3049.05,15.79,0.3636,-0.1674,15030.0
3049.1,15.95,0.4259,-0.2336,15040.0
3049.15,15.8,0.5352,-0.1455,15040.0
3049.2,15.65,0.6445,-0.05731,15030.0
3049.25,15.52,0.8388,-0.08365,15010.0
3049.3,15.39,1.033,-0.11,14990.0
3049.35,15.55,1.103,-0.3051,14960.0
3049.4,15.71,1.174,-0.5002,14950.0
3049.45,15.79,0.9882,-0.1984,14950.0
3049.5,15.87,0.8029,0.1034,14950.0
3049.55,15.91,0.7374,-0.01597,14950.0
3049.6,15.96,0.672,-0.1354,14950.0
3049.65,15.97,0.7134,-0.1566,14950.0
3049.7,15.97,0.7548,-0.1778,14960.0
3049.75,15.98,0.9872,-0.09865,14970.0
3049.8,15.98,1.22,-0.01951,14980.0
3049.85,15.97,1.042,-0.1305,14990.0
3049.9,15.97,0.8646,-0.2414,15000.0
3049.95,16.16,1.076,-0.3668,14990.0
3050.0,16.35,1.287,-0.4921,14950.0
3050.05,16.26,1.083,-0.5998,14910.0
3050.1,16.17,0.8782,-0.7075,14870.0
3050.15,15.91,0.8266,-0.6236,14850.0
3050.2,15.66,0.7751,-0.5397,14830.0
3050.25,15.64,0.8919,-0.3864,14820.0
3050.3,15.63,1.009,-0.2331,14830.0
3050.35,15.7,0.9506,-0.1013,14850.0
3050.4,15.76,0.8925,0.03048,14870.0
3050.45,15.79,0.8413,0.1936,14870.0
3050.5,15.82,0.7902,0.3568,14870.0
3050.55,15.9,0.8648,0.2178,14860.0
3050.6,15.97,0.9395,0.07877,14830.0
3050.65,15.74,0.7615,0.02414,14800.0
3050.7,15.52,0.5836,-0.03048,14770.0
3050.75,15.47,0.5836,-0.009389,14750.0
3050.8,15.42,0.5836,0.01171,14740.0
3050.85,15.34,0.6704,0.03073,14740.0
3050.9,15.26,0.7572,0.04975,14730.0
3050.95,15.29,1.026,0.003048,14730.0
3051.0,15.31,1.295,-0.04365,14730.0
3051.05,15.42,1.022,-0.007926,14720.0
3051.1,15.52,0.748,0.0278,14710.0
3051.15,15.48,0.6935,0.008901,14680.0
3051.2,15.43,0.6389,-0.009999,14650.0
3051.25,15.57,0.4015,-0.1651,14650.0
3051.3,15.7,0.164,-0.3202,14650.0
3051.35,15.72,0.1564,-0.2395,14650.0
3051.4,15.73,0.1489,-0.1588,14650.0
3051.45,15.76,0.4214,0.01244,14650.0
3051.5,15.79,0.6939,0.1836,14660.0
3051.55,15.59,0.3057,0.2575,14650.0
3051.6,15.4,-0.0824,0.3314,14630.0
3051.65,15.46,-0.04797,0.3119,14600.0
3051.7,15.52,-0.01353,0.2924,14580.0
3051.75,15.63,0.2864,0.2255,14560.0
3051.8,15.74,0.5864,0.1585,14560.0
3051.85,15.83,0.5374,0.1132,14560.0
3051.9,15.93,0.4884,0.0678,14580.0
3051.95,15.8,0.4056,0.2257,14610.0
3052.0,15.68,0.3228,0.3836,14640.0
3052.05,15.65,0.04518,0.4523,14650.0
3052.1,15.61,-0.2325,0.5209,14630.0
3052.15,15.61,-0.03364,0.3069,14600.0
3052.2,15.62,0.1652,0.09292,14560.0
3052.25,15.53,0.1746,0.1485,14530.0
3052.3,15.45,0.1839,0.2041,14510.0
3052.35,15.56,0.206,0.01817,14510.0
3052.4,15.66,0.2281,-0.1678,14520.0
3052.45,15.62,0.3915,-0.05865,14550.0
3052.5,15.58,0.5549,0.05048,14580.0
3052.55,15.49,0.7343,-0.05292,14590.0
3052.6,15.4,0.9136,-0.1563,14580.0
3052.65,15.44,0.7613,-0.1789,14560.0
3052.7,15.49,0.6091,-0.2014,14550.0
3052.75,15.59,0.5681,0.0161,14530.0
3052.8,15.7,0.5271,0.2336,14500.0
3052.85,15.75,0.407,0.365,14470.0
3052.9,15.81,0.287,0.4963,14480.0
3052.95,15.86,0.4017,0.5451,14490.0
3053.0,15.91,0.5163,0.5938,14500.0
3053.05,15.96,0.6771,0.4828,14500.0
3053.1,16.0,0.838,0.3717,14500.0
3053.15,16.0,0.9542,0.4685,14510.0
3053.2,16.0,1.07,0.5653,14500.0
3053.25,15.94,1.157,0.467,14470.0
3053.3,15.88,1.243,0.3687,14440.0
3053.35,15.95,1.115,0.217,14410.0
3053.4,16.01,0.9868,0.06536,14410.0
3053.45,16.08,1.004,0.04902,14400.0
3053.5,16.16,1.021,0.03268,14400.0
3053.55,16.17,0.8314,0.03939,14390.0
3053.6,16.18,0.6421,0.04609,14400.0
3053.65,16.12,0.7074,-0.1254,14410.0
3053.7,16.06,0.7727,-0.2968,14400.0
3053.75,16.14,0.7729,-0.1673,14370.0
3053.8,16.22,0.7731,-0.0378,14340.0
3053.85,16.03,0.4299,-0.2179,14330.0
3053.9,15.84,0.08678,-0.398,14320.0
3053.95,15.85,0.1246,-0.1516,14300.0
3054.0,15.87,0.1624,0.09487,14290.0
3054.05,15.86,0.2868,0.08877,14290.0
3054.1,15.86,0.4112,0.08267,14300.0
3054.15,15.98,0.419,0.1491,14300.0
3054.2,16.11,0.4267,0.2156,14290.0
3054.25,16.19,0.4892,0.2374,14270.0
3054.3,16.27,0.5517,0.2592,14260.0
3054.35,16.34,0.5169,0.3715,14250.0
3054.4,16.41,0.4821,0.4838,14240.0
3054.45,16.43,0.6602,0.5413,14220.0
3054.5,16.44,0.8384,0.5987,14210.0
3054.55,16.45,0.7693,0.7136,14230.0
3054.6,16.45,0.7002,0.8284,14260.0
3054.65,16.56,0.7456,0.866,14270.0
3054.7,16.67,0.791,0.9036,14270.0
3054.75,16.69,0.7347,0.7785,14260.0
3054.8,16.71,0.6783,0.6533,14250.0
3054.85,16.66,0.6722,0.4074,14240.0
3054.9,16.62,0.666,0.1614,14220.0
3054.95,16.64,0.6483,0.04878,14190.0
3055.0,16.66,0.6306,-0.0639,14180.0
3055.05,16.66,0.744,-0.08048,14190.0
3055.1,16.66,0.8575,-0.09706,14200.0
3055.15,16.41,0.9206,-0.03451,14210.0
3055.2,16.16,0.9837,0.02805,14220.0
3055.25,16.05,1.024,-0.1985,14240.0
3055.3,15.94,1.064,-0.4251,14260.0
3055.35,15.79,1.145,-0.4054,14260.0
3055.4,15.64,1.226,-0.3858,14240.0
3055.45,15.56,1.126,-0.4612,14210.0
3055.5,15.48,1.027,-0.5365,14200.0
3055.55,15.64,1.053,-0.6109,14180.0
3055.6,15.8,1.079,-0.6853,14160.0
3055.65,15.78,1.321,-0.6064,14140.0
3055.7,15.76,1.563,-0.5275,14140.0
3055.75,15.7,1.565,-0.5648,14160.0
3055.8,15.63,1.567,-0.6021,14180.0
3055.85,15.57,1.596,-0.5896,14190.0
3055.9,15.5,1.624,-0.577,14190.0
3055.95,15.51,1.553,-0.5385,14200.0
3056.0,15.51,1.482,-0.4999,14200.0
3056.05,15.55,1.359,-0.5476,14170.0
3056.1,15.59,1.236,-0.5953,14130.0
3056.15,15.72,1.141,-0.6857,14090.0
3056.2,15.84,1.046,-0.776,14070.0
3056.25,15.93,0.9118,-0.712,14070.0
3056.3,16.02,0.7779,-0.648,14060.0
3056.35,16.06,0.8595,-0.5345,14050.0
3056.4,16.11,0.9411,-0.4209,14070.0
3056.45,16.05,0.9253,-0.4202,14100.0
3056.5,16.0,0.9096,-0.4195,14110.0
3056.55,16.09,1.015,-0.278,14090.0
3056.6,16.18,1.12,-0.1366,14050.0
3056.65,16.16,0.9427,-0.1334,14020.0
3056.7,16.15,0.7655,-0.1302,14010.0
3056.75,16.09,0.7361,-0.1824,14000.0
3056.8,16.03,0.7066,-0.2346,13990.0
3056.85,15.9,0.8145,-0.1574,13980.0
3056.9,15.76,0.9224,-0.08024,14000.0
3056.95,15.66,1.185,-0.2456,14020.0
3057.0,15.57,1.448,-0.4109,14010.0
3057.05,15.71,1.546,-0.3912,13990.0
3057.1,15.86,1.644,-0.3714,13970.0
3057.15,15.84,1.486,-0.3258,13970.0
3057.2,15.83,1.327,-0.2802,13980.0
3057.25,15.61,1.094,-0.2828,13980.0
3057.3,15.38,0.8611,-0.2853,13980.0
3057.35,15.39,0.9775,-0.3586,13990.0
3057.4,15.39,1.094,-0.4319,14010.0
3057.45,15.47,1.166,-0.4223,14010.0
3057.5,15.55,1.238,-0.4126,13990.0
3057.55,15.55,1.118,-0.3614,13970.0
3057.6,15.55,0.9976,-0.3102,13960.0
3057.65,15.65,0.8829,-0.3996,13970.0
3057.7,15.75,0.7683,-0.489,13970.0
3057.75,15.69,0.7994,-0.3843,13960.0
3057.8,15.63,0.8304,-0.2797,13960.0
3057.85,15.6,0.8009,-0.1585,13970.0
3057.9,15.56,0.7715,-0.03731,13980.0
3057.95,15.59,0.6433,-0.0706,13980.0
3058.0,15.61,0.5151,-0.1039,13960.0
3058.05,15.67,0.5597,-0.1001,13940.0
3058.1,15.73,0.6043,-0.09633,13940.0
3058.15,15.7,0.4546,-0.2733,13950.0
3058.2,15.67,0.3049,-0.4502,13940.0
3058.25,15.56,0.4238,-0.4112,13940.0
3058.3,15.45,0.5426,-0.3722,13940.0
3058.35,15.27,0.5517,-0.3715,13940.0
3058.4,15.08,0.5609,-0.3709,13920.0
3058.45,15.13,0.4391,-0.5588,13890.0
3058.5,15.18,0.3173,-0.7467,13880.0
3058.55,15.27,0.3726,-0.6854,13880.0
3058.6,15.35,0.4279,-0.6241,13900.0
3058.65,15.22,0.3919,-0.5614,13910.0
3058.7,15.09,0.3559,-0.4987,13910.0
3058.75,15.2,0.334,-0.4621,13920.0
3058.8,15.31,0.3121,-0.4256,13920.0
3058.85,15.09,0.2675,-0.2462,13910.0
3058.9,14.87,0.2229,-0.06682,13880.0
3058.95,14.83,0.3648,-0.1063,13850.0
3059.0,14.8,0.5068,-0.1458,13840.0
3059.05,14.74,0.5838,-0.3651,13850.0
3059.1,14.68,0.6608,-0.5843,13850.0
3059.15,14.71,0.504,-0.4899,13850.0
3059.2,14.75,0.3471,-0.3956,13840.0
3059.25,14.83,0.4015,-0.3517,13860.0
3059.3,14.91,0.4558,-0.3078,13880.0
3059.35,14.88,0.3509,-0.2652,13880.0
3059.4,14.85,0.246,-0.2227,13870.0
3059.45,14.71,0.4598,-0.2062,13870.0
3059.5,14.57,0.6736,-0.1897,13880.0
3059.55,14.56,0.7508,-0.5034,13880.0
3059.6,14.55,0.828,-0.817,13850.0
3059.65,14.54,0.8475,-0.6989,13820.0
3059.7,14.52,0.867,-0.5809,13800.0
3059.75,14.53,1.024,-0.6218,13800.0
3059.8,14.55,1.181,-0.6626,13820.0
3059.85,14.52,1.146,-0.7485,13820.0
3059.9,14.5,1.112,-0.8343,13830.0
3059.95,14.37,1.063,-0.7014,13860.0
3060.0,14.24,1.014,-0.5685,13890.0
3060.05,14.15,1.04,-0.6368,13890.0
3060.1,14.06,1.065,-0.705,13850.0
3060.15,14.26,0.8764,-0.9295,13820.0
3060.2,14.46,0.6875,-1.154,13800.0
3060.25,14.37,0.7128,-1.264,13790.0
3060.3,14.29,0.738,-1.374,13780.0
3060.35,14.26,0.7191,-1.172,13780.0
3060.4,14.23,0.7002,-0.9706,13810.0
3060.45,14.27,0.6702,-1.052,13850.0
3060.5,14.31,0.6401,-1.134,13870.0
3060.55,14.33,0.9184,-1.092,13860.0
3060.6,14.35,1.197,-1.05,13820.0
3060.65,14.23,1.227,-0.853,13790.0
3060.7,14.11,1.258,-0.656,13760.0
3060.75,14.28,1.108,-0.7185,13730.0
3060.8,14.45,0.9586,-0.7809,13700.0
3060.85,14.5,0.8748,-0.833,13700.0
3060.9,14.55,0.791,-0.885,13740.0
3060.95,14.69,0.6976,-0.9468,13780.0
3061.0,14.82,0.6043,-1.009,13800.0
3061.05,14.68,0.7217,-0.8354,13800.0
3061.1,14.54,0.8392,-0.6621,13790.0
3061.15,14.62,0.8471,-0.6604,13770.0
3061.2,14.7,0.8551,-0.6587,13740.0
3061.25,14.85,1.006,-0.7865,13690.0
3061.3,15.0,1.156,-0.9143,13640.0
3061.35,14.94,1.054,-0.9548,13620.0
3061.4,14.88,0.9514,-0.9953,13630.0
3061.45,14.86,0.8386,-1.011,13650.0
3061.5,14.85,0.7257,-1.026,13670.0
3061.55,14.82,0.8332,-0.8895,13690.0
3061.6,14.8,0.9407,-0.7526,13720.0
3061.65,14.63,0.8666,-0.6871,13750.0
3061.7,14.45,0.7926,-0.6216,13740.0
3061.75,14.43,0.8316,-0.5006,13700.0
3061.8,14.41,0.8706,-0.3795,13660.0
3061.85,14.33,1.037,-0.2023,13630.0
3061.9,14.24,1.203,-0.02512,13620.0
3061.95,14.18,1.077,-0.07438,13620.0
3062.0,14.12,0.951,-0.1236,13620.0
3062.05,14.13,0.945,-0.1038,13650.0
3062.1,14.14,0.9391,-0.08389,13700.0
3062.15,13.99,0.7679,-0.07292,13740.0
3062.2,13.84,0.5967,-0.06194,13750.0
3062.25,13.93,0.7114,-0.174,13740.0
3062.3,14.01,0.826,-0.2861,13730.0
3062.35,14.05,0.9242,-0.2945,13720.0
3062.4,14.09,1.022,-0.3029,13690.0
3062.45,13.96,0.9946,-0.4803,13660.0
3062.5,13.83,0.9669,-0.6577,13640.0
3062.55,13.88,0.9861,-0.8594,13640.0
3062.6,13.93,1.005,-1.061,13660.0
3062.65,13.84,0.9174,-1.105,13670.0
3062.7,13.75,0.8296,-1.149,13680.0
3062.75,13.8,0.8453,-0.9737,13700.0
3062.8,13.85,0.8611,-0.7987,13730.0
3062.85,13.9,0.8374,-1.022,13730.0
3062.9,13.95,0.8137,-1.244,13720.0
3062.95,13.98,0.8157,-1.127,13670.0
3063.0,14.01,0.8177,-1.009,13630.0
3063.05,13.87,1.041,-1.026,13600.0
3063.1,13.73,1.264,-1.044,13580.0
3063.15,13.65,1.186,-0.9142,13560.0
3063.2,13.58,1.109,-0.7848,13570.0
3063.25,13.75,1.197,-0.7402,13610.0
3063.3,13.93,1.285,-0.6955,13650.0
3063.35,14.04,1.288,-0.5627,13680.0
3063.4,14.16,1.291,-0.43,13680.0
3063.45,14.19,1.259,-0.2588,13640.0
3063.5,14.23,1.228,-0.08755,13600.0
3063.55,14.24,1.222,-0.3146,13560.0
3063.6,14.25,1.216,-0.5416,13520.0
3063.65,14.22,1.049,-0.6688,13500.0
3063.7,14.19,0.8822,-0.796,13500.0
3063.75,14.24,0.7486,-0.6265,13530.0
3063.8,14.3,0.615,-0.457,13560.0
3063.85,14.33,0.3463,-0.4699,13580.0
3063.9,14.37,0.07763,-0.4829,13590.0
3063.95,14.37,0.1684,-0.484,13590.0
3064.0,14.36,0.2592,-0.4851,13580.0
3064.05,14.47,0.5285,-0.66,13560.0
3064.1,14.58,0.7978,-0.835,13530.0
3064.15,14.63,1.128,-0.6343,13490.0
3064.2,14.67,1.458,-0.4336,13460.0
3064.25,14.65,1.48,-0.2941,13450.0
3064.3,14.62,1.502,-0.1546,13450.0
3064.35,14.64,1.483,-0.05658,13450.0
3064.4,14.65,1.464,0.04146,13460.0
3064.45,14.66,1.365,-0.00439,13490.0
3064.5,14.67,1.267,-0.05024,13510.0
3064.55,14.57,1.285,-0.03183,13510.0
3064.6,14.47,1.304,-0.01341,13490.0
3064.65,14.41,1.431,0.07316,13470.0
3064.7,14.36,1.558,0.1597,13450.0
3064.75,14.3,1.372,0.2001,13440.0
3064.8,14.24,1.187,0.2405,13440.0
3064.85,14.31,1.027,0.2333,13450.0
3064.9,14.37,0.8666,0.2261,13460.0
3064.95,14.45,0.8469,0.328,13480.0
3065.0,14.53,0.8272,0.43,13490.0
3065.05,14.48,0.746,0.3286,13480.0
3065.1,14.44,0.6648,0.2273,13460.0
3065.15,14.45,0.5728,0.1891,13450.0
3065.2,14.47,0.4809,0.151,13440.0
3065.25,14.45,0.6988,0.1552,13440.0
3065.3,14.42,0.9168,0.1595,13450.0
3065.35,14.64,0.9253,-0.01512,13460.0
3065.4,14.86,0.9339,-0.1897,13480.0
3065.45,14.73,0.9924,-0.05243,13490.0
3065.5,14.6,1.051,0.08487,13500.0
3065.55,14.5,1.076,0.233,13510.0
3065.6,14.39,1.101,0.3812,13500.0
3065.65,14.5,1.024,0.1186,13480.0
3065.7,14.61,0.947,-0.1439,13460.0
3065.75,14.6,0.8965,-0.4401,13440.0
3065.8,14.6,0.8459,-0.7363,13410.0
3065.85,14.5,0.8057,-0.5851,13390.0
3065.9,14.41,0.7655,-0.4339,13380.0
3065.95,14.54,0.6755,-0.2967,13410.0
3066.0,14.68,0.5856,-0.1595,13440.0
3066.05,14.57,0.5084,-0.1549,13460.0
3066.1,14.47,0.4311,-0.1502,13470.0
3066.15,14.46,0.5772,-0.08316,13480.0
3066.2,14.45,0.7233,-0.0161,13470.0
3066.25,14.43,0.8073,-0.04268,13460.0
3066.3,14.41,0.8913,-0.06926,13420.0
3066.35,14.32,0.8404,0.09133,13390.0
3066.4,14.22,0.7894,0.2519,13360.0
3066.45,14.12,0.8153,0.4453,13340.0
3066.5,14.01,0.8412,0.6387,13330.0
3066.55,13.97,0.756,0.5241,13320.0
3066.6,13.93,0.6708,0.4095,13330.0
3066.65,14.0,0.8527,0.3313,13360.0
3066.7,14.06,1.035,0.2531,13390.0
3066.75,14.08,0.8563,0.3319,13410.0
3066.8,14.1,0.6779,0.4107,13410.0
3066.85,14.17,0.6552,0.3802,13400.0
3066.9,14.25,0.6326,0.3497,13380.0
3066.95,14.11,0.3424,0.2913,13340.0
3067.0,13.98,0.05215,0.2329,13290.0
3067.05,13.93,-0.04956,0.383,13250.0
3067.1,13.89,-0.1513,0.5331,13230.0
3067.15,14.02,-0.01692,0.324,13220.0
3067.2,14.15,0.1174,0.1149,13220.0
3067.25,14.18,0.1276,0.06073,13240.0
3067.3,14.21,0.1377,0.006585,13260.0
3067.35,14.43,0.1847,-0.1219,13290.0
3067.4,14.65,0.2317,-0.2505,13300.0
3067.45,14.54,0.167,-0.2867,13280.0
3067.5,14.44,0.1023,-0.3229,13250.0
3067.55,14.54,-0.1107,-0.2119,13220.0
3067.6,14.63,-0.3236,-0.101,13190.0
3067.65,14.51,-0.295,-0.1072,13160.0
3067.7,14.38,-0.2663,-0.1134,13130.0
3067.75,14.23,-0.2257,-0.1939,13120.0
3067.8,14.07,-0.1851,-0.2744,13140.0
3067.85,14.13,-0.06091,-0.1107,13150.0
3067.9,14.18,0.0633,0.05292,13160.0
3067.95,14.09,0.1075,0.08901,13170.0
3068.0,14.0,0.1517,0.1251,13170.0
3068.05,14.05,0.1929,0.134,13160.0
3068.1,14.1,0.2341,0.1429,13150.0
3068.15,14.04,0.1722,0.1051,13130.0
3068.2,13.97,0.1103,0.06731,13130.0
3068.25,13.85,0.3017,0.1344,13150.0
3068.3,13.72,0.4932,0.2014,13170.0
3068.35,13.68,0.3533,0.09584,13180.0
3068.4,13.63,0.2134,-0.009755,13190.0
3068.45,13.57,0.1381,-0.07926,13180.0
3068.5,13.5,0.0629,-0.1488,13160.0
3068.55,13.41,-0.0422,-0.18,13140.0
3068.6,13.31,-0.1473,-0.2112,13120.0
3068.65,13.46,0.03244,-0.07914,13110.0
3068.7,13.6,0.2122,0.05292,13120.0
3068.75,13.36,0.06489,0.05121,13130.0
3068.8,13.11,-0.0824,0.04951,13160.0
3068.85,13.17,0.02767,0.02963,13200.0
3068.9,13.23,0.1377,0.009755,13230.0
3068.95,13.38,0.05792,-0.1013,13270.0
3069.0,13.52,-0.02189,-0.2124,13270.0
3069.05,13.64,-0.05434,0.1033,13250.0
3069.1,13.77,-0.08678,0.419,13210.0
3069.15,13.93,-0.003981,0.4124,13170.0
3069.2,14.1,0.07882,0.4058,13130.0
3069.25,13.91,0.1754,0.2208,13110.0
3069.3,13.71,0.2719,0.03585,13100.0
3069.35,13.65,0.1785,0.1169,13120.0
3069.4,13.59,0.08519,0.198,13160.0
3069.45,13.58,-0.008559,-0.003658,13210.0
3069.5,13.57,-0.1023,-0.2053,13240.0
3069.55,13.69,-0.1363,-0.2,13260.0
3069.6,13.82,-0.1704,-0.1946,13260.0
3069.65,13.81,-0.297,-0.1019,13240.0
3069.7,13.79,-0.4236,-0.009267,13200.0
3069.75,13.61,-0.3356,-0.1146,13150.0
3069.8,13.43,-0.2476,-0.22,13100.0
3069.85,13.43,-0.07743,-0.4061,13080.0
3069.9,13.44,0.09275,-0.5921,13080.0
3069.95,13.37,0.1236,-0.6376,13090.0
3070.0,13.31,0.1545,-0.6831,13110.0
3070.05,13.32,0.2757,-0.6386,13130.0
3070.1,13.32,0.3969,-0.5941,13160.0
3070.15,13.35,0.3997,-0.7013,13160.0
3070.2,13.37,0.4025,-0.8084,13140.0
3070.25,13.47,0.1401,-0.6838,13100.0
3070.3,13.57,-0.1222,-0.5592,13050.0
3070.35,13.57,-0.08599,-0.5696,13020.0
3070.4,13.57,-0.04976,-0.5799,13000.0
3070.45,13.6,-0.1415,-0.5118,12990.0
3070.5,13.62,-0.2333,-0.4436,12990.0
3070.55,13.8,-0.252,-0.2716,13000.0
3070.6,13.98,-0.2707,-0.0995,13010.0
3070.65,14.07,-0.2848,-0.2733,13010.0
3070.7,14.16,-0.299,-0.447,12990.0
3070.75,14.09,-0.1982,-0.4019,12970.0
3070.8,14.02,-0.09753,-0.3568,12970.0
3070.85,14.07,-0.01254,-0.3425,12960.0
3070.9,14.11,0.07245,-0.3283,12950.0
3070.95,14.11,0.2136,-0.3696,12950.0
3071.0,14.1,0.3547,-0.4109,12940.0
3071.05,14.29,0.4425,-0.4337,12950.0
3071.1,14.48,0.5302,-0.4565,12950.0
3071.15,14.37,0.5298,-0.4987,12940.0
3071.2,14.25,0.5295,-0.5409,12940.0
3071.25,14.28,0.3748,-0.2931,12940.0
3071.3,14.31,0.2201,-0.04536,12940.0
3071.35,14.38,0.1533,0.1946,12950.0
3071.4,14.44,0.08638,0.4346,12950.0
3071.45,14.7,0.06787,0.3491,12940.0
3071.5,14.95,0.04936,0.2636,12950.0
3071.55,14.92,0.02468,0.2992,12960.0
3071.6,14.88,7.451e-09,0.3348,12980.0
3071.65,14.98,-0.1395,0.3263,12980.0
3071.7,15.07,-0.2791,0.3178,12990.0
3071.75,15.07,-0.1843,0.3665,13010.0
3071.8,15.07,-0.08957,0.4153,13020.0
3071.85,15.03,0.06111,0.4632,13020.0
3071.9,14.98,0.2118,0.5112,13010.0
3071.95,14.77,0.3294,0.6472,13010.0
3072.0,14.56,0.447,0.7833,13010.0
3072.05,14.34,0.3816,0.6197,13000.0
3072.1,14.11,0.3161,0.456,12990.0
3072.15,14.05,0.3256,0.09511,13000.0
3072.2,14.0,0.3352,-0.2658,13010.0
3072.25,14.07,0.3638,-0.1346,13030.0
3072.3,14.15,0.3925,-0.003414,13050.0
3072.35,14.23,0.202,0.1107,13060.0
3072.4,14.31,0.01154,0.2249,13070.0
3072.45,14.16,0.05573,0.239,13060.0
3072.5,14.01,0.09992,0.2531,13060.0
3072.55,14.03,0.0414,0.2792,13050.0
3072.6,14.06,-0.01712,0.3053,13040.0
3072.65,13.85,-0.04021,0.03646,13040.0
3072.7,13.63,-0.0633,-0.2324,13040.0
3072.75,13.78,0.1135,0.03548,13040.0
3072.8,13.93,0.2902,0.3034,13040.0
3072.85,13.92,0.3537,0.2055,13030.0
3072.9,13.9,0.4172,0.1075,13020.0
3072.95,14.04,0.3527,0.1796,13020.0
3073.0,14.18,0.2882,0.2517,13030.0
3073.05,14.14,0.4644,0.354,13040.0
3073.1,14.09,0.6405,0.4563,13050.0
3073.15,14.04,0.4956,0.5118,13040.0
3073.2,13.99,0.3507,0.5673,13030.0
3073.25,14.07,0.2878,0.8434,13010.0
3073.3,14.16,0.2249,1.12,12970.0
3073.35,14.11,0.2058,0.8769,12930.0
3073.4,14.05,0.1867,0.6341,12900.0
3073.45,14.05,0.05852,0.6376,12900.0
3073.5,14.05,-0.06966,0.6411,12900.0
3073.55,14.04,-0.157,0.5794,12920.0
3073.6,14.03,-0.2444,0.5177,12930.0
3073.65,13.92,-0.2812,0.3726,12950.0
3073.7,13.8,-0.3181,0.2275,12960.0
3073.75,13.74,-0.3945,0.3379,12960.0
3073.8,13.69,-0.4709,0.4482,12930.0
3073.85,13.69,-0.4132,0.4962,12910.0
3073.9,13.69,-0.3555,0.5441,12880.0
3073.95,13.68,-0.4023,0.793,12870.0
3074.0,13.66,-0.449,1.042,12870.0
3074.05,13.55,-0.3929,0.947,12860.0
3074.1,13.44,-0.3368,0.8521,12860.0
3074.15,13.28,-0.2898,0.8559,12870.0
3074.2,13.11,-0.2428,0.8597,12900.0
3074.25,13.02,-0.1744,0.7721,12910.0
3074.3,12.93,-0.1059,0.6846,12930.0
3074.35,12.82,-0.3545,0.8032,12950.0
3074.4,12.72,-0.6031,0.9218,12960.0
3074.45,12.92,-0.5545,1.009,12960.0
3074.5,13.13,-0.506,1.095,12950.0
3074.55,13.39,-0.5579,1.1,12940.0
3074.6,13.64,-0.6099,1.105,12930.0
3074.65,13.6,-0.7,0.999,12930.0
3074.7,13.55,-0.7902,0.8926,12940.0
3074.75,13.58,-0.7446,0.9654,12960.0
3074.8,13.6,-0.699,1.038,12980.0
3074.85,13.8,-0.8318,1.166,13000.0
3074.9,14.0,-0.9646,1.294,13030.0
3074.95,13.93,-0.9876,1.301,13040.0
3075.0,13.86,-1.011,1.308,13040.0
3075.05,13.82,-0.923,1.048,13040.0
3075.1,13.78,-0.8352,0.7884,13030.0
3075.15,13.81,-0.6459,0.6221,13040.0
3075.2,13.83,-0.4566,0.4558,13040.0
3075.25,13.87,-0.4538,0.577,13050.0
3075.3,13.91,-0.451,0.6982,13070.0
3075.35,13.87,-0.5671,0.9268,13100.0
3075.4,13.84,-0.6831,1.155,13110.0
3075.45,13.81,-0.7371,1.09,13120.0
3075.5,13.78,-0.791,1.024,13120.0
3075.55,13.72,-0.8021,0.9234,13130.0
3075.6,13.66,-0.8133,0.8233,13130.0
3075.65,13.67,-0.8505,0.9012,13120.0
3075.7,13.68,-0.8877,0.9792,13110.0
3075.75,13.65,-0.8457,1.01,13110.0
3075.8,13.63,-0.8037,1.041,13110.0
3075.85,13.77,-0.6664,0.8383,13120.0
3075.9,13.92,-0.5291,0.6353,13120.0
3075.95,13.68,-0.2544,0.5966,13130.0
3076.0,13.45,0.0203,0.558,13140.0
3076.05,13.43,0.0629,0.5375,13160.0
3076.1,13.41,0.1055,0.517,13160.0
3076.15,13.46,0.0412,0.5673,13150.0
3076.2,13.52,-0.02309,0.6175,13130.0
3076.25,13.28,0.06091,0.627,13110.0
3076.3,13.03,0.1449,0.6365,13080.0
3076.35,13.09,0.08977,0.6852,13050.0
3076.4,13.15,0.03463,0.7338,13020.0
3076.45,13.06,0.1051,0.767,13010.0
3076.5,12.98,0.1756,0.8002,13020.0
3076.55,13.18,0.04379,0.8178,13040.0
3076.6,13.38,-0.08798,0.8355,13060.0
3076.65,13.32,-0.4196,0.7164,13080.0
3076.7,13.26,-0.7512,0.5973,13090.0
3076.75,13.25,-0.6714,0.5191,13090.0
3076.8,13.24,-0.5916,0.4409,13060.0
3076.85,13.15,-0.5229,0.6608,13010.0
3076.9,13.06,-0.4542,0.8806,12970.0
3076.95,13.03,-0.419,0.7971,12930.0
3077.0,12.99,-0.3838,0.7136,12910.0
3077.05,12.95,-0.2375,0.5152,12920.0
3077.1,12.92,-0.09116,0.3168,12940.0
3077.15,12.95,-0.1503,0.3196,12980.0
3077.2,12.98,-0.2094,0.3224,13020.0
3077.25,12.98,-0.3217,0.476,13040.0
3077.3,12.98,-0.4339,0.6297,13030.0
3077.35,12.94,-0.5038,0.6754,13000.0
3077.4,12.89,-0.5736,0.7211,12960.0
3077.45,12.82,-0.6475,0.6459,12920.0
3077.5,12.74,-0.7213,0.5707,12890.0
3077.55,12.8,-0.7848,0.2987,12880.0
3077.6,12.87,-0.8483,0.02683,12910.0
3077.65,12.9,-0.873,0.08572,12950.0
3077.7,12.94,-0.8977,0.1446,12990.0
3077.75,12.87,-0.7693,0.2811,13020.0
3077.8,12.8,-0.6409,0.4175,13030.0
3077.85,12.82,-0.5509,0.407,13010.0
3077.9,12.84,-0.461,0.3965,12990.0
3077.95,12.82,-0.6115,0.3635,12950.0
3078.0,12.8,-0.7619,0.3305,12930.0
3078.05,12.84,-0.7536,0.3789,12930.0
3078.1,12.88,-0.7452,0.4273,12950.0
3078.15,12.93,-0.6744,0.3478,12980.0
3078.2,12.99,-0.6035,0.2683,13010.0
3078.25,12.85,-0.4855,0.4103,13040.0
3078.3,12.72,-0.3674,0.5524,13060.0
3078.35,12.59,-0.3175,0.4189,13080.0
3078.4,12.47,-0.2675,0.2853,13080.0
3078.45,12.48,-0.4152,0.2134,13080.0
3078.5,12.49,-0.5629,0.1414,13070.0
3078.55,12.48,-0.4654,0.03341,13060.0
3078.6,12.47,-0.3678,-0.07463,13050.0
3078.65,12.37,-0.2769,-0.1727,13050.0
3078.7,12.26,-0.1859,-0.2707,13050.0
3078.75,12.2,-0.2844,-0.4221,13070.0
3078.8,12.13,-0.383,-0.5736,13090.0
3078.85,12.04,-0.3268,-0.4463,13110.0
3078.9,11.95,-0.2707,-0.319,13130.0
3078.95,12.03,-0.2303,-0.3534,13140.0
3079.0,12.11,-0.1899,-0.3878,13140.0
3079.05,12.31,-0.2086,-0.3039,13140.0
3079.1,12.51,-0.2273,-0.22,13130.0
3079.15,12.74,-0.3095,-0.02366,13120.0
3079.2,12.97,-0.3917,0.1727,13110.0
3079.25,12.89,-0.4896,0.2235,13100.0
3079.3,12.8,-0.5876,0.2744,13100.0
3079.35,12.74,-0.5068,0.364,13100.0
3079.4,12.68,-0.4259,0.4536,13100.0
3079.45,12.7,-0.1417,0.3452,13090.0
3079.5,12.71,0.1425,0.2368,13070.0
3079.55,12.9,0.09713,0.3337,13050.0
3079.6,13.09,0.05175,0.4307,13030.0
3079.65,13.3,0.1913,0.4465,13020.0
3079.7,13.52,0.3308,0.4624,13010.0
3079.75,13.37,0.3871,0.603,13030.0
3079.8,13.21,0.4435,0.7436,13050.0
3079.85,13.16,0.3662,0.6643,13060.0
3079.9,13.1,0.289,0.5851,13050.0
3079.95,13.05,0.2639,0.4204,13020.0
3080.0,13.01,0.2389,0.2558,12990.0
3080.05,12.92,0.2789,0.05353,12950.0
3080.1,12.84,0.3189,-0.1488,12920.0
3080.15,12.75,0.1039,-0.1258,12880.0
3080.2,12.67,-0.1111,-0.1029,12870.0
3080.25,12.82,-0.06887,-0.1694,12880.0
3080.3,12.97,-0.02667,-0.2358,12890.0
3080.35,12.98,-0.006369,-0.1611,12890.0
3080.4,13.0,0.01393,-0.08633,12900.0
3080.45,13.02,0.1115,0.1766,12900.0
3080.5,13.05,0.209,0.4395,12900.0
3080.55,13.15,0.2024,0.4312,12900.0
3080.6,13.26,0.1959,0.4229,12880.0
3080.65,13.4,0.04001,0.5087,12860.0
3080.7,13.55,-0.1158,0.5946,12840.0
3080.75,13.42,0.009753,0.5881,12820.0
3080.8,13.3,0.1353,0.5816,12810.0
3080.85,13.54,0.1588,0.4992,12790.0
3080.9,13.78,0.1823,0.4168,12790.0
3080.95,13.8,0.2737,0.5445,12790.0
3081.0,13.82,0.365,0.6721,12810.0
3081.05,13.97,0.2436,0.5671,12840.0
3081.1,14.12,0.1222,0.4621,12850.0
3081.15,14.23,0.2526,0.483,12850.0
3081.2,14.33,0.383,0.5038,12850.0
3081.25,14.09,0.3774,0.5221,12840.0
3081.3,13.86,0.3718,0.5404,12830.0
3081.35,13.84,0.2596,0.6043,12820.0
3081.4,13.82,0.1473,0.6682,12810.0
3081.45,13.96,0.3895,0.6068,12820.0
3081.5,14.09,0.6318,0.5453,12830.0
3081.55,14.14,0.5095,0.6079,12840.0
3081.6,14.19,0.3873,0.6704,12840.0
3081.65,14.09,0.5193,0.6522,12840.0
3081.7,14.0,0.6513,0.6341,12840.0
3081.75,13.92,0.6206,0.4875,12830.0
3081.8,13.84,0.59,0.3409,12830.0
3081.85,13.8,0.5971,0.1961,12830.0
3081.9,13.76,0.6043,0.05121,12830.0
3081.95,13.97,0.41,0.183,12840.0
3082.0,14.17,0.2158,0.3148,12860.0
3082.05,14.03,0.1805,0.2435,12870.0
3082.1,13.89,0.1453,0.1722,12880.0
3082.15,13.93,0.1984,0.1572,12880.0
3082.2,13.96,0.2516,0.1422,12880.0
3082.25,13.96,0.2319,0.2727,12860.0
3082.3,13.95,0.2122,0.4031,12840.0
3082.35,13.87,0.2106,0.2712,12820.0
3082.4,13.79,0.209,0.1393,12810.0
3082.45,13.83,0.164,0.05804,12800.0
3082.5,13.88,0.119,-0.02317,12780.0
3082.55,13.84,0.1973,-0.01927,12770.0
3082.6,13.79,0.2755,-0.01536,12780.0
3082.65,13.76,0.3296,0.09755,12790.0
3082.7,13.72,0.3838,0.2105,12800.0
3082.75,13.61,0.2476,0.2512,12810.0
3082.8,13.5,0.1115,0.2919,12830.0
3082.85,13.62,-0.01194,0.4117,12830.0
3082.9,13.73,-0.1353,0.5314,12810.0
3082.95,13.55,-0.244,0.5437,12770.0
3083.0,13.36,-0.3527,0.556,12720.0
3083.05,13.34,-0.2635,0.6741,12680.0
3083.1,13.32,-0.1744,0.7921,12660.0
3083.15,13.41,0.01274,0.9176,12640.0
3083.2,13.5,0.1998,1.043,12640.0
3083.25,13.33,0.2315,0.8297,12650.0
3083.3,13.15,0.2631,0.6163,12670.0
3083.35,13.02,0.4146,0.4846,12700.0
3083.4,12.89,0.5661,0.3529,12710.0
3083.45,12.79,0.4506,0.09853,12700.0
3083.5,12.69,0.3352,-0.1558,12690.0
3083.55,12.75,0.282,-0.1167,12680.0
3083.6,12.81,0.2289,-0.07755,12660.0
3083.65,12.85,0.1877,-0.01439,12640.0
3083.7,12.89,0.1465,0.04878,12620.0
3083.75,12.77,0.2482,0.1285,12610.0
3083.8,12.64,0.3499,0.2083,12610.0
3083.85,12.62,0.2703,0.3301,12610.0
3083.9,12.61,0.1907,0.4519,12610.0
3083.95,12.72,0.242,0.4375,12620.0
3084.0,12.83,0.2934,0.4231,12630.0
3084.05,12.91,0.364,0.4031,12650.0
3084.1,13.0,0.4347,0.3831,12660.0
3084.15,13.04,0.4751,0.3152,12680.0
3084.2,13.08,0.5155,0.2473,12690.0
3084.25,12.98,0.4355,0.2409,12690.0
3084.3,12.87,0.3555,0.2346,12670.0
3084.35,12.88,0.3702,-0.02049,12650.0
3084.4,12.89,0.3849,-0.2756,12620.0
3084.45,12.84,0.4626,-0.01988,12590.0
3084.5,12.78,0.5402,0.2358,12580.0
3084.55,12.58,0.5941,0.3163,12580.0
3084.6,12.39,0.6481,0.3968,12600.0
3084.65,12.45,0.6401,0.6216,12630.0
3084.7,12.51,0.6322,0.8465,12670.0
3084.75,12.53,0.4908,0.8221,12700.0
3084.8,12.54,0.3495,0.7977,12720.0
3084.85,12.47,0.2538,0.8889,12700.0
3084.9,12.39,0.158,0.9801,12670.0
3084.95,12.47,0.213,0.8211,12630.0
3085.0,12.55,0.2679,0.6621,12610.0
3085.05,12.35,0.3573,0.5273,12600.0
3085.1,12.15,0.4466,0.3924,12600.0
3085.15,12.08,0.6397,0.1875,12620.0
3085.2,12.01,0.8328,-0.01732,12640.0
3085.25,12.07,0.8201,0.02061,12660.0
3085.3,12.14,0.8073,0.05853,12670.0
3085.35,12.09,0.5563,0.05658,12670.0
3085.4,12.03,0.3053,0.05463,12660.0
3085.45,12.11,0.3959,0.1386,12660.0
3085.5,12.19,0.4865,0.2227,12650.0
3085.55,12.36,0.4859,0.2113,12630.0
3085.6,12.54,0.4853,0.2,12620.0
3085.65,12.39,0.6913,0.1144,12610.0
3085.7,12.24,0.8973,0.02878,12610.0
3085.75,12.31,0.9558,0.02853,12610.0
3085.8,12.38,1.014,0.02829,12610.0
3085.85,12.49,0.956,0.05329,12610.0
3085.9,12.59,0.8977,0.07828,12610.0
3085.95,12.87,0.7938,0.2212,12610.0
3086.0,13.14,0.6899,0.3641,12600.0
3086.05,13.39,0.8517,0.1425,12590.0
3086.1,13.64,1.014,-0.07902,12580.0
3086.15,13.65,1.021,0.04878,12590.0
3086.2,13.66,1.029,0.1766,12600.0
3086.25,13.53,1.051,0.2763,12620.0
3086.3,13.4,1.074,0.3761,12620.0
3086.35,13.42,0.9534,0.3285,12620.0
3086.4,13.44,0.8328,0.2809,12620.0
3086.45,13.44,0.6417,0.283,12610.0
3086.5,13.43,0.4506,0.2851,12590.0
3086.55,13.43,0.2538,0.3311,12570.0
3086.6,13.44,0.05693,0.377,12560.0
3086.65,13.47,0.01791,0.3337,12570.0
3086.7,13.5,-0.0211,0.2905,12580.0
3086.75,13.71,-0.12,0.4008,12610.0
3086.8,13.92,-0.2189,0.5112,12630.0
3086.85,14.04,-0.2611,0.4754,12650.0
3086.9,14.15,-0.3033,0.4397,12680.0
3086.95,14.22,-0.3533,0.5685,12690.0
3087.0,14.28,-0.4033,0.6972,12690.0
3087.05,14.29,-0.2775,0.6431,12670.0
3087.1,14.29,-0.1517,0.589,12650.0
3087.15,14.48,-0.252,0.4838,12640.0
3087.2,14.66,-0.3523,0.3787,12630.0
3087.25,14.86,-0.3495,0.1297,12630.0
3087.3,15.06,-0.3467,-0.1193,12640.0
3087.35,15.0,-0.2743,-0.1035,12660.0
3087.4,14.95,-0.2018,-0.0878,12690.0
3087.45,14.74,-0.3849,-0.2058,12710.0
3087.5,14.53,-0.5681,-0.3239,12710.0
3087.55,14.62,-0.6606,-0.1913,12710.0
3087.6,14.71,-0.7532,-0.05877,12710.0
3087.65,14.73,-0.6457,0.006585,12710.0
3087.7,14.75,-0.5382,0.07194,12710.0
3087.75,14.68,-0.5273,-0.05499,12720.0
3087.8,14.6,-0.5163,-0.1819,12720.0
3087.85,14.8,-0.2721,-0.09633,12740.0
3087.9,14.99,-0.02787,-0.01073,12740.0
3087.95,15.05,-0.1634,-0.006097,12740.0
3088.0,15.11,-0.299,-0.001463,12730.0
3088.05,15.12,-0.466,-0.01744,12720.0
3088.1,15.12,-0.633,-0.03341,12730.0
3088.15,15.01,-0.5904,-0.00378,12740.0
3088.2,14.9,-0.5478,0.02585,12750.0
3088.25,15.03,-0.4624,0.1121,12770.0
3088.3,15.16,-0.377,0.1983,12790.0
3088.35,15.2,-0.3997,0.1061,12810.0
3088.4,15.24,-0.4224,0.0139,12810.0
3088.45,15.43,-0.5432,-0.2016,12790.0
3088.5,15.63,-0.664,-0.417,12770.0
3088.55,15.58,-0.5828,-0.3696,12760.0
3088.6,15.54,-0.5016,-0.3222,12750.0
3088.65,15.45,-0.6218,-0.5213,12740.0
3088.7,15.36,-0.742,-0.7204,12730.0
3088.75,15.36,-0.5858,-0.5643,12730.0
3088.8,15.36,-0.4295,-0.4082,12730.0
3088.85,15.39,-0.1499,-0.3897,12740.0
3088.9,15.42,0.1298,-0.3712,12760.0
3088.95,15.17,0.0217,-0.3435,12790.0
3089.0,14.92,-0.08638,-0.3158,12830.0
3089.05,14.95,0.1869,-0.5156,12870.0
3089.1,14.98,0.4602,-0.7153,12880.0
3089.15,15.09,0.5945,-0.8049,12860.0
3089.2,15.2,0.7289,-0.8945,12820.0
3089.25,14.94,0.5587,-0.7767,12780.0
3089.3,14.67,0.3885,-0.659,12750.0
3089.35,14.56,0.2878,-0.7542,12750.0
3089.4,14.45,0.1871,-0.8494,12760.0
3089.45,14.52,0.1471,-0.862,12800.0
3089.5,14.58,0.1071,-0.8745,12860.0
3089.55,14.84,0.0424,-0.6868,12910.0
3089.6,15.09,-0.02229,-0.499,12940.0
3089.65,14.9,0.1077,-0.567,12950.0
3089.7,14.71,0.2377,-0.6351,12930.0
3089.75,14.63,0.0205,-0.5801,12910.0
3089.8,14.56,-0.1967,-0.5251,12890.0
3089.85,14.53,-0.3298,-0.5035,12870.0
3089.9,14.5,-0.463,-0.4819,12860.0
3089.95,14.41,-0.6003,-0.3939,12860.0
3090.0,14.32,-0.7376,-0.3058,12890.0
3090.05,14.32,-0.6638,-0.4211,12920.0
3090.1,14.31,-0.59,-0.5363,12950.0
3090.15,14.46,-0.8159,-0.7983,12980.0
3090.2,14.62,-1.042,-1.06,12990.0
3090.25,14.59,-0.9514,-0.8437,13000.0
3090.3,14.55,-0.8611,-0.627,12990.0
3090.35,14.48,-0.6473,-0.6782,12980.0
3090.4,14.41,-0.4335,-0.7294,12960.0
3090.45,14.36,-0.4588,-0.6831,12950.0
3090.5,14.31,-0.4841,-0.6368,12960.0
3090.55,14.41,-0.6469,-0.6224,12980.0
3090.6,14.51,-0.8097,-0.608,13000.0
3090.65,14.41,-0.6757,-0.7516,13020.0
3090.7,14.32,-0.5418,-0.8953,13030.0
3090.75,14.39,-0.6477,-1.074,13040.0
3090.8,14.45,-0.7536,-1.252,13050.0
3090.85,14.52,-0.7697,-1.112,13050.0
3090.9,14.59,-0.7858,-0.9718,13040.0
3090.95,14.55,-0.6694,-0.6582,13040.0
3091.0,14.52,-0.5529,-0.3446,13030.0
3091.05,14.49,-0.6332,-0.2242,13030.0
3091.1,14.46,-0.7134,-0.1039,13030.0
3091.15,14.46,-0.7072,-0.1584,13030.0
3091.2,14.46,-0.701,-0.2129,13040.0
3091.25,14.54,-0.6266,-0.1577,13050.0
3091.3,14.61,-0.5521,-0.1024,13060.0
3091.35,14.48,-0.2799,-0.3433,13080.0
3091.4,14.34,-0.007564,-0.5841,13090.0
3091.45,14.23,-0.1379,-0.5347,13090.0
3091.5,14.11,-0.2683,-0.4853,13090.0
3091.55,14.1,-0.3187,-0.3906,13060.0
3091.6,14.08,-0.369,-0.2958,13030.0
3091.65,14.04,-0.5135,-0.3868,13010.0
3091.7,13.99,-0.658,-0.4778,13000.0
3091.75,13.88,-0.8254,-0.3494,13020.0
3091.8,13.77,-0.9928,-0.221,13050.0
3091.85,14.08,-0.8911,-0.115,13090.0
3091.9,14.38,-0.7894,-0.009023,13120.0
3091.95,14.27,-0.792,0.0845,13140.0
3092.0,14.16,-0.7946,0.178,13140.0
3092.05,14.16,-0.8157,0.06609,13110.0
3092.1,14.17,-0.8368,-0.04585,13080.0
3092.15,14.22,-0.9524,0.06158,13040.0
3092.2,14.27,-1.068,0.169,13020.0
3092.25,14.07,-1.078,0.1558,13010.0
3092.3,13.87,-1.089,0.1427,13010.0
3092.35,13.92,-1.172,-0.06499,13040.0
3092.4,13.96,-1.255,-0.2727,13080.0
3092.45,14.23,-1.203,-0.199,13120.0
3092.5,14.49,-1.152,-0.1254,13150.0
3092.55,14.24,-0.9669,0.1313,13160.0
3092.6,13.99,-0.7822,0.388,13150.0
3092.65,13.88,-0.7416,0.3831,13140.0
3092.7,13.76,-0.701,0.3783,13110.0
3092.75,13.75,-0.8101,0.2638,13080.0
3092.8,13.73,-0.9192,0.1493,13050.0
3092.85,13.64,-1.066,0.09011,13040.0
3092.9,13.56,-1.213,0.03097,13040.0
3092.95,13.68,-1.276,0.04146,13060.0
3093.0,13.8,-1.339,0.05195,13080.0
3093.05,13.83,-1.286,0.1191,13100.0
3093.1,13.86,-1.232,0.1863,13120.0
3093.15,13.82,-1.068,0.06926,13140.0
3093.2,13.78,-0.9048,-0.0478,13150.0
3093.25,13.76,-0.8171,-0.02792,13140.0
3093.3,13.75,-0.7293,-0.008048,13130.0
3093.35,13.77,-0.9552,-0.06146,13120.0
3093.4,13.78,-1.181,-0.1149,13110.0
3093.45,13.78,-1.232,-0.1899,13100.0
3093.5,13.77,-1.283,-0.2648,13090.0
3093.55,13.71,-1.393,-0.1619,13090.0
3093.6,13.64,-1.503,-0.05902,13100.0
3093.65,13.62,-1.404,-0.119,13110.0
3093.7,13.61,-1.305,-0.179,13110.0
3093.75,13.72,-1.36,-0.2431,13100.0
3093.8,13.83,-1.415,-0.3073,13100.0
3093.85,13.95,-1.497,-0.4093,13100.0
3093.9,14.08,-1.579,-0.5114,13110.0
3093.95,13.94,-1.356,-0.2817,13110.0
3094.0,13.8,-1.134,-0.05195,13130.0
3094.05,13.88,-1.266,-0.09682,13150.0
3094.1,13.96,-1.398,-0.1417,13160.0
3094.15,13.87,-1.278,-0.002927,13150.0
3094.2,13.79,-1.159,0.1358,13130.0
3094.25,13.97,-0.9841,0.1041,13100.0
3094.3,14.16,-0.8089,0.07243,13080.0
3094.35,14.21,-0.8577,0.01012,13070.0
3094.4,14.27,-0.9064,-0.05219,13080.0
3094.45,14.21,-1.048,-0.008658,13090.0
3094.5,14.15,-1.19,0.03487,13110.0
3094.55,14.1,-1.038,0.05512,13130.0
3094.6,14.05,-0.8869,0.07536,13130.0
3094.65,14.07,-0.782,0.01975,13110.0
3094.7,14.09,-0.6771,-0.03585,13090.0
3094.75,13.77,-0.4877,0.07463,13080.0
3094.8,13.45,-0.2982,0.1851,13060.0
3094.85,13.4,-0.4383,0.5231,13060.0
3094.9,13.35,-0.5784,0.8611,13070.0
3094.95,13.48,-0.4825,0.8206,13090.0
3095.0,13.61,-0.3865,0.7802,13090.0
3095.05,13.49,-0.4049,0.4398,13080.0
3095.1,13.36,-0.4232,0.0995,13050.0
3095.15,13.51,-0.6081,-0.00378,13020.0
3095.2,13.66,-0.793,-0.1071,13000.0
3095.25,13.57,-0.8495,0.07353,12990.0
3095.3,13.48,-0.906,0.2541,12990.0
3095.35,13.72,-0.9407,0.09401,13010.0
3095.4,13.96,-0.9753,-0.06609,13030.0
3095.45,14.04,-0.7978,0.06816,13050.0
3095.5,14.12,-0.6202,0.2024,13050.0
3095.55,14.11,-0.5746,0.1792,13040.0
3095.6,14.11,-0.5291,0.1561,13020.0
3095.65,14.05,-0.5981,0.1919,13010.0
3095.7,13.99,-0.6672,0.2278,12990.0
3095.75,13.89,-0.7808,0.3672,12980.0
3095.8,13.79,-0.8945,0.5065,12960.0
3095.85,13.73,-0.8658,0.4063,12960.0
3095.9,13.67,-0.8372,0.3061,12960.0
3095.95,13.78,-0.7217,0.1674,12960.0
3096.0,13.88,-0.6063,0.02878,12970.0
3096.05,13.94,-0.6976,0.3086,12980.0
3096.1,14.01,-0.789,0.5885,12990.0
3096.15,14.02,-0.7687,0.6164,12990.0
3096.2,14.03,-0.7484,0.6443,12980.0
3096.25,14.06,-0.8997,0.5714,12970.0
3096.3,14.1,-1.051,0.4985,12950.0
3096.35,13.91,-1.003,0.5108,12930.0
3096.4,13.72,-0.9558,0.5231,12920.0
3096.45,13.76,-0.9604,0.5424,12910.0
3096.5,13.81,-0.965,0.5616,12910.0
3096.55,13.53,-0.7593,0.4485,12910.0
3096.6,13.25,-0.5537,0.3353,12910.0
3096.65,13.17,-0.5764,0.4045,12900.0
3096.7,13.09,-0.5991,0.4736,12890.0
3096.75,13.17,-0.798,0.412,12880.0
3096.8,13.24,-0.9968,0.3504,12870.0
3096.85,13.33,-0.7627,0.4963,12880.0
3096.9,13.42,-0.5287,0.6421,12880.0
3096.95,13.4,-0.5559,0.6349,12880.0
3097.0,13.37,-0.5832,0.6277,12880.0
3097.05,13.31,-0.6256,0.2472,12880.0
3097.1,13.25,-0.668,-0.1334,12880.0
3097.15,13.17,-0.7271,-0.1204,12860.0
3097.2,13.09,-0.7862,-0.1073,12840.0
3097.25,13.21,-0.6917,-0.09828,12810.0
3097.3,13.33,-0.5971,-0.08926,12790.0
3097.35,13.26,-0.6541,-0.01988,12780.0
3097.4,13.18,-0.711,0.04951,12780.0
3097.45,13.25,-0.7558,0.09426,12790.0
3097.5,13.32,-0.8005,0.139,12810.0
3097.55,13.27,-0.8049,0.06585,12820.0
3097.6,13.21,-0.8093,-0.007316,12830.0
3097.65,13.08,-0.6278,0.1035,12820.0
3097.7,12.94,-0.4463,0.2144,12810.0
3097.75,13.16,-0.5814,0.2497,12780.0
3097.8,13.38,-0.7166,0.2851,12740.0
3097.85,13.24,-0.7269,0.289,12710.0
3097.9,13.11,-0.7373,0.2929,12690.0
3097.95,13.17,-0.8977,0.1782,12680.0
3098.0,13.23,-1.058,0.06341,12690.0
3098.05,13.34,-0.9389,0.3757,12710.0
3098.1,13.44,-0.8197,0.688,12720.0
3098.15,13.48,-0.7376,0.4467,12740.0
3098.2,13.52,-0.6556,0.2053,12730.0
3098.25,13.66,-0.574,0.1784,12720.0
3098.3,13.8,-0.4924,0.1514,12680.0
3098.35,13.75,-0.3171,0.1556,12630.0
3098.4,13.71,-0.1417,0.1597,12590.0
3098.45,13.69,-0.292,0.0706,12560.0
3098.5,13.67,-0.4423,-0.01853,12540.0
3098.55,13.78,-0.4301,-0.03658,12530.0
3098.6,13.89,-0.418,-0.05463,12550.0
3098.65,13.92,-0.4289,0.1188,12560.0
3098.7,13.95,-0.4399,0.2922,12580.0
3098.75,13.82,-0.7757,0.1462,12580.0
3098.8,13.69,-1.111,0.0002439,12570.0
3098.85,13.59,-1.179,-0.143,12540.0
3098.9,13.5,-1.247,-0.2863,12500.0
3098.95,13.66,-1.387,-0.1966,12460.0
3099.0,13.83,-1.527,-0.1068,12420.0
3099.05,13.63,-1.487,-0.01792,12390.0
3099.1,13.44,-1.447,0.07097,12380.0
3099.15,13.2,-1.457,0.1418,12380.0
3099.2,12.96,-1.467,0.2127,12400.0
3099.25,12.94,-1.467,0.2584,12420.0
3099.3,12.93,-1.467,0.3041,12440.0
3099.35,12.96,-1.501,0.3372,12440.0
3099.4,13.0,-1.535,0.3702,12420.0
3099.45,13.11,-1.442,0.2352,12390.0
3099.5,13.21,-1.349,0.1002,12340.0
3099.55,13.0,-1.274,0.4221,12310.0
3099.6,12.79,-1.199,0.7441,12290.0
3099.65,12.59,-1.321,0.7503,12280.0
3099.7,12.39,-1.442,0.7565,12290.0
3099.75,12.54,-1.617,0.6846,12310.0
3099.8,12.7,-1.791,0.6126,12350.0
3099.85,12.65,-1.623,0.6983,12370.0
3099.9,12.59,-1.455,0.7841,12370.0
3099.95,12.45,-1.437,0.637,12350.0
3100.0,12.3,-1.418,0.4899,12310.0
3100.05,12.22,-1.312,0.3886,12280.0
3100.1,12.13,-1.207,0.2873,12240.0
3100.15,12.15,-1.068,0.1927,12210.0
3100.2,12.17,-0.9291,0.09804,12190.0
3100.25,12.06,-1.001,0.1712,12200.0
3100.3,11.95,-1.072,0.2444,12220.0
3100.35,12.03,-1.152,0.1697,12250.0
3100.4,12.11,-1.232,0.09511,12260.0
3100.45,12.16,-1.495,0.03231,12260.0
3100.5,12.22,-1.757,-0.03048,12250.0
3100.55,12.35,-1.811,-0.04451,12220.0
3100.6,12.49,-1.865,-0.05853,12180.0
3100.65,12.54,-1.887,-0.1832,12140.0
3100.7,12.6,-1.909,-0.3078,12120.0
3100.75,12.41,-1.827,-0.244,12120.0
3100.8,12.21,-1.746,-0.1802,12120.0
3100.85,12.05,-1.691,-0.3691,12130.0
3100.9,11.88,-1.637,-0.558,12140.0
3100.95,11.93,-1.564,-0.5181,12150.0
3101.0,11.98,-1.491,-0.4782,12150.0
3101.05,11.98,-1.488,-0.3442,12140.0
3101.1,11.98,-1.484,-0.2102,12120.0
3101.15,12.03,-1.406,-0.2045,12100.0
3101.2,12.09,-1.327,-0.1988,12070.0
3101.25,12.3,-1.369,-0.3301,12050.0
3101.3,12.5,-1.412,-0.4614,12020.0
3101.35,12.5,-1.595,-0.4993,12000.0
3101.4,12.5,-1.778,-0.5373,12000.0
3101.45,12.63,-1.604,-0.2763,12020.0
3101.5,12.75,-1.43,-0.01536,12040.0
3101.55,12.84,-1.699,0.1123,12050.0
3101.6,12.92,-1.968,0.24,12040.0
3101.65,12.83,-1.639,0.2101,12020.0
3101.7,12.74,-1.309,0.1802,11980.0
3101.75,12.91,-1.298,-0.08011,11930.0
3101.8,13.09,-1.287,-0.3405,11880.0
3101.85,13.03,-1.248,-0.4986,11870.0
3101.9,12.98,-1.209,-0.6568,11870.0
3101.95,13.12,-1.096,-0.5352,11900.0
3102.0,13.27,-0.9841,-0.4136,11920.0
3102.05,13.38,-1.142,-0.4491,11930.0
3102.1,13.5,-1.301,-0.4846,11940.0
3102.15,13.52,-1.427,-0.5231,11930.0
3102.2,13.54,-1.553,-0.5616,11890.0
3102.25,13.44,-1.584,-0.5352,11850.0
3102.3,13.35,-1.615,-0.5087,11810.0
3102.35,13.07,-1.61,-0.4243,11780.0
3102.4,12.79,-1.604,-0.34,11770.0
3102.45,12.89,-1.376,-0.3159,11770.0
3102.5,13.0,-1.148,-0.2919,11780.0
3102.55,13.01,-1.218,-0.4186,11800.0
3102.6,13.03,-1.288,-0.5453,11820.0
3102.65,13.0,-1.209,-0.4987,11830.0
3102.7,12.97,-1.13,-0.4521,11830.0
3102.75,12.79,-1.006,-0.4142,11820.0
3102.8,12.62,-0.8829,-0.3763,11800.0
3102.85,12.83,-0.9417,-0.2878,11780.0
3102.9,13.04,-1.0,-0.1992,11750.0
3102.95,13.25,-0.8543,-0.1717,11730.0
3103.0,13.45,-0.7082,-0.1441,11720.0
3103.05,13.35,-0.7627,-0.01853,11730.0
3103.1,13.26,-0.8173,0.1071,11740.0
3103.15,13.22,-0.7566,0.2067,11750.0
3103.2,13.18,-0.6958,0.3063,11750.0
3103.25,13.17,-0.7281,0.3579,11750.0
3103.3,13.17,-0.7603,0.4095,11750.0
3103.35,13.04,-0.7148,0.3706,11740.0
3103.4,12.92,-0.6692,0.3317,11720.0
3103.45,13.03,-0.8175,0.3358,11700.0
3103.5,13.14,-0.9658,0.34,11690.0
3103.55,13.3,-0.9405,0.3307,11690.0
3103.6,13.45,-0.9152,0.3214,11680.0
3103.65,13.39,-0.83,0.3074,11680.0
3103.7,13.32,-0.7448,0.2934,11680.0
3103.75,13.34,-0.7677,0.1305,11670.0
3103.8,13.36,-0.7906,-0.03244,11670.0
3103.85,13.5,-0.7462,0.1485,11660.0
3103.9,13.63,-0.7018,0.3295,11640.0
3103.95,13.52,-0.713,0.1444,11630.0
3104.0,13.42,-0.7241,-0.04073,11620.0
3104.05,13.31,-0.6815,-0.3986,11630.0
3104.1,13.21,-0.6389,-0.7565,11630.0
3104.15,13.11,-0.7683,-0.781,11630.0
3104.2,13.01,-0.8977,-0.8055,11630.0
3104.25,13.28,-0.8242,-0.801,11640.0
3104.3,13.56,-0.7508,-0.7965,11630.0
3104.35,13.62,-0.5695,-0.6679,11610.0
3104.4,13.68,-0.3881,-0.5392,11590.0
3104.45,13.66,-0.6543,-0.282,11570.0
3104.5,13.63,-0.9204,-0.02488,11560.0
3104.55,13.68,-0.9242,0.1223,11550.0
3104.6,13.73,-0.9279,0.2695,11550.0
3104.65,13.68,-0.8975,0.1027,11540.0
3104.7,13.63,-0.867,-0.06414,11550.0
3104.75,13.58,-0.7723,0.02451,11560.0
3104.8,13.54,-0.6775,0.1132,11560.0
3104.85,13.45,-0.6282,-0.03463,11560.0
3104.9,13.36,-0.5788,-0.1824,11550.0
3104.95,13.4,-0.5271,-0.348,11540.0
3105.0,13.45,-0.4753,-0.5136,11530.0
3105.05,13.5,-0.4825,-0.3624,11510.0
3105.1,13.54,-0.4896,-0.2112,11480.0
3105.15,13.4,-0.6162,0.1732,11470.0
3105.2,13.26,-0.7428,0.5575,11480.0
3105.25,13.31,-0.6945,0.6501,11490.0
3105.3,13.37,-0.6461,0.7426,11490.0
3105.35,13.53,-0.8027,0.7005,11500.0
3105.4,13.69,-0.9594,0.6585,11510.0
3105.45,13.59,-0.7822,0.7609,11510.0
3105.5,13.49,-0.6051,0.8633,11490.0
3105.55,13.76,-0.6612,0.7886,11470.0
3105.6,14.03,-0.7173,0.7138,11450.0
3105.65,14.14,-0.6059,0.7461,11450.0
3105.7,14.25,-0.4944,0.7785,11450.0
3105.75,14.2,-0.5647,0.6892,11460.0
3105.8,14.15,-0.6349,0.5999,11480.0
3105.85,14.14,-0.5969,0.3875,11500.0
3105.9,14.12,-0.5589,0.1751,11510.0
3105.95,14.24,-0.5474,0.2563,11510.0
3106.0,14.35,-0.5358,0.3375,11480.0
3106.05,14.31,-0.6779,0.3509,11460.0
3106.1,14.27,-0.8201,0.3644,11440.0
3106.15,14.35,-0.821,0.3055,11440.0
3106.2,14.44,-0.822,0.2466,11440.0
3106.25,14.53,-0.6947,0.3334,11440.0
3106.3,14.63,-0.5673,0.4202,11450.0
3106.35,14.65,-0.6256,0.4342,11470.0
3106.4,14.68,-0.6839,0.4482,11480.0
3106.45,14.65,-0.4928,0.3142,11480.0
3106.5,14.62,-0.3017,0.1802,11470.0
3106.55,14.69,-0.3603,0.1011,11460.0
3106.6,14.75,-0.4188,0.02195,11460.0
3106.65,14.85,-0.6546,-0.04451,11440.0
3106.7,14.94,-0.8905,-0.111,11430.0
3106.75,14.88,-1.105,-0.2834,11410.0
3106.8,14.81,-1.319,-0.4558,11400.0
3106.85,14.8,-1.522,-0.3568,11410.0
3106.9,14.79,-1.726,-0.2578,11410.0
3106.95,14.78,-1.47,-0.3039,11410.0
3107.0,14.77,-1.215,-0.35,11430.0
3107.05,14.69,-1.144,-0.4129,11450.0
3107.1,14.61,-1.074,-0.4758,11450.0
3107.15,14.59,-1.078,-0.6337,11440.0
3107.2,14.56,-1.082,-0.7916,11410.0
3107.25,14.34,-1.064,-0.7281,11390.0
3107.3,14.11,-1.047,-0.6646,11380.0
3107.35,14.21,-1.262,-0.5531,11370.0
3107.4,14.31,-1.478,-0.4417,11370.0
3107.45,14.43,-1.479,-0.3976,11390.0
3107.5,14.55,-1.481,-0.3536,11400.0
3107.55,14.47,-1.406,-0.3225,11410.0
3107.6,14.38,-1.33,-0.2914,11410.0
3107.65,14.25,-1.373,-0.2877,11390.0
3107.7,14.11,-1.416,-0.2839,11370.0
3107.75,14.05,-1.382,-0.2789,11360.0
3107.8,13.99,-1.348,-0.2739,11350.0
3107.85,13.94,-1.231,-0.04341,11360.0
3107.9,13.9,-1.114,0.1871,11370.0
3107.95,13.8,-1.189,0.2636,11380.0
3108.0,13.71,-1.265,0.3402,11400.0
3108.05,13.53,-1.35,0.4974,11410.0
3108.1,13.36,-1.435,0.6546,11400.0
3108.15,13.56,-1.502,0.5662,11370.0
3108.2,13.75,-1.569,0.4778,11350.0
3108.25,13.82,-1.53,0.3989,11330.0
3108.3,13.88,-1.491,0.32,11320.0
3108.35,13.7,-1.351,0.3431,11320.0
3108.4,13.51,-1.211,0.3663,11330.0
3108.45,13.59,-1.149,0.1849,11360.0
3108.5,13.68,-1.086,0.003414,11380.0
3108.55,13.77,-1.018,0.03646,11400.0
3108.6,13.87,-0.9498,0.0695,11400.0
3108.65,13.83,-1.117,0.001707,11390.0
3108.7,13.79,-1.283,-0.06609,11370.0
3108.75,13.55,-1.427,-0.2584,11360.0
3108.8,13.32,-1.571,-0.4507,11340.0
3108.85,13.23,-1.502,-0.5465,11330.0
3108.9,13.14,-1.434,-0.6424,11330.0
3108.95,13.16,-1.481,-0.7628,11350.0
3109.0,13.17,-1.527,-0.8833,11360.0
3109.05,13.15,-1.469,-0.7774,11380.0
3109.1,13.13,-1.41,-0.6714,11380.0
3109.15,13.11,-1.288,-0.6541,11390.0
3109.2,13.1,-1.165,-0.6368,11400.0
3109.25,13.22,-1.324,-0.3864,11410.0
3109.3,13.35,-1.482,-0.1361,11410.0
3109.35,13.39,-1.535,-0.1728,11410.0
3109.4,13.44,-1.588,-0.2095,11420.0
3109.45,13.46,-1.53,-0.2628,11430.0
3109.5,13.49,-1.473,-0.3161,11430.0
3109.55,13.44,-1.442,-0.2931,11440.0
3109.6,13.39,-1.412,-0.2702,11440.0
3109.65,13.62,-1.608,-0.4443,11440.0
3109.7,13.85,-1.805,-0.6185,11430.0
3109.75,13.84,-1.813,-0.5077,11430.0
3109.8,13.84,-1.821,-0.397,11420.0
3109.85,13.71,-1.785,-0.3491,11410.0
3109.9,13.58,-1.75,-0.3012,11410.0
3109.95,13.34,-1.565,-0.2288,11410.0
3110.0,13.11,-1.381,-0.1563,11420.0
3110.05,12.9,-1.225,-0.1828,11430.0
3110.1,12.69,-1.069,-0.2092,11440.0
3110.15,12.74,-1.045,-0.07804,11450.0
3110.2,12.8,-1.022,0.05316,11450.0
3110.25,13.01,-1.291,-0.008536,11450.0
3110.3,13.22,-1.56,-0.07024,11450.0
3110.35,13.15,-1.558,-0.04475,11440.0
3110.4,13.07,-1.557,-0.01927,11430.0
3110.45,12.99,-1.408,-0.06865,11420.0
3110.5,12.9,-1.26,-0.118,11400.0
3110.55,12.87,-1.184,-0.1311,11400.0
3110.6,12.84,-1.109,-0.1441,11400.0
3110.65,12.79,-0.961,-0.3031,11410.0
3110.7,12.74,-0.8125,-0.4621,11420.0
3110.75,12.56,-0.9353,-0.5426,11430.0
3110.8,12.39,-1.058,-0.6231,11450.0
3110.85,12.37,-1.159,-0.8588,11470.0
3110.9,12.36,-1.26,-1.095,11470.0
3110.95,12.47,-1.287,-1.177,11460.0
3111.0,12.57,-1.315,-1.259,11450.0
3111.05,12.63,-1.35,-1.207,11430.0
3111.1,12.69,-1.385,-1.155,11410.0
3111.15,12.63,-1.439,-0.945,11400.0
3111.2,12.57,-1.494,-0.7355,11410.0
3111.25,12.7,-1.223,-0.7922,11440.0
3111.3,12.83,-0.9518,-0.8489,11480.0
3111.35,12.8,-0.786,-0.8608,11510.0
3111.4,12.77,-0.6202,-0.8726,11540.0
3111.45,12.63,-0.6552,-0.9328,11540.0
3111.5,12.49,-0.6903,-0.9931,11530.0
3111.55,12.45,-0.8826,-0.8103,11510.0
3111.6,12.41,-1.075,-0.6275,11490.0
3111.65,12.37,-1.174,-0.6408,11470.0
3111.7,12.32,-1.273,-0.6541,11460.0
3111.75,12.3,-1.37,-0.7408,11480.0
3111.8,12.29,-1.466,-0.8275,11510.0
3111.85,12.07,-1.518,-0.8838,11560.0
3111.9,11.86,-1.57,-0.9401,11610.0
3111.95,11.89,-1.472,-0.8056,11650.0
3112.0,11.93,-1.373,-0.6711,11680.0
3112.05,12.14,-1.507,-0.596,11680.0
3112.1,12.35,-1.641,-0.5209,11670.0
3112.15,12.33,-1.902,-0.2823,11640.0
3112.2,12.32,-2.164,-0.04365,11610.0
3112.25,12.28,-1.936,-0.05207,11590.0
3112.3,12.24,-1.709,-0.06048,11590.0
3112.35,12.09,-1.754,-0.1968,11610.0
3112.4,11.93,-1.799,-0.3331,11650.0
3112.45,11.86,-1.988,-0.2973,11690.0
3112.5,11.78,-2.177,-0.2614,11740.0
3112.55,11.91,-2.098,-0.4003,11790.0
3112.6,12.05,-2.019,-0.5392,11810.0
3112.65,11.97,-1.812,-0.6894,11820.0
3112.7,11.88,-1.606,-0.8397,11810.0
3112.75,11.8,-1.558,-0.6531,11790.0
3112.8,11.72,-1.51,-0.4665,11760.0
3112.85,11.9,-1.474,-0.342,11740.0
3112.9,12.09,-1.439,-0.2175,11730.0
3112.95,12.09,-1.273,-0.3287,11740.0
3113.0,12.1,-1.107,-0.44,11780.0
3113.05,12.13,-1.273,-0.2242,11830.0
3113.1,12.17,-1.44,-0.008536,11880.0
3113.15,12.3,-1.452,-0.1144,11920.0
3113.2,12.42,-1.464,-0.2202,11930.0
3113.25,12.45,-1.534,-0.3287,11930.0
3113.3,12.48,-1.605,-0.4373,11910.0
3113.35,12.42,-1.568,-0.4775,11890.0
3113.4,12.37,-1.531,-0.5177,11880.0
3113.45,12.31,-1.398,-0.4365,11870.0
3113.5,12.25,-1.265,-0.3553,11880.0
3113.55,12.4,-1.356,-0.3262,11910.0
3113.6,12.54,-1.446,-0.297,11950.0
3113.65,12.43,-1.568,-0.1818,11990.0
3113.7,12.31,-1.69,-0.06658,12020.0
3113.75,12.34,-1.749,0.04243,12030.0
3113.8,12.37,-1.807,0.1514,12040.0
3113.85,12.56,-1.835,0.1984,12020.0
3113.9,12.75,-1.863,0.2453,12000.0
3113.95,12.75,-1.681,0.322,11990.0
3114.0,12.74,-1.499,0.3987,12000.0
3114.05,12.92,-1.655,0.334,12030.0
3114.1,13.1,-1.812,0.2692,12060.0
3114.15,13.12,-1.748,0.07133,12090.0
3114.2,13.13,-1.683,-0.1266,12130.0
3114.25,13.06,-1.88,-0.253,12160.0
3114.3,12.98,-2.076,-0.3795,12180.0
3114.35,13.0,-2.107,-0.3609,12170.0
3114.4,13.03,-2.137,-0.3424,12160.0
3114.45,12.88,-1.955,-0.206,12140.0
3114.5,12.74,-1.773,-0.0695,12120.0
3114.55,12.61,-1.79,-0.3937,12120.0
3114.6,12.47,-1.807,-0.718,12130.0
3114.65,12.37,-1.823,-0.8295,12160.0
3114.7,12.26,-1.838,-0.9411,12220.0
3114.75,12.19,-1.796,-0.7828,12280.0
3114.8,12.12,-1.754,-0.6246,12320.0
3114.85,12.23,-1.561,-0.6549,12350.0
3114.9,12.35,-1.367,-0.6853,12350.0
3114.95,12.22,-1.207,-0.7202,12340.0
3115.0,12.09,-1.047,-0.755,12310.0
3115.05,12.12,-1.256,-0.5921,12270.0
3115.1,12.16,-1.465,-0.4292,12250.0
3115.15,12.13,-1.668,-0.2588,12260.0
3115.2,12.1,-1.872,-0.08828,12290.0
3115.25,12.06,-1.691,-0.2598,12340.0
3115.3,12.02,-1.511,-0.4314,12400.0
3115.35,12.04,-1.265,-0.2897,12460.0
3115.4,12.06,-1.019,-0.148,12510.0
3115.45,11.96,-1.062,-0.03,12530.0
3115.5,11.86,-1.105,0.08804,12510.0
3115.55,12.01,-1.333,-0.0628,12470.0
3115.6,12.17,-1.56,-0.2136,12440.0
3115.65,12.11,-1.437,-0.221,12440.0
3115.7,12.06,-1.313,-0.2283,12440.0
3115.75,12.25,-1.341,-0.1736,12470.0
3115.8,12.43,-1.369,-0.119,12530.0
3115.85,12.55,-1.424,-0.1571,12600.0
3115.9,12.66,-1.478,-0.1951,12660.0
3115.95,12.6,-1.395,-0.2783,12690.0
3116.0,12.55,-1.312,-0.3614,12690.0
3116.05,12.62,-1.226,-0.248,12680.0
3116.1,12.68,-1.141,-0.1346,12670.0
3116.15,12.55,-1.169,-0.1966,12650.0
3116.2,12.41,-1.196,-0.2585,12630.0
3116.25,12.36,-1.077,-0.4215,12640.0
3116.3,12.32,-0.9586,-0.5846,12680.0
3116.35,12.51,-1.052,-0.5748,12740.0
3116.4,12.71,-1.145,-0.5651,12780.0
3116.45,12.61,-1.265,-0.5699,12810.0
3116.5,12.51,-1.384,-0.5748,12830.0
3116.55,12.38,-1.071,-0.3391,12840.0
3116.6,12.25,-0.758,-0.1034,12830.0
3116.65,12.24,-0.6433,-0.07365,12800.0
3116.7,12.23,-0.5287,-0.0439,12780.0
3116.75,12.32,-0.5511,-0.1514,12780.0
3116.8,12.41,-0.5736,-0.259,12800.0
3116.85,12.24,-0.6708,-0.1004,12830.0
3116.9,12.06,-0.7679,0.05829,12850.0
3116.95,12.17,-0.8003,0.3226,12880.0
3117.0,12.29,-0.8328,0.587,12910.0
3117.05,12.27,-0.7446,0.6638,12940.0
3117.1,12.26,-0.6564,0.7407,12970.0
3117.15,12.28,-0.6489,0.5932,12980.0
3117.2,12.3,-0.6413,0.4458,12970.0
3117.25,12.39,-0.7623,0.04329,12950.0
3117.3,12.49,-0.8833,-0.3592,12920.0
3117.35,12.44,-0.8055,-0.4359,12890.0
3117.4,12.38,-0.7277,-0.5126,12890.0
3117.45,12.41,-0.3418,-0.5485,12910.0
3117.5,12.43,0.04419,-0.5843,12960.0
3117.55,12.43,-0.09554,-0.5104,13030.0
3117.6,12.43,-0.2353,-0.4365,13090.0
3117.65,12.56,-0.2601,-0.2609,13140.0
3117.7,12.69,-0.285,-0.08536,13150.0
3117.75,12.72,-0.1973,-0.1271,13130.0
3117.8,12.75,-0.1095,-0.1688,13090.0
3117.85,12.66,-0.2178,-0.2145,13040.0
3117.9,12.57,-0.326,-0.2602,13020.0
3117.95,12.62,-0.3087,-0.3019,13020.0
3118.0,12.67,-0.2914,-0.3436,13050.0
3118.05,12.69,-0.3097,-0.1571,13100.0
3118.1,12.7,-0.328,0.02951,13160.0
3118.15,12.57,-0.1039,-0.02183,13210.0
3118.2,12.44,0.1202,-0.07316,13240.0
3118.25,12.57,0.4166,-0.0161,13250.0
3118.3,12.71,0.713,0.04097,13240.0
3118.35,12.63,0.5707,0.006097,13220.0
3118.4,12.55,0.4283,-0.02878,13200.0
3118.45,12.73,0.3843,-0.1661,13180.0
3118.5,12.9,0.3404,-0.3034,13170.0
3118.55,12.89,0.4775,-0.4971,13170.0
3118.6,12.88,0.6146,-0.6909,13190.0
3118.65,12.91,0.5919,-0.7786,13210.0
3118.7,12.94,0.5693,-0.8662,13240.0
3118.75,12.9,0.5792,-0.8923,13290.0
3118.8,12.87,0.5892,-0.9184,13330.0
3118.85,12.87,0.6421,-0.8255,13350.0
3118.9,12.87,0.6951,-0.7326,13350.0
3118.95,12.83,0.8177,-0.5152,13330.0
3119.0,12.79,0.9403,-0.2978,13290.0
3119.05,12.87,1.021,-0.2641,13250.0
3119.1,12.95,1.103,-0.2305,13230.0
3119.15,13.22,1.051,-0.1934,13230.0
3119.2,13.48,0.9992,-0.1563,13270.0
3119.25,13.7,1.013,-0.1949,13320.0
3119.3,13.92,1.027,-0.2334,13370.0
3119.35,14.02,0.9349,-0.2484,13410.0
3119.4,14.12,0.8423,-0.2634,13430.0
3119.45,14.09,0.8306,-0.2242,13420.0
3119.5,14.07,0.8189,-0.1851,13390.0
3119.55,14.17,0.8535,-0.1588,13360.0
3119.6,14.27,0.8881,-0.1324,13330.0
3119.65,14.25,0.8678,-0.2334,13320.0
3119.7,14.24,0.8475,-0.3344,13330.0
3119.75,13.97,0.7056,-0.3152,13350.0
3119.8,13.7,0.5637,-0.2961,13390.0
3119.85,13.59,0.6953,-0.3502,13430.0
3119.9,13.49,0.8268,-0.4043,13460.0
3119.95,13.56,0.7484,-0.5099,13480.0
3120.0,13.63,0.67,-0.6155,13490.0
3120.05,13.81,0.8025,-0.6147,13480.0
3120.1,13.98,0.9351,-0.6138,13470.0
3120.15,14.1,0.8089,-0.5013,13450.0
3120.2,14.23,0.6827,-0.3887,13440.0
3120.25,14.14,0.8897,-0.4742,13450.0
3120.3,14.05,1.097,-0.5597,13470.0
3120.35,14.12,1.122,-0.7083,13500.0
3120.4,14.19,1.147,-0.857,13530.0
3120.45,14.08,1.044,-0.7855,13570.0
3120.5,13.98,0.9419,-0.7141,13600.0
3120.55,13.95,0.8684,-0.7088,13610.0
3120.6,13.92,0.795,-0.7036,13610.0
3120.65,13.93,0.8447,-0.6664,13590.0
3120.7,13.93,0.8945,-0.6292,13570.0
3120.75,13.95,0.9393,-0.4698,13550.0
3120.8,13.96,0.9841,-0.3105,13540.0
3120.85,13.97,0.9863,-0.2183,13560.0
3120.9,13.98,0.9884,-0.1261,13590.0
3120.95,14.06,1.136,-0.1434,13630.0
3121.0,14.15,1.283,-0.1607,13670.0
3121.05,14.02,1.41,-0.1524,13700.0
3121.1,13.9,1.537,-0.1441,13710.0
3121.15,13.89,1.489,-0.1935,13710.0
3121.2,13.89,1.44,-0.2429,13680.0
3121.25,13.8,1.436,-0.2608,13650.0
3121.3,13.71,1.432,-0.2787,13620.0
3121.35,13.64,1.327,-0.2129,13610.0
3121.4,13.57,1.221,-0.1471,13610.0
3121.45,13.55,1.194,-0.2509,13630.0
3121.5,13.53,1.166,-0.3548,13670.0
3121.55,13.62,1.145,-0.2225,13710.0
3121.6,13.71,1.123,-0.09023,13740.0
3121.65,13.6,1.086,-0.2084,13750.0
3121.7,13.5,1.048,-0.3265,13740.0
3121.75,13.38,1.098,-0.3272,13720.0
3121.8,13.27,1.147,-0.3278,13680.0
3121.85,13.06,1.101,-0.05963,13650.0
3121.9,12.86,1.055,0.2085,13620.0
3121.95,12.87,1.135,0.1422,13610.0
3122.0,12.89,1.215,0.07585,13630.0
3122.05,12.81,1.243,-0.05755,13650.0
3122.1,12.73,1.271,-0.191,13680.0
3122.15,12.61,0.9829,-0.3119,13710.0
3122.2,12.49,0.6947,-0.4329,13730.0
3122.25,12.51,0.6302,-0.3485,13730.0
3122.3,12.52,0.5657,-0.2641,13720.0
3122.35,12.72,0.6222,-0.211,13690.0
3122.4,12.91,0.6787,-0.1578,13660.0
3122.45,12.88,0.63,-0.1247,13640.0
3122.5,12.84,0.5812,-0.0917,13630.0
3122.55,13.0,0.8999,-0.2072,13630.0
3122.6,13.16,1.219,-0.3226,13640.0
3122.65,13.06,1.39,-0.3509,13660.0
3122.7,12.96,1.562,-0.3792,13690.0
3122.75,12.94,1.722,-0.3774,13700.0
3122.8,12.92,1.882,-0.3756,13710.0
3122.85,12.8,1.685,-0.3575,13720.0
3122.9,12.69,1.488,-0.3395,13720.0
3122.95,12.65,1.452,-0.2978,13730.0
3123.0,12.61,1.416,-0.2561,13730.0
3123.05,12.73,1.369,-0.3094,13730.0
3123.1,12.84,1.321,-0.3626,13730.0
3123.15,12.99,1.056,-0.4721,13740.0
3123.2,13.15,0.7898,-0.5816,13750.0
3123.25,13.09,0.9188,-0.4739,13760.0
3123.3,13.04,1.048,-0.3661,13770.0
3123.35,12.83,1.179,-0.4829,13780.0
3123.4,12.61,1.31,-0.5997,13790.0
3123.45,12.74,1.147,-0.6277,13790.0
3123.5,12.86,0.9849,-0.6558,13790.0
3123.55,13.05,0.9447,-0.5276,13790.0
3123.6,13.25,0.9044,-0.3995,13790.0
3123.65,13.15,0.8748,-0.3913,13790.0
3123.7,13.05,0.8451,-0.3831,13800.0
3123.75,13.27,1.041,-0.3942,13820.0
3123.8,13.48,1.236,-0.4053,13830.0
3123.85,13.61,1.357,-0.4864,13840.0
3123.9,13.74,1.478,-0.5675,13850.0
3123.95,13.67,1.507,-0.5082,13830.0
3124.0,13.61,1.535,-0.449,13810.0
3124.05,13.72,1.481,-0.5621,13780.0
3124.1,13.84,1.426,-0.6753,13770.0
3124.15,13.78,1.536,-0.8632,13770.0
3124.2,13.72,1.647,-1.051,13790.0
3124.25,13.87,1.485,-0.9247,13810.0
3124.3,14.02,1.324,-0.7982,13830.0
3124.35,14.03,1.462,-0.8114,13840.0
3124.4,14.03,1.599,-0.8245,13840.0
3124.45,14.04,1.588,-0.8509,13810.0
3124.5,14.05,1.577,-0.8772,13780.0
3124.55,14.15,1.502,-0.8769,13760.0
3124.6,14.25,1.428,-0.8765,13740.0
3124.65,14.02,1.374,-0.6948,13750.0
3124.7,13.79,1.321,-0.5131,13760.0
3124.75,13.66,1.44,-0.4198,13770.0
3124.8,13.53,1.559,-0.3265,13780.0
3124.85,13.42,1.605,-0.344,13780.0
3124.9,13.31,1.651,-0.3614,13780.0
3124.95,13.31,1.537,-0.3491,13770.0
3125.0,13.31,1.422,-0.3368,13760.0
3125.05,13.37,1.141,-0.317,13760.0
3125.1,13.43,0.8595,-0.2973,13760.0
3125.15,13.65,1.075,-0.328,13770.0
3125.2,13.87,1.29,-0.3587,13780.0
3125.25,14.06,1.235,-0.5597,13780.0
3125.3,14.26,1.181,-0.7606,13780.0
3125.35,14.43,0.9178,-0.4291,13780.0
3125.4,14.6,0.6544,-0.09755,13780.0
3125.45,14.52,0.7048,-0.3133,13770.0
3125.5,14.45,0.7552,-0.529,13770.0
3125.55,14.27,0.579,-0.4635,13770.0
3125.6,14.09,0.4029,-0.398,13780.0
3125.65,14.1,0.5408,-0.6208,13800.0
3125.7,14.11,0.6787,-0.8436,13830.0
3125.75,14.09,0.6801,-0.9282,13850.0
3125.8,14.07,0.6815,-1.013,13870.0
3125.85,14.22,0.454,-0.7831,13880.0
3125.9,14.36,0.2265,-0.5534,13880.0
3125.95,14.49,0.0633,-0.4982,13870.0
3126.0,14.61,-0.09992,-0.4431,13860.0
3126.05,14.5,0.1929,-0.6702,13850.0
3126.1,14.4,0.4857,-0.8972,13850.0
3126.15,14.43,0.5121,-0.8142,13860.0
3126.2,14.46,0.5386,-0.7311,13870.0
3126.25,14.57,0.5263,-0.7991,13880.0
3126.3,14.68,0.5139,-0.867,13900.0
3126.35,14.57,0.6801,-0.7841,13920.0
3126.4,14.45,0.8463,-0.7011,13930.0
3126.45,14.46,0.7484,-0.6219,13920.0
3126.5,14.46,0.6505,-0.5426,13910.0
3126.55,14.43,0.5404,-0.2907,13910.0
3126.6,14.41,0.4303,-0.03878,13900.0
3126.65,14.41,0.3843,0.2679,13890.0
3126.7,14.42,0.3384,0.5746,13890.0
3126.75,14.56,0.2759,0.5095,13900.0
3126.8,14.7,0.2134,0.4443,13900.0
3126.85,14.55,0.2462,0.3652,13900.0
3126.9,14.39,0.2791,0.2861,13890.0
3126.95,14.43,0.246,0.3423,13900.0
3127.0,14.47,0.213,0.3985,13910.0
3127.05,14.25,-0.09116,0.3348,13910.0
3127.1,14.04,-0.3953,0.2712,13920.0
3127.15,13.98,-0.381,0.2995,13920.0
3127.2,13.92,-0.3666,0.3278,13930.0
3127.25,13.96,-0.3842,0.4275,13920.0
3127.3,13.99,-0.4017,0.5273,13900.0
3127.35,13.82,-0.4504,0.4251,13880.0
3127.4,13.65,-0.4992,0.3229,13860.0
3127.45,13.64,-0.6909,0.2937,13850.0
3127.5,13.63,-0.8826,0.2646,13850.0
3127.55,13.79,-0.878,0.2308,13850.0
3127.6,13.95,-0.8734,0.1971,13850.0
3127.65,13.82,-0.7635,0.2641,13860.0
3127.7,13.69,-0.6537,0.3312,13880.0
3127.75,13.62,-0.5726,0.6041,13900.0
3127.8,13.55,-0.4916,0.877,13910.0
3127.85,13.62,-0.296,0.8427,13910.0
3127.9,13.69,-0.1003,0.8084,13900.0
3127.95,13.82,0.01413,0.9472,13900.0
3128.0,13.96,0.1286,1.086,13880.0
3128.05,14.06,0.3732,0.9804,13870.0
3128.1,14.17,0.6178,0.8748,13860.0
3128.15,14.06,0.8203,0.8759,13870.0
3128.2,13.95,1.023,0.877,13890.0
3128.25,13.92,0.8175,0.7103,13910.0
3128.3,13.88,0.6123,0.5436,13920.0
3128.35,13.81,0.6258,0.6113,13930.0
3128.4,13.75,0.6393,0.6789,13940.0
3128.45,13.67,0.831,0.8013,13960.0
3128.5,13.59,1.023,0.9236,13980.0
3128.55,13.62,1.067,0.7604,13990.0
3128.6,13.65,1.112,0.5973,14000.0
3128.65,13.69,1.151,0.5782,14010.0
3128.7,13.74,1.19,0.5592,14000.0
3128.75,13.79,1.156,0.6449,13980.0
3128.8,13.85,1.122,0.7307,13960.0
3128.85,13.93,0.9104,0.5924,13960.0
3128.9,14.01,0.6986,0.4541,13960.0
3128.95,14.02,0.8899,0.3453,13980.0
3129.0,14.03,1.081,0.2366,14000.0
3129.05,14.08,1.051,0.4235,14010.0
3129.1,14.13,1.021,0.6104,14030.0
3129.15,14.09,0.8545,0.5804,14050.0
3129.2,14.04,0.6875,0.5504,14060.0
3129.25,13.83,0.4182,0.5265,14050.0
3129.3,13.62,0.1489,0.5026,14040.0
3129.35,13.65,0.2052,0.6511,14030.0
3129.4,13.68,0.2615,0.7997,14020.0
3129.45,13.94,0.218,0.7792,14000.0
3129.5,14.2,0.1744,0.7587,13980.0
3129.55,14.3,0.2432,0.6558,13990.0
3129.6,14.4,0.3121,0.5529,14000.0
3129.65,14.62,0.3792,0.6115,14010.0
3129.7,14.84,0.4463,0.6702,14030.0
3129.75,15.07,0.3264,0.6069,14050.0
3129.8,15.29,0.2066,0.5436,14090.0
3129.85,15.42,0.1336,0.4813,14120.0
3129.9,15.56,0.06051,0.419,14140.0
3129.95,15.35,-0.1196,0.5954,14130.0
3130.0,15.15,-0.2998,0.7719,14110.0
3130.05,15.15,-0.3469,0.7489,14080.0
3130.1,15.15,-0.3941,0.726,14040.0
3130.15,15.16,-0.379,0.8617,14000.0
3130.2,15.16,-0.3638,0.9975,13980.0
3130.25,14.95,-0.4514,1.044,13990.0
3130.3,14.73,-0.539,1.091,14040.0
3130.35,14.84,-0.5076,1.174,14100.0
3130.4,14.95,-0.4761,1.258,14150.0
3130.45,15.12,-0.256,0.9749,14180.0
3130.5,15.29,-0.03583,0.6921,14210.0
3130.55,15.37,0.2498,0.8039,14210.0
3130.6,15.45,0.5354,0.9158,14180.0
3130.65,15.39,0.4341,0.786,14130.0
3130.7,15.34,0.3328,0.6563,14080.0
3130.75,15.37,0.3738,0.5814,14060.0
3130.8,15.41,0.4148,0.5065,14040.0
3130.85,15.62,0.573,0.5097,14050.0
3130.9,15.83,0.7313,0.5129,14080.0
3130.95,15.98,0.8224,0.4845,14130.0
3131.0,16.12,0.9136,0.456,14190.0
3131.05,16.05,0.868,0.3192,14220.0
3131.1,15.97,0.8224,0.1824,14240.0
3131.15,16.01,0.8889,0.1154,14250.0
3131.2,16.05,0.9554,0.04829,14250.0
3131.25,15.95,0.9512,0.008414,14220.0
3131.3,15.85,0.947,-0.03146,14180.0
3131.35,15.95,0.9737,0.1651,14140.0
3131.4,16.04,1.0,0.3617,14140.0
3131.45,16.22,0.9184,0.3932,14160.0
3131.5,16.39,0.8364,0.4248,14190.0
3131.55,16.33,0.6576,0.3587,14200.0
3131.6,16.28,0.4789,0.2927,14220.0
3131.65,15.97,0.4524,0.4318,14250.0
3131.7,15.66,0.4259,0.5709,14260.0
3131.75,15.79,0.6268,0.6921,14270.0
3131.8,15.92,0.8276,0.8133,14260.0
3131.85,15.94,0.7054,0.8939,14250.0
3131.9,15.95,0.5832,0.9745,14260.0
3131.95,15.96,0.456,0.885,14270.0
3132.0,15.97,0.3288,0.7955,14260.0
3132.05,15.9,0.3276,0.707,14250.0
3132.1,15.83,0.3264,0.6185,14270.0
3132.15,15.72,0.4809,0.5682,14300.0
3132.2,15.6,0.6353,0.518,14310.0
3132.25,15.66,0.6345,0.4648,14310.0
3132.3,15.71,0.6337,0.4117,14300.0
3132.35,15.53,0.5675,0.3808,14300.0
3132.4,15.34,0.5012,0.35,14300.0
3132.45,15.38,0.5233,0.3822,14290.0
3132.5,15.42,0.5454,0.4143,14290.0
3132.55,15.45,0.5101,0.4857,14310.0
3132.6,15.48,0.4749,0.557,14360.0
3132.65,15.6,0.4329,0.5379,14400.0
3132.7,15.73,0.3909,0.5187,14420.0
3132.75,15.84,0.5589,0.4628,14430.0
3132.8,15.95,0.7269,0.4068,14430.0
3132.85,15.79,0.6746,0.3665,14410.0
3132.9,15.63,0.6222,0.3263,14380.0
3132.95,15.71,0.6288,0.1182,14330.0
3133.0,15.79,0.6353,-0.08999,14300.0
3133.05,15.84,0.8965,0.02866,14300.0
3133.1,15.88,1.158,0.1473,14330.0
3133.15,15.87,1.151,-0.07341,14360.0
3133.2,15.86,1.145,-0.2941,14400.0
3133.25,15.62,0.9582,-0.2657,14440.0
3133.3,15.38,0.7711,-0.2373,14490.0
3133.35,15.35,0.7554,-0.313,14510.0
3133.4,15.31,0.7396,-0.3887,14490.0
3133.45,15.31,0.8577,-0.3709,14440.0
3133.5,15.31,0.9757,-0.3531,14400.0
3133.55,15.25,0.794,-0.4936,14360.0
3133.6,15.19,0.6123,-0.6341,14320.0
3133.65,15.23,0.7054,-0.5187,14300.0
3133.7,15.27,0.7986,-0.4034,14310.0
3133.75,15.43,0.7305,-0.2641,14360.0
3133.8,15.59,0.6624,-0.1249,14420.0
3133.85,15.66,0.5513,-0.1305,14470.0
3133.9,15.72,0.4403,-0.1361,14490.0
3133.95,15.83,0.3845,-0.2322,14490.0
3134.0,15.94,0.3288,-0.3283,14470.0
3134.05,15.82,0.1401,-0.498,14440.0
3134.1,15.71,-0.04857,-0.6677,14390.0
3134.15,15.62,-0.01791,-0.543,14350.0
3134.2,15.54,0.01274,-0.4182,14330.0
3134.25,15.6,0.01493,-0.318,14340.0
3134.3,15.66,0.01712,-0.2178,14350.0
3134.35,15.64,-0.1387,-0.2134,14370.0
3134.4,15.62,-0.2946,-0.209,14380.0
3134.45,15.41,-0.1805,-0.379,14410.0
3134.5,15.2,-0.06648,-0.549,14440.0
3134.55,14.95,-0.132,-0.4128,14450.0
3134.6,14.71,-0.1974,-0.2766,14450.0
3134.65,14.6,-0.1361,-0.3102,14430.0
3134.7,14.49,-0.07484,-0.3439,14420.0
3134.75,14.56,-0.1391,-0.3131,14400.0
3134.8,14.64,-0.2034,-0.2824,14380.0
3134.85,14.63,-0.1113,-0.2406,14360.0
3134.9,14.62,-0.01911,-0.1988,14370.0
3134.95,14.59,-0.04956,-0.05792,14400.0
3135.0,14.56,-0.08001,0.08292,14420.0
3135.05,14.61,-0.162,0.3102,14430.0
3135.1,14.65,-0.244,0.5375,14430.0
3135.15,14.85,-0.2834,0.3654,14420.0
3135.2,15.06,-0.3228,0.1934,14400.0
3135.25,15.03,-0.1736,0.1397,14380.0
3135.3,15.01,-0.02428,0.08609,14380.0
3135.35,14.73,-0.05553,0.0845,14390.0
3135.4,14.44,-0.08678,0.08292,14410.0
3135.45,14.49,-0.1121,0.1807,14440.0
3135.5,14.53,-0.1373,0.2785,14460.0
3135.55,14.6,-0.2012,0.3356,14470.0
3135.6,14.67,-0.2651,0.3926,14460.0
3135.65,14.69,-0.2146,0.2401,14440.0
3135.7,14.72,-0.164,0.08755,14400.0
3135.75,14.77,-0.03006,-0.2539,14360.0
3135.8,14.81,0.1039,-0.5953,14330.0
3135.85,14.92,0.1308,-0.3334,14320.0
3135.9,15.02,0.1576,-0.07146,14330.0
3135.95,15.08,0.1401,-0.1972,14370.0
3136.0,15.14,0.1226,-0.3229,14420.0
3136.05,15.14,0.3933,-0.4436,14470.0
3136.1,15.14,0.664,-0.5643,14500.0
3136.15,15.27,0.6409,-0.3745,14500.0
3136.2,15.41,0.6178,-0.1846,14470.0
3136.25,15.42,0.6823,-0.0856,14420.0
3136.3,15.44,0.7468,0.01341,14360.0
3136.35,15.29,0.8927,0.05512,14310.0
3136.4,15.13,1.039,0.09682,14280.0
3136.45,15.03,0.9307,0.07292,14280.0
3136.5,14.92,0.8228,0.04902,14280.0
3136.55,14.96,0.7142,0.1282,14320.0
3136.6,15.01,0.6055,0.2073,14360.0
3136.65,14.88,0.7902,0.03268,14410.0
3136.7,14.75,0.9749,-0.1419,14440.0
3136.75,14.75,0.9729,-0.05682,14450.0
3136.8,14.74,0.9709,0.02829,14430.0
3136.85,14.78,0.9775,0.01756,14390.0
3136.9,14.82,0.9841,0.006829,14330.0
3136.95,14.84,0.9482,-0.09621,14270.0
3137.0,14.86,0.9124,-0.1992,14220.0
3137.05,14.97,1.091,-0.2663,14200.0
3137.1,15.07,1.269,-0.3334,14190.0
3137.15,15.05,1.268,-0.3674,14210.0
3137.2,15.03,1.268,-0.4014,14250.0
3137.25,15.19,1.195,-0.344,14290.0
3137.3,15.36,1.122,-0.2866,14310.0
3137.35,15.34,1.274,-0.3939,14320.0
3137.4,15.32,1.426,-0.5012,14320.0
3137.45,15.35,1.668,-0.3518,14300.0
3137.5,15.38,1.91,-0.2024,14260.0
3137.55,15.4,1.786,-0.09267,14220.0
3137.6,15.43,1.662,0.01707,14170.0
3137.65,15.68,1.523,-0.01744,14140.0
3137.7,15.93,1.385,-0.05195,14130.0
3137.75,15.96,1.539,0.1052,14120.0
3137.8,15.99,1.693,0.2624,14130.0
3137.85,16.03,1.638,0.3437,14140.0
3137.9,16.08,1.584,0.4251,14170.0
3137.95,15.95,1.45,0.3818,14180.0
3138.0,15.83,1.316,0.3385,14190.0
3138.05,15.75,1.304,0.2807,14180.0
3138.1,15.68,1.292,0.2229,14160.0
3138.15,15.72,1.246,0.3802,14150.0
3138.2,15.77,1.2,0.5375,14130.0
3138.25,15.57,1.298,0.7286,14110.0
3138.3,15.38,1.396,0.9197,14100.0
3138.35,15.43,1.255,0.8764,14090.0
3138.4,15.48,1.113,0.8331,14080.0
3138.45,15.47,1.169,0.7308,14060.0
3138.5,15.46,1.225,0.6285,14030.0
3138.55,15.41,1.333,0.6716,14020.0
3138.6,15.37,1.441,0.7148,14020.0
3138.65,15.43,1.322,0.6582,14040.0
3138.7,15.49,1.203,0.6016,14070.0
3138.75,15.32,1.159,0.6327,14080.0
3138.8,15.15,1.116,0.6638,14090.0
3138.85,15.21,1.061,0.6303,14080.0
3138.9,15.27,1.007,0.5968,14040.0
3138.95,15.16,0.9803,0.663,13990.0
3139.0,15.06,0.9538,0.7292,13940.0
3139.05,15.12,0.7747,0.5626,13900.0
3139.1,15.17,0.5955,0.3961,13880.0
3139.15,15.18,0.4242,0.3196,13870.0
3139.2,15.19,0.2528,0.2431,13870.0
3139.25,14.97,0.384,0.3197,13870.0
3139.3,14.74,0.5151,0.3963,13880.0
3139.35,14.6,0.6875,0.149,13890.0
3139.4,14.46,0.8599,-0.09828,13900.0
3139.45,14.3,0.8354,-0.1489,13890.0
3139.5,14.13,0.8109,-0.1995,13860.0
3139.55,14.29,0.8384,-0.04109,13830.0
3139.6,14.45,0.8658,0.1173,13800.0
3139.65,14.67,0.7235,0.1727,13760.0
3139.7,14.9,0.5812,0.228,13730.0
3139.75,14.57,0.4791,0.3374,13700.0
3139.8,14.25,0.377,0.4468,13680.0
3139.85,14.22,0.5237,0.3731,13670.0
3139.9,14.19,0.6704,0.2995,13670.0
3139.95,13.99,0.6753,0.2492,13670.0
3140.0,13.79,0.6803,0.199,13680.0
3140.05,13.59,0.462,0.2367,13690.0
3140.1,13.39,0.2436,0.2744,13690.0
3140.15,13.35,0.5129,0.2001,13680.0
3140.2,13.3,0.7822,0.1258,13670.0
3140.25,13.28,0.6168,0.2407,13650.0
3140.3,13.25,0.4514,0.3556,13620.0
3140.35,13.33,0.6194,0.3713,13590.0
3140.4,13.4,0.7874,0.387,13560.0
3140.45,13.41,0.6821,0.3311,13540.0
3140.5,13.41,0.5768,0.2751,13520.0
3140.55,13.42,0.5655,0.2312,13510.0
3140.6,13.44,0.5541,0.1873,13500.0
3140.65,13.44,0.4439,0.2419,13500.0
3140.7,13.45,0.3336,0.2966,13510.0
3140.75,13.51,0.05593,0.4428,13520.0
3140.8,13.56,-0.2217,0.589,13530.0
3140.85,13.57,-0.3155,0.4502,13530.0
3140.9,13.58,-0.4092,0.3114,13520.0
3140.95,13.43,-0.4323,0.4232,13510.0
3141.0,13.28,-0.4554,0.5351,13480.0
3141.05,13.02,-0.455,0.6496,13450.0
3141.1,12.76,-0.4546,0.7641,13420.0
3141.15,12.79,-0.4574,0.5368,13400.0
3141.2,12.81,-0.4602,0.3095,13390.0
3141.25,12.78,-0.246,0.18,13380.0
3141.3,12.76,-0.03185,0.05048,13380.0
3141.35,12.73,-0.04956,-0.15,13390.0
3141.4,12.71,-0.06728,-0.3504,13410.0
3141.45,12.61,-0.1037,-0.1351,13430.0
3141.5,12.51,-0.1401,0.08024,13430.0
3141.55,12.42,-0.2986,-0.05182,13420.0
3141.6,12.32,-0.457,-0.1839,13400.0
3141.65,12.41,-0.4417,-0.2292,13360.0
3141.7,12.49,-0.4263,-0.2746,13320.0
3141.75,12.52,-0.3006,-0.1696,13270.0
3141.8,12.56,-0.1748,-0.06463,13240.0
3141.85,12.43,-0.2297,-0.113,13230.0
3141.9,12.31,-0.2846,-0.1614,13230.0
3141.95,12.17,-0.3493,-0.1022,13250.0
3142.0,12.02,-0.414,-0.04292,13260.0
3142.05,11.97,-0.535,-0.07158,13270.0
3142.1,11.91,-0.656,-0.1002,13260.0
3142.15,12.05,-0.6357,-0.1538,13240.0
3142.2,12.2,-0.6154,-0.2073,13210.0
3142.25,12.24,-0.5673,0.07389,13160.0
3142.3,12.28,-0.5191,0.3551,13120.0
3142.35,12.15,-0.8344,0.5097,13080.0
3142.4,12.03,-1.15,0.6643,13060.0
3142.45,11.91,-1.228,0.6229,13050.0
3142.5,11.79,-1.307,0.5814,13050.0
3142.55,11.91,-1.553,0.4112,13070.0
3142.6,12.04,-1.799,0.2409,13080.0
3142.65,12.01,-1.711,0.3003,13070.0
3142.7,11.97,-1.623,0.3597,13060.0
3142.75,12.04,-1.525,0.4514,13030.0
3142.8,12.1,-1.428,0.5431,13000.0
3142.85,12.2,-1.329,0.5201,12970.0
3142.9,12.3,-1.23,0.497,12950.0
3142.95,12.47,-1.075,0.4108,12930.0
3143.0,12.64,-0.9192,0.3246,12930.0
3143.05,12.59,-1.1,0.4654,12930.0
3143.1,12.54,-1.281,0.6063,12940.0
3143.15,12.55,-1.159,0.5966,12940.0
3143.2,12.55,-1.037,0.587,12950.0
3143.25,12.47,-1.31,0.4719,12940.0
3143.3,12.38,-1.582,0.3568,12920.0
3143.35,12.34,-1.546,0.4013,12890.0
3143.4,12.29,-1.509,0.4458,12860.0
3143.45,12.44,-1.721,0.3047,12830.0
3143.5,12.59,-1.933,0.1636,12810.0
3143.55,12.6,-1.864,0.2092,12810.0
3143.6,12.62,-1.795,0.2548,12830.0
3143.65,12.63,-1.726,0.3464,12850.0
3143.7,12.65,-1.658,0.438,12890.0
3143.75,12.5,-1.693,0.3636,12900.0
3143.8,12.35,-1.728,0.2892,12890.0
3143.85,12.51,-1.721,0.3187,12870.0
3143.9,12.68,-1.713,0.3483,12830.0
3143.95,12.68,-1.814,0.4009,12790.0
3144.0,12.67,-1.914,0.4536,12740.0
3144.05,12.85,-1.787,0.648,12720.0
3144.1,13.03,-1.66,0.8423,12720.0
3144.15,13.0,-1.556,0.6888,12750.0
3144.2,12.97,-1.453,0.5353,12780.0
3144.25,12.98,-1.399,0.6197,12800.0
3144.3,12.98,-1.346,0.7041,12800.0
3144.35,13.06,-1.448,0.7438,12800.0
3144.4,13.13,-1.55,0.7836,12780.0
3144.45,13.16,-1.675,0.71,12750.0
3144.5,13.18,-1.799,0.6365,12710.0
3144.55,13.22,-1.763,0.6185,12690.0
3144.6,13.26,-1.726,0.6004,12680.0
3144.65,13.22,-1.843,0.552,12670.0
3144.7,13.17,-1.959,0.5036,12650.0
3144.75,13.04,-2.11,0.5384,12630.0
3144.8,12.91,-2.26,0.5731,12620.0
3144.85,12.84,-2.042,0.4973,12620.0
3144.9,12.77,-1.824,0.4214,12610.0
3144.95,12.74,-1.779,0.5819,12610.0
3145.0,12.71,-1.733,0.7424,12620.0
3145.05,12.61,-1.702,0.8099,12620.0
3145.1,12.52,-1.67,0.8775,12600.0
3145.15,12.53,-1.568,0.7416,12580.0
3145.2,12.54,-1.467,0.6058,12550.0
3145.25,12.51,-1.319,0.7416,12510.0
3145.3,12.48,-1.171,0.8775,12490.0
3145.35,12.69,-1.277,0.9405,12470.0
3145.4,12.9,-1.383,1.004,12460.0
3145.45,12.96,-1.526,0.8114,12450.0
3145.5,13.01,-1.668,0.6192,12450.0
3145.55,13.06,-1.617,0.3717,12450.0
3145.6,13.11,-1.566,0.1241,12450.0
3145.65,13.03,-1.613,0.1633,12450.0
3145.7,12.94,-1.659,0.2024,12450.0
3145.75,12.57,-1.557,0.03426,12450.0
3145.8,12.2,-1.455,-0.1339,12440.0
3145.85,11.96,-1.423,-0.1432,12430.0
3145.9,11.73,-1.391,-0.1524,12420.0
3145.95,11.67,-1.41,-0.03097,12400.0
3146.0,11.62,-1.429,0.09048,12380.0
3146.05,11.62,-1.452,-0.1745,12360.0
3146.1,11.63,-1.476,-0.4395,12340.0
3146.15,11.55,-1.45,-0.5154,12310.0
3146.2,11.48,-1.424,-0.5914,12300.0
3146.25,11.29,-1.316,-0.6663,12300.0
3146.3,11.1,-1.208,-0.7411,12320.0
3146.35,11.0,-1.024,-0.7174,12330.0
3146.4,10.9,-0.84,-0.6936,12350.0
3146.45,10.77,-0.8859,-0.6065,12360.0
3146.5,10.63,-0.9319,-0.5195,12360.0
3146.55,10.7,-1.005,-0.4292,12350.0
3146.6,10.77,-1.078,-0.339,12320.0
3146.65,10.87,-1.303,-0.3079,12280.0
3146.7,10.98,-1.528,-0.2768,12230.0
3146.75,10.96,-1.427,-0.1792,12200.0
3146.8,10.93,-1.327,-0.0817,12180.0
3146.85,10.64,-1.311,0.03768,12190.0
3146.9,10.35,-1.296,0.1571,12220.0
3146.95,10.19,-1.407,0.04829,12250.0
3147.0,10.03,-1.518,-0.06048,12280.0
3147.05,9.987,-1.313,-0.01293,12300.0
3147.1,9.944,-1.107,0.03463,12290.0
3147.15,10.07,-0.9717,0.2683,12260.0
3147.2,10.2,-0.836,0.5019,12230.0
3147.25,9.912,-0.8149,0.4945,12190.0
3147.3,9.621,-0.7938,0.487,12160.0
3147.35,9.642,-0.84,0.3164,12150.0
3147.4,9.663,-0.8861,0.1458,12140.0
3147.45,9.929,-0.8212,0.2378,12140.0
3147.5,10.2,-0.7564,0.3297,12150.0
3147.55,10.11,-0.5547,0.2066,12150.0
3147.6,10.02,-0.3531,0.08341,12160.0
3147.65,10.03,-0.4144,-0.07938,12160.0
3147.7,10.04,-0.4757,-0.2422,12160.0
3147.75,10.15,-0.3766,-0.238,12170.0
3147.8,10.26,-0.2775,-0.2339,12150.0
3147.85,10.27,-0.1748,0.2172,12130.0
3147.9,10.27,-0.07205,0.6682,12100.0
3147.95,10.34,0.01373,0.5025,12070.0
3148.0,10.4,0.09952,0.3368,12050.0
3148.05,10.49,0.1095,0.3413,12030.0
3148.1,10.57,0.1194,0.3458,12020.0
3148.15,10.52,-0.005573,0.3297,12030.0
3148.2,10.47,-0.1306,0.3136,12040.0
3148.25,10.32,-0.05752,0.397,12060.0
3148.3,10.17,0.01553,0.4804,12060.0
3148.35,10.09,0.2534,0.4114,12050.0
3148.4,10.0,0.4912,0.3424,12050.0
3148.45,10.02,0.5458,0.5356,12040.0
3148.5,10.03,0.6003,0.7287,12010.0
3148.55,10.03,0.623,0.7954,11980.0
3148.6,10.02,0.6457,0.8621,11970.0
3148.65,10.07,0.4626,0.8032,11960.0
3148.7,10.11,0.2795,0.7443,11970.0
3148.75,10.16,0.1748,0.7165,11980.0
3148.8,10.21,0.07006,0.6887,11980.0
3148.85,10.1,0.1103,0.5758,12000.0
3148.9,9.978,0.1505,0.4629,12010.0
3148.95,9.996,0.09574,0.3679,12020.0
3149.0,10.01,0.041,0.2729,12010.0
3149.05,10.14,-0.09017,0.3192,11990.0
3149.1,10.27,-0.2213,0.3656,11980.0
3149.15,10.15,-0.2422,0.3403,11970.0
3149.2,10.04,-0.2631,0.3151,11960.0
3149.25,10.07,-0.1369,0.2331,11960.0
3149.3,10.1,-0.01075,0.1512,11970.0
3149.35,10.3,-0.0826,0.1245,11980.0
3149.4,10.5,-0.1545,0.09779,12000.0
3149.45,10.43,-0.1499,0.3357,12010.0
3149.5,10.36,-0.1453,0.5736,12000.0
3149.55,10.34,-0.1288,0.4334,11990.0
3149.6,10.33,-0.1123,0.2931,11980.0
3149.65,10.37,-0.03065,0.3856,11960.0
3149.7,10.41,0.05095,0.478,11950.0
3149.75,10.29,0.007564,0.4254,11940.0
3149.8,10.17,-0.03583,0.3729,11940.0
3149.85,10.1,-0.05235,0.2797,11960.0
3149.9,10.04,-0.06887,0.1866,11960.0
3149.95,9.976,-0.1712,0.1989,11970.0
3150.0,9.916,-0.2735,0.2112,11970.0
3150.05,9.83,-0.3187,0.3604,11980.0
3150.1,9.745,-0.3638,0.5097,11980.0
3150.15,9.783,-0.4357,0.3737,11970.0
3150.2,9.822,-0.5076,0.2378,11940.0
3150.25,9.752,-0.4379,0.2894,11910.0
3150.3,9.682,-0.3682,0.3409,11890.0
3150.35,9.682,-0.3234,0.3158,11880.0
3150.4,9.681,-0.2787,0.2907,11880.0
3150.45,9.646,-0.381,0.4296,11890.0
3150.5,9.611,-0.4833,0.5685,11920.0
3150.55,9.607,-0.538,0.5541,11950.0
3150.6,9.604,-0.5927,0.5397,11970.0
3150.65,9.571,-0.7084,0.3581,11960.0
3150.7,9.538,-0.824,0.1766,11930.0
3150.75,9.576,-0.8356,0.3194,11910.0
3150.8,9.613,-0.8471,0.4621,11890.0
3150.85,9.548,-0.8748,0.4721,11880.0
3150.9,9.483,-0.9025,0.4821,11860.0
3150.95,9.535,-0.7605,0.5312,11860.0
3151.0,9.587,-0.6186,0.5802,11870.0
3151.05,9.39,-0.6923,0.5159,11880.0
3151.1,9.193,-0.7659,0.4517,11890.0
3151.15,9.208,-0.8453,0.4201,11890.0
3151.2,9.224,-0.9247,0.3885,11900.0
3151.25,9.257,-0.83,0.2859,11920.0
3151.3,9.289,-0.7353,0.1834,11930.0
3151.35,9.201,-0.9799,0.06816,11930.0
3151.4,9.113,-1.225,-0.04707,11920.0
3151.45,9.09,-1.215,0.01878,11920.0
3151.5,9.066,-1.205,0.08462,11920.0
3151.55,9.124,-1.241,0.2089,11920.0
3151.6,9.183,-1.277,0.3331,11920.0
3151.65,9.07,-1.148,0.3739,11920.0
3151.7,8.957,-1.019,0.4146,11930.0
3151.75,8.728,-1.14,0.3028,11950.0
3151.8,8.499,-1.26,0.191,11960.0
3151.85,8.536,-1.249,0.2114,11960.0
3151.9,8.572,-1.237,0.2319,11960.0
3151.95,8.677,-1.367,0.1746,11950.0
3152.0,8.782,-1.496,0.1173,11950.0
3152.05,8.83,-1.179,0.1229,11940.0
3152.1,8.877,-0.8622,0.1285,11950.0
3152.15,9.049,-0.7605,0.1118,11970.0
3152.2,9.221,-0.6588,0.09511,12010.0
3152.25,9.228,-0.5207,0.02719,12040.0
3152.3,9.234,-0.3826,-0.04073,12040.0
3152.35,9.297,-0.3326,-0.06133,12020.0
3152.4,9.36,-0.2826,-0.08194,12000.0
3152.45,9.345,-0.2472,-0.04707,11980.0
3152.5,9.331,-0.2118,-0.01219,11950.0
3152.55,9.355,-0.0619,-0.007804,11940.0
3152.6,9.379,0.08798,-0.003414,11940.0
3152.65,9.522,-0.03045,0.08402,11970.0
3152.7,9.665,-0.1489,0.1714,12020.0
3152.75,9.578,-0.09494,0.1906,12070.0
3152.8,9.491,-0.041,0.2097,12100.0
3152.85,9.541,-0.1943,0.07706,12120.0
3152.9,9.592,-0.3475,-0.0556,12120.0
3152.95,9.647,-0.2687,-0.07377,12100.0
3153.0,9.702,-0.1899,-0.09194,12060.0
3153.05,9.911,-0.174,-0.1195,12010.0
3153.1,10.12,-0.158,-0.1471,11980.0
3153.15,10.17,-0.1095,-0.1115,11980.0
3153.2,10.21,-0.06091,-0.07585,12010.0
3153.25,10.21,-0.1696,-0.1177,12040.0
3153.3,10.21,-0.2783,-0.1595,12090.0
3153.35,10.38,-0.2603,-0.01585,12150.0
3153.4,10.56,-0.2424,0.1278,12190.0
3153.45,10.54,-0.2564,0.1391,12190.0
3153.5,10.52,-0.2703,0.1505,12160.0
3153.55,10.58,-0.07643,0.1683,12130.0
3153.6,10.63,0.1174,0.1861,12100.0
3153.65,10.68,-0.07046,0.1802,12080.0
3153.7,10.73,-0.2584,0.1744,12070.0
3153.75,10.61,-0.2124,0.221,12070.0
3153.8,10.49,-0.1664,0.2675,12100.0
3153.85,10.47,-0.2014,0.2352,12130.0
3153.9,10.46,-0.2365,0.2029,12150.0
3153.95,10.67,-0.1361,0.3837,12160.0
3154.0,10.87,-0.03583,0.5646,12160.0
3154.05,10.98,0.1071,0.7136,12170.0
3154.1,11.09,0.25,0.8626,12180.0
3154.15,11.11,0.2659,0.8406,12180.0
3154.2,11.14,0.2818,0.8187,12180.0
3154.25,10.98,0.2285,0.5671,12180.0
3154.3,10.82,0.1752,0.3156,12190.0
3154.35,10.77,0.2004,0.3419,12190.0
3154.4,10.71,0.2257,0.3683,12190.0
3154.45,10.72,0.09454,0.2937,12190.0
3154.5,10.73,-0.03662,0.2192,12200.0
3154.55,10.75,-0.1779,0.1458,12210.0
3154.6,10.77,-0.3193,0.07243,12220.0
3154.65,10.82,-0.3555,0.1032,12230.0
3154.7,10.87,-0.3917,0.1339,12240.0
3154.75,10.89,-0.4829,0.1828,12250.0
3154.8,10.91,-0.574,0.2317,12280.0
3154.85,10.85,-0.6005,0.1011,12290.0
3154.9,10.79,-0.627,-0.02951,12290.0
3154.95,10.67,-0.6049,0.05963,12300.0
3155.0,10.55,-0.5828,0.1488,12320.0
3155.05,10.59,-0.4542,-0.03463,12320.0
3155.1,10.62,-0.3256,-0.218,12320.0
3155.15,10.59,-0.2211,-0.1407,12300.0
3155.2,10.56,-0.1166,-0.06341,12290.0
3155.25,10.44,-0.1133,0.07767,12290.0
3155.3,10.32,-0.1099,0.2188,12290.0
3155.35,10.14,-0.2787,0.3398,12290.0
3155.4,9.967,-0.4474,0.4609,12310.0
3155.45,9.968,-0.3903,0.6907,12350.0
3155.5,9.97,-0.3332,0.9204,12400.0
3155.55,9.682,-0.5153,0.8376,12440.0
3155.6,9.394,-0.6974,0.7548,12450.0
3155.65,9.392,-0.4681,0.9728,12450.0
3155.7,9.389,-0.2389,1.191,12430.0
3155.75,9.336,-0.246,1.122,12390.0
3155.8,9.283,-0.2532,1.053,12350.0
3155.85,9.372,-0.5233,1.031,12310.0
3155.9,9.461,-0.7934,1.009,12310.0
3155.95,9.539,-0.9062,1.048,12340.0
3156.0,9.617,-1.019,1.087,12390.0
3156.05,9.726,-0.8435,0.9893,12450.0
3156.1,9.836,-0.668,0.8919,12510.0
3156.15,9.874,-0.6101,0.9098,12560.0
3156.2,9.913,-0.5521,0.9277,12580.0
3156.25,9.842,-0.5141,0.8634,12570.0
3156.3,9.772,-0.4761,0.7992,12530.0
3156.35,9.704,-0.4574,0.687,12490.0
3156.4,9.636,-0.4387,0.5748,12460.0
3156.45,9.539,-0.2639,0.3575,12450.0
3156.5,9.443,-0.08917,0.1402,12460.0
3156.55,9.56,-0.2084,0.06194,12480.0
3156.6,9.676,-0.3276,-0.01634,12530.0
3156.65,9.725,-0.5826,-0.0139,12580.0
3156.7,9.773,-0.8376,-0.01146,12630.0
3156.75,9.692,-0.8201,0.05487,12650.0
3156.8,9.611,-0.8025,0.1212,12660.0
3156.85,9.631,-0.6511,0.217,12660.0
3156.9,9.651,-0.4996,0.3129,12660.0
3156.95,9.743,-0.6383,0.07597,12660.0
3157.0,9.835,-0.7771,-0.161,12660.0
3157.05,9.947,-0.7474,-0.0328,12660.0
3157.1,10.06,-0.7177,0.09536,12690.0
3157.15,10.02,-0.7388,0.1274,12720.0
3157.2,9.979,-0.7599,0.1595,12750.0
3157.25,10.1,-0.7968,0.02902,12760.0
3157.3,10.21,-0.8336,-0.1015,12780.0
3157.35,10.14,-0.8378,-0.08255,12800.0
3157.4,10.07,-0.8419,-0.06365,12800.0
3157.45,10.27,-0.6827,-0.1783,12810.0
3157.5,10.48,-0.5235,-0.2929,12820.0
3157.55,10.49,-0.4689,-0.3348,12840.0
3157.6,10.49,-0.4144,-0.3768,12880.0
3157.65,10.16,-0.5119,-0.3664,12910.0
3157.7,9.829,-0.6095,-0.3561,12940.0
3157.75,9.915,-0.8585,-0.1877,12960.0
3157.8,10.0,-1.107,-0.01927,12980.0
3157.85,9.99,-1.121,-0.04158,12990.0
3157.9,9.981,-1.134,-0.0639,12980.0
3157.95,10.08,-1.13,-0.02207,12970.0
3158.0,10.18,-1.125,0.01975,12970.0
3158.05,10.16,-1.133,0.01293,12990.0
3158.1,10.15,-1.14,0.006097,13010.0
3158.15,10.11,-1.151,-0.05512,13030.0
3158.2,10.08,-1.163,-0.1163,13060.0
3158.25,10.27,-1.18,-0.01293,13090.0
3158.3,10.46,-1.197,0.09048,13120.0
3158.35,10.58,-1.086,0.1313,13140.0
3158.4,10.7,-0.9741,0.1722,13150.0
3158.45,10.92,-1.008,0.1723,13150.0
3158.5,11.14,-1.042,0.1724,13150.0
3158.55,11.3,-1.003,-0.02792,13150.0
3158.6,11.46,-0.9634,-0.2283,13150.0
3158.65,11.53,-0.7884,-0.1471,13130.0
3158.7,11.61,-0.6134,-0.06585,13130.0
3158.75,11.63,-0.7677,0.006463,13140.0
3158.8,11.65,-0.922,0.07877,13160.0
3158.85,11.65,-0.7341,0.1472,13180.0
3158.9,11.65,-0.5462,0.2156,13200.0
3158.95,11.74,-0.5314,0.2892,13220.0
3159.0,11.82,-0.5167,0.3629,13240.0
3159.05,11.96,-0.5858,0.2998,13260.0
3159.1,12.1,-0.6548,0.2368,13270.0
3159.15,12.06,-0.5882,0.03804,13270.0
3159.2,12.02,-0.5215,-0.1607,13270.0
3159.25,11.91,-0.4855,-0.1206,13280.0
3159.3,11.81,-0.4494,-0.08048,13290.0
3159.35,11.84,-0.5778,0.03804,13290.0
3159.4,11.88,-0.7062,0.1566,13290.0
3159.45,11.86,-0.8931,0.1883,13300.0
3159.5,11.84,-1.08,0.22,13310.0
3159.55,11.81,-1.013,0.1133,13320.0
3159.6,11.79,-0.945,0.006585,13330.0
3159.65,11.66,-0.8015,0.1879,13350.0
3159.7,11.53,-0.658,0.3692,13380.0
3159.75,11.45,-0.6487,0.292,13420.0
3159.8,11.38,-0.6393,0.2149,13440.0
3159.85,11.49,-0.8083,0.04024,13460.0
3159.9,11.61,-0.9773,-0.1344,13470.0
3159.95,11.47,-0.8893,-0.01488,13480.0
3160.0,11.33,-0.8013,0.1046,13490.0
3160.05,11.34,-0.6761,0.1568,13490.0
3160.1,11.35,-0.5509,0.209,13510.0
3160.15,11.51,-0.583,0.4219,13530.0
3160.2,11.67,-0.615,0.6348,13560.0
3160.25,11.65,-0.5597,0.6366,13590.0
3160.3,11.62,-0.5044,0.6385,13610.0
3160.35,11.8,-0.2842,0.334,13620.0
3160.4,11.97,-0.06409,0.02951,13650.0
3160.45,12.21,-0.4723,-0.03536,13680.0
3160.5,12.45,-0.8806,-0.1002,13700.0
3160.55,12.42,-0.7645,-0.1579,13720.0
3160.6,12.39,-0.6485,-0.2156,13750.0
3160.65,12.5,-0.7484,-0.1691,13770.0
3160.7,12.62,-0.8483,-0.1227,13780.0
3160.75,12.57,-0.9088,-0.1907,13790.0
3160.8,12.53,-0.9693,-0.2588,13790.0
3160.85,12.46,-1.049,-0.2039,13810.0
3160.9,12.4,-1.128,-0.149,13830.0
3160.95,12.34,-1.331,-0.04256,13850.0
3161.0,12.27,-1.534,0.0639,13870.0
3161.05,12.34,-1.549,0.1175,13900.0
3161.1,12.41,-1.564,0.1712,13920.0
3161.15,12.35,-1.554,0.2701,13940.0
3161.2,12.29,-1.544,0.369,13960.0
3161.25,12.32,-1.495,0.01439,13950.0
3161.3,12.35,-1.445,-0.3402,13950.0
3161.35,12.54,-1.479,-0.516,13940.0
3161.4,12.74,-1.512,-0.6919,13940.0
3161.45,12.72,-1.538,-0.4873,13940.0
3161.5,12.7,-1.564,-0.2827,13950.0
3161.55,12.68,-1.553,-0.258,13980.0
3161.6,12.67,-1.542,-0.2334,14020.0
3161.65,12.55,-1.379,-0.3497,14060.0
3161.7,12.43,-1.217,-0.466,14070.0
3161.75,12.49,-1.128,-0.5316,14080.0
3161.8,12.55,-1.04,-0.5973,14060.0
3161.85,12.48,-0.8983,-0.4313,14040.0
3161.9,12.41,-0.7564,-0.2653,14020.0
3161.95,12.53,-0.7158,-0.1906,14010.0
3162.0,12.64,-0.6751,-0.1158,14010.0
3162.05,12.7,-0.8447,-0.1266,14040.0
3162.1,12.76,-1.014,-0.1373,14090.0
3162.15,12.65,-1.015,-0.1583,14140.0
3162.2,12.54,-1.016,-0.1792,14190.0
3162.25,12.57,-0.9019,-0.2391,14210.0
3162.3,12.6,-0.7878,-0.299,14220.0
3162.35,12.67,-0.7261,-0.214,14210.0
3162.4,12.74,-0.6644,-0.129,14180.0
3162.45,12.72,-0.6497,-0.3051,14160.0
3162.5,12.69,-0.6349,-0.4812,14150.0
3162.55,12.84,-0.3899,-0.4101,14160.0
3162.6,12.98,-0.1449,-0.339,14180.0
3162.65,13.04,-0.08718,-0.2927,14220.0
3162.7,13.11,-0.02946,-0.2463,14260.0
3162.75,13.1,-0.1328,-0.0417,14310.0
3162.8,13.09,-0.2361,0.1629,14340.0
3162.85,13.07,-0.3272,0.2664,14350.0
3162.9,13.05,-0.4184,0.37,14350.0
3162.95,12.95,-0.6375,0.2535,14340.0
3163.0,12.85,-0.8567,0.1371,14330.0
3163.05,12.82,-0.7986,0.0917,14320.0
3163.1,12.78,-0.7404,0.04634,14320.0
3163.15,12.79,-0.5957,-0.09694,14340.0
3163.2,12.8,-0.451,-0.2402,14380.0
3163.25,12.72,-0.5555,-0.1308,14410.0
3163.3,12.64,-0.66,-0.02146,14450.0
3163.35,12.65,-0.66,0.01841,14460.0
3163.4,12.66,-0.66,0.05829,14470.0
3163.45,12.57,-0.533,-0.03451,14460.0
3163.5,12.48,-0.406,-0.1273,14450.0
3163.55,12.51,-0.3684,-0.09621,14440.0
3163.6,12.53,-0.3308,-0.06511,14440.0
3163.65,12.49,-0.1921,-0.2806,14450.0
3163.7,12.44,-0.05334,-0.496,14480.0
3163.75,12.38,-0.1447,-0.4784,14520.0
3163.8,12.32,-0.2361,-0.4607,14550.0
3163.85,12.37,-0.02667,-0.4821,14560.0
3163.9,12.42,0.1827,-0.5036,14570.0
3163.95,12.39,0.2562,-0.5987,14570.0
3164.0,12.35,0.3296,-0.6938,14560.0
3164.05,12.33,0.3479,-0.5836,14540.0
3164.1,12.3,0.3662,-0.4734,14530.0
3164.15,12.55,0.3875,-0.5748,14520.0
3164.2,12.79,0.4088,-0.6763,14540.0
3164.25,12.9,0.3209,-0.7325,14560.0
3164.3,13.01,0.2329,-0.7887,14580.0
3164.35,12.94,0.2468,-0.826,14610.0
3164.4,12.87,0.2607,-0.8633,14660.0
3164.45,13.07,0.1294,-0.92,14690.0
3164.5,13.26,-0.00199,-0.9767,14700.0
3164.55,13.24,0.003981,-0.7692,14680.0
3164.6,13.22,0.009952,-0.5616,14660.0
3164.65,13.28,-0.06011,-0.4537,14640.0
3164.7,13.34,-0.1302,-0.3458,14620.0
3164.75,13.42,-0.3648,-0.5074,14610.0
3164.8,13.51,-0.5995,-0.669,14620.0
3164.85,13.42,-0.5832,-0.6159,14660.0
3164.9,13.32,-0.5669,-0.5629,14720.0
3164.95,13.2,-0.2522,-0.5023,14770.0
3165.0,13.08,0.0625,-0.4417,14810.0
3165.05,13.18,0.0203,-0.3683,14830.0
3165.1,13.28,-0.02189,-0.2948,14830.0
3165.15,13.25,-0.08101,-0.2677,14820.0
3165.2,13.22,-0.1401,-0.2405,14800.0
3165.25,13.29,-0.04777,-0.2824,14760.0
3165.3,13.36,0.04459,-0.3244,14740.0
3165.35,13.44,0.07285,-0.2667,14740.0
3165.4,13.52,0.1011,-0.209,14760.0
3165.45,13.41,-0.06807,-0.1997,14810.0
3165.5,13.3,-0.2373,-0.1905,14870.0
3165.55,13.25,-0.2594,-0.1339,14940.0
3165.6,13.21,-0.2814,-0.07731,14990.0
3165.65,13.28,-0.2597,-0.3001,15010.0
3165.7,13.35,-0.2381,-0.5229,15000.0
3165.75,13.31,-0.2707,-0.6248,14960.0
3165.8,13.27,-0.3033,-0.7267,14930.0
3165.85,13.37,-0.2227,-0.6679,14920.0
3165.9,13.47,-0.1421,-0.609,14920.0
3165.95,13.53,-0.07146,-0.491,14940.0
3166.0,13.6,-0.0007962,-0.3731,14980.0
3166.05,13.84,0.08997,-0.4745,15030.0
3166.1,14.07,0.1807,-0.5758,15100.0
3166.15,14.14,0.06469,-0.5471,15150.0
3166.2,14.2,-0.05135,-0.5185,15180.0
3166.25,14.05,-0.09435,-0.4196,15190.0
3166.3,13.89,-0.1373,-0.3207,15190.0
3166.35,13.92,-0.2709,-0.2377,15170.0
3166.4,13.95,-0.4045,-0.1546,15150.0
3166.45,13.87,-0.4701,-0.5291,15130.0
3166.5,13.8,-0.5358,-0.9036,15120.0
3166.55,13.95,-0.6632,-0.7891,15140.0
3166.6,14.1,-0.7906,-0.6746,15180.0
3166.65,13.99,-0.7315,-0.5437,15230.0
3166.7,13.88,-0.6724,-0.4129,15260.0
3166.75,13.99,-0.6863,-0.6151,15290.0
3166.8,14.1,-0.7002,-0.8172,15310.0
3166.85,14.09,-0.4851,-0.8,15320.0
3166.9,14.08,-0.2699,-0.7828,15310.0
3166.95,14.17,-0.06927,-0.8163,15300.0
3167.0,14.27,0.1314,-0.8497,15300.0
3167.05,14.24,0.1803,-0.7222,15310.0
3167.1,14.22,0.2293,-0.5948,15320.0
3167.15,14.09,0.1771,-0.5738,15340.0
3167.2,13.96,0.125,-0.5529,15370.0
3167.25,14.02,0.1953,-0.5203,15400.0
3167.3,14.08,0.2655,-0.4878,15430.0
3167.35,14.1,0.249,-0.5067,15440.0
3167.4,14.11,0.2325,-0.5256,15430.0
3167.45,13.98,0.2717,-0.4836,15420.0
3167.5,13.85,0.3109,-0.4417,15410.0
3167.55,13.85,0.5866,-0.3822,15410.0
3167.6,13.85,0.8622,-0.3226,15430.0
3167.65,13.95,0.834,-0.1981,15460.0
3167.7,14.06,0.8057,-0.07365,15500.0
3167.75,14.07,0.5681,-0.09072,15540.0
3167.8,14.07,0.3304,-0.1078,15570.0
3167.85,14.19,0.5117,0.06414,15590.0
3167.9,14.3,0.6931,0.2361,15590.0
3167.95,14.3,0.7647,0.4353,15590.0
3168.0,14.3,0.8364,0.6346,15590.0
3168.05,14.52,0.4646,0.3381,15580.0
3168.1,14.74,0.09275,0.0417,15570.0
3168.15,14.68,0.1137,0.04158,15580.0
3168.2,14.61,0.1346,0.04146,15600.0
3168.25,14.28,0.1375,0.08877,15630.0
3168.3,13.94,0.1405,0.1361,15660.0
3168.35,13.66,-0.0199,0.1574,15690.0
3168.4,13.37,-0.1803,0.1788,15730.0
3168.45,13.35,-0.3053,0.07865,15760.0
3168.5,13.33,-0.4303,-0.02146,15780.0
3168.55,13.3,-0.4853,-0.1574,15790.0
3168.6,13.26,-0.5402,-0.2934,15800.0
3168.65,13.13,-0.7426,0.06987,15800.0
3168.7,13.0,-0.945,0.4331,15800.0
3168.75,12.9,-1.101,0.3996,15800.0
3168.8,12.8,-1.258,0.3661,15820.0
3168.85,13.05,-1.154,0.449,15840.0
3168.9,13.3,-1.051,0.5319,15870.0
3168.95,13.46,-0.8587,0.6024,15900.0
3169.0,13.63,-0.6668,0.6729,15920.0
3169.05,13.55,-0.332,0.8411,15940.0
3169.1,13.47,0.002787,1.009,15950.0
3169.15,13.39,-0.2365,0.8575,15960.0
3169.2,13.3,-0.4757,0.7055,15980.0
3169.25,13.43,-0.4474,0.6305,16000.0
3169.3,13.55,-0.4192,0.5555,16010.0
3169.35,13.67,-0.4029,0.4773,16010.0
3169.4,13.8,-0.3865,0.399,16030.0
3169.45,13.81,-0.2408,0.3909,16040.0
3169.5,13.83,-0.09514,0.3829,16060.0
3169.55,14.0,-0.1156,0.1813,16070.0
3169.6,14.18,-0.1361,-0.02024,16070.0
3169.65,14.2,-0.2514,-0.001707,16080.0
3169.7,14.23,-0.3666,0.01683,16090.0
3169.75,14.11,-0.4152,-0.04451,16110.0
3169.8,14.0,-0.4638,-0.1058,16120.0
3169.85,13.93,-0.3463,0.002683,16130.0
3169.9,13.86,-0.2289,0.1112,16150.0
3169.95,13.8,-0.3,0.02561,16160.0
3170.0,13.73,-0.371,-0.05999,16170.0
3170.05,13.78,-0.5488,0.04731,16190.0
3170.1,13.83,-0.7265,0.1546,16210.0
3170.15,13.84,-0.8218,0.05292,16240.0
3170.2,13.84,-0.9172,-0.04878,16250.0
3170.25,13.95,-1.09,-0.1877,16260.0
3170.3,14.05,-1.263,-0.3265,16260.0
3170.35,13.93,-1.093,-0.2395,16260.0
3170.4,13.81,-0.9232,-0.1524,16260.0
3170.45,13.92,-0.8491,-0.05353,16270.0
3170.5,14.03,-0.7751,0.04536,16280.0
3170.55,13.93,-0.8246,-0.02488,16300.0
3170.6,13.83,-0.8742,-0.09511,16340.0
3170.65,13.83,-0.6748,0.00695,16370.0
3170.7,13.84,-0.4753,0.109,16400.0
3170.75,14.0,-0.3228,0.1605,16420.0
3170.8,14.16,-0.1704,0.2119,16420.0
3170.85,14.16,0.02349,0.3367,16430.0
3170.9,14.17,0.2174,0.4614,16430.0
3170.95,14.0,0.2789,0.4403,16440.0
3171.0,13.83,0.3404,0.4192,16440.0
3171.05,13.86,0.4875,0.2372,16460.0
3171.1,13.9,0.6345,0.05512,16480.0
3171.15,13.81,0.5766,-0.02085,16490.0
3171.2,13.72,0.5187,-0.09682,16500.0
3171.25,13.68,0.6853,-0.08475,16520.0
3171.3,13.65,0.8519,-0.07267,16540.0
3171.35,13.76,0.8191,-0.2619,16570.0
3171.4,13.87,0.7862,-0.4512,16600.0
3171.45,13.84,0.7546,-0.4307,16620.0
3171.5,13.81,0.7229,-0.4102,16630.0
3171.55,13.83,0.6019,-0.3007,16630.0
3171.6,13.84,0.4809,-0.1912,16610.0
3171.65,13.9,0.6166,0.1077,16580.0
3171.7,13.95,0.7524,0.4065,16570.0
3171.75,13.84,0.54,0.425,16570.0
3171.8,13.73,0.3276,0.4434,16590.0
3171.85,13.67,0.2558,0.5225,16610.0
3171.9,13.6,0.1839,0.6016,16650.0
3171.95,13.62,0.4222,0.432,16680.0
3172.0,13.64,0.6604,0.2624,16710.0
3172.05,13.49,0.5513,0.2303,16730.0
3172.1,13.35,0.4423,0.1983,16750.0
3172.15,13.35,0.1847,0.5134,16750.0
3172.2,13.35,-0.07285,0.8284,16750.0
3172.25,13.18,0.08698,0.9342,16730.0
3172.3,13.01,0.2468,1.04,16700.0
3172.35,13.21,0.02906,0.925,16670.0
3172.4,13.42,-0.1887,0.8102,16660.0
3172.45,13.36,-0.2611,0.9528,16660.0
3172.5,13.29,-0.3336,1.095,16680.0
3172.55,13.25,-0.281,0.911,16710.0
3172.6,13.2,-0.2285,0.7265,16740.0
3172.65,13.25,-0.2663,0.5751,16800.0
3172.7,13.31,-0.3041,0.4236,16850.0
3172.75,13.31,-0.3983,0.4029,16880.0
3172.8,13.32,-0.4924,0.3822,16890.0
3172.85,13.4,-0.6218,0.3225,16870.0
3172.9,13.47,-0.7512,0.2629,16840.0
3172.95,13.62,-0.7852,0.04585,16780.0
3173.0,13.76,-0.8193,-0.1712,16730.0
3173.05,13.79,-0.8181,-0.2369,16700.0
3173.1,13.81,-0.8169,-0.3026,16700.0
3173.15,13.94,-0.7896,-0.1744,16730.0
3173.2,14.06,-0.7623,-0.04609,16790.0
3173.25,14.21,-0.6543,-0.00378,16870.0
3173.3,14.37,-0.5462,0.03853,16950.0
3173.35,14.25,-0.256,0.03719,17000.0
3173.4,14.13,0.03424,0.03585,17010.0
3173.45,14.1,0.1871,0.08536,16990.0
3173.5,14.06,0.34,0.1349,16940.0
3173.55,14.06,0.3276,0.005975,16870.0
3173.6,14.07,0.3153,-0.1229,16820.0
3173.65,14.1,0.1833,-0.2689,16790.0
3173.7,14.14,0.05135,-0.4148,16810.0
3173.75,14.37,0.04877,-0.4606,16870.0
3173.8,14.6,0.04618,-0.5063,16930.0
3173.85,14.72,-0.0836,-0.4274,16990.0
3173.9,14.84,-0.2134,-0.3485,17020.0
3173.95,14.85,-0.2146,-0.2146,17020.0
3174.0,14.85,-0.2158,-0.08072,17010.0
3174.05,14.69,-0.3418,-0.1628,16980.0
3174.1,14.52,-0.4677,-0.2449,16950.0
3174.15,14.59,-0.4355,-0.3124,16920.0
3174.2,14.66,-0.4033,-0.38,16920.0
3174.25,14.75,-0.4333,-0.2789,16930.0
3174.3,14.85,-0.4634,-0.1778,16960.0
3174.35,14.9,-0.2321,-0.1807,16990.0
3174.4,14.96,-0.0007962,-0.1836,17010.0
3174.45,14.75,0.1288,-0.08914,17020.0
3174.5,14.54,0.2584,0.005365,17030.0
3174.55,14.15,0.459,-0.05438,17020.0
3174.6,13.77,0.6596,-0.1141,17000.0
3174.65,13.82,0.7275,-0.07316,16960.0
3174.7,13.87,0.7954,-0.03219,16950.0
3174.75,13.93,0.6877,0.1728,16940.0
3174.8,13.99,0.58,0.3778,16950.0
3174.85,14.07,0.5728,0.3857,16970.0
3174.9,14.16,0.5657,0.3936,17000.0
3174.95,14.17,0.5738,0.2918,17040.0
3175.0,14.19,0.582,0.19,17080.0
3175.05,14.36,0.4687,0.2831,17100.0
3175.1,14.53,0.3555,0.3763,17090.0
3175.15,14.51,0.4263,0.3336,17070.0
3175.2,14.5,0.4972,0.2909,17030.0
3175.25,14.45,0.6081,0.3614,16990.0
3175.3,14.41,0.7189,0.4319,16940.0
3175.35,14.3,0.824,0.3614,16930.0
3175.4,14.18,0.9291,0.2909,16950.0
3175.45,14.25,0.8583,0.4123,17000.0
3175.5,14.32,0.7874,0.5336,17060.0
3175.55,14.28,0.5591,0.538,17130.0
3175.6,14.25,0.3308,0.5424,17180.0
3175.65,14.3,0.1843,0.4293,17200.0
3175.7,14.34,0.03782,0.3163,17180.0
3175.75,14.29,0.006767,0.1978,17120.0
3175.8,14.23,-0.02428,0.07926,17040.0
3175.85,14.29,0.06588,0.2183,16980.0
3175.9,14.35,0.156,0.3573,16950.0
3175.95,14.32,0.1779,0.2802,16970.0
3176.0,14.3,0.1998,0.2031,17020.0
3176.05,14.05,0.127,0.5541,17090.0
3176.1,13.8,0.05414,0.905,17160.0
3176.15,13.82,-0.02408,0.8478,17210.0
3176.2,13.83,-0.1023,0.7906,17220.0
3176.25,13.71,-0.1773,0.8369,17200.0
3176.3,13.59,-0.2524,0.8831,17160.0
3176.35,13.6,-0.2068,0.7381,17100.0
3176.4,13.62,-0.1612,0.5931,17030.0
3176.45,13.56,0.009952,0.501,16990.0
3176.5,13.5,0.1811,0.409,16980.0
3176.55,13.45,0.2174,0.5167,16990.0
3176.6,13.41,0.2536,0.6243,17030.0
3176.65,13.6,0.1503,0.4691,17080.0
3176.7,13.78,0.04697,0.3139,17140.0
3176.75,13.92,-0.1978,0.3126,17190.0
3176.8,14.06,-0.4427,0.3114,17210.0
3176.85,14.07,-0.4174,0.2678,17200.0
3176.9,14.09,-0.3921,0.2241,17150.0
3176.95,14.14,-0.2046,0.1756,17090.0
3177.0,14.18,-0.01712,0.1271,17040.0
3177.05,14.05,-0.09156,0.1653,16990.0
3177.1,13.92,-0.166,0.2036,16990.0
3177.15,13.84,-0.2566,0.2553,17020.0
3177.2,13.75,-0.3471,0.307,17070.0
3177.25,13.7,-0.3999,0.2822,17130.0
3177.3,13.64,-0.4526,0.2573,17180.0
3177.35,13.56,-0.5308,0.09084,17200.0
3177.4,13.47,-0.6091,-0.0756,17190.0
3177.45,13.51,-0.549,-0.06536,17160.0
3177.5,13.55,-0.4888,-0.05512,17120.0
3177.55,13.62,-0.4252,0.01549,17080.0
3177.6,13.7,-0.3615,0.08609,17050.0
3177.65,13.75,-0.3037,0.1574,17050.0
3177.7,13.81,-0.246,0.2288,17080.0
3177.75,13.93,-0.3077,0.328,17130.0
3177.8,14.05,-0.3694,0.4273,17180.0
3177.85,13.95,-0.4809,0.7267,17220.0
3177.9,13.86,-0.5923,1.026,17240.0
3177.95,14.06,-0.4787,0.9811,17220.0
3178.0,14.26,-0.365,0.936,17170.0
3178.05,14.39,-0.287,0.731,17110.0
3178.1,14.52,-0.209,0.526,17050.0
3178.15,14.42,-0.4007,0.3986,17040.0
3178.2,14.31,-0.5923,0.2712,17070.0
3178.25,14.24,-0.4857,0.5007,17120.0
3178.3,14.17,-0.379,0.7302,17180.0
3178.35,14.07,-0.2938,0.7971,17250.0
3178.4,13.98,-0.2086,0.8641,17300.0
3178.45,14.01,-0.1901,0.5193,17300.0
3178.5,14.04,-0.1716,0.1746,17250.0
3178.55,14.04,-0.2291,0.2331,17180.0
3178.6,14.05,-0.2866,0.2917,17120.0
3178.65,14.11,-0.5207,0.5436,17070.0
3178.7,14.16,-0.7548,0.7955,17040.0
3178.75,14.3,-0.7711,0.7209,17050.0
3178.8,14.43,-0.7874,0.6463,17100.0
3178.85,14.55,-0.662,0.4848,17160.0
3178.9,14.67,-0.5366,0.3234,17230.0
3178.95,14.58,-0.754,0.08304,17280.0
3179.0,14.48,-0.9713,-0.1573,17320.0
3179.05,14.55,-0.9735,-0.02902,17320.0
3179.1,14.62,-0.9757,0.09926,17290.0
3179.15,14.67,-1.124,-0.07792,17230.0
3179.2,14.72,-1.271,-0.2551,17160.0
3179.25,14.87,-1.238,-0.4442,17100.0
3179.3,15.02,-1.205,-0.6333,17070.0
3179.35,15.1,-0.9936,-0.7258,17070.0
3179.4,15.18,-0.7818,-0.8182,17120.0
3179.45,15.17,-0.5673,-0.5969,17190.0
3179.5,15.17,-0.3527,-0.3756,17270.0
3179.55,15.12,-0.5231,-0.4376,17330.0
3179.6,15.07,-0.6935,-0.4997,17360.0
3179.65,15.12,-0.5368,-0.4072,17350.0
3179.7,15.17,-0.3802,-0.3146,17310.0
3179.75,15.22,-0.3193,-0.3446,17260.0
3179.8,15.27,-0.2584,-0.3746,17200.0
3179.85,15.28,-0.07146,-0.3156,17160.0
3179.9,15.3,0.1154,-0.2566,17160.0
3179.95,15.33,0.1346,-0.04804,17180.0
3180.0,15.37,0.1537,0.1605,17230.0
3180.05,15.32,0.2717,0.1189,17280.0
3180.1,15.27,0.3897,0.07731,17320.0
3180.15,15.17,0.2404,0.1755,17360.0
3180.2,15.08,0.09116,0.2736,17370.0
3180.25,15.11,-0.1533,0.3107,17360.0
3180.3,15.15,-0.3977,0.3478,17320.0
3180.35,15.2,-0.3296,0.3122,17280.0
3180.4,15.25,-0.2615,0.2766,17260.0
3180.45,15.54,-0.1011,0.3617,17250.0
3180.5,15.84,0.05931,0.4468,17250.0
3180.55,16.0,-0.02747,0.3718,17280.0
3180.6,16.17,-0.1142,0.2968,17330.0
3180.65,16.24,-0.06489,0.3862,17380.0
3180.7,16.31,-0.01553,0.4756,17400.0
3180.75,16.27,0.0211,0.6442,17380.0
3180.8,16.24,0.05772,0.8128,17340.0
3180.85,16.22,0.02508,0.7331,17300.0
3180.9,16.21,-0.007564,0.6533,17250.0
3180.95,16.18,0.0201,0.5673,17220.0
3181.0,16.15,0.04777,0.4812,17220.0
3181.05,16.17,-0.07464,0.4564,17260.0
3181.1,16.19,-0.1971,0.4317,17330.0
3181.15,16.11,-0.1023,0.4595,17400.0
3181.2,16.02,-0.007564,0.4873,17430.0
3181.25,16.07,0.3394,0.4817,17430.0
3181.3,16.11,0.6863,0.476,17420.0
3181.35,16.16,0.6662,0.4114,17390.0
3181.4,16.2,0.6461,0.3468,17330.0
3181.45,16.11,0.4761,0.3057,17280.0
3181.5,16.02,0.3061,0.2646,17250.0
3181.55,16.33,0.4369,0.1447,17260.0
3181.6,16.64,0.5677,0.02488,17300.0
3181.65,16.7,0.3674,-0.03597,17360.0
3181.7,16.76,0.1672,-0.09682,17420.0
3181.75,16.62,0.07862,-0.1361,17480.0
3181.8,16.49,-0.009952,-0.1753,17510.0
3181.85,16.42,0.09773,-0.2106,17500.0
3181.9,16.36,0.2054,-0.2458,17460.0
3181.95,16.39,0.4871,-0.1464,17400.0
3182.0,16.42,0.7687,-0.04707,17350.0
3182.05,16.47,0.5919,0.1084,17310.0
3182.1,16.52,0.4152,0.2639,17300.0
3182.15,16.65,0.5054,0.2117,17310.0
3182.2,16.78,0.5955,0.1595,17350.0
3182.25,16.83,0.6968,0.1173,17420.0
3182.3,16.87,0.7982,0.07511,17490.0
3182.35,16.85,0.7416,0.1549,17530.0
3182.4,16.82,0.6851,0.2346,17550.0
3182.45,16.81,0.7162,0.2689,17540.0
3182.5,16.8,0.7472,0.3031,17520.0
3182.55,16.85,0.8708,0.1597,17470.0
3182.6,16.89,0.9944,0.01634,17400.0
3182.65,16.92,0.7259,-0.05365,17350.0
3182.7,16.95,0.4574,-0.1236,17340.0
3182.75,16.87,0.3778,-0.07255,17360.0
3182.8,16.79,0.2982,-0.02146,17410.0
3182.85,16.89,0.2522,0.01207,17470.0
3182.9,17.0,0.2062,0.0456,17530.0
3182.95,17.02,0.1925,0.02975,17570.0
3183.0,17.05,0.1787,0.0139,17580.0
3183.05,16.82,-0.0003981,0.01927,17540.0
3183.1,16.59,-0.1795,0.02463,17470.0
3183.15,16.31,-0.1487,-0.1038,17410.0
3183.2,16.03,-0.1178,-0.2322,17360.0
3183.25,16.04,-0.2181,-0.01158,17350.0
3183.3,16.05,-0.3185,0.209,17370.0
3183.35,16.02,-0.4074,0.2188,17410.0
3183.4,15.99,-0.4964,0.2285,17460.0
3183.45,15.9,-0.3115,0.2908,17510.0
3183.5,15.81,-0.1266,0.3531,17550.0
3183.55,15.87,-0.09395,0.3107,17560.0
3183.6,15.94,-0.0613,0.2683,17530.0
3183.65,15.69,-0.1228,0.2078,17480.0
3183.7,15.43,-0.1843,0.1473,17430.0
3183.75,15.46,-0.378,0.2308,17400.0
3183.8,15.49,-0.5716,0.3144,17380.0
3183.85,15.53,-0.5277,0.4001,17400.0
3183.9,15.58,-0.4837,0.4858,17450.0
3183.95,15.83,-0.2884,0.4458,17520.0
3184.0,16.09,-0.09315,0.4058,17580.0
3184.05,16.03,0.01632,0.3353,17610.0
3184.1,15.97,0.1258,0.2648,17600.0
3184.15,15.96,0.1469,0.3584,17570.0
3184.2,15.94,0.168,0.4519,17520.0
3184.25,15.73,0.02189,0.5207,17470.0
3184.3,15.52,-0.1242,0.5894,17440.0
3184.35,15.44,-0.2058,0.427,17420.0
3184.4,15.37,-0.2874,0.2646,17430.0
3184.45,15.36,-0.1988,0.1769,17470.0
3184.5,15.34,-0.1103,0.08926,17530.0
3184.55,15.36,-0.2275,0.06572,17580.0
3184.6,15.37,-0.3447,0.04219,17620.0
3184.65,15.43,-0.3623,-0.006341,17630.0
3184.7,15.5,-0.3798,-0.05487,17620.0
3184.75,15.41,-0.4242,-0.1008,17580.0
3184.8,15.32,-0.4685,-0.1468,17510.0
3184.85,15.36,-0.3943,-0.2338,17440.0
3184.9,15.41,-0.3201,-0.3207,17400.0
3184.95,15.34,-0.2398,-0.3528,17390.0
3185.0,15.27,-0.1596,-0.3848,17420.0
3185.05,15.27,-0.1925,-0.2747,17480.0
3185.1,15.28,-0.2253,-0.1646,17560.0
3185.15,15.22,-0.07902,0.05963,17640.0
3185.2,15.15,0.06728,0.2839,17680.0
3185.25,15.14,-0.00199,0.4353,17680.0
3185.3,15.12,-0.07126,0.5868,17640.0
3185.35,15.16,0.04319,0.4926,17570.0
3185.4,15.2,0.1576,0.3985,17500.0
3185.45,15.29,0.1553,0.434,17440.0
3185.5,15.38,0.1529,0.4695,17420.0
3185.55,15.48,0.241,0.4151,17430.0
3185.6,15.58,0.3292,0.3607,17500.0
3185.65,15.62,0.2239,0.3433,17580.0
3185.7,15.66,0.1186,0.3258,17650.0
3185.75,15.71,-0.05792,0.03548,17700.0
3185.8,15.76,-0.2345,-0.2548,17730.0
3185.85,15.68,-0.2884,-0.2606,17730.0
3185.9,15.61,-0.3424,-0.2663,17690.0
3185.95,15.45,-0.3185,-0.2613,17630.0
3186.0,15.3,-0.2946,-0.2563,17570.0
3186.05,15.33,-0.2572,-0.3239,17530.0
3186.1,15.36,-0.2197,-0.3914,17520.0
3186.15,15.4,-0.0613,-0.5145,17530.0
3186.2,15.44,0.09713,-0.6375,17580.0
3186.25,15.48,0.1793,-0.5142,17640.0
3186.3,15.51,0.2615,-0.3909,17710.0
3186.35,15.6,0.2375,-0.196,17750.0
3186.4,15.69,0.2134,-0.0009755,17750.0
3186.45,15.74,0.08021,0.006341,17720.0
3186.5,15.79,-0.05295,0.01366,17680.0
3186.55,15.75,0.212,-0.1396,17640.0
3186.6,15.71,0.4769,-0.2929,17600.0
3186.65,15.81,0.6546,-0.03975,17570.0
3186.7,15.91,0.8324,0.2134,17580.0
3186.75,15.98,0.629,0.5193,17620.0
3186.8,16.04,0.4256,0.8253,17650.0
3186.85,15.88,0.504,0.7922,17670.0
3186.9,15.72,0.5824,0.7592,17670.0
3186.95,15.75,0.4922,0.8573,17660.0
3187.0,15.77,0.4021,0.9555,17650.0
3187.05,15.7,0.415,0.9448,17620.0
3187.1,15.63,0.4279,0.934,17580.0
3187.15,15.61,0.5101,0.7419,17550.0
3187.2,15.59,0.5923,0.5497,17560.0
3187.25,15.57,0.6708,0.584,17600.0
3187.3,15.56,0.7492,0.6182,17640.0
3187.35,15.74,0.8909,0.5245,17670.0
3187.4,15.92,1.033,0.4307,17700.0
3187.45,15.93,1.075,0.2662,17720.0
3187.5,15.93,1.117,0.1017,17690.0
3187.55,16.07,1.031,0.2796,17630.0
3187.6,16.21,0.945,0.4575,17570.0
3187.65,16.2,0.9888,0.6196,17550.0
3187.7,16.18,1.033,0.7816,17570.0
3187.75,16.24,1.056,0.5731,17610.0
3187.8,16.3,1.08,0.3646,17660.0
3187.85,16.51,1.147,0.4118,17730.0
3187.9,16.72,1.214,0.459,17790.0
3187.95,16.58,1.241,0.3487,17810.0
3188.0,16.44,1.267,0.2385,17800.0
3188.05,16.41,1.282,0.2118,17760.0
3188.1,16.37,1.297,0.1851,17720.0
3188.15,16.52,1.538,0.3016,17680.0
3188.2,16.66,1.779,0.418,17640.0
3188.25,16.5,1.673,0.232,17630.0
3188.3,16.34,1.566,0.04609,17650.0
3188.35,16.43,1.468,0.1169,17690.0
3188.4,16.53,1.369,0.1878,17740.0
3188.45,16.6,1.534,0.272,17790.0
3188.5,16.66,1.698,0.3563,17820.0
3188.55,16.7,1.717,0.4034,17840.0
3188.6,16.75,1.736,0.4504,17820.0
3188.65,16.63,1.579,0.2606,17790.0
3188.7,16.52,1.422,0.07072,17730.0
3188.75,16.47,1.509,-0.04597,17680.0
3188.8,16.43,1.596,-0.1627,17650.0
3188.85,16.39,1.606,-0.2302,17630.0
3188.9,16.35,1.616,-0.2978,17640.0
3188.95,16.29,1.533,-0.3845,17670.0
3189.0,16.22,1.45,-0.4712,17710.0
3189.05,16.28,1.362,-0.3357,17750.0
3189.1,16.34,1.275,-0.2002,17770.0
3189.15,16.29,0.9912,-0.109,17760.0
3189.2,16.25,0.7078,-0.0178,17730.0
3189.25,16.33,0.7313,-0.1129,17700.0
3189.3,16.4,0.7548,-0.208,17660.0
3189.35,16.25,0.6879,-0.2155,17620.0
3189.4,16.1,0.621,-0.2229,17620.0
3189.45,16.06,0.239,-0.2674,17640.0
3189.5,16.02,-0.1429,-0.3119,17680.0
3189.55,15.95,-0.01612,-0.3278,17710.0
3189.6,15.87,0.1107,-0.3436,17720.0
3189.65,15.85,0.2671,-0.2791,17720.0
3189.7,15.83,0.4236,-0.2146,17690.0
3189.75,15.83,0.4731,0.05658,17660.0
3189.8,15.83,0.5227,0.3278,17650.0
3189.85,15.86,0.5261,0.3544,17650.0
3189.9,15.9,0.5295,0.3809,17690.0
3189.95,15.86,0.4656,0.4234,17740.0
3190.0,15.81,0.4017,0.4658,17780.0
3190.05,15.84,0.3531,0.3296,17790.0
3190.1,15.86,0.3045,0.1934,17790.0
3190.15,15.79,0.4373,-0.02341,17760.0
3190.2,15.73,0.5701,-0.2402,17730.0
3190.25,15.77,0.4359,-0.08036,17700.0
3190.3,15.81,0.3017,0.0795,17690.0
3190.35,15.78,0.3041,0.1435,17710.0
3190.4,15.75,0.3065,0.2075,17740.0
3190.45,15.78,0.211,0.08938,17760.0
3190.5,15.8,0.1154,-0.02878,17780.0
3190.55,15.98,0.3603,-0.08011,17810.0
3190.6,16.16,0.6051,-0.1314,17830.0
3190.65,16.04,0.6883,-0.2125,17830.0
3190.7,15.91,0.7715,-0.2936,17810.0
3190.75,15.83,0.7715,-0.166,17790.0
3190.8,15.74,0.7715,-0.03829,17780.0
3190.85,15.61,0.7876,-0.08243,17760.0
3190.9,15.48,0.8037,-0.1266,17730.0
3190.95,15.42,0.8419,-0.1318,17710.0
3191.0,15.35,0.8802,-0.1371,17710.0
3191.05,15.27,0.989,-0.1323,17730.0
3191.1,15.18,1.098,-0.1275,17740.0
3191.15,15.08,1.146,-0.1689,17760.0
3191.2,14.97,1.195,-0.2102,17760.0
3191.25,15.08,1.031,-0.128,17770.0
3191.3,15.18,0.8674,-0.04585,17760.0
3191.35,15.25,1.184,-0.07426,17740.0
3191.4,15.32,1.5,-0.1027,17710.0
3191.45,15.47,1.505,0.07121,17690.0
3191.5,15.61,1.51,0.2451,17690.0
3191.55,15.63,1.439,-0.03317,17690.0
3191.6,15.64,1.368,-0.3114,17680.0
3191.65,15.76,1.177,-0.4318,17670.0
3191.7,15.87,0.9861,-0.5521,17670.0
3191.75,15.75,0.9277,-0.4541,17680.0
3191.8,15.63,0.8694,-0.3561,17670.0
3191.85,15.72,0.663,-0.4235,17650.0
3191.9,15.82,0.4566,-0.4909,17650.0
3191.95,15.96,0.3746,-0.3989,17650.0
3192.0,16.1,0.2926,-0.3068,17670.0
3192.05,16.0,0.2984,-0.2651,17690.0
3192.1,15.9,0.3041,-0.2234,17710.0
3192.15,15.84,0.3137,-0.1911,17720.0
3192.2,15.79,0.3232,-0.1588,17720.0
3192.25,15.72,0.3927,-0.03463,17720.0
3192.3,15.65,0.4622,0.0895,17690.0
3192.35,15.63,0.4538,0.04146,17650.0
3192.4,15.61,0.4455,-0.006585,17620.0
3192.45,15.66,0.3863,-0.149,17620.0
3192.5,15.71,0.3272,-0.2914,17640.0
3192.55,15.66,0.3871,-0.5364,17670.0
3192.6,15.6,0.447,-0.7814,17700.0
3192.65,15.5,0.414,-0.7655,17740.0
3192.7,15.4,0.381,-0.7497,17780.0
3192.75,15.52,0.2064,-0.4953,17790.0
3192.8,15.64,0.03185,-0.2409,17780.0
3192.85,15.7,0.0406,-0.4213,17750.0
3192.9,15.77,0.04936,-0.6016,17730.0
3192.95,15.48,0.0621,-0.5471,17720.0
3193.0,15.19,0.07484,-0.4926,17720.0
3193.05,15.11,0.256,-0.5018,17710.0
3193.1,15.03,0.4371,-0.5109,17710.0
3193.15,14.92,0.3738,-0.4458,17720.0
3193.2,14.82,0.3105,-0.3807,17720.0
3193.25,14.71,0.1608,-0.419,17730.0
3193.3,14.61,0.01115,-0.4573,17730.0
3193.35,14.57,0.1375,-0.5949,17740.0
3193.4,14.53,0.2639,-0.7326,17740.0
3193.45,14.42,0.4861,-0.6714,17740.0
3193.5,14.31,0.7082,-0.6102,17740.0
3193.55,14.31,0.7578,-0.6627,17750.0
3193.6,14.3,0.8073,-0.7153,17740.0
3193.65,14.35,0.7406,-0.6841,17710.0
3193.7,14.39,0.674,-0.6529,17670.0
3193.75,14.29,0.8296,-0.6219,17630.0
3193.8,14.19,0.9853,-0.5909,17610.0
3193.85,14.14,1.029,-0.3869,17600.0
3193.9,14.09,1.072,-0.1829,17610.0
3193.95,14.04,0.9222,-0.2717,17620.0
3194.0,13.98,0.7719,-0.3604,17640.0
3194.05,14.0,0.5643,-0.1395,17650.0
3194.1,14.02,0.3567,0.08145,17640.0
3194.15,14.06,0.3834,0.2329,17630.0
3194.2,14.11,0.41,0.3843,17620.0
3194.25,14.02,0.4054,0.3305,17620.0
3194.3,13.93,0.4009,0.2766,17610.0
3194.35,13.86,0.2701,0.368,17590.0
3194.4,13.8,0.1393,0.4595,17570.0
3194.45,13.9,0.1308,0.4375,17550.0
3194.5,13.99,0.1222,0.4156,17550.0
3194.55,13.86,0.1137,0.1078,17540.0
3194.6,13.73,0.1051,-0.2,17530.0
3194.65,13.74,0.09614,-0.1486,17520.0
3194.7,13.74,0.08718,-0.09731,17530.0
3194.75,13.84,0.1105,-0.1742,17550.0
3194.8,13.93,0.1338,-0.2512,17570.0
3194.85,14.05,0.1674,-0.3823,17580.0
3194.9,14.17,0.201,-0.5134,17580.0
3194.95,14.26,0.2504,-0.6066,17590.0
3195.0,14.36,0.2998,-0.6999,17590.0
3195.05,14.25,0.3826,-0.6986,17580.0
3195.1,14.15,0.4654,-0.6972,17550.0
3195.15,14.13,0.5099,-0.5015,17530.0
3195.2,14.11,0.5545,-0.3058,17510.0
3195.25,14.34,0.3957,-0.3601,17500.0
3195.3,14.56,0.2369,-0.4143,17480.0
3195.35,14.41,0.4548,-0.4146,17470.0
3195.4,14.26,0.6728,-0.4148,17460.0
3195.45,14.14,1.031,-0.4601,17470.0
3195.5,14.02,1.389,-0.5053,17500.0
3195.55,13.99,1.394,-0.4253,17530.0
3195.6,13.97,1.4,-0.3453,17550.0
3195.65,14.01,1.276,-0.1189,17570.0
3195.7,14.06,1.151,0.1075,17580.0
3195.75,14.02,1.094,0.3958,17560.0
3195.8,13.99,1.037,0.6841,17510.0
3195.85,13.71,1.063,0.6509,17430.0
3195.9,13.42,1.088,0.6177,17360.0
3195.95,13.37,0.9799,0.6996,17320.0
3196.0,13.31,0.8718,0.7814,17300.0
3196.05,13.57,0.8686,0.8189,17320.0
3196.1,13.82,0.8654,0.8565,17360.0
3196.15,13.87,0.9896,0.6237,17430.0
3196.2,13.91,1.114,0.3909,17490.0
3196.25,13.84,1.134,0.2981,17520.0
3196.3,13.77,1.154,0.2053,17490.0
3196.35,13.89,1.075,0.09206,17440.0
3196.4,14.0,0.996,-0.02122,17380.0
3196.45,13.95,0.787,0.1129,17330.0
3196.5,13.9,0.578,0.247,17290.0
3196.55,13.84,0.4508,0.1812,17260.0
3196.6,13.79,0.3236,0.1154,17260.0
3196.65,13.72,0.3137,0.01122,17290.0
3196.7,13.66,0.3037,-0.09292,17320.0
3196.75,13.66,0.3364,-0.1424,17330.0
3196.8,13.66,0.369,-0.1919,17330.0
3196.85,13.58,0.1351,-0.2008,17330.0
3196.9,13.5,-0.09872,-0.2097,17340.0
3196.95,13.45,-0.1423,-0.2874,17330.0
3197.0,13.41,-0.1859,-0.3651,17310.0
3197.05,13.3,-0.01513,-0.4223,17300.0
3197.1,13.2,0.1557,-0.4795,17300.0
3197.15,13.19,0.2203,-0.3337,17310.0
3197.2,13.18,0.285,-0.188,17290.0
3197.25,13.19,0.2138,-0.1779,17270.0
3197.3,13.21,0.1425,-0.1678,17250.0
3197.35,13.28,0.1137,-0.1322,17250.0
3197.4,13.35,0.08479,-0.09657,17230.0
3197.45,13.36,0.007564,-0.09755,17190.0
3197.5,13.37,-0.06966,-0.09853,17160.0
3197.55,13.58,-0.2548,-0.2446,17160.0
3197.6,13.8,-0.4399,-0.3907,17180.0
3197.65,13.81,-0.5121,-0.4332,17190.0
3197.7,13.83,-0.5844,-0.4758,17200.0
3197.75,13.87,-0.4773,-0.388,17220.0
3197.8,13.92,-0.3702,-0.3002,17250.0
3197.85,13.98,-0.4612,-0.3783,17240.0
3197.9,14.05,-0.5521,-0.4563,17210.0
3197.95,14.01,-0.3376,-0.5015,17160.0
3198.0,13.97,-0.123,-0.5468,17100.0
3198.05,14.03,-0.1445,-0.6304,17050.0
3198.1,14.09,-0.166,-0.7141,17010.0
3198.15,14.09,-0.2118,-0.5994,16980.0
3198.2,14.08,-0.2576,-0.4848,16980.0
3198.25,13.99,-0.2759,-0.6177,17010.0
3198.3,13.9,-0.2942,-0.7506,17060.0
3198.35,13.86,-0.3764,-0.8104,17110.0
3198.4,13.83,-0.4586,-0.8701,17150.0
3198.45,13.81,-0.3784,-0.6636,17160.0
3198.5,13.79,-0.2982,-0.457,17140.0
3198.55,13.93,-0.2249,-0.5187,17080.0
3198.6,14.07,-0.1517,-0.5804,16990.0
3198.65,13.92,-0.06688,-0.4398,16900.0
3198.7,13.78,0.01791,-0.2992,16850.0
3198.75,13.74,0.2428,-0.4168,16830.0
3198.8,13.7,0.4677,-0.5343,16830.0
3198.85,13.65,0.5814,-0.7653,16870.0
3198.9,13.59,0.6951,-0.9962,16920.0
3198.95,13.59,0.8035,-0.7815,16960.0
3199.0,13.59,0.912,-0.5668,16970.0
3199.05,13.94,0.8481,-0.6564,16960.0
3199.1,14.28,0.7842,-0.746,16920.0
3199.15,14.14,0.5681,-0.7076,16870.0
3199.2,13.99,0.3519,-0.6692,16820.0
3199.25,13.92,0.3133,-0.6205,16780.0
3199.3,13.85,0.2747,-0.5719,16750.0
3199.35,13.7,0.3547,-0.5157,16750.0
3199.4,13.55,0.4347,-0.4595,16760.0
3199.45,13.47,0.541,-0.4068,16770.0
3199.5,13.39,0.6473,-0.3541,16770.0
3199.55,13.35,0.6063,-0.221,16760.0
3199.6,13.31,0.5653,-0.0878,16740.0
3199.65,13.41,0.6493,0.07072,16710.0
3199.7,13.5,0.7333,0.2292,16690.0
3199.75,13.46,0.6568,0.2837,16670.0
3199.8,13.42,0.5804,0.3383,16670.0
3199.85,13.39,0.6349,0.3183,16680.0
3199.9,13.36,0.6895,0.2983,16690.0
3199.95,13.22,0.6459,0.2107,16700.0
3200.0,13.09,0.6023,0.1232,16700.0
3200.05,13.08,0.4359,0.1045,16690.0
3200.1,13.07,0.2695,0.08584,16660.0
3200.15,12.97,0.2866,0.1721,16610.0
3200.2,12.87,0.3037,0.2583,16560.0
3200.25,12.81,0.6039,0.3063,16530.0
3200.3,12.75,0.904,0.3544,16520.0
3200.35,12.59,1.093,0.402,16530.0
3200.4,12.43,1.282,0.4497,16560.0
3200.45,12.55,1.247,0.3534,16590.0
3200.5,12.67,1.213,0.257,16600.0
3200.55,12.98,1.295,0.2588,16600.0
3200.6,13.29,1.377,0.2605,16590.0
3200.65,13.3,1.275,0.2386,16560.0
3200.7,13.31,1.173,0.2168,16530.0
3200.75,13.32,1.219,0.1169,16490.0
3200.8,13.34,1.265,0.01707,16460.0
3200.85,13.4,1.177,0.07706,16430.0
3200.9,13.45,1.089,0.1371,16400.0
3200.95,13.59,1.217,0.1272,16380.0
3201.0,13.72,1.346,0.1173,16370.0
3201.05,13.58,1.018,0.1836,16380.0
3201.1,13.43,0.6903,0.25,16410.0
3201.15,13.38,0.6335,0.198,16430.0
3201.2,13.33,0.5768,0.1461,16440.0
3201.25,13.28,0.7601,-0.1385,16440.0
3201.3,13.23,0.9435,-0.4231,16420.0
3201.35,13.43,1.049,-0.433,16370.0
3201.4,13.64,1.154,-0.4429,16310.0
3201.45,13.75,1.344,-0.5165,16250.0
3201.5,13.86,1.535,-0.5902,16210.0
3201.55,13.89,1.41,-0.4131,16190.0
3201.6,13.91,1.285,-0.2361,16210.0
3201.65,14.02,1.285,-0.1878,16240.0
3201.7,14.13,1.285,-0.1395,16280.0
3201.75,13.92,1.206,-0.179,16300.0
3201.8,13.71,1.127,-0.2185,16290.0
3201.85,13.68,1.289,-0.1304,16250.0
3201.9,13.65,1.451,-0.04219,16210.0
3201.95,13.59,1.494,-0.009755,16160.0
3202.0,13.52,1.537,0.02268,16140.0
3202.05,13.47,1.444,0.09718,16120.0
3202.1,13.43,1.352,0.1717,16110.0
3202.15,13.5,1.291,0.1593,16110.0
3202.2,13.57,1.23,0.1468,16100.0
3202.25,13.77,1.305,0.04243,16090.0
3202.3,13.96,1.38,-0.06194,16070.0
3202.35,14.02,1.254,-0.1173,16060.0
3202.4,14.08,1.129,-0.1727,16060.0
3202.45,14.01,1.231,-0.1512,16080.0
3202.5,13.95,1.333,-0.1297,16100.0
3202.55,13.84,1.4,-0.01475,16100.0
3202.6,13.74,1.467,0.1002,16090.0
3202.65,13.83,1.603,0.2269,16070.0
3202.7,13.92,1.74,0.3536,16030.0
3202.75,14.02,1.883,0.4039,15990.0
3202.8,14.12,2.026,0.4541,15950.0
3202.85,14.25,1.958,0.4717,15930.0
3202.9,14.38,1.89,0.4892,15930.0
3202.95,14.44,1.964,0.3631,15930.0
3203.0,14.51,2.037,0.237,15930.0
3203.05,14.49,1.961,0.07146,15930.0
3203.1,14.47,1.885,-0.09414,15940.0
3203.15,14.41,1.989,-0.2607,15940.0
3203.2,14.35,2.094,-0.4273,15940.0
3203.25,14.46,2.055,-0.5338,15930.0
3203.3,14.57,2.016,-0.6404,15920.0
3203.35,14.57,1.865,-0.8483,15910.0
3203.4,14.57,1.713,-1.056,15900.0
3203.45,14.47,1.886,-1.032,15870.0
3203.5,14.38,2.058,-1.008,15830.0
3203.55,14.3,2.079,-0.8065,15790.0
3203.6,14.23,2.1,-0.6048,15760.0
3203.65,14.23,1.884,-0.6666,15750.0
3203.7,14.23,1.669,-0.7285,15750.0
3203.75,14.25,1.516,-0.6707,15770.0
3203.8,14.27,1.363,-0.6129,15800.0
3203.85,14.26,1.412,-0.4212,15830.0
3203.9,14.25,1.461,-0.2295,15840.0
3203.95,14.17,1.428,-0.1513,15840.0
3204.0,14.09,1.394,-0.07316,15820.0
3204.05,14.09,1.288,-0.0656,15780.0
3204.1,14.08,1.182,-0.05804,15750.0
3204.15,13.99,1.305,-0.04256,15720.0
3204.2,13.9,1.428,-0.02707,15700.0
3204.25,13.82,1.341,-0.06158,15680.0
3204.3,13.75,1.254,-0.09609,15680.0
3204.35,13.82,1.124,-0.08645,15690.0
3204.4,13.9,0.994,-0.07682,15700.0
3204.45,13.92,1.051,0.01012,15700.0
3204.5,13.95,1.109,0.09706,15690.0
3204.55,13.94,1.161,0.2252,15680.0
3204.6,13.93,1.213,0.3534,15680.0
3204.65,14.04,1.191,0.2681,15670.0
3204.7,14.14,1.169,0.1829,15660.0
3204.75,14.05,0.8899,0.2929,15660.0
3204.8,13.96,0.6107,0.4029,15660.0
3204.85,14.14,0.5527,0.4156,15660.0
3204.9,14.33,0.4948,0.4282,15650.0
3204.95,14.15,0.5695,0.4598,15630.0
3205.0,13.97,0.6441,0.4914,15620.0
3205.05,14.01,0.8266,0.3737,15600.0
3205.1,14.04,1.009,0.2561,15580.0
3205.15,13.99,1.016,0.1523,15570.0
3205.2,13.94,1.022,0.04853,15570.0
3205.25,13.8,0.8597,-0.01585,15590.0
3205.3,13.67,0.6974,-0.08024,15600.0
3205.35,13.5,0.4538,-0.208,15620.0
3205.4,13.33,0.2102,-0.3358,15630.0
3205.45,13.34,0.3384,-0.2191,15640.0
3205.5,13.34,0.4666,-0.1024,15650.0
3205.55,13.36,0.4552,0.02,15650.0
3205.6,13.39,0.4439,0.1424,15610.0
3205.65,13.22,0.4367,-0.01171,15560.0
3205.7,13.05,0.4295,-0.1658,15520.0
3205.75,13.11,0.6483,-0.1121,15480.0
3205.8,13.17,0.867,-0.05829,15460.0
3205.85,13.05,0.7874,-0.04743,15460.0
3205.9,12.92,0.7078,-0.03658,15480.0
3205.95,12.83,0.6154,0.1347,15510.0
3206.0,12.74,0.5231,0.3061,15550.0
3206.05,12.8,0.6783,0.4679,15560.0
3206.1,12.86,0.8336,0.6297,15560.0
3206.15,12.93,0.7078,0.5188,15550.0
3206.2,12.99,0.582,0.408,15530.0
3206.25,13.02,0.6379,0.5235,15500.0
3206.3,13.05,0.6939,0.639,15460.0
3206.35,13.12,0.8185,0.6427,15430.0
3206.4,13.2,0.9431,0.6465,15400.0
3206.45,13.38,1.107,0.4909,15400.0
3206.5,13.56,1.271,0.3353,15410.0
3206.55,13.57,1.201,0.3592,15410.0
3206.6,13.58,1.131,0.3831,15430.0
3206.65,13.75,1.042,0.257,15450.0
3206.7,13.92,0.9538,0.131,15470.0
3206.75,13.89,1.143,0.1588,15480.0
3206.8,13.87,1.333,0.1866,15470.0
3206.85,13.82,1.479,0.3286,15450.0
3206.9,13.77,1.625,0.4707,15440.0
3206.95,13.66,1.686,0.583,15420.0
3207.0,13.54,1.746,0.6953,15400.0
3207.05,13.63,1.429,0.7382,15380.0
3207.1,13.71,1.112,0.7811,15380.0
3207.15,13.86,1.006,0.935,15390.0
3207.2,14.01,0.8989,1.089,15400.0
3207.25,13.93,0.9665,1.06,15400.0
3207.3,13.85,1.034,1.03,15410.0
3207.35,14.01,1.063,0.8165,15420.0
3207.4,14.18,1.092,0.6026,15440.0
3207.45,14.16,1.096,0.6066,15450.0
3207.5,14.14,1.1,0.6107,15440.0
3207.55,14.02,1.047,0.5471,15440.0
3207.6,13.91,0.9948,0.4836,15450.0
3207.65,13.85,1.032,0.1744,15450.0
3207.7,13.8,1.069,-0.1349,15430.0
3207.75,13.69,0.9379,-0.1155,15420.0
3207.8,13.58,0.8065,-0.09609,15430.0
3207.85,13.46,0.9088,-0.01378,15440.0
3207.9,13.34,1.011,0.06853,15460.0
3207.95,13.4,0.9313,0.03292,15460.0
3208.0,13.47,0.8515,-0.002683,15470.0
3208.05,13.35,0.9827,0.274,15480.0
3208.1,13.23,1.114,0.5507,15500.0
3208.15,13.39,1.029,0.5057,15500.0
3208.2,13.55,0.9439,0.4607,15490.0
3208.25,13.77,0.8712,0.497,15490.0
3208.3,13.99,0.7986,0.5334,15490.0
3208.35,14.01,0.8672,0.5894,15490.0
3208.4,14.04,0.9359,0.6455,15470.0
3208.45,14.12,0.9739,0.6208,15450.0
3208.5,14.2,1.012,0.596,15440.0
3208.55,14.15,0.9634,0.4786,15450.0
3208.6,14.1,0.9148,0.3612,15450.0
3208.65,13.93,0.6897,0.4567,15450.0
3208.7,13.76,0.4646,0.5521,15450.0
3208.75,13.69,0.4084,0.5197,15460.0
3208.8,13.62,0.3523,0.4873,15460.0
3208.85,13.49,0.3732,0.3635,15460.0
3208.9,13.35,0.3941,0.2397,15450.0
3208.95,13.33,0.5806,0.4446,15440.0
3209.0,13.31,0.7671,0.6494,15450.0
3209.05,13.32,0.8937,0.7919,15460.0
3209.1,13.33,1.02,0.9343,15470.0
3209.15,13.38,1.023,1.11,15450.0
3209.2,13.43,1.027,1.285,15440.0
3209.25,13.27,0.8043,0.9405,15420.0
3209.3,13.12,0.582,0.5955,15400.0
3209.35,12.97,0.5742,0.5698,15370.0
3209.4,12.83,0.5665,0.5441,15350.0
3209.45,12.78,0.622,0.6181,15360.0
3209.5,12.73,0.6775,0.6921,15390.0
3209.55,12.88,0.7076,0.5794,15420.0
3209.6,13.03,0.7376,0.4668,15440.0
3209.65,12.85,0.9755,0.4496,15460.0
3209.7,12.68,1.213,0.4324,15480.0
3209.75,12.84,1.118,0.471,15470.0
3209.8,12.99,1.022,0.5097,15450.0
3209.85,12.82,0.9405,0.5457,15410.0
3209.9,12.65,0.8587,0.5816,15390.0
3209.95,12.7,0.7285,0.6969,15390.0
3210.0,12.75,0.5983,0.8121,15390.0
3210.05,12.66,0.5709,0.66,15380.0
3210.1,12.57,0.5434,0.508,15390.0
3210.15,12.48,0.5249,0.4682,15430.0
3210.2,12.4,0.5064,0.4285,15480.0
3210.25,12.27,0.3226,0.3985,15510.0
3210.3,12.14,0.1389,0.3685,15540.0
3210.35,12.18,0.1847,0.2563,15560.0
3210.4,12.23,0.2305,0.1441,15570.0
3210.45,12.22,0.2534,0.1602,15560.0
3210.5,12.21,0.2763,0.1763,15540.0
3210.55,12.32,0.3342,0.2451,15520.0
3210.6,12.43,0.3921,0.3139,15510.0
3210.65,12.3,0.4244,0.3891,15520.0
3210.7,12.18,0.4566,0.4643,15540.0
3210.75,12.26,0.4825,0.449,15550.0
3210.8,12.35,0.5084,0.4336,15570.0
3210.85,12.31,0.5637,0.294,15610.0
3210.9,12.27,0.619,0.1544,15640.0
3210.95,12.21,0.6405,0.1263,15640.0
3211.0,12.15,0.662,0.09828,15620.0
3211.05,12.3,0.5798,-0.1603,15610.0
3211.1,12.46,0.4976,-0.419,15610.0
3211.15,12.58,0.7357,-0.3929,15620.0
3211.2,12.69,0.9737,-0.3668,15610.0
3211.25,12.71,0.7804,-0.4784,15600.0
3211.3,12.73,0.5872,-0.5899,15600.0
3211.35,12.66,0.3682,-0.3851,15600.0
3211.4,12.59,0.1493,-0.1802,15600.0
3211.45,12.48,0.2771,-0.1644,15590.0
3211.5,12.37,0.4049,-0.1485,15600.0
3211.55,12.38,0.2824,-0.05438,15630.0
3211.6,12.39,0.16,0.03975,15650.0
3211.65,12.32,0.3041,0.02841,15650.0
3211.7,12.25,0.4482,0.01707,15640.0
3211.75,12.34,0.373,0.08536,15620.0
3211.8,12.44,0.2978,0.1536,15600.0
3211.85,12.49,0.3549,-0.05914,15570.0
3211.9,12.54,0.412,-0.2719,15530.0
3211.95,12.78,0.2456,-0.2484,15510.0
3212.0,13.02,0.07922,-0.2249,15530.0
3212.05,13.18,-0.1342,-0.0489,15560.0
3212.1,13.34,-0.3475,0.1271,15590.0
3212.15,13.27,0.03125,0.259,15610.0
3212.2,13.2,0.41,0.3909,15620.0
3212.25,13.31,0.5651,0.487,15620.0
3212.3,13.43,0.7201,0.5831,15610.0
3212.35,13.41,0.587,0.3943,15590.0
3212.4,13.39,0.4538,0.2056,15560.0
3212.45,13.33,0.5591,0.2509,15550.0
3212.5,13.26,0.6644,0.2963,15560.0
3212.55,13.25,0.6976,0.2592,15580.0
3212.6,13.23,0.7309,0.2222,15590.0
3212.65,13.18,0.793,0.222,15590.0
3212.7,13.13,0.8551,0.2219,15610.0
3212.75,13.16,0.6919,0.3757,15630.0
3212.8,13.18,0.5287,0.5295,15650.0
3212.85,13.12,0.4472,0.304,15650.0
3212.9,13.05,0.3658,0.07853,15650.0
3212.95,13.04,0.3559,-0.04902,15670.0
3213.0,13.02,0.3459,-0.1766,15680.0
3213.05,13.09,0.3177,-0.09072,15690.0
3213.1,13.16,0.2894,-0.004878,15690.0
3213.15,13.25,0.4463,-0.07511,15700.0
3213.2,13.35,0.6031,-0.1453,15710.0
3213.25,13.54,0.499,-0.2669,15730.0
3213.3,13.72,0.3949,-0.3885,15740.0
3213.35,13.79,0.2146,-0.2509,15740.0
3213.4,13.87,0.03424,-0.1134,15750.0
3213.45,13.84,0.1726,-0.1929,15760.0
3213.5,13.81,0.3109,-0.2724,15760.0
3213.55,13.78,0.3597,-0.1539,15760.0
3213.6,13.75,0.4084,-0.03536,15770.0
3213.65,13.71,0.3937,0.02292,15800.0
3213.7,13.66,0.379,0.08121,15820.0
3213.75,13.7,0.3286,0.124,15840.0
3213.8,13.74,0.2783,0.1668,15840.0
3213.85,13.71,-0.01214,0.3117,15850.0
3213.9,13.68,-0.3025,0.4565,15850.0
3213.95,13.68,-0.3465,0.4321,15840.0
3214.0,13.68,-0.3905,0.4078,15830.0
3214.05,13.75,-0.3732,0.461,15820.0
3214.1,13.81,-0.3559,0.5143,15830.0
3214.15,13.91,-0.4884,0.4336,15840.0
3214.2,14.0,-0.621,0.3529,15840.0
3214.25,13.93,-0.5645,0.2602,15840.0
3214.3,13.86,-0.508,0.1675,15850.0
3214.35,13.9,-0.4881,0.2075,15860.0
3214.4,13.94,-0.4681,0.2475,15870.0
3214.45,13.86,-0.5205,0.2466,15860.0
3214.5,13.79,-0.5728,0.2456,15860.0
3214.55,14.01,-0.4924,0.3544,15870.0
3214.6,14.22,-0.412,0.4631,15880.0
3214.65,14.35,-0.5786,0.497,15880.0
3214.7,14.48,-0.7452,0.5309,15870.0
3214.75,14.59,-0.675,0.4968,15860.0
3214.8,14.7,-0.6047,0.4626,15850.0
3214.85,14.81,-0.7275,0.5432,15850.0
3214.9,14.91,-0.8503,0.6238,15850.0
3214.95,14.96,-0.7707,0.4769,15860.0
3215.0,15.02,-0.6911,0.33,15890.0
3215.05,15.0,-0.5828,0.3772,15930.0
3215.1,14.98,-0.4745,0.4243,15960.0
3215.15,14.84,-0.6286,0.5662,15990.0
3215.2,14.69,-0.7826,0.708,16000.0
3215.25,14.63,-0.7958,0.6407,16010.0
3215.3,14.57,-0.8089,0.5734,16000.0
3215.35,14.59,-0.7006,0.546,15980.0
3215.4,14.6,-0.5923,0.5187,15970.0
3215.45,14.73,-0.4813,0.5726,15970.0
3215.5,14.85,-0.3702,0.6265,15980.0
3215.55,14.77,-0.4771,0.6151,16010.0
3215.6,14.69,-0.584,0.6036,16060.0
3215.65,14.58,-0.4494,0.5712,16110.0
3215.7,14.47,-0.3149,0.5387,16160.0
3215.75,14.72,-0.3067,0.6275,16190.0
3215.8,14.96,-0.2986,0.7163,16190.0
3215.85,14.92,-0.3545,0.7077,16170.0
3215.9,14.88,-0.4104,0.6992,16150.0
3215.95,14.81,-0.2124,0.7778,16130.0
3216.0,14.74,-0.01433,0.8565,16120.0
3216.05,14.96,-0.1642,0.8954,16130.0
3216.1,15.19,-0.3141,0.9343,16150.0
3216.15,15.24,-0.2892,0.8383,16190.0
3216.2,15.3,-0.2643,0.7424,16230.0
3216.25,15.37,-0.2942,0.8189,16270.0
3216.3,15.44,-0.324,0.8955,16290.0
3216.35,15.31,-0.3784,1.024,16310.0
3216.4,15.19,-0.4327,1.152,16330.0
3216.45,15.02,-0.2596,0.981,16340.0
3216.5,14.86,-0.08638,0.8099,16340.0
3216.55,14.96,-0.07046,0.7415,16320.0
3216.6,15.06,-0.05454,0.6731,16300.0
3216.65,15.0,0.1771,0.7515,16280.0
3216.7,14.94,0.4088,0.8299,16260.0
3216.75,14.9,0.3893,0.6679,16250.0
3216.8,14.87,0.3698,0.5058,16260.0
3216.85,14.92,0.3814,0.5543,16280.0
3216.9,14.97,0.3929,0.6029,16310.0
3216.95,15.1,0.3215,0.7604,16360.0
3217.0,15.23,0.25,0.9179,16400.0
3217.05,15.34,-0.03085,0.9725,16420.0
3217.1,15.46,-0.3117,1.027,16420.0
3217.15,15.41,-0.3997,0.9109,16410.0
3217.2,15.36,-0.4877,0.7948,16380.0
3217.25,15.39,-0.4588,0.7204,16350.0
3217.3,15.41,-0.4299,0.646,16320.0
3217.35,15.47,-0.2592,0.5321,16300.0
3217.4,15.52,-0.08837,0.4182,16300.0
3217.45,15.51,-0.1186,0.7353,16320.0
3217.5,15.49,-0.1489,1.052,16350.0
3217.55,15.67,0.00418,1.005,16390.0
3217.6,15.85,0.1572,0.957,16450.0
3217.65,15.49,0.2574,0.8014,16500.0
3217.7,15.13,0.3575,0.6458,16540.0
3217.75,15.16,0.4202,0.721,16550.0
3217.8,15.19,0.4829,0.7963,16540.0
3217.85,15.17,0.5028,0.7428,16520.0
3217.9,15.14,0.5227,0.6894,16500.0
3217.95,15.02,0.2928,0.5401,16480.0
3218.0,14.91,0.0629,0.3907,16480.0
3218.05,14.86,0.208,0.4968,16490.0
3218.1,14.81,0.3531,0.6029,16520.0
3218.15,14.94,0.3903,0.706,16570.0
3218.2,15.06,0.4275,0.8092,16630.0
3218.25,14.79,0.3354,0.9075,16660.0
3218.3,14.51,0.2432,1.006,16680.0
3218.35,14.52,0.2578,0.8989,16670.0
3218.4,14.52,0.2723,0.7921,16650.0
3218.45,14.51,0.4968,0.7956,16640.0
3218.5,14.5,0.7213,0.7992,16640.0
3218.55,14.49,0.6658,0.6096,16650.0
3218.6,14.48,0.6103,0.42,16660.0
3218.65,14.44,0.6302,0.1243,16690.0
3218.7,14.4,0.6501,-0.1714,16720.0
3218.75,14.51,0.7293,-0.3683,16730.0
3218.8,14.62,0.8085,-0.5651,16720.0
3218.85,14.67,0.8035,-0.3412,16710.0
3218.9,14.73,0.7986,-0.1173,16710.0
3218.95,15.0,0.7074,-0.3583,16720.0
3219.0,15.27,0.6162,-0.5992,16720.0
3219.05,15.2,0.5565,-0.6847,16730.0
3219.1,15.14,0.4968,-0.7702,16750.0
3219.15,15.12,0.2715,-0.8404,16780.0
3219.2,15.1,0.04618,-0.9106,16790.0
3219.25,15.13,0.128,-0.9725,16780.0
3219.3,15.16,0.2098,-1.034,16770.0
3219.35,15.22,0.3656,-0.8267,16760.0
3219.4,15.28,0.5215,-0.6192,16760.0
3219.45,15.35,0.5312,-0.6242,16740.0
3219.5,15.42,0.541,-0.6292,16720.0
3219.55,15.47,0.633,-0.5609,16700.0
3219.6,15.53,0.7249,-0.4926,16700.0
3219.65,15.43,0.7171,-0.4235,16720.0
3219.7,15.33,0.7094,-0.3544,16750.0
3219.75,15.47,0.7058,-0.4131,16790.0
3219.8,15.61,0.7022,-0.4719,16840.0
3219.85,15.78,0.6059,-0.4102,16870.0
3219.9,15.95,0.5095,-0.3485,16870.0
3219.95,15.94,0.3931,-0.4856,16830.0
3220.0,15.92,0.2767,-0.6226,16790.0
3220.05,15.87,0.4279,-0.612,16760.0
3220.1,15.81,0.5792,-0.6014,16750.0
3220.15,15.84,0.5322,-0.4887,16750.0
3220.2,15.86,0.4853,-0.3761,16770.0
3220.25,16.19,0.5983,-0.4502,16790.0
3220.3,16.51,0.7114,-0.5243,16820.0
3220.35,16.37,0.9271,-0.4082,16850.0
3220.4,16.23,1.143,-0.2922,16870.0
3220.45,16.25,1.04,-0.3601,16890.0
3220.5,16.27,0.9367,-0.428,16920.0
3220.55,16.19,0.8463,-0.5037,16940.0
3220.6,16.1,0.756,-0.5794,16940.0
3220.65,16.18,0.6278,-0.4335,16920.0
3220.7,16.25,0.4996,-0.2875,16900.0
3220.75,16.17,0.5352,-0.3801,16880.0
3220.8,16.1,0.5709,-0.4726,16870.0
3220.85,16.18,0.4166,-0.2536,16870.0
3220.9,16.27,0.2623,-0.03463,16890.0
3220.95,16.13,0.2777,-0.1001,16930.0
3221.0,16.0,0.293,-0.1656,16960.0
3221.05,16.07,0.1879,-0.1517,16980.0
3221.1,16.14,0.0828,-0.1378,16980.0
3221.15,16.12,0.04578,-0.1404,16980.0
3221.2,16.1,0.008758,-0.1429,16970.0
3221.25,15.97,0.1142,-0.3631,16960.0
3221.3,15.85,0.2197,-0.5834,16960.0
3221.35,15.84,0.337,-0.5056,16990.0
3221.4,15.84,0.4542,-0.4278,17020.0
3221.45,15.73,0.5131,-0.5502,17050.0
3221.5,15.62,0.572,-0.6726,17060.0
3221.55,15.51,0.4472,-0.737,17040.0
3221.6,15.41,0.3224,-0.8014,17000.0
3221.65,15.27,0.5458,-0.7199,16960.0
3221.7,15.12,0.7691,-0.6385,16920.0
3221.75,15.22,0.7367,-0.6582,16900.0
3221.8,15.31,0.7042,-0.678,16910.0
3221.85,15.21,0.6029,-0.5501,16950.0
3221.9,15.11,0.5016,-0.4221,17000.0
3221.95,14.99,0.203,-0.4684,17040.0
3222.0,14.87,-0.09554,-0.5146,17060.0
3222.05,15.03,-0.03443,-0.2742,17080.0
3222.1,15.18,0.02667,-0.0339,17080.0
3222.15,15.2,0.1178,-0.05438,17060.0
3222.2,15.22,0.209,-0.07487,17010.0
3222.25,15.33,0.2769,-0.05024,16950.0
3222.3,15.45,0.3447,-0.02561,16900.0
3222.35,15.3,0.2126,0.08682,16880.0
3222.4,15.14,0.08041,0.1992,16870.0
3222.45,15.1,0.1425,0.007316,16880.0
3222.5,15.07,0.2046,-0.1846,16920.0
3222.55,15.08,0.367,-0.3026,16980.0
3222.6,15.09,0.5295,-0.4207,17030.0
3222.65,15.23,0.5874,-0.4115,17050.0
3222.7,15.37,0.6453,-0.4024,17040.0
3222.75,15.55,0.8019,-0.2453,17000.0
3222.8,15.72,0.9586,-0.08828,16980.0
3222.85,15.85,0.6851,-0.01975,16960.0
3222.9,15.97,0.4116,0.04878,16940.0
3222.95,15.97,0.2317,-0.1673,16930.0
3223.0,15.96,0.05175,-0.3834,16940.0
3223.05,15.77,0.04757,-0.2542,16970.0
3223.1,15.58,0.04339,-0.1251,17000.0
3223.15,15.7,0.2189,-0.1112,17000.0
3223.2,15.82,0.3945,-0.09731,16990.0
3223.25,15.8,0.1785,-0.05536,16990.0
3223.3,15.78,-0.03742,-0.01341,17000.0
3223.35,15.73,-0.1196,-0.228,17010.0
3223.4,15.68,-0.2018,-0.4426,17010.0
3223.45,15.74,-0.2303,-0.1883,17020.0
3223.5,15.8,-0.2588,0.06609,17040.0
3223.55,16.07,-0.4463,0.1405,17070.0
3223.6,16.34,-0.6337,0.2149,17070.0
3223.65,16.35,-0.4725,0.1564,17060.0
3223.7,16.37,-0.3113,0.09804,17050.0
3223.75,16.33,-0.3219,0.2274,17040.0
3223.8,16.28,-0.3324,0.3568,17030.0
3223.85,16.38,-0.3187,0.3823,16990.0
3223.9,16.47,-0.3049,0.4078,16950.0
3223.95,16.39,-0.406,0.2669,16930.0
3224.0,16.3,-0.5072,0.1261,16940.0
3224.05,16.2,-0.5414,0.2691,16960.0
3224.1,16.09,-0.5756,0.4121,16990.0
3224.15,16.12,-0.4781,0.3736,17040.0
3224.2,16.16,-0.3806,0.3351,17080.0
3224.25,16.08,-0.4888,0.4603,17110.0
3224.3,16.01,-0.5971,0.5855,17080.0
3224.35,15.94,-0.4017,0.5626,17020.0
3224.4,15.87,-0.2062,0.5397,16960.0
3224.45,15.78,-0.3133,0.5112,16900.0
3224.5,15.69,-0.4204,0.4826,16870.0
3224.55,15.47,-0.4405,0.3874,16860.0
3224.6,15.25,-0.4606,0.2922,16860.0
3224.65,15.18,-0.6439,0.2095,16890.0
3224.7,15.11,-0.8272,0.1268,16950.0
3224.75,15.17,-0.7271,0.1332,17000.0
3224.8,15.23,-0.627,0.1395,17020.0
3224.85,15.33,-0.6964,0.24,17020.0
3224.9,15.43,-0.7659,0.3405,17010.0
3224.95,15.53,-0.5131,0.2835,16990.0
3225.0,15.63,-0.2603,0.2266,16950.0
3225.05,15.78,-0.08937,0.07645,16890.0
3225.1,15.93,0.08161,-0.07365,16840.0
3225.15,15.91,0.07862,-0.1867,16830.0
3225.2,15.9,0.07564,-0.2997,16860.0
3225.25,15.87,0.1238,-0.3436,16880.0
3225.3,15.84,0.172,-0.3875,16900.0
3225.35,15.86,0.2938,-0.3268,16940.0
3225.4,15.88,0.4156,-0.2661,16980.0
3225.45,15.72,0.3549,-0.208,16990.0
3225.5,15.56,0.2942,-0.15,16970.0
3225.55,15.62,0.4482,0.07938,16940.0
3225.6,15.69,0.6023,0.3087,16920.0
3225.65,15.58,0.7156,0.4069,16910.0
3225.7,15.48,0.8288,0.5051,16890.0
3225.75,15.55,0.6996,0.4343,16860.0
3225.8,15.62,0.5705,0.3636,16840.0
3225.85,15.61,0.6801,0.5653,16860.0
3225.9,15.59,0.7898,0.767,16880.0
3225.95,15.61,0.8457,0.8334,16880.0
3226.0,15.64,0.9017,0.8999,16880.0
3226.05,15.64,1.011,0.6803,16890.0
3226.1,15.64,1.119,0.4607,16910.0
3226.15,15.51,0.959,0.6568,16910.0
3226.2,15.39,0.7986,0.8528,16890.0
3226.25,15.33,0.8893,0.7452,16860.0
3226.3,15.26,0.9801,0.6375,16840.0
3226.35,15.23,1.001,0.4997,16820.0
3226.4,15.2,1.021,0.3619,16810.0
3226.45,15.43,1.028,0.3669,16790.0
3226.5,15.65,1.036,0.3719,16760.0
3226.55,15.61,1.024,0.3001,16750.0
3226.6,15.57,1.012,0.2283,16750.0
3226.65,15.46,1.014,0.4553,16750.0
3226.7,15.34,1.016,0.6824,16750.0
3226.75,15.41,1.095,0.6225,16760.0
3226.8,15.47,1.175,0.5626,16790.0
3226.85,15.5,1.102,0.6658,16820.0
3226.9,15.53,1.029,0.7689,16810.0
3226.95,15.48,0.9245,0.7645,16760.0
3227.0,15.43,0.8204,0.7602,16710.0
3227.05,15.68,0.6473,0.9518,16680.0
3227.1,15.92,0.4741,1.144,16660.0
3227.15,15.97,0.4074,1.024,16630.0
3227.2,16.03,0.3408,0.9045,16620.0
3227.25,15.88,0.587,0.6257,16640.0
3227.3,15.73,0.8332,0.3468,16660.0
3227.35,15.63,0.8953,0.2172,16670.0
3227.4,15.52,0.9574,0.08755,16650.0
3227.45,15.67,0.9777,0.1555,16630.0
3227.5,15.83,0.998,0.2234,16630.0
3227.55,15.83,1.066,0.338,16640.0
3227.6,15.84,1.134,0.4526,16630.0
3227.65,15.82,1.094,0.1186,16620.0
3227.7,15.8,1.053,-0.2153,16600.0
3227.75,15.65,0.9542,-0.2911,16600.0
3227.8,15.5,0.8555,-0.3668,16590.0
3227.85,15.58,0.7558,-0.2801,16540.0
3227.9,15.67,0.656,-0.1934,16500.0
3227.95,15.72,0.6136,-0.2759,16490.0
3228.0,15.77,0.5712,-0.3585,16490.0
3228.05,15.75,0.6109,-0.2924,16490.0
3228.1,15.74,0.6505,-0.2263,16490.0
3228.15,15.73,0.6268,-0.07719,16500.0
3228.2,15.71,0.6031,0.07194,16530.0
3228.25,15.63,0.4986,-0.003902,16550.0
3228.3,15.56,0.3941,-0.07975,16530.0
3228.35,15.36,0.2749,-0.1629,16490.0
3228.4,15.16,0.1557,-0.2461,16450.0
3228.45,15.07,0.1266,-0.113,16430.0
3228.5,14.98,0.09753,0.02,16400.0
3228.55,14.89,0.3087,0.0139,16370.0
3228.6,14.79,0.5199,0.007804,16350.0
3228.65,14.72,0.5093,-0.2925,16360.0
3228.7,14.64,0.4988,-0.5929,16370.0
3228.75,14.7,0.6377,-0.4932,16370.0
3228.8,14.75,0.7767,-0.3936,16370.0
3228.85,14.83,0.9226,-0.2162,16370.0
3228.9,14.9,1.068,-0.03878,16380.0
3228.95,14.94,1.065,-0.158,16390.0
3229.0,14.98,1.061,-0.2773,16370.0
3229.05,14.97,0.9355,-0.1552,16340.0
3229.1,14.96,0.8101,-0.03317,16330.0
3229.15,15.08,0.9375,-0.03244,16330.0
3229.2,15.19,1.065,-0.0317,16320.0
3229.25,15.42,1.085,-0.0767,16300.0
3229.3,15.65,1.106,-0.1217,16290.0
3229.35,15.78,1.2,-0.1057,16290.0
3229.4,15.91,1.293,-0.08975,16290.0
3229.45,15.77,1.317,0.1067,16280.0
3229.5,15.63,1.341,0.3031,16260.0
3229.55,15.55,1.078,0.2517,16260.0
3229.6,15.47,0.8157,0.2002,16270.0
3229.65,15.57,0.7741,0.1732,16280.0
3229.7,15.68,0.7325,0.1461,16270.0
3229.75,15.56,0.8722,-0.03768,16250.0
3229.8,15.45,1.012,-0.2214,16240.0
3229.85,15.28,0.6909,-0.08316,16250.0
3229.9,15.12,0.3698,0.05512,16250.0
3229.95,15.19,0.3871,0.16,16230.0
3230.0,15.27,0.4045,0.2648,16210.0
3230.05,15.21,0.4281,0.2896,16190.0
3230.1,15.15,0.4518,0.3144,16170.0
3230.15,15.24,0.6081,0.518,16150.0
3230.2,15.32,0.7643,0.7216,16120.0
3230.25,15.29,0.6972,0.6509,16130.0
3230.3,15.25,0.6302,0.5802,16160.0
3230.35,15.19,0.4896,0.6847,16190.0
3230.4,15.12,0.3491,0.7892,16200.0
3230.45,15.31,0.3191,0.6632,16190.0
3230.5,15.51,0.289,0.5373,16180.0
3230.55,15.61,0.2036,0.2874,16160.0
3230.6,15.72,0.1182,0.03756,16120.0
3230.65,15.65,0.1125,0.03097,16070.0
3230.7,15.57,0.1067,0.02439,16030.0
3230.75,15.72,0.1797,-0.06475,16020.0
3230.8,15.86,0.2528,-0.1539,16040.0
3230.85,15.92,0.2773,0.01134,16050.0
3230.9,15.99,0.3017,0.1766,16060.0
3230.95,15.99,0.3183,0.1204,16070.0
3231.0,16.0,0.3348,0.06414,16070.0
3231.05,16.17,0.3806,-0.09987,16060.0
3231.1,16.35,0.4263,-0.2639,16030.0
3231.15,16.17,0.3523,-0.1644,16000.0
3231.2,16.0,0.2783,-0.06487,15980.0
3231.25,16.11,0.1859,-0.1404,15970.0
3231.3,16.22,0.09355,-0.2158,15950.0
3231.35,16.37,0.07743,-0.1814,15940.0
3231.4,16.53,0.0613,-0.1471,15930.0
3231.45,16.68,-0.0007962,-0.1193,15940.0
3231.5,16.83,-0.0629,-0.09145,15950.0
3231.55,16.83,-0.284,-0.1419,15970.0
3231.6,16.84,-0.5052,-0.1924,15980.0
3231.65,16.88,-0.7363,-0.2681,15970.0
3231.7,16.93,-0.9673,-0.3439,15960.0
3231.75,16.8,-0.8404,-0.3836,15940.0
3231.8,16.68,-0.7134,-0.4234,15910.0
3231.85,16.66,-0.7201,-0.3719,15870.0
3231.9,16.63,-0.7269,-0.3205,15850.0
3231.95,16.76,-0.4835,-0.4026,15860.0
3232.0,16.88,-0.24,-0.4848,15880.0
3232.05,16.83,-0.2436,-0.4637,15890.0
3232.1,16.77,-0.2472,-0.4426,15890.0
3232.15,16.75,-0.3764,-0.228,15900.0
3232.2,16.72,-0.5056,-0.01341,15900.0
3232.25,16.71,-0.2846,-0.129,15880.0
3232.3,16.7,-0.06369,-0.2446,15850.0
3232.35,16.75,0.0009952,-0.2809,15830.0
3232.4,16.79,0.06568,-0.3173,15830.0
3232.45,16.76,-0.07126,-0.1783,15830.0
3232.5,16.73,-0.2082,-0.03926,15820.0
3232.55,16.86,-0.09912,-0.1373,15800.0
3232.6,17.0,0.009952,-0.2353,15780.0
3232.65,16.98,-0.0631,-0.2798,15790.0
3232.7,16.96,-0.1361,-0.3244,15810.0
3232.75,16.97,-0.13,-0.349,15830.0
3232.8,16.97,-0.1238,-0.3736,15840.0
3232.85,17.13,-0.2082,-0.2438,15840.0
3232.9,17.29,-0.2926,-0.1139,15830.0
3232.95,17.22,-0.3095,-0.04914,15800.0
3233.0,17.16,-0.3264,0.01561,15770.0
3233.05,17.29,-0.5074,0.05768,15740.0
3233.1,17.43,-0.6883,0.09975,15730.0
3233.15,17.33,-0.7102,-0.126,15730.0
3233.2,17.23,-0.7321,-0.3517,15730.0
3233.25,17.15,-0.6523,-0.458,15730.0
3233.3,17.07,-0.5724,-0.5643,15740.0
3233.35,17.08,-0.8967,-0.4641,15750.0
3233.4,17.1,-1.221,-0.3639,15760.0
3233.45,17.09,-1.276,-0.2111,15750.0
3233.5,17.08,-1.331,-0.05829,15740.0
3233.55,17.15,-1.269,-0.3086,15730.0
3233.6,17.22,-1.207,-0.559,15720.0
3233.65,17.13,-1.361,-0.6407,15700.0
3233.7,17.05,-1.515,-0.7224,15680.0
3233.75,17.05,-1.683,-0.6168,15660.0
3233.8,17.06,-1.851,-0.5112,15660.0
3233.85,16.98,-1.726,-0.4246,15670.0
3233.9,16.91,-1.601,-0.338,15680.0
3233.95,16.83,-1.562,-0.4448,15690.0
3234.0,16.75,-1.523,-0.5516,15700.0
3234.05,16.88,-1.323,-0.4185,15720.0
3234.1,17.01,-1.123,-0.2853,15730.0
3234.15,16.97,-1.159,-0.1757,15730.0
3234.2,16.93,-1.194,-0.06609,15720.0
3234.25,16.89,-1.118,0.06146,15710.0
3234.3,16.86,-1.042,0.189,15690.0
3234.35,17.01,-0.8019,0.04743,15670.0
3234.4,17.16,-0.5621,-0.09414,15640.0
3234.45,17.03,-0.5687,-0.284,15630.0
3234.5,16.91,-0.5752,-0.4739,15630.0
3234.55,16.94,-0.7484,-0.5565,15650.0
3234.6,16.98,-0.9216,-0.6392,15660.0
3234.65,16.94,-0.7902,-0.5771,15660.0
3234.7,16.91,-0.6588,-0.5151,15670.0
3234.75,16.97,-0.5024,-0.6499,15670.0
3234.8,17.04,-0.3459,-0.7848,15670.0
3234.85,16.99,-0.3523,-0.6546,15660.0
3234.9,16.94,-0.3587,-0.5243,15630.0
3234.95,16.91,-0.322,-0.5013,15620.0
3235.0,16.87,-0.2854,-0.4782,15620.0
3235.05,16.83,-0.3063,-0.5062,15610.0
3235.1,16.8,-0.3272,-0.5341,15590.0
3235.15,16.81,-0.3758,-0.6443,15590.0
3235.2,16.81,-0.4244,-0.7546,15600.0
3235.25,16.88,-0.3646,-0.6847,15610.0
3235.3,16.95,-0.3049,-0.6148,15610.0
3235.35,16.97,-0.453,-0.6222,15600.0
3235.4,16.98,-0.6011,-0.6297,15590.0
3235.45,16.93,-0.8997,-0.4219,15590.0
3235.5,16.89,-1.198,-0.2141,15580.0
3235.55,16.92,-1.015,0.02963,15580.0
3235.6,16.95,-0.8308,0.2734,15570.0
3235.65,17.27,-0.8595,0.2812,15570.0
3235.7,17.59,-0.8881,0.289,15570.0
3235.75,17.52,-0.8121,0.1162,15560.0
3235.8,17.45,-0.7361,-0.05658,15560.0
3235.85,17.52,-0.7802,0.03158,15550.0
3235.9,17.59,-0.8244,0.1197,15550.0
3235.95,17.53,-0.8961,0.1445,15550.0
3236.0,17.47,-0.9677,0.1692,15530.0
3236.05,17.5,-1.14,0.09487,15500.0
3236.1,17.52,-1.312,0.02049,15470.0
3236.15,17.44,-1.423,-0.196,15460.0
3236.2,17.35,-1.534,-0.4124,15450.0
3236.25,17.16,-1.631,-0.2929,15460.0
3236.3,16.98,-1.728,-0.1734,15470.0
3236.35,16.93,-1.525,-0.05256,15510.0
3236.4,16.88,-1.321,0.06829,15550.0
3236.45,16.96,-1.491,0.1089,15560.0
3236.5,17.05,-1.661,0.1495,15540.0
3236.55,17.05,-1.497,-0.02512,15500.0
3236.6,17.05,-1.333,-0.1997,15460.0
3236.65,17.19,-1.26,0.07816,15410.0
3236.7,17.33,-1.187,0.3561,15380.0
3236.75,17.22,-1.203,0.2825,15370.0
3236.8,17.12,-1.218,0.209,15400.0
3236.85,17.25,-1.159,0.1566,15440.0
3236.9,17.38,-1.1,0.1041,15480.0
3236.95,17.36,-1.156,0.1379,15510.0
3237.0,17.35,-1.213,0.1717,15520.0
3237.05,17.21,-1.353,0.1285,15510.0
3237.1,17.07,-1.494,0.08536,15500.0
3237.15,17.11,-1.503,0.1161,15470.0
3237.2,17.16,-1.513,0.1468,15430.0
3237.25,17.03,-1.328,-0.02536,15380.0
3237.3,16.9,-1.144,-0.1975,15360.0
3237.35,16.85,-1.4,-0.2833,15360.0
3237.4,16.81,-1.656,-0.369,15370.0
3237.45,16.87,-1.728,-0.3601,15390.0
3237.5,16.93,-1.8,-0.3512,15420.0
3237.55,16.75,-1.82,-0.3617,15450.0
3237.6,16.57,-1.84,-0.3722,15460.0
3237.65,16.57,-1.792,-0.3289,15450.0
3237.7,16.56,-1.744,-0.2856,15420.0
3237.75,16.5,-1.723,-0.1766,15390.0
3237.8,16.45,-1.702,-0.06755,15360.0
3237.85,16.43,-1.685,-0.1997,15340.0
3237.9,16.41,-1.668,-0.3319,15340.0
3237.95,16.32,-1.743,-0.1288,15360.0
3238.0,16.23,-1.817,0.07438,15380.0
3238.05,16.36,-1.886,-0.00378,15410.0
3238.1,16.5,-1.955,-0.08194,15420.0
3238.15,16.43,-2.082,-0.1821,15410.0
3238.2,16.35,-2.209,-0.2822,15390.0
3238.25,16.36,-2.207,-0.2495,15360.0
3238.3,16.37,-2.205,-0.2168,15330.0
3238.35,16.46,-2.193,-0.2272,15300.0
3238.4,16.54,-2.181,-0.2375,15280.0
3238.45,16.62,-2.175,-0.0278,15290.0
3238.5,16.7,-2.17,0.1819,15310.0
3238.55,16.74,-2.096,0.07975,15330.0
3238.6,16.77,-2.023,-0.02244,15340.0
3238.65,16.68,-1.974,0.09048,15340.0
3238.7,16.59,-1.925,0.2034,15320.0
3238.75,16.61,-1.925,0.03634,15310.0
3238.8,16.63,-1.926,-0.1307,15300.0
3238.85,16.6,-1.692,-0.09828,15290.0
3238.9,16.56,-1.458,-0.06585,15280.0
3238.95,16.53,-1.273,-0.08719,15280.0
3239.0,16.5,-1.088,-0.1085,15290.0
3239.05,16.57,-1.117,-0.1106,15300.0
3239.1,16.65,-1.146,-0.1127,15310.0
3239.15,16.51,-1.289,0.07365,15310.0
3239.2,16.37,-1.432,0.26,15320.0
3239.25,16.47,-1.54,0.3213,15330.0
3239.3,16.56,-1.648,0.3826,15340.0
3239.35,16.73,-1.626,0.2438,15330.0
3239.4,16.89,-1.604,0.1049,15310.0
3239.45,16.8,-1.432,0.04865,15300.0
3239.5,16.71,-1.26,-0.00756,15300.0
3239.55,16.71,-1.236,-0.173,15310.0
3239.6,16.72,-1.211,-0.3385,15320.0
3239.65,16.7,-1.093,-0.1563,15340.0
3239.7,16.69,-0.9737,0.02585,15360.0
3239.75,16.63,-0.9226,0.01597,15390.0
3239.8,16.56,-0.8714,0.006097,15380.0
3239.85,16.54,-1.153,0.108,15360.0
3239.9,16.52,-1.435,0.21,15350.0
3239.95,16.46,-1.509,0.07133,15350.0
3240.0,16.4,-1.582,-0.06731,15350.0
3240.05,16.43,-1.49,0.06987,15350.0
3240.1,16.46,-1.398,0.2071,15340.0
3240.15,16.4,-1.535,0.2284,15350.0
3240.2,16.35,-1.672,0.2497,15360.0
3240.25,16.34,-1.623,0.13,15370.0
3240.3,16.33,-1.574,0.01024,15350.0
3240.35,16.37,-1.42,0.02341,15340.0
3240.4,16.42,-1.266,0.03658,15340.0
3240.45,16.55,-1.222,-0.03268,15340.0
3240.5,16.69,-1.178,-0.1019,15340.0
3240.55,16.85,-1.19,0.009999,15330.0
3240.6,17.01,-1.201,0.1219,15330.0
3240.65,16.95,-1.094,-0.03756,15330.0
3240.7,16.89,-0.9868,-0.1971,15320.0
3240.75,16.75,-0.9375,-0.3437,15290.0
3240.8,16.62,-0.8881,-0.4904,15270.0
3240.85,16.53,-0.9964,-0.5542,15260.0
3240.9,16.44,-1.105,-0.618,15260.0
3240.95,16.38,-0.9474,-0.6382,15270.0
3241.0,16.32,-0.7902,-0.6585,15260.0
3241.05,16.22,-0.6859,-0.5031,15260.0
3241.1,16.12,-0.5816,-0.3478,15250.0
3241.15,16.29,-0.8248,-0.5242,15230.0
3241.2,16.46,-1.068,-0.7007,15210.0
3241.25,16.39,-1.201,-0.7191,15200.0
3241.3,16.32,-1.335,-0.7375,15200.0
3241.35,16.34,-1.433,-0.6465,15220.0
3241.4,16.35,-1.531,-0.5555,15250.0
3241.45,16.21,-1.333,-0.5123,15260.0
3241.5,16.07,-1.136,-0.469,15260.0
3241.55,16.06,-1.006,-0.1992,15250.0
3241.6,16.06,-0.8766,0.07048,15240.0
3241.65,15.87,-0.8861,-0.1332,15230.0
3241.7,15.69,-0.8957,-0.3368,15210.0
3241.75,15.55,-0.7333,-0.3374,15210.0
3241.8,15.4,-0.5709,-0.338,15220.0
3241.85,15.19,-0.4662,-0.5059,15230.0
3241.9,14.97,-0.3615,-0.6738,15240.0
3241.95,14.84,-0.4321,-0.7249,15250.0
3242.0,14.7,-0.5028,-0.776,15250.0
3242.05,14.95,-0.4031,-0.4808,15250.0
3242.1,15.19,-0.3033,-0.1856,15260.0
3242.15,15.21,-0.2094,-0.1433,15270.0
3242.2,15.24,-0.1154,-0.101,15250.0
3242.25,15.34,-0.1604,-0.09682,15230.0
3242.3,15.45,-0.2054,-0.09267,15210.0
3242.35,15.5,-0.1326,0.04158,15190.0
3242.4,15.56,-0.05971,0.1758,15170.0
3242.45,15.7,-0.2359,0.3765,15170.0
3242.5,15.83,-0.412,0.5773,15190.0
3242.55,15.72,-0.369,0.325,15210.0
3242.6,15.61,-0.326,0.07267,15230.0
3242.65,15.62,0.009952,0.1832,15230.0
3242.7,15.63,0.3459,0.2936,15220.0
3242.75,15.72,0.5225,0.221,15200.0
3242.8,15.8,0.699,0.1483,15190.0
3242.85,15.92,0.5129,0.1568,15170.0
3242.9,16.04,0.3268,0.1653,15150.0
3242.95,16.12,0.3471,0.1963,15130.0
3243.0,16.21,0.3674,0.2273,15140.0
3243.05,16.15,0.5352,0.2718,15150.0
3243.1,16.09,0.703,0.3163,15150.0
3243.15,16.2,0.5846,0.1496,15150.0
3243.2,16.31,0.4662,-0.01707,15140.0
3243.25,16.21,0.1974,-0.1124,15150.0
3243.3,16.12,-0.07126,-0.2078,15140.0
3243.35,16.21,-0.1672,-0.04609,15140.0
3243.4,16.31,-0.2631,0.1156,15140.0
3243.45,16.24,-0.3209,-0.02963,15150.0
3243.5,16.17,-0.3786,-0.1749,15150.0
3243.55,16.19,-0.4106,-0.2041,15150.0
3243.6,16.21,-0.4427,-0.2334,15130.0
3243.65,16.23,-0.4837,-0.5043,15100.0
3243.7,16.26,-0.5247,-0.7753,15080.0
3243.75,16.06,-0.5488,-0.8061,15060.0
3243.8,15.86,-0.5728,-0.837,15050.0
3243.85,16.0,-0.6069,-0.6985,15060.0
3243.9,16.15,-0.6409,-0.5599,15100.0
3243.95,16.3,-0.582,-0.567,15150.0
3244.0,16.46,-0.5231,-0.5741,15200.0
3244.05,16.64,-0.34,-0.5932,15200.0
3244.1,16.82,-0.1568,-0.6124,15190.0
3244.15,16.87,-0.0623,-0.4256,15160.0
3244.2,16.92,0.03224,-0.2388,15130.0
3244.25,16.81,0.0424,-0.2972,15100.0
3244.3,16.7,0.05255,-0.3556,15080.0
3244.35,16.7,-0.07046,-0.302,15080.0
3244.4,16.7,-0.1935,-0.2485,15110.0
3244.45,16.75,-0.3712,-0.2484,15140.0
3244.5,16.79,-0.549,-0.2483,15150.0
3244.55,16.76,-0.5088,-0.01817,15160.0
3244.6,16.72,-0.4685,0.2119,15170.0
3244.65,16.71,-0.4078,0.2922,15190.0
3244.7,16.69,-0.3471,0.3724,15190.0
3244.75,16.48,-0.2329,0.2711,15180.0
3244.8,16.27,-0.1186,0.1697,15160.0
3244.85,16.26,-0.2615,-0.08048,15150.0
3244.9,16.25,-0.4045,-0.3307,15140.0
3244.95,16.31,-0.4258,-0.2775,15120.0
3245.0,16.38,-0.447,-0.2244,15110.0
3245.05,16.43,-0.3642,-0.2355,15120.0
3245.1,16.47,-0.2814,-0.2466,15140.0
3245.15,16.42,-0.2462,-0.3107,15170.0
3245.2,16.36,-0.211,-0.3748,15170.0
3245.25,16.54,-0.366,-0.3485,15160.0
3245.3,16.71,-0.5211,-0.3222,15150.0
3245.35,16.96,-0.4393,-0.2319,15140.0
3245.4,17.2,-0.3575,-0.1417,15130.0
3245.45,17.04,-0.3698,0.05938,15120.0
3245.5,16.87,-0.3822,0.2605,15110.0
3245.55,16.69,-0.4548,0.04609,15100.0
3245.6,16.5,-0.5275,-0.1683,15120.0
3245.65,16.37,-0.5261,0.02597,15120.0
3245.7,16.23,-0.5247,0.2202,15120.0
3245.75,16.16,-0.5281,0.03975,15110.0
3245.8,16.08,-0.5314,-0.1407,15110.0
3245.85,16.02,-0.4285,-0.2013,15120.0
3245.9,15.96,-0.3256,-0.2619,15110.0
3245.95,15.89,-0.3559,-0.1957,15080.0
3246.0,15.82,-0.3861,-0.1295,15070.0
3246.05,15.74,-0.2902,-0.0934,15070.0
3246.1,15.66,-0.1943,-0.05731,15070.0
3246.15,15.69,-0.09395,0.1769,15070.0
3246.2,15.72,0.006369,0.4112,15070.0
3246.25,15.63,-0.2982,0.5238,15080.0
3246.3,15.54,-0.6027,0.6365,15100.0
3246.35,15.66,-0.7854,0.6172,15090.0
3246.4,15.77,-0.9681,0.598,15060.0
3246.45,15.61,-0.9715,0.5875,15030.0
3246.5,15.45,-0.9749,0.577,15020.0
3246.55,15.45,-0.9723,0.7046,15040.0
3246.6,15.44,-0.9697,0.8321,15060.0
3246.65,15.52,-0.826,0.7271,15060.0
3246.7,15.59,-0.6823,0.6221,15070.0
3246.75,15.76,-0.573,0.5084,15080.0
3246.8,15.93,-0.4638,0.3946,15090.0
3246.85,15.94,-0.2474,0.3825,15070.0
3246.9,15.95,-0.03105,0.3704,15060.0
3246.95,15.82,-0.01592,0.2667,15060.0
3247.0,15.7,-0.0007962,0.1629,15070.0
3247.05,15.69,0.0009952,0.05536,15080.0
3247.1,15.68,0.002787,-0.05219,15080.0
3247.15,15.77,-0.1089,0.1117,15080.0
3247.2,15.86,-0.2205,0.2756,15090.0
3247.25,15.96,-0.2584,0.4743,15110.0
3247.3,16.06,-0.2962,0.6731,15110.0
3247.35,15.88,-0.3449,0.4052,15110.0
3247.4,15.71,-0.3937,0.1373,15100.0
3247.45,15.67,-0.4112,0.04378,15110.0
3247.5,15.64,-0.4287,-0.04975,15110.0
3247.55,15.65,-0.3881,0.1128,15100.0
3247.6,15.66,-0.3475,0.2753,15080.0
3247.65,15.56,-0.4687,0.3769,15070.0
3247.7,15.46,-0.59,0.4785,15080.0
3247.75,15.51,-0.4443,0.5685,15100.0
3247.8,15.56,-0.2986,0.6585,15110.0
3247.85,15.55,-0.3378,0.5558,15120.0
3247.9,15.55,-0.377,0.4531,15130.0
3247.95,15.35,-0.5261,0.3535,15140.0
3248.0,15.16,-0.6751,0.2539,15130.0
3248.05,15.07,-0.7562,0.4991,15110.0
3248.1,14.98,-0.8372,0.7443,15090.0
3248.15,15.02,-0.7984,0.7582,15080.0
3248.2,15.05,-0.7595,0.7721,15070.0
3248.25,15.13,-0.8187,0.7581,15060.0
3248.3,15.21,-0.8778,0.7441,15030.0
3248.35,15.14,-1.076,0.6476,15020.0
3248.4,15.07,-1.273,0.5512,15020.0
3248.45,15.29,-1.199,0.4328,15040.0
3248.5,15.51,-1.125,0.3144,15050.0
3248.55,15.49,-1.046,0.2286,15050.0
3248.6,15.46,-0.9677,0.1429,15060.0
3248.65,15.42,-0.8296,0.1827,15070.0
3248.7,15.38,-0.6915,0.2224,15070.0
3248.75,15.48,-0.6652,-0.01573,15050.0
3248.8,15.57,-0.6389,-0.2539,15010.0
3248.85,15.54,-0.7106,-0.2716,14990.0
3248.9,15.5,-0.7822,-0.2892,14970.0
3248.95,15.69,-0.6252,-0.4649,14950.0
3249.0,15.89,-0.4681,-0.6407,14930.0
3249.05,16.05,-0.5774,-0.6388,14930.0
3249.1,16.21,-0.6867,-0.637,14960.0
3249.15,16.31,-0.7796,-0.5163,15010.0
3249.2,16.41,-0.8726,-0.3956,15040.0
3249.25,16.46,-0.5732,-0.3776,15060.0
3249.3,16.51,-0.2739,-0.3597,15080.0
3249.35,16.41,-0.1558,-0.3708,15090.0
3249.4,16.31,-0.03782,-0.3819,15060.0
3249.45,16.43,-0.1588,-0.2299,15010.0
3249.5,16.56,-0.2799,-0.0778,14970.0
3249.55,16.59,-0.5103,-0.2061,14950.0
3249.6,16.62,-0.7408,-0.3344,14940.0
3249.65,16.6,-0.7868,-0.2556,14950.0
3249.7,16.58,-0.8328,-0.1768,14980.0
3249.75,16.62,-0.8224,-0.2897,15020.0
3249.8,16.66,-0.8121,-0.4026,15070.0
3249.85,16.78,-0.671,-0.3344,15120.0
3249.9,16.9,-0.5298,-0.2661,15130.0
3249.95,16.81,-0.4759,-0.3614,15120.0
3250.0,16.73,-0.422,-0.4568,15100.0
3250.05,16.88,-0.2956,-0.3594,15070.0
3250.1,17.03,-0.1692,-0.2619,15040.0
3250.15,17.03,0.06091,-0.1321,15020.0
3250.2,17.02,0.291,-0.002195,15010.0
3250.25,17.18,0.2586,0.2358,15030.0
3250.3,17.34,0.2261,0.4739,15070.0
3250.35,17.35,0.09415,0.4981,15100.0
3250.4,17.36,-0.03782,0.5224,15120.0
3250.45,17.53,-0.03264,0.447,15120.0
3250.5,17.7,-0.02747,0.3717,15120.0
3250.55,17.8,0.03125,0.3793,15120.0
3250.6,17.91,0.08997,0.387,15110.0
3250.65,17.82,0.1425,0.5151,15090.0
3250.7,17.72,0.1951,0.6431,15070.0
3250.75,17.51,0.1963,0.6871,15070.0
3250.8,17.31,0.1974,0.7311,15060.0
3250.85,17.23,0.1367,0.619,15040.0
3250.9,17.16,0.07603,0.5068,15020.0
3250.95,17.13,0.03284,0.6675,15010.0
3251.0,17.11,-0.01035,0.8282,15020.0
3251.05,17.15,0.1013,0.6397,15040.0
3251.1,17.2,0.213,0.4512,15030.0
3251.15,17.43,0.2466,0.2447,15020.0
3251.2,17.67,0.2803,0.03829,15010.0
3251.25,17.63,0.42,0.1195,15000.0
3251.3,17.59,0.5597,0.2007,14980.0
3251.35,17.76,0.5342,0.158,14960.0
3251.4,17.92,0.5088,0.1154,14940.0
3251.45,17.9,0.4952,0.1024,14930.0
3251.5,17.89,0.4817,0.0895,14930.0
3251.55,17.91,0.2948,0.03402,14910.0
3251.6,17.93,0.1079,-0.02146,14890.0
3251.65,17.63,0.2383,0.03548,14880.0
3251.7,17.33,0.3686,0.09243,14890.0
3251.75,17.37,0.3698,0.02414,14910.0
3251.8,17.42,0.371,-0.04414,14930.0
3251.85,17.46,0.1853,-0.07414,14940.0
3251.9,17.5,-0.0003981,-0.1041,14970.0
3251.95,17.63,-0.04896,-0.03768,14990.0
3252.0,17.75,-0.09753,0.02878,14990.0
3252.05,17.62,0.09236,-0.131,14960.0
3252.1,17.49,0.2822,-0.2907,14920.0
3252.15,17.5,0.3529,-0.3468,14890.0
3252.2,17.5,0.4236,-0.4029,14890.0
3252.25,17.26,0.295,-0.2494,14880.0
3252.3,17.03,0.1664,-0.09584,14890.0
3252.35,17.07,0.1539,-0.1215,14930.0
3252.4,17.11,0.1413,-0.1471,14980.0
3252.45,17.08,0.2048,-0.1678,15030.0
3252.5,17.04,0.2683,-0.1885,15070.0
3252.55,17.08,-0.004976,-0.06219,15080.0
3252.6,17.13,-0.2783,0.06414,15070.0
3252.65,17.18,-0.5525,0.2229,15050.0
3252.7,17.24,-0.8268,0.3817,15000.0
3252.75,17.15,-0.8889,0.2021,14960.0
3252.8,17.05,-0.951,0.02244,14920.0
3252.85,16.98,-0.8212,0.02195,14910.0
3252.9,16.9,-0.6915,0.02146,14930.0
3252.95,16.91,-0.5386,-0.02085,14970.0
3253.0,16.91,-0.3857,-0.06316,15030.0
3253.05,16.84,-0.3754,0.06682,15090.0
3253.1,16.77,-0.365,0.1968,15120.0
3253.15,16.71,-0.3161,0.1605,15120.0
3253.2,16.65,-0.2671,0.1241,15070.0
3253.25,16.55,-0.3845,0.2319,15000.0
3253.3,16.45,-0.502,0.3397,14930.0
3253.35,16.64,-0.4258,0.1575,14870.0
3253.4,16.84,-0.3495,-0.02463,14850.0
3253.45,16.89,-0.4279,-0.1863,14870.0
3253.5,16.95,-0.5064,-0.348,14900.0
3253.55,16.92,-0.5981,-0.2253,14950.0
3253.6,16.9,-0.6899,-0.1027,14980.0
3253.65,17.0,-0.6881,-0.2485,15000.0
3253.7,17.09,-0.6863,-0.3943,14990.0
3253.75,17.09,-0.5892,-0.3624,14950.0
3253.8,17.08,-0.492,-0.3305,14900.0
3253.85,17.2,-0.5434,-0.2773,14850.0
3253.9,17.33,-0.5947,-0.2241,14810.0
3253.95,17.38,-0.5543,-0.1329,14780.0
3254.0,17.44,-0.5139,-0.0417,14780.0
3254.05,17.68,-0.5388,-0.1296,14800.0
3254.1,17.92,-0.5637,-0.2175,14820.0
3254.15,18.14,-0.7934,-0.1956,14850.0
3254.2,18.36,-1.023,-0.1736,14860.0
3254.25,18.35,-0.9052,-0.2031,14860.0
3254.3,18.34,-0.7874,-0.2327,14850.0
3254.35,18.16,-0.7118,-0.2612,14830.0
3254.4,17.98,-0.6361,-0.2897,14810.0
3254.45,18.07,-0.7152,-0.1445,14790.0
3254.5,18.15,-0.7942,0.0007316,14780.0
3254.55,17.98,-0.7412,-0.2089,14780.0
3254.6,17.81,-0.6883,-0.4185,14800.0
3254.65,17.75,-0.7341,-0.4478,14830.0
3254.7,17.68,-0.7798,-0.477,14840.0
3254.75,17.58,-0.7792,-0.3736,14850.0
3254.8,17.47,-0.7787,-0.2702,14850.0
3254.85,17.46,-0.6556,-0.1719,14840.0
3254.9,17.46,-0.5326,-0.07365,14820.0
3254.95,17.67,-0.3093,-0.08036,14800.0
3255.0,17.88,-0.08599,-0.08706,14790.0
3255.05,18.08,-0.07922,-0.1032,14790.0
3255.1,18.28,-0.07245,-0.1193,14810.0
3255.15,18.31,-0.1939,-0.35,14840.0
3255.2,18.35,-0.3153,-0.5807,14860.0
3255.25,18.35,-0.4564,-0.5473,14880.0
3255.3,18.34,-0.5975,-0.5138,14890.0
3255.35,18.37,-0.4853,-0.5429,14880.0
3255.4,18.4,-0.373,-0.5719,14840.0
3255.45,18.5,-0.4017,-0.5415,14810.0
3255.5,18.61,-0.4303,-0.5112,14790.0
3255.55,18.67,-0.4739,-0.5388,14790.0
3255.6,18.73,-0.5175,-0.5665,14790.0
3255.65,18.74,-0.4594,-0.6133,14810.0
3255.7,18.76,-0.4013,-0.6602,14830.0
3255.75,18.75,-0.4871,-0.8412,14860.0
3255.8,18.75,-0.5728,-1.022,14870.0
3255.85,18.75,-0.6242,-1.024,14860.0
3255.9,18.76,-0.6755,-1.025,14830.0
3255.95,18.91,-0.5251,-0.7726,14790.0
3256.0,19.06,-0.3746,-0.5199,14770.0
3256.05,19.03,-0.2717,-0.4252,14750.0
3256.1,19.0,-0.1688,-0.3305,14740.0
3256.15,18.8,-0.2952,-0.1361,14750.0
3256.2,18.6,-0.4216,0.05829,14770.0
3256.25,18.54,-0.2916,0.0756,14790.0
3256.3,18.47,-0.1616,0.09292,14790.0
3256.35,18.31,-0.2078,-0.025,14780.0
3256.4,18.14,-0.254,-0.1429,14760.0
3256.45,18.18,-0.1113,-0.02061,14740.0
3256.5,18.22,0.03145,0.1017,14730.0
3256.55,18.25,0.07484,0.1641,14720.0
3256.6,18.28,0.1182,0.2266,14710.0
3256.65,18.34,0.3957,0.3625,14700.0
3256.7,18.4,0.6732,0.4985,14690.0
3256.75,18.38,0.7339,0.5518,14680.0
3256.8,18.36,0.7946,0.6051,14650.0
3256.85,18.52,1.027,0.5581,14630.0
3256.9,18.67,1.26,0.5112,14630.0
3256.95,18.77,1.018,0.3698,14640.0
3257.0,18.87,0.7755,0.2285,14650.0
3257.05,18.56,0.6117,0.1112,14660.0
3257.1,18.25,0.4478,-0.006097,14670.0
3257.15,18.06,0.6738,0.1285,14670.0
3257.2,17.87,0.8997,0.2631,14660.0
3257.25,17.75,1.082,0.1724,14640.0
3257.3,17.62,1.265,0.0817,14610.0
3257.35,17.68,1.337,-0.1115,14590.0
3257.4,17.74,1.408,-0.3046,14580.0
3257.45,18.01,1.35,-0.307,14570.0
3257.5,18.29,1.292,-0.3095,14560.0
3257.55,18.28,1.298,-0.234,14560.0
3257.6,18.26,1.305,-0.1585,14560.0
3257.65,18.32,1.442,-0.3255,14580.0
3257.7,18.37,1.579,-0.4924,14590.0
3257.75,18.23,1.463,-0.3893,14580.0
3257.8,18.09,1.348,-0.2863,14580.0
3257.85,18.0,1.307,-0.03073,14580.0
3257.9,17.91,1.266,0.2249,14570.0
3257.95,17.89,1.141,0.2278,14540.0
3258.0,17.87,1.015,0.2307,14510.0
3258.05,17.9,0.7416,0.1852,14500.0
3258.1,17.92,0.4685,0.1397,14520.0
3258.15,17.93,0.1771,0.2045,14550.0
3258.2,17.94,-0.1142,0.2692,14570.0
3258.25,17.95,-0.02647,0.4124,14560.0
3258.3,17.97,0.0613,0.5555,14550.0
3258.35,17.82,0.1732,0.8799,14540.0
3258.4,17.67,0.285,1.204,14510.0
3258.45,17.62,0.3953,0.8539,14480.0
3258.5,17.58,0.5056,0.5036,14470.0
3258.55,17.35,0.5101,0.5013,14490.0
3258.6,17.12,0.5147,0.499,14530.0
3258.65,17.26,0.3169,0.4004,14560.0
3258.7,17.41,0.119,0.3019,14580.0
3258.75,17.58,0.1682,0.09975,14590.0
3258.8,17.74,0.2174,-0.1024,14590.0
3258.85,17.79,0.4508,-0.1358,14570.0
3258.9,17.84,0.6843,-0.1692,14540.0
3258.95,17.81,0.7094,-0.2591,14500.0
3259.0,17.79,0.7345,-0.349,14490.0
3259.05,17.64,0.8189,-0.4589,14480.0
3259.1,17.49,0.9033,-0.5687,14480.0
3259.15,17.36,1.063,-0.5992,14470.0
3259.2,17.23,1.223,-0.6297,14460.0
3259.25,17.08,1.232,-0.6301,14480.0
3259.3,16.93,1.242,-0.6304,14500.0
3259.35,16.86,1.146,-0.3984,14510.0
3259.4,16.78,1.049,-0.1663,14520.0
3259.45,16.82,0.8282,-0.01171,14530.0
3259.5,16.86,0.6071,0.1429,14530.0
3259.55,16.66,0.6214,0.1651,14510.0
3259.6,16.45,0.6357,0.1873,14460.0
3259.65,16.62,0.5999,0.1839,14400.0
3259.7,16.78,0.5641,0.1805,14360.0
3259.75,16.66,0.8885,0.2779,14340.0
3259.8,16.53,1.213,0.3753,14350.0
3259.85,16.55,1.161,0.3896,14370.0
3259.9,16.57,1.109,0.4039,14400.0
3259.95,16.64,1.179,0.4073,14450.0
3260.0,16.72,1.248,0.4107,14480.0
3260.05,16.71,1.184,0.4552,14470.0
3260.1,16.71,1.121,0.4997,14430.0
3260.15,16.71,1.15,0.4102,14380.0
3260.2,16.72,1.179,0.3207,14340.0
3260.25,16.57,1.137,0.3753,14310.0
3260.3,16.41,1.095,0.43,14290.0
3260.35,16.45,1.147,0.5443,14290.0
3260.4,16.5,1.2,0.6587,14320.0
3260.45,16.43,1.049,0.6592,14350.0
3260.5,16.37,0.8977,0.6597,14370.0
3260.55,16.47,0.7468,0.6012,14370.0
3260.6,16.57,0.5959,0.5426,14360.0
3260.65,16.63,0.75,0.4784,14350.0
3260.7,16.69,0.904,0.4141,14330.0
3260.75,16.78,0.8517,0.3902,14310.0
3260.8,16.88,0.7994,0.3663,14300.0
3260.85,16.87,0.9679,0.2602,14310.0
3260.9,16.85,1.137,0.1541,14330.0
3260.95,16.75,1.119,0.3185,14350.0
3261.0,16.65,1.102,0.4829,14370.0
3261.05,16.66,0.8609,0.5057,14390.0
3261.1,16.66,0.6198,0.5285,14410.0
3261.15,16.85,0.4942,0.5341,14410.0
3261.2,17.03,0.3686,0.5397,14400.0
3261.25,17.15,0.465,0.4521,14380.0
3261.3,17.27,0.5613,0.3646,14360.0
3261.35,16.98,0.6347,0.4025,14360.0
3261.4,16.69,0.7082,0.4404,14360.0
3261.45,16.81,0.8905,0.518,14380.0
3261.5,16.93,1.073,0.5955,14400.0
3261.55,16.94,0.9242,0.5479,14450.0
3261.6,16.95,0.7755,0.5002,14500.0
3261.65,16.94,0.6451,0.5327,14540.0
3261.7,16.92,0.5147,0.5653,14550.0
3261.75,17.01,0.5296,0.5416,14520.0
3261.8,17.11,0.5446,0.518,14480.0
3261.85,17.22,0.5434,0.562,14420.0
3261.9,17.33,0.5422,0.606,14370.0
3261.95,17.3,0.7615,0.6792,14350.0
3262.0,17.26,0.9809,0.7524,14360.0
3262.05,17.15,1.119,0.6265,14400.0
3262.1,17.05,1.258,0.5007,14460.0
3262.15,16.98,1.155,0.2464,14520.0
3262.2,16.9,1.052,-0.007804,14550.0
3262.25,16.85,1.063,0.1021,14540.0
3262.3,16.81,1.074,0.2119,14510.0
3262.35,16.7,0.9452,0.3917,14460.0
3262.4,16.59,0.8169,0.5714,14400.0
3262.45,16.9,0.7894,0.5198,14340.0
3262.5,17.21,0.7619,0.4682,14300.0
3262.55,17.15,0.8314,0.4878,14300.0
3262.6,17.1,0.9009,0.5073,14320.0
3262.65,17.02,0.9449,0.4343,14350.0
3262.7,16.94,0.9888,0.3614,14390.0
3262.75,16.95,1.11,0.3292,14420.0
3262.8,16.95,1.232,0.297,14430.0
3262.85,16.92,1.074,0.3833,14420.0
3262.9,16.89,0.916,0.4695,14380.0
3262.95,16.9,1.087,0.522,14320.0
3263.0,16.92,1.257,0.5746,14280.0
3263.05,16.94,1.241,0.4643,14250.0
3263.1,16.96,1.224,0.3541,14250.0
3263.15,17.19,1.182,0.3095,14250.0
3263.2,17.43,1.14,0.2648,14260.0
3263.25,17.44,1.038,0.2746,14290.0
3263.3,17.45,0.9359,0.2844,14310.0
3263.35,17.44,0.8849,0.2617,14310.0
3263.4,17.42,0.834,0.239,14300.0
3263.45,17.28,0.994,0.1775,14290.0
3263.5,17.14,1.154,0.1161,14290.0
3263.55,17.0,1.058,0.3205,14290.0
3263.6,16.86,0.9622,0.5248,14290.0
3263.65,16.81,1.134,0.2958,14300.0
3263.7,16.76,1.305,0.06682,14310.0
3263.75,16.92,1.271,0.1389,14320.0
3263.8,17.08,1.237,0.211,14340.0
3263.85,17.08,1.152,0.3003,14340.0
3263.9,17.07,1.067,0.3897,14340.0
3263.95,17.13,1.028,0.3509,14330.0
3264.0,17.18,0.9888,0.3122,14310.0
3264.05,17.06,0.8159,0.2053,14300.0
3264.1,16.94,0.6429,0.09853,14290.0
3264.15,16.74,0.3985,0.01841,14290.0
3264.2,16.53,0.1541,-0.0617,14320.0
3264.25,16.59,0.129,-0.2018,14340.0
3264.3,16.64,0.1039,-0.3419,14360.0
3264.35,16.68,0.01672,-0.2834,14380.0
3264.4,16.72,-0.07046,-0.2249,14410.0
3264.45,16.84,-0.009753,-0.223,14410.0
3264.5,16.95,0.05095,-0.2212,14400.0
3264.55,16.84,-0.0009952,-0.1838,14380.0
3264.6,16.73,-0.05295,-0.1463,14340.0
3264.65,16.83,0.05135,-0.1533,14310.0
3264.7,16.93,0.1557,-0.1602,14280.0
3264.75,16.78,0.1053,-0.2207,14260.0
3264.8,16.64,0.05494,-0.2812,14260.0
3264.85,16.54,-0.01095,-0.3822,14280.0
3264.9,16.44,-0.07683,-0.4831,14330.0
3264.95,16.43,-0.1322,-0.5252,14360.0
3265.0,16.42,-0.1875,-0.5673,14380.0
3265.05,16.49,-0.4186,-0.5504,14380.0
3265.1,16.55,-0.6497,-0.5336,14360.0
3265.15,16.65,-0.5987,-0.6448,14320.0
3265.2,16.75,-0.5478,-0.756,14260.0
3265.25,16.83,-0.5209,-0.866,14210.0
3265.3,16.92,-0.494,-0.976,14180.0
3265.35,16.77,-0.5625,-0.8739,14180.0
3265.4,16.62,-0.631,-0.7719,14190.0
3265.45,16.31,-0.8525,-0.7127,14210.0
3265.5,16.0,-1.074,-0.6536,14230.0
3265.55,15.94,-1.142,-0.7035,14260.0
3265.6,15.87,-1.211,-0.7533,14270.0
3265.65,16.0,-1.374,-0.6963,14260.0
3265.7,16.13,-1.537,-0.6392,14240.0
3265.75,16.04,-1.444,-0.499,14210.0
3265.8,15.94,-1.351,-0.3587,14170.0
3265.85,15.86,-1.148,-0.4676,14150.0
3265.9,15.77,-0.9447,-0.5765,14130.0
3265.95,15.61,-1.051,-0.2929,14120.0
3266.0,15.45,-1.158,-0.009267,14130.0
3266.05,15.5,-1.127,-0.005365,14150.0
3266.1,15.55,-1.097,-0.001463,14180.0
3266.15,15.58,-0.882,0.0606,14200.0
3266.2,15.62,-0.6672,0.1227,14210.0
3266.25,15.37,-0.4719,0.006707,14220.0
3266.3,15.12,-0.2767,-0.1093,14210.0
3266.35,15.22,-0.4693,-0.1089,14200.0
3266.4,15.31,-0.662,-0.1085,14180.0
3266.45,15.25,-0.6688,-0.1162,14170.0
3266.5,15.19,-0.6755,-0.1239,14160.0
3266.55,15.07,-0.5663,-0.01622,14160.0
3266.6,14.95,-0.457,0.09145,14160.0
3266.65,14.93,-0.3871,0.03756,14160.0
3266.7,14.92,-0.3173,-0.01634,14160.0
3266.75,14.85,-0.1208,-0.08011,14160.0
3266.8,14.78,0.07564,-0.1439,14170.0
3266.85,14.7,0.08897,-0.1441,14180.0
3266.9,14.63,0.1023,-0.1444,14190.0
3266.95,14.48,-0.09216,-0.3051,14200.0
3267.0,14.32,-0.2866,-0.4658,14210.0
3267.05,14.31,-0.2279,-0.4135,14200.0
3267.1,14.3,-0.1692,-0.3612,14190.0
3267.15,14.25,0.07623,-0.4606,14180.0
3267.2,14.19,0.3217,-0.5599,14170.0
3267.25,14.2,0.2769,-0.6293,14170.0
3267.3,14.21,0.2321,-0.6987,14150.0
3267.35,14.13,0.1479,-0.8165,14140.0
3267.4,14.06,0.06369,-0.9343,14120.0
3267.45,13.98,-0.01433,-1.034,14100.0
3267.5,13.91,-0.09236,-1.133,14100.0
3267.55,13.88,0.03105,-0.8369,14100.0
3267.6,13.86,0.1545,-0.5407,14120.0
3267.65,13.93,-0.09176,-0.803,14150.0
3267.7,14.0,-0.338,-1.065,14180.0
3267.75,14.15,-0.3006,-0.9631,14190.0
3267.8,14.31,-0.2631,-0.8609,14180.0
3267.85,14.32,-0.2773,-0.6318,14130.0
3267.9,14.32,-0.2914,-0.4026,14080.0
3267.95,14.29,-0.2054,-0.4337,14030.0
3268.0,14.25,-0.1194,-0.4648,13990.0
3268.05,14.29,-0.2102,-0.4462,13960.0
3268.1,14.32,-0.301,-0.4275,13950.0
3268.15,14.44,-0.3523,-0.3985,13970.0
3268.2,14.56,-0.4037,-0.3695,14000.0
3268.25,14.52,-0.2603,-0.08767,14040.0
3268.3,14.48,-0.117,0.1941,14070.0
3268.35,14.52,0.01672,0.1568,14080.0
3268.4,14.56,0.1505,0.1195,14080.0
3268.45,14.43,-0.01911,0.151,14060.0
3268.5,14.29,-0.1887,0.1824,14000.0
3268.55,14.4,-0.1001,0.3007,13950.0
3268.6,14.52,-0.01154,0.419,13910.0
3268.65,14.52,0.1031,0.4906,13890.0
3268.7,14.53,0.2178,0.5621,13890.0
3268.75,14.43,0.1634,0.2313,13910.0
3268.8,14.33,0.1091,-0.0995,13940.0
3268.85,14.25,0.09932,0.0211,13990.0
3268.9,14.17,0.08957,0.1417,14030.0
3268.95,14.26,0.2418,0.1196,14040.0
3269.0,14.34,0.3941,0.09755,14010.0
3269.05,14.2,0.3702,0.07609,13980.0
3269.1,14.06,0.3463,0.05463,13940.0
3269.15,14.04,0.452,0.2919,13900.0
3269.2,14.02,0.5577,0.5292,13860.0
3269.25,13.9,0.4198,0.4063,13860.0
3269.3,13.78,0.2818,0.2834,13900.0
3269.35,13.88,0.339,0.1624,13950.0
3269.4,13.98,0.3961,0.04146,13980.0
3269.45,13.96,0.5034,-0.06597,13990.0
3269.5,13.93,0.6107,-0.1734,13980.0
3269.55,13.97,0.4058,-0.2801,13950.0
3269.6,14.0,0.201,-0.3868,13930.0
3269.65,13.9,0.1656,-0.3358,13890.0
3269.7,13.8,0.1302,-0.2848,13880.0
3269.75,13.91,0.4064,-0.4267,13890.0
3269.8,14.02,0.6827,-0.5685,13920.0
3269.85,14.14,0.4902,-0.4614,13940.0
3269.9,14.26,0.2978,-0.3544,13950.0
3269.95,14.32,0.125,-0.08511,13950.0
3270.0,14.37,-0.04777,0.1841,13950.0
3270.05,14.2,0.1053,0.2286,13950.0
3270.1,14.03,0.2584,0.2731,13920.0
3270.15,14.12,0.3788,0.5084,13880.0
3270.2,14.21,0.4992,0.7436,13860.0
3270.25,14.14,0.4795,0.4261,13850.0
3270.3,14.06,0.4598,0.1085,13850.0
3270.35,13.98,0.3406,0.1988,13860.0
3270.4,13.89,0.2213,0.289,13880.0
3270.45,13.89,0.1401,0.3768,13900.0
3270.5,13.89,0.05892,0.4646,13930.0
3270.55,13.75,0.4238,0.4574,13920.0
3270.6,13.62,0.7886,0.4502,13880.0
3270.65,13.53,1.0,0.5398,13830.0
3270.7,13.45,1.211,0.6294,13790.0
3270.75,13.68,1.286,0.5971,13750.0
3270.8,13.91,1.361,0.5648,13720.0
3270.85,14.03,1.255,0.5114,13720.0
3270.9,14.14,1.148,0.458,13740.0
3270.95,14.06,0.9968,0.5306,13780.0
3271.0,13.98,0.8451,0.6031,13810.0
3271.05,13.87,0.6825,0.7311,13820.0
3271.1,13.75,0.5199,0.8592,13810.0
3271.15,13.58,0.6349,0.8109,13800.0
3271.2,13.41,0.75,0.7626,13790.0
3271.25,13.34,0.8117,0.6872,13760.0
3271.3,13.27,0.8734,0.6119,13720.0
3271.35,13.27,0.7068,0.7186,13680.0
3271.4,13.28,0.5402,0.8253,13660.0
3271.45,13.37,0.6057,0.8225,13660.0
3271.5,13.47,0.6712,0.8197,13660.0
3271.55,13.28,0.9048,0.8228,13670.0
3271.6,13.1,1.139,0.826,13700.0
3271.65,13.12,1.064,0.8688,13740.0
3271.7,13.14,0.99,0.9116,13770.0
3271.75,13.1,0.9644,0.7009,13760.0
3271.8,13.06,0.9387,0.4902,13730.0
3271.85,13.19,1.09,0.6151,13700.0
3271.9,13.31,1.242,0.7399,13670.0
3271.95,13.14,1.11,0.7541,13630.0
3272.0,12.97,0.9785,0.7682,13610.0
3272.05,13.17,0.8979,0.5434,13600.0
3272.1,13.37,0.8173,0.3185,13630.0
3272.15,13.36,0.9811,0.453,13670.0
3272.2,13.35,1.145,0.5875,13700.0
3272.25,13.35,1.071,0.4724,13700.0
3272.3,13.35,0.9964,0.3573,13680.0
3272.35,13.43,0.7472,0.4073,13670.0
3272.4,13.5,0.498,0.4573,13640.0
3272.45,13.35,0.5591,0.2698,13620.0
3272.5,13.21,0.6202,0.08243,13600.0
3272.55,13.27,0.6507,-0.003536,13610.0
3272.6,13.33,0.6811,-0.0895,13640.0
3272.65,13.42,0.6728,-0.04707,13660.0
3272.7,13.51,0.6644,-0.004634,13660.0
3272.75,13.64,0.4413,0.1625,13650.0
3272.8,13.76,0.2181,0.3297,13650.0
3272.85,13.69,0.09375,0.4376,13650.0
3272.9,13.61,-0.03065,0.5455,13650.0
3272.95,13.46,-0.0414,0.5369,13630.0
3273.0,13.31,-0.05215,0.5282,13620.0
3273.05,13.34,0.07365,0.6213,13610.0
3273.1,13.36,0.1994,0.7143,13600.0
3273.15,13.46,0.1803,0.6821,13590.0
3273.2,13.55,0.1612,0.6499,13590.0
3273.25,13.52,0.2195,0.7242,13600.0
3273.3,13.48,0.2779,0.7984,13630.0
3273.35,13.65,0.4289,0.6799,13650.0
3273.4,13.81,0.58,0.5614,13630.0
3273.45,13.85,0.661,0.4785,13590.0
3273.5,13.9,0.742,0.3956,13560.0
3273.55,13.91,0.6429,0.3802,13540.0
3273.6,13.93,0.5438,0.3648,13520.0
3273.65,14.11,0.5026,0.3865,13510.0
3273.7,14.29,0.4614,0.4082,13520.0
3273.75,14.23,0.3312,0.3939,13540.0
3273.8,14.18,0.201,0.3795,13560.0
3273.85,14.12,0.1186,0.2983,13570.0
3273.9,14.07,0.03623,0.217,13560.0
3273.95,14.07,0.07623,0.3212,13550.0
3274.0,14.07,0.1162,0.4253,13530.0
3274.05,13.99,0.1041,0.2336,13510.0
3274.1,13.9,0.09196,0.04195,13480.0
3274.15,14.13,0.1965,-0.1008,13460.0
3274.2,14.35,0.301,-0.2436,13450.0
3274.25,14.34,0.3057,-0.01622,13460.0
3274.3,14.34,0.3105,0.2112,13470.0
3274.35,14.48,0.2402,0.00317,13490.0
3274.4,14.62,0.17,-0.2049,13510.0
3274.45,14.7,0.04459,-0.4007,13530.0
3274.5,14.79,-0.08081,-0.5965,13540.0
3274.55,14.79,-0.09375,-0.5883,13540.0
3274.6,14.79,-0.1067,-0.5802,13510.0
3274.65,14.63,-0.2482,-0.574,13490.0
3274.7,14.48,-0.3897,-0.5677,13470.0
3274.75,14.52,-0.4333,-0.6158,13460.0
3274.8,14.57,-0.4769,-0.6638,13450.0
3274.85,14.73,-0.3302,-0.4432,13460.0
3274.9,14.89,-0.1835,-0.2227,13480.0
3274.95,14.76,-0.2691,-0.2856,13510.0
3275.0,14.63,-0.3547,-0.3485,13540.0
3275.05,14.54,-0.4009,-0.2807,13560.0
3275.1,14.44,-0.447,-0.2129,13560.0
3275.15,14.51,-0.336,-0.1523,13540.0
3275.2,14.59,-0.2249,-0.0917,13520.0
3275.25,14.59,-0.3822,0.0008536,13490.0
3275.3,14.58,-0.5394,0.0934,13480.0
3275.35,14.74,-0.4064,0.0617,13470.0
3275.4,14.89,-0.2735,0.03,13490.0
3275.45,14.86,-0.3589,0.279,13520.0
3275.5,14.84,-0.4443,0.528,13550.0
3275.55,14.76,-0.5376,0.5781,13570.0
3275.6,14.67,-0.631,0.6282,13580.0
3275.65,14.58,-0.6552,0.4425,13580.0
3275.7,14.48,-0.6795,0.2568,13570.0
3275.75,14.67,-0.4687,0.3298,13560.0
3275.8,14.86,-0.258,0.4029,13550.0
3275.85,14.88,0.06449,0.3156,13550.0
3275.9,14.89,0.3869,0.2283,13550.0
3275.95,14.82,0.2751,0.3706,13550.0
3276.0,14.74,0.1632,0.5129,13550.0
3276.05,14.71,-0.03523,0.4225,13540.0
3276.1,14.68,-0.2337,0.3322,13540.0
3276.15,14.56,-0.3802,0.3751,13530.0
3276.2,14.45,-0.5267,0.418,13530.0
3276.25,14.38,-0.3055,0.378,13540.0
3276.3,14.32,-0.08439,0.338,13540.0
3276.35,14.29,-0.1791,0.2636,13530.0
3276.4,14.26,-0.2739,0.1892,13520.0
3276.45,14.31,-0.2645,0.2972,13500.0
3276.5,14.37,-0.2552,0.4051,13500.0
3276.55,14.32,-0.1831,0.3834,13500.0
3276.6,14.27,-0.1111,0.3617,13500.0
3276.65,14.26,-0.3961,0.3913,13500.0
3276.7,14.25,-0.6811,0.4209,13480.0
3276.75,14.22,-0.6248,0.3852,13450.0
3276.8,14.19,-0.5685,0.3495,13420.0
3276.85,14.24,-0.3103,0.3195,13390.0
3276.9,14.3,-0.05215,0.2895,13360.0
3276.95,14.26,-0.07942,0.3439,13360.0
3277.0,14.21,-0.1067,0.3982,13370.0
3277.05,14.17,-0.3513,0.2014,13400.0
3277.1,14.13,-0.5959,0.004634,13420.0
3277.15,14.28,-0.5983,0.02744,13430.0
3277.2,14.43,-0.6007,0.05024,13430.0
3277.25,14.34,-0.489,0.255,13410.0
3277.3,14.26,-0.3774,0.4597,13380.0
3277.35,14.2,-0.3523,0.6009,13350.0
3277.4,14.15,-0.3272,0.7421,13320.0
3277.45,14.09,-0.1871,0.8684,13310.0
3277.5,14.03,-0.04697,0.9948,13310.0
3277.55,13.83,-0.1005,1.265,13320.0
3277.6,13.63,-0.1541,1.536,13350.0
3277.65,13.6,-0.2822,1.319,13380.0
3277.7,13.56,-0.4104,1.102,13400.0
3277.75,13.53,-0.3652,1.111,13410.0
3277.8,13.49,-0.3201,1.12,13410.0
3277.85,13.55,-0.3276,1.152,13400.0
3277.9,13.62,-0.3352,1.183,13380.0
3277.95,13.78,-0.2594,1.078,13360.0
3278.0,13.94,-0.1835,0.9726,13360.0
3278.05,13.88,-0.2962,0.8949,13360.0
3278.1,13.82,-0.4088,0.8172,13370.0
3278.15,13.9,-0.4853,0.8033,13380.0
3278.2,13.97,-0.5617,0.7894,13400.0
3278.25,14.08,-0.5846,0.8831,13410.0
3278.3,14.19,-0.6075,0.9767,13430.0
3278.35,14.21,-0.6839,1.14,13440.0
3278.4,14.24,-0.7603,1.302,13440.0
3278.45,14.32,-0.9793,1.216,13430.0
3278.5,14.4,-1.198,1.13,13410.0
3278.55,14.31,-1.07,1.077,13390.0
3278.6,14.22,-0.9419,1.025,13370.0
3278.65,14.22,-0.6258,0.9234,13370.0
3278.7,14.22,-0.3097,0.8219,13390.0
3278.75,14.19,-0.2633,0.8782,13410.0
3278.8,14.15,-0.217,0.9345,13430.0
3278.85,14.27,-0.3211,0.8495,13450.0
3278.9,14.39,-0.4252,0.7645,13450.0
3278.95,14.41,-0.3473,0.7678,13430.0
3279.0,14.44,-0.2695,0.7711,13390.0
3279.05,14.3,-0.4618,0.5907,13350.0
3279.1,14.16,-0.6541,0.4102,13310.0
3279.15,14.04,-0.6128,0.4264,13290.0
3279.2,13.91,-0.5716,0.4426,13290.0
3279.25,13.91,-0.7822,0.2519,13310.0
3279.3,13.9,-0.9928,0.06121,13320.0
3279.35,13.83,-0.7661,0.0328,13330.0
3279.4,13.76,-0.5394,0.00439,13340.0
3279.45,13.66,-0.5376,-0.1219,13340.0
3279.5,13.57,-0.5358,-0.2483,13330.0
3279.55,13.73,-0.5364,-0.03329,13300.0
3279.6,13.89,-0.537,0.1817,13280.0
3279.65,13.87,-0.4126,0.1232,13260.0
3279.7,13.85,-0.2882,0.06463,13230.0
3279.75,13.75,-0.09833,0.08462,13200.0
3279.8,13.66,0.09156,0.1046,13170.0
3279.85,13.72,-0.07166,-0.02853,13170.0
3279.9,13.79,-0.2349,-0.1617,13190.0
3279.95,13.7,-0.2617,-0.2638,13210.0
3280.0,13.61,-0.2886,-0.3658,13230.0
3280.05,13.5,-0.2669,-0.3417,13240.0
3280.1,13.39,-0.2452,-0.3175,13260.0
3280.15,13.37,-0.2592,-0.2659,13270.0
3280.2,13.36,-0.2731,-0.2144,13270.0
3280.25,13.36,-0.09972,-0.07121,13260.0
3280.3,13.37,0.07365,0.07194,13250.0
3280.35,13.42,0.01971,0.07914,13240.0
3280.4,13.46,-0.03424,0.08633,13220.0
3280.45,13.55,0.03483,-0.01549,13200.0
3280.5,13.63,0.1039,-0.1173,13190.0
3280.55,13.71,0.2691,0.04914,13200.0
3280.6,13.79,0.4343,0.2156,13230.0
3280.65,13.67,0.4992,0.1356,13270.0
3280.7,13.55,0.5641,0.0556,13300.0
3280.75,13.43,0.5533,0.05365,13340.0
3280.8,13.32,0.5426,0.0517,13360.0
3280.85,13.49,0.5898,-0.1869,13360.0
3280.9,13.65,0.6369,-0.4256,13340.0
3280.95,13.53,0.424,-0.3774,13310.0
3281.0,13.4,0.211,-0.3292,13280.0
3281.05,13.4,-0.1242,-0.4793,13260.0
3281.1,13.4,-0.4594,-0.6294,13260.0
3281.15,13.34,-0.3519,-0.6524,13280.0
3281.2,13.27,-0.2444,-0.6753,13310.0
3281.25,13.36,-0.3786,-0.546,13340.0
3281.3,13.44,-0.5127,-0.4168,13380.0
3281.35,13.43,-0.3625,-0.2973,13400.0
3281.4,13.41,-0.2122,-0.1778,13390.0
3281.45,13.35,-0.2504,-0.176,13370.0
3281.5,13.29,-0.2886,-0.1741,13350.0
3281.55,13.3,-0.3873,-0.1318,13320.0
3281.6,13.31,-0.4861,-0.0895,13300.0
3281.65,13.26,-0.326,-0.1324,13290.0
3281.7,13.22,-0.166,-0.1753,13290.0
3281.75,13.15,-0.3302,-0.2101,13310.0
3281.8,13.09,-0.4944,-0.2449,13330.0
3281.85,13.13,-0.6212,-0.2435,13350.0
3281.9,13.17,-0.748,-0.2422,13350.0
3281.95,13.44,-0.5428,-0.224,13350.0
3282.0,13.7,-0.3376,-0.2058,13340.0
3282.05,13.65,-0.4172,-0.1177,13310.0
3282.1,13.59,-0.4968,-0.02951,13290.0
3282.15,13.54,-0.3836,0.1184,13260.0
3282.2,13.49,-0.2703,0.2663,13250.0
3282.25,13.37,-0.1009,0.2783,13250.0
3282.3,13.25,0.06847,0.2902,13250.0
3282.35,13.25,0.02369,0.3441,13250.0
3282.4,13.26,-0.0211,0.398,13270.0
3282.45,12.93,0.07504,0.3542,13290.0
3282.5,12.61,0.1712,0.3105,13300.0
3282.55,12.42,0.2671,0.1204,13290.0
3282.6,12.23,0.3631,-0.06975,13280.0
3282.65,12.19,0.3845,0.01866,13260.0
3282.7,12.14,0.406,0.1071,13240.0
3282.75,12.2,0.252,0.06463,13230.0
3282.8,12.26,0.09793,0.02219,13220.0
3282.85,12.26,0.2737,-0.04402,13230.0
3282.9,12.27,0.4494,-0.1102,13260.0
3282.95,12.36,0.6716,-0.1796,13290.0
3283.0,12.45,0.8937,-0.249,13310.0
3283.05,12.46,0.743,-0.2409,13310.0
3283.1,12.48,0.5923,-0.2329,13310.0
3283.15,12.57,0.3609,-0.2,13310.0
3283.2,12.66,0.1294,-0.1671,13300.0
3283.25,12.87,0.2946,-0.1185,13290.0
3283.3,13.07,0.4598,-0.06999,13290.0
3283.35,12.97,0.6546,-0.2822,13300.0
3283.4,12.87,0.8495,-0.4943,13320.0
3283.45,12.91,0.9401,-0.6516,13350.0
3283.5,12.96,1.031,-0.8089,13370.0
3283.55,12.98,1.237,-0.4993,13380.0
3283.6,13.0,1.444,-0.1897,13380.0
3283.65,12.97,1.564,-0.2101,13370.0
3283.7,12.93,1.684,-0.2305,13350.0
3283.75,12.96,1.599,-0.2389,13340.0
3283.8,13.0,1.513,-0.2473,13340.0
3283.85,13.32,1.603,-0.3479,13360.0
3283.9,13.64,1.693,-0.4485,13390.0
3283.95,13.73,1.561,-0.3159,13410.0
3284.0,13.81,1.429,-0.1834,13420.0
3284.05,13.8,1.438,0.02914,13410.0
3284.1,13.79,1.448,0.2417,13400.0
3284.15,13.85,1.528,0.1206,13390.0
3284.2,13.91,1.607,-0.0004877,13380.0
3284.25,14.0,1.445,0.1803,13370.0
3284.3,14.09,1.282,0.3612,13370.0
3284.35,14.28,1.14,0.4123,13390.0
3284.4,14.47,0.998,0.4634,13400.0
3284.45,14.57,1.1,0.3279,13400.0
3284.5,14.67,1.201,0.1924,13390.0
3284.55,14.65,1.444,0.3501,13390.0
3284.6,14.64,1.687,0.5077,13380.0
3284.65,14.51,1.572,0.4786,13380.0
3284.7,14.38,1.458,0.4495,13370.0
3284.75,14.29,1.391,0.4613,13360.0
3284.8,14.19,1.323,0.4731,13370.0
3284.85,14.13,1.406,0.5443,13360.0
3284.9,14.07,1.489,0.6155,13350.0
3284.95,13.91,1.614,0.6652,13330.0
3285.0,13.76,1.74,0.7148,13330.0
3285.05,13.69,1.848,0.4665,13340.0
3285.1,13.62,1.956,0.2183,13360.0
3285.15,13.55,1.917,0.1983,13360.0
3285.2,13.48,1.878,0.1783,13360.0
3285.25,13.56,1.966,0.04573,13360.0
3285.3,13.65,2.054,-0.08682,13370.0
3285.35,13.82,1.924,-0.1144,13360.0
3285.4,13.99,1.793,-0.1419,13340.0
3285.45,14.18,1.641,0.04036,13330.0
3285.5,14.37,1.488,0.2227,13340.0
3285.55,14.39,1.662,0.1482,13350.0
3285.6,14.41,1.835,0.07365,13350.0
3285.65,14.44,2.021,0.05268,13330.0
3285.7,14.46,2.207,0.0317,13330.0
3285.75,14.4,2.09,0.02512,13340.0
3285.8,14.33,1.972,0.01853,13360.0
3285.85,14.54,2.033,0.1794,13370.0
3285.9,14.75,2.093,0.3402,13370.0
3285.95,14.97,2.233,0.2042,13390.0
3286.0,15.19,2.373,0.06829,13410.0
3286.05,15.35,2.388,0.08694,13410.0
3286.1,15.5,2.404,0.1056,13400.0
3286.15,15.57,2.278,0.05121,13390.0
3286.2,15.63,2.151,-0.00317,13390.0
3286.25,15.64,2.23,-0.205,13400.0
3286.3,15.64,2.309,-0.4068,13410.0
3286.35,15.55,2.169,-0.4284,13420.0
3286.4,15.45,2.028,-0.45,13440.0
3286.45,15.43,1.987,-0.2879,13480.0
3286.5,15.41,1.946,-0.1258,13500.0
3286.55,15.31,1.99,-0.08645,13510.0
3286.6,15.2,2.033,-0.04707,13500.0
3286.65,15.09,2.009,0.002561,13490.0
3286.7,14.98,1.985,0.05219,13490.0
3286.75,15.01,2.049,0.1262,13500.0
3286.8,15.03,2.113,0.2002,13500.0
3286.85,15.11,1.922,-0.03695,13510.0
3286.9,15.19,1.73,-0.2741,13530.0
3286.95,15.13,1.757,-0.1764,13540.0
3287.0,15.06,1.783,-0.07877,13540.0
3287.05,15.19,1.954,-0.1082,13530.0
3287.1,15.33,2.124,-0.1375,13520.0
3287.15,15.31,2.013,-0.09243,13520.0
3287.2,15.3,1.902,-0.04731,13530.0
3287.25,15.19,1.972,0.07792,13530.0
3287.3,15.08,2.042,0.2031,13530.0
3287.35,15.18,1.908,0.2339,13530.0
3287.4,15.28,1.773,0.2646,13530.0
3287.45,15.33,1.613,0.1174,13520.0
3287.5,15.38,1.452,-0.02975,13500.0
3287.55,15.38,1.551,0.1769,13490.0
3287.6,15.39,1.651,0.3836,13500.0
3287.65,15.39,1.647,0.4888,13520.0
3287.7,15.38,1.642,0.5941,13530.0
3287.75,15.27,1.368,0.5915,13530.0
3287.8,15.16,1.094,0.589,13520.0
3287.85,15.26,0.9673,0.6265,13520.0
3287.9,15.35,0.8404,0.6641,13510.0
3287.95,15.23,0.8137,0.4264,13490.0
3288.0,15.1,0.787,0.1888,13470.0
3288.05,15.22,0.8999,0.36,13460.0
3288.1,15.35,1.013,0.5312,13470.0
3288.15,15.38,0.8553,0.533,13470.0
3288.2,15.4,0.6978,0.5348,13470.0
3288.25,15.44,0.7872,0.5087,13470.0
3288.3,15.47,0.8766,0.4826,13480.0
3288.35,15.43,1.019,0.4379,13490.0
3288.4,15.39,1.162,0.3931,13490.0
3288.45,15.31,1.015,0.5293,13490.0
3288.5,15.24,0.8678,0.6655,13480.0
3288.55,15.18,0.668,0.5932,13480.0
3288.6,15.13,0.4681,0.5209,13470.0
3288.65,15.01,0.5623,0.4626,13460.0
3288.7,14.88,0.6564,0.4043,13440.0
3288.75,14.93,0.5332,0.4346,13420.0
3288.8,14.98,0.41,0.4648,13430.0
3288.85,15.04,0.4023,0.3358,13450.0
3288.9,15.11,0.3945,0.2068,13470.0
3288.95,15.03,0.4476,0.1478,13500.0
3289.0,14.95,0.5008,0.08877,13530.0
3289.05,15.01,0.6827,0.135,13550.0
3289.1,15.06,0.8646,0.1812,13560.0
3289.15,14.95,0.9297,0.1119,13540.0
3289.2,14.83,0.9948,0.04268,13510.0
3289.25,14.72,0.908,0.1288,13490.0
3289.3,14.61,0.8212,0.2149,13480.0
3289.35,14.42,0.7402,0.1547,13480.0
3289.4,14.22,0.6592,0.09462,13500.0
3289.45,14.25,0.5814,0.02451,13530.0
3289.5,14.28,0.5036,-0.0456,13570.0
3289.55,14.39,0.5647,-0.05231,13600.0
3289.6,14.5,0.6258,-0.05902,13620.0
3289.65,14.59,0.662,0.009755,13610.0
3289.7,14.67,0.6982,0.07853,13590.0
3289.75,14.66,0.6401,0.02853,13580.0
3289.8,14.66,0.582,-0.02146,13560.0
3289.85,14.59,0.3832,-0.08767,13550.0
3289.9,14.52,0.1843,-0.1539,13540.0
3289.95,14.49,0.4361,-0.09365,13550.0
3290.0,14.46,0.6879,-0.03341,13570.0
3290.05,14.36,0.7779,0.1496,13580.0
3290.1,14.26,0.8678,0.3326,13580.0
3290.15,14.18,0.7615,0.4048,13560.0
3290.2,14.1,0.6552,0.477,13560.0
3290.25,14.08,0.7166,0.4426,13560.0
3290.3,14.06,0.7779,0.4082,13550.0
3290.35,14.06,0.6668,0.4748,13540.0
3290.4,14.07,0.5557,0.5414,13540.0
3290.45,14.0,0.3366,0.4799,13560.0
3290.5,13.93,0.1174,0.4185,13570.0
3290.55,13.94,-0.1015,0.3497,13580.0
3290.6,13.95,-0.3205,0.2809,13580.0
3290.65,13.77,-0.4707,0.1185,13570.0
3290.7,13.59,-0.621,-0.0439,13560.0
3290.75,13.51,-0.4962,0.09743,13530.0
3290.8,13.44,-0.3714,0.2388,13500.0
3290.85,13.45,-0.507,-0.006585,13470.0
3290.9,13.45,-0.6425,-0.2519,13460.0
3290.95,13.43,-0.6083,-0.3375,13470.0
3291.0,13.4,-0.574,-0.4231,13490.0
3291.05,13.23,-0.3262,-0.2874,13510.0
3291.1,13.07,-0.07842,-0.1517,13540.0
3291.15,12.92,0.01672,0.26,13560.0
3291.2,12.78,0.1119,0.6716,13570.0
3291.25,12.84,0.3356,0.527,13550.0
3291.3,12.9,0.5593,0.3824,13520.0
3291.35,13.0,0.406,0.3523,13480.0
3291.4,13.09,0.2528,0.3222,13440.0
3291.45,13.11,0.1984,0.3561,13410.0
3291.5,13.12,0.1441,0.39,13380.0
3291.55,13.32,0.1381,0.3181,13380.0
3291.6,13.52,0.1322,0.2463,13400.0
3291.65,13.5,0.0207,0.3012,13430.0
3291.7,13.48,-0.09076,0.3561,13460.0
3291.75,13.62,0.01752,0.3902,13500.0
3291.8,13.77,0.1258,0.4243,13530.0
3291.85,13.85,-0.1152,0.3234,13550.0
3291.9,13.93,-0.3563,0.2224,13550.0
3291.95,13.84,-0.4606,0.1029,13520.0
3292.0,13.75,-0.5649,-0.01658,13480.0
3292.05,13.81,-0.6182,-0.09194,13430.0
3292.1,13.87,-0.6716,-0.1673,13390.0
3292.15,13.83,-0.5195,-0.156,13380.0
3292.2,13.78,-0.3674,-0.1446,13390.0
3292.25,13.86,-0.497,0.02744,13450.0
3292.3,13.94,-0.6266,0.1995,13520.0
3292.35,13.86,-0.4851,0.2214,13580.0
3292.4,13.78,-0.3435,0.2434,13630.0
3292.45,13.84,-0.3563,0.3898,13640.0
3292.5,13.9,-0.369,0.5363,13610.0
3292.55,13.74,-0.3246,0.4817,13570.0
3292.6,13.59,-0.2803,0.427,13520.0
3292.65,13.47,-0.1059,0.4439,13480.0
3292.7,13.35,0.06847,0.4607,13470.0
3292.75,13.59,0.04777,0.5827,13480.0
3292.8,13.82,0.02707,0.7048,13520.0
3292.85,14.0,-0.2269,0.5488,13570.0
3292.9,14.19,-0.4809,0.3929,13620.0
3292.95,14.26,-0.5876,0.4284,13640.0
3293.0,14.33,-0.6943,0.4639,13640.0
3293.05,14.08,-0.7599,0.643,13620.0
3293.1,13.83,-0.8256,0.8221,13600.0
3293.15,13.84,-0.5432,0.6816,13570.0
3293.2,13.86,-0.2607,0.5412,13550.0
3293.25,13.98,-0.4335,0.3974,13540.0
3293.3,14.1,-0.6063,0.2536,13550.0
3293.35,14.15,-0.9003,0.2814,13570.0
3293.4,14.21,-1.194,0.3092,13590.0
3293.45,13.97,-0.9333,0.3375,13610.0
3293.5,13.72,-0.6724,0.3658,13610.0
3293.55,13.71,-0.535,0.5242,13600.0
3293.6,13.69,-0.3977,0.6826,13570.0
3293.65,13.7,-0.4267,0.5935,13550.0
3293.7,13.7,-0.4558,0.5043,13520.0
3293.75,13.82,-0.4769,0.484,13500.0
3293.8,13.93,-0.498,0.4636,13500.0
3293.85,13.83,-0.4345,0.523,13510.0
3293.9,13.72,-0.371,0.5824,13530.0
3293.95,13.81,-0.4689,0.6947,13530.0
3294.0,13.9,-0.5669,0.807,13530.0
3294.05,13.91,-0.5183,0.7836,13520.0
3294.1,13.91,-0.4697,0.7602,13500.0
3294.15,13.82,-0.322,0.8932,13490.0
3294.2,13.73,-0.1744,1.026,13470.0
3294.25,13.8,-0.1875,0.6235,13440.0
3294.3,13.87,-0.2006,0.2207,13430.0
3294.35,13.75,-0.2148,0.0706,13410.0
3294.4,13.62,-0.2289,-0.0795,13400.0
3294.45,13.59,-0.1344,-0.007926,13400.0
3294.5,13.56,-0.03981,0.06365,13410.0
3294.55,13.47,-0.257,-0.03231,13430.0
3294.6,13.38,-0.4741,-0.1283,13460.0
3294.65,13.41,-0.3019,-0.1928,13470.0
3294.7,13.43,-0.1298,-0.2573,13470.0
3294.75,13.29,-0.1712,-0.2261,13450.0
3294.8,13.16,-0.2126,-0.1949,13430.0
3294.85,13.1,-0.2104,-0.2508,13400.0
3294.9,13.05,-0.2082,-0.3068,13370.0
3294.95,13.13,-0.2516,-0.3164,13350.0
3295.0,13.21,-0.295,-0.3261,13350.0
3295.05,13.06,-0.3368,-0.2201,13380.0
3295.1,12.9,-0.3786,-0.1141,13410.0
3295.15,12.94,-0.3708,-0.2998,13450.0
3295.2,12.98,-0.3631,-0.4856,13470.0
3295.25,13.15,-0.3551,-0.5501,13480.0
3295.3,13.33,-0.3471,-0.6146,13480.0
3295.35,13.41,-0.2502,-0.5495,13470.0
3295.4,13.48,-0.1533,-0.4843,13450.0
3295.45,13.56,0.01891,-0.4212,13420.0
3295.5,13.63,0.1911,-0.358,13400.0
3295.55,13.69,-0.0824,-0.3119,13400.0
3295.6,13.75,-0.3559,-0.2658,13420.0
3295.65,13.83,-0.3133,-0.2031,13440.0
3295.7,13.92,-0.2707,-0.1405,13470.0
3295.75,13.7,-0.1411,-0.08609,13500.0
3295.8,13.48,-0.01154,-0.0317,13520.0
3295.85,13.47,-0.2584,0.1619,13530.0
3295.9,13.45,-0.5052,0.3556,13520.0
3295.95,13.34,-0.6383,0.2218,13500.0
3296.0,13.23,-0.7715,0.08804,13490.0
3296.05,13.12,-0.625,0.03622,13480.0
3296.1,13.0,-0.4785,-0.01561,13470.0
3296.15,13.08,-0.461,0.1084,13480.0
3296.2,13.17,-0.4435,0.2324,13490.0
3296.25,13.19,-0.2607,0.314,13510.0
3296.3,13.2,-0.07802,0.3956,13510.0
3296.35,13.19,-0.1238,0.3897,13510.0
3296.4,13.18,-0.1696,0.3839,13510.0
3296.45,13.01,-0.1091,0.1694,13520.0
3296.5,12.84,-0.04857,-0.04512,13510.0
3296.55,12.66,-0.2337,0.04146,13500.0
3296.6,12.48,-0.4188,0.128,13480.0
3296.65,12.51,-0.5404,0.1753,13460.0
3296.7,12.54,-0.662,0.2227,13450.0
3296.75,12.49,-0.5693,0.3148,13440.0
3296.8,12.44,-0.4765,0.407,13440.0
3296.85,12.6,-0.455,0.4351,13450.0
3296.9,12.76,-0.4335,0.4631,13460.0
3296.95,12.82,-0.4132,0.5474,13450.0
3297.0,12.89,-0.3929,0.6316,13440.0
3297.05,12.94,-0.2281,0.7436,13420.0
3297.1,13.0,-0.0633,0.8555,13400.0
3297.15,13.03,-0.1192,0.8297,13390.0
3297.2,13.06,-0.1752,0.8038,13380.0
3297.25,13.03,-0.07086,0.9108,13390.0
3297.3,13.0,0.03344,1.018,13400.0
3297.35,13.14,-0.09415,0.9031,13410.0
3297.4,13.27,-0.2217,0.7884,13410.0
3297.45,13.39,-0.4029,0.7083,13400.0
3297.5,13.51,-0.584,0.6282,13390.0
3297.55,13.44,-0.7496,0.7975,13380.0
3297.6,13.37,-0.9152,0.9667,13380.0
3297.65,13.41,-0.9584,0.6281,13360.0
3297.7,13.46,-1.002,0.2895,13340.0
3297.75,13.42,-0.6592,0.3322,13320.0
3297.8,13.38,-0.3169,0.3748,13320.0
3297.85,13.3,-0.1091,0.3233,13320.0
3297.9,13.22,0.09872,0.2717,13320.0
3297.95,13.23,-0.05832,0.3737,13330.0
3298.0,13.24,-0.2154,0.4758,13360.0
3298.05,13.32,-0.241,0.481,13380.0
3298.1,13.39,-0.2667,0.4863,13370.0
3298.15,13.43,-0.1264,0.5762,13350.0
3298.2,13.47,0.01393,0.666,13320.0
3298.25,13.48,-0.08141,0.6043,13300.0
3298.3,13.49,-0.1767,0.5426,13280.0
3298.35,13.47,-0.3762,0.3685,13260.0
3298.4,13.44,-0.5756,0.1944,13240.0
3298.45,13.54,-0.5314,0.3078,13250.0
3298.5,13.63,-0.4873,0.4212,13280.0
3298.55,13.81,-0.3847,0.4723,13300.0
3298.6,14.0,-0.2822,0.5234,13310.0
3298.65,13.99,-0.2733,0.6207,13320.0
3298.7,13.98,-0.2643,0.718,13340.0
3298.75,13.69,-0.3258,0.7042,13360.0
3298.8,13.4,-0.3873,0.6904,13350.0
3298.85,13.44,-0.5036,0.5658,13310.0
3298.9,13.48,-0.6198,0.4412,13280.0
3298.95,13.35,-0.5701,0.5904,13270.0
3299.0,13.22,-0.5203,0.7397,13270.0
3299.05,13.43,-0.3553,0.649,13270.0
3299.1,13.65,-0.1903,0.5582,13290.0
3299.15,13.66,-0.0834,0.4523,13330.0
3299.2,13.67,0.02349,0.3463,13370.0
3299.25,13.68,0.166,0.2917,13390.0
3299.3,13.68,0.3085,0.237,13380.0
3299.35,13.79,0.2265,0.1378,13360.0
3299.4,13.9,0.1445,0.03853,13360.0
3299.45,13.91,0.126,-0.06499,13360.0
3299.5,13.91,0.1075,-0.1685,13360.0
3299.55,13.99,0.03443,-0.1543,13360.0
3299.6,14.06,-0.03861,-0.14,13380.0
3299.65,14.15,-0.1485,-0.0528,13400.0
3299.7,14.24,-0.2584,0.03439,13410.0
3299.75,14.32,-0.4992,0.0506,13400.0
3299.8,14.4,-0.74,0.06682,13370.0
3299.85,14.27,-0.7908,0.1664,13350.0
3299.9,14.14,-0.8415,0.2661,13340.0
3299.95,14.21,-0.6835,0.3737,13340.0
3300.0,14.28,-0.5255,0.4814,13350.0
3300.05,14.32,-0.4319,0.5351,13370.0
3300.1,14.37,-0.3384,0.5887,13420.0
3300.15,14.53,-0.3318,0.6424,13470.0
3300.2,14.7,-0.3252,0.696,13510.0
3300.25,14.73,-0.3961,0.4762,13520.0
3300.3,14.76,-0.467,0.2563,13500.0
3300.35,14.94,-0.3832,0.1118,13470.0
3300.4,15.12,-0.2994,-0.03268,13420.0
3300.45,15.02,-0.06787,-0.04378,13370.0
3300.5,14.92,0.1636,-0.05487,13340.0
3300.55,14.97,0.2653,0.04097,13340.0
3300.6,15.02,0.367,0.1368,13360.0
3300.65,14.95,0.3449,0.208,13410.0
3300.7,14.88,0.3228,0.2792,13470.0
3300.75,14.99,0.2601,0.4934,13510.0
3300.8,15.09,0.1974,0.7075,13550.0
3300.85,15.08,0.2546,0.815,13560.0
3300.9,15.07,0.3117,0.9226,13550.0
3300.95,15.26,0.3676,0.892,13520.0
3301.0,15.44,0.4236,0.8614,13470.0
3301.05,15.49,0.2904,0.7467,13430.0
3301.1,15.54,0.1572,0.6321,13390.0
3301.15,15.56,0.3097,0.5866,13390.0
3301.2,15.58,0.4622,0.5412,13400.0
3301.25,15.46,0.5643,0.4629,13430.0
3301.3,15.35,0.6664,0.3846,13470.0
3301.35,15.31,0.4697,0.3146,13500.0
3301.4,15.27,0.2731,0.2446,13520.0
3301.45,15.47,0.3324,0.2459,13510.0
3301.5,15.66,0.3917,0.2473,13490.0
3301.55,15.92,0.3997,0.4491,13470.0
3301.6,16.18,0.4076,0.6509,13450.0
3301.65,16.2,0.6031,0.6599,13450.0
3301.7,16.22,0.7986,0.669,13460.0
3301.75,15.99,0.5961,0.651,13480.0
3301.8,15.76,0.3937,0.6331,13490.0
3301.85,15.66,0.5521,0.7786,13490.0
3301.9,15.56,0.7106,0.924,13480.0
3301.95,15.52,0.709,0.8888,13450.0
3302.0,15.47,0.7074,0.8536,13420.0
3302.05,15.38,0.8413,0.747,13410.0
3302.1,15.29,0.9753,0.6404,13410.0
3302.15,15.28,0.8304,0.5545,13430.0
3302.2,15.27,0.6855,0.4685,13450.0
3302.25,15.38,0.7022,0.2635,13470.0
3302.3,15.48,0.7189,0.05853,13490.0
3302.35,15.64,0.6361,0.1301,13500.0
3302.4,15.8,0.5533,0.2017,13510.0
3302.45,15.5,0.4679,0.2507,13500.0
3302.5,15.19,0.3826,0.2997,13490.0
3302.55,15.17,0.3664,0.2745,13470.0
3302.6,15.15,0.3503,0.2492,13450.0
3302.65,15.28,0.2152,0.4348,13430.0
3302.7,15.41,0.08001,0.6204,13410.0
3302.75,15.27,0.1443,0.6399,13400.0
3302.8,15.13,0.2086,0.6594,13400.0
3302.85,14.9,0.1684,0.8,13420.0
3302.9,14.66,0.1282,0.9406,13450.0
3302.95,14.48,-0.008161,0.8426,13480.0
3303.0,14.31,-0.1445,0.7446,13520.0
3303.05,14.15,0.007365,0.6652,13550.0
3303.1,14.0,0.1592,0.5858,13560.0
3303.15,13.93,0.3276,0.6496,13550.0
3303.2,13.86,0.496,0.7133,13520.0
3303.25,13.77,0.5748,0.7394,13480.0
3303.3,13.68,0.6537,0.7655,13460.0
3303.35,13.65,0.614,0.6676,13450.0
3303.4,13.61,0.5744,0.5697,13440.0
3303.45,13.69,0.5607,0.5537,13460.0
3303.5,13.76,0.547,0.5377,13500.0
3303.55,13.72,0.4918,0.5032,13540.0
3303.6,13.67,0.4367,0.4687,13570.0
3303.65,13.61,0.3818,0.2658,13590.0
3303.7,13.55,0.3268,0.06292,13590.0
3303.75,13.75,0.2239,0.1402,13590.0
3303.8,13.95,0.121,0.2175,13580.0
3303.85,13.98,-0.02209,0.374,13570.0
3303.9,14.01,-0.1652,0.5304,13560.0
3303.95,13.97,-0.02707,0.6118,13560.0
3304.0,13.92,0.1111,0.6931,13560.0
3304.05,14.2,0.2522,0.6491,13560.0
3304.1,14.47,0.3933,0.6051,13560.0
3304.15,14.47,0.4104,0.4129,13560.0
3304.2,14.48,0.4275,0.2207,13570.0
3304.25,14.43,0.2313,0.3012,13600.0
3304.3,14.39,0.03503,0.3817,13610.0
3304.35,14.4,0.02787,0.3864,13620.0
3304.4,14.4,0.0207,0.3912,13630.0
3304.45,14.49,-0.01871,0.3073,13620.0
3304.5,14.57,-0.05812,0.2234,13610.0
3304.55,14.48,0.07484,0.1871,13590.0
3304.6,14.38,0.2078,0.1507,13570.0
3304.65,14.34,0.409,0.2388,13570.0
3304.7,14.3,0.6103,0.3268,13570.0
3304.75,14.36,0.7122,0.6536,13570.0
3304.8,14.41,0.8141,0.9804,13570.0
3304.85,14.62,0.7818,0.9218,13570.0
3304.9,14.83,0.7496,0.8633,13580.0
3304.95,14.82,0.8501,0.8542,13590.0
3305.0,14.82,0.9506,0.845,13590.0
3305.05,15.03,0.9395,0.6216,13590.0
3305.1,15.24,0.9283,0.3982,13580.0
3305.15,15.15,0.9896,0.567,13560.0
3305.2,15.05,1.051,0.7358,13540.0
3305.25,14.98,1.124,0.7172,13520.0
3305.3,14.9,1.196,0.6987,13500.0
3305.35,14.9,0.9841,0.7898,13500.0
3305.4,14.89,0.7719,0.8809,13520.0
3305.45,14.79,0.6895,0.8553,13530.0
3305.5,14.69,0.6071,0.8297,13550.0
3305.55,14.65,0.7022,0.7999,13560.0
3305.6,14.61,0.7974,0.7702,13560.0
3305.65,14.58,0.8246,0.7142,13540.0
3305.7,14.55,0.8519,0.6582,13490.0
3305.75,14.48,0.7679,0.4403,13450.0
3305.8,14.41,0.6839,0.2224,13420.0
3305.85,14.45,0.7275,0.2664,13420.0
3305.9,14.49,0.7711,0.3105,13450.0
3305.95,14.39,0.7876,0.2767,13500.0
3306.0,14.3,0.8041,0.2429,13550.0
3306.05,14.35,0.8599,0.1584,13590.0
3306.1,14.4,0.9156,0.07389,13600.0
3306.15,14.32,0.6841,0.03792,13570.0
3306.2,14.24,0.4526,0.001951,13510.0
3306.25,14.46,0.5368,-0.02317,13460.0
3306.3,14.68,0.621,-0.04829,13420.0
3306.35,14.56,0.6447,-0.1991,13420.0
3306.4,14.43,0.6684,-0.35,13430.0
3306.45,14.35,0.6399,-0.1306,13470.0
3306.5,14.26,0.6115,0.08877,13530.0
3306.55,14.44,0.6011,0.06316,13600.0
3306.6,14.63,0.5908,0.03756,13640.0
3306.65,14.72,0.7118,0.2318,13640.0
3306.7,14.82,0.8328,0.4261,13620.0
3306.75,14.72,1.006,0.3881,13600.0
3306.8,14.62,1.179,0.3502,13560.0
3306.85,14.46,1.198,0.2774,13510.0
3306.9,14.3,1.218,0.2046,13450.0
3306.95,14.22,1.132,0.3673,13430.0
3307.0,14.14,1.047,0.5299,13440.0
3307.05,14.1,0.7798,0.3552,13480.0
3307.1,14.07,0.5131,0.1805,13520.0
3307.15,14.24,0.507,0.0639,13570.0
3307.2,14.41,0.5008,-0.05268,13620.0
3307.25,14.19,0.5764,-0.1417,13660.0
3307.3,13.97,0.6521,-0.2307,13650.0
3307.35,13.8,0.8543,-0.3978,13600.0
3307.4,13.62,1.057,-0.5648,13530.0
3307.45,13.85,1.109,-0.5837,13470.0
3307.5,14.08,1.161,-0.6026,13440.0
3307.55,13.91,1.209,-0.6907,13430.0
3307.6,13.74,1.257,-0.7787,13440.0
3307.65,13.84,1.152,-0.6977,13480.0
3307.7,13.95,1.047,-0.6168,13540.0
3307.75,14.06,1.049,-0.4914,13590.0
3307.8,14.17,1.051,-0.3661,13600.0
3307.85,13.96,0.8696,-0.2959,13580.0
3307.9,13.75,0.6879,-0.2258,13540.0
3307.95,13.91,0.6706,-0.2311,13510.0
3308.0,14.06,0.6533,-0.2363,13470.0
3308.05,14.15,0.6322,-0.5724,13430.0
3308.1,14.25,0.6111,-0.9084,13430.0
3308.15,14.22,0.6286,-0.6775,13460.0
3308.2,14.19,0.6461,-0.4465,13500.0
3308.25,14.03,0.464,-0.4759,13530.0
3308.3,13.87,0.2818,-0.5053,13530.0
3308.35,13.77,0.2516,-0.5832,13520.0
3308.4,13.68,0.2213,-0.6611,13500.0
3308.45,13.83,0.08181,-0.5476,13480.0
3308.5,13.98,-0.05772,-0.4341,13450.0
3308.55,13.94,-0.06051,-0.5299,13430.0
3308.6,13.9,-0.0633,-0.6258,13430.0
3308.65,13.8,-0.09335,-0.7172,13460.0
3308.7,13.71,-0.1234,-0.8087,13490.0
3308.75,13.8,-0.1907,-0.7742,13500.0
3308.8,13.9,-0.258,-0.7397,13510.0
3308.85,13.8,-0.244,-0.8644,13520.0
3308.9,13.71,-0.2301,-0.9892,13520.0
3308.95,13.59,-0.2337,-0.8316,13490.0
3309.0,13.48,-0.2373,-0.6741,13460.0
3309.05,13.38,-0.3471,-0.6124,13430.0
3309.1,13.29,-0.457,-0.5507,13420.0
3309.15,13.33,-0.3631,-0.5916,13440.0
3309.2,13.38,-0.2691,-0.6326,13460.0
3309.25,13.44,-0.4248,-0.6254,13490.0
3309.3,13.5,-0.5804,-0.6182,13530.0
3309.35,13.73,-0.6292,-0.5647,13570.0
3309.4,13.97,-0.6779,-0.5112,13590.0
3309.45,13.79,-0.6899,-0.3486,13570.0
3309.5,13.61,-0.7018,-0.1861,13530.0
3309.55,13.73,-0.6087,-0.1134,13500.0
3309.6,13.85,-0.5155,-0.04073,13480.0
3309.65,13.93,-0.5145,0.02207,13460.0
3309.7,14.02,-0.5135,0.08487,13460.0
3309.75,13.94,-0.6061,0.06999,13460.0
3309.8,13.87,-0.6986,0.05512,13490.0
3309.85,13.86,-0.9192,0.03268,13520.0
3309.9,13.85,-1.14,0.01024,13560.0
3309.95,13.9,-1.163,0.03292,13580.0
3310.0,13.95,-1.186,0.0556,13600.0
3310.05,13.84,-1.139,0.1254,13600.0
3310.1,13.73,-1.091,0.1951,13580.0
3310.15,13.79,-1.145,0.1117,13550.0
3310.2,13.85,-1.199,0.02829,13510.0
3310.25,13.93,-1.127,0.1862,13490.0
3310.3,14.02,-1.054,0.3441,13480.0
3310.35,13.75,-0.999,0.2691,13490.0
3310.4,13.47,-0.9439,0.1941,13530.0
3310.45,13.54,-0.785,0.3291,13560.0
3310.5,13.6,-0.6262,0.4641,13590.0
3310.55,13.43,-0.4978,0.3645,13600.0
3310.6,13.26,-0.3694,0.2648,13600.0
3310.65,13.17,-0.6164,0.1357,13590.0
3310.7,13.07,-0.8634,0.006585,13570.0
3310.75,13.26,-0.7637,0.03256,13530.0
3310.8,13.45,-0.664,0.05853,13510.0
3310.85,13.43,-0.711,-0.06097,13490.0
3310.9,13.41,-0.758,-0.1805,13490.0
3310.95,13.35,-0.821,-0.2177,13510.0
3311.0,13.29,-0.8841,-0.2548,13540.0
3311.05,13.32,-1.003,-0.2995,13580.0
3311.1,13.35,-1.122,-0.3441,13600.0
3311.15,13.33,-1.241,-0.2859,13600.0
3311.2,13.32,-1.359,-0.2278,13580.0
3311.25,13.14,-1.318,-0.00878,13540.0
3311.3,12.96,-1.277,0.2102,13500.0
3311.35,13.08,-1.29,0.1236,13460.0
3311.4,13.21,-1.303,0.03707,13430.0
3311.45,13.16,-1.541,0.07182,13430.0
3311.5,13.11,-1.779,0.1066,13450.0
3311.55,13.21,-2.002,0.1517,13490.0
3311.6,13.31,-2.224,0.1968,13520.0
3311.65,13.38,-2.151,0.352,13550.0
3311.7,13.45,-2.078,0.5073,13560.0
3311.75,13.22,-1.956,0.3887,13550.0
3311.8,13.0,-1.835,0.2702,13520.0
3311.85,12.89,-1.739,0.2774,13480.0
3311.9,12.78,-1.642,0.2846,13430.0
3311.95,12.89,-1.569,0.3302,13390.0
3312.0,13.0,-1.496,0.3758,13360.0
3312.05,13.03,-1.435,0.3213,13370.0
3312.1,13.06,-1.374,0.2668,13390.0
3312.15,12.96,-1.297,0.2809,13420.0
3312.2,12.86,-1.219,0.2951,13460.0
3312.25,12.92,-0.9628,0.3224,13490.0
3312.3,12.98,-0.7066,0.3497,13510.0
3312.35,13.06,-0.7522,0.2655,13500.0
3312.4,13.14,-0.7978,0.1812,13470.0
3312.45,13.21,-0.6714,0.2655,13410.0
3312.5,13.28,-0.545,0.3497,13370.0
3312.55,13.3,-0.6391,0.4791,13360.0
3312.6,13.31,-0.7333,0.6085,13360.0
3312.65,13.24,-0.7052,0.6547,13380.0
3312.7,13.16,-0.6771,0.7009,13420.0
3312.75,13.1,-0.7922,0.527,13460.0
3312.8,13.04,-0.9072,0.3531,13490.0
3312.85,13.11,-0.92,0.4008,13490.0
3312.9,13.18,-0.9327,0.4485,13480.0
3312.95,13.21,-0.8059,0.2867,13470.0
3313.0,13.25,-0.6791,0.1249,13450.0
3313.05,13.2,-0.7562,0.2245,13430.0
3313.1,13.15,-0.8332,0.3241,13420.0
3313.15,13.15,-1.033,0.2791,13420.0
3313.2,13.15,-1.232,0.2341,13430.0
3313.25,13.11,-1.111,0.2485,13450.0
3313.3,13.07,-0.99,0.2629,13480.0
3313.35,13.07,-1.086,0.1933,13500.0
3313.4,13.07,-1.182,0.1236,13520.0
3313.45,13.03,-0.9592,0.2151,13530.0
3313.5,13.0,-0.7361,0.3066,13520.0
3313.55,12.84,-0.7343,0.3662,13490.0
3313.6,12.67,-0.7325,0.4258,13460.0
3313.65,12.61,-0.5099,0.4234,13430.0
3313.7,12.54,-0.2874,0.4209,13400.0
3313.75,12.68,-0.1724,0.4898,13390.0
3313.8,12.81,-0.05732,0.5587,13390.0
3313.85,12.78,-0.04299,0.4458,13410.0
3313.9,12.76,-0.02866,0.3329,13440.0
3313.95,12.74,-0.01951,0.3112,13470.0
3314.0,12.72,-0.01035,0.2895,13490.0
3314.05,12.64,-0.0418,0.2629,13480.0
3314.1,12.55,-0.07325,0.2363,13440.0
3314.15,12.57,-0.3047,0.2758,13400.0
3314.2,12.58,-0.5362,0.3153,13340.0
3314.25,12.66,-0.4572,0.4365,13280.0
3314.3,12.74,-0.3782,0.5577,13250.0
3314.35,12.83,-0.4904,0.5177,13240.0
3314.4,12.91,-0.6027,0.4778,13250.0
3314.45,12.72,-0.6945,0.3209,13270.0
3314.5,12.53,-0.7862,0.1641,13290.0
3314.55,12.51,-0.8278,0.06682,13310.0
3314.6,12.49,-0.8694,-0.03048,13330.0
3314.65,12.51,-0.923,0.09584,13330.0
3314.7,12.53,-0.9765,0.2222,13300.0
3314.75,12.49,-0.9771,0.08987,13260.0
3314.8,12.44,-0.9777,-0.04243,13220.0
3314.85,12.5,-1.044,-0.09475,13180.0
3314.9,12.56,-1.11,-0.1471,13130.0
3314.95,12.57,-1.173,0.111,13100.0
3315.0,12.58,-1.235,0.369,13080.0
3315.05,12.34,-1.32,0.2848,13100.0
3315.1,12.09,-1.405,0.2007,13130.0
3315.15,12.08,-1.329,0.1583,13160.0
3315.2,12.07,-1.253,0.1158,13190.0
3315.25,12.09,-1.013,-0.07682,13210.0
3315.3,12.11,-0.7731,-0.2695,13210.0
3315.35,12.17,-0.7004,-0.113,13180.0
3315.4,12.23,-0.6278,0.04341,13140.0
3315.45,12.43,-0.6552,0.005121,13100.0
3315.5,12.62,-0.6827,-0.03317,13080.0
3315.55,12.55,-0.7599,0.0556,13080.0
3315.6,12.47,-0.8372,0.1444,13090.0
3315.65,12.46,-0.8061,0.008901,13100.0
3315.7,12.44,-0.7751,-0.1266,13130.0
3315.75,12.39,-1.14,0.03036,13160.0
3315.8,12.35,-1.505,0.1873,13190.0
3315.85,12.23,-1.778,0.268,13190.0
3315.9,12.11,-2.051,0.3487,13180.0
3315.95,11.96,-2.273,0.372,13170.0
3316.0,11.82,-2.496,0.3953,13170.0
3316.05,11.95,-2.287,0.3056,13170.0
3316.1,12.08,-2.078,0.2158,13160.0
3316.15,12.14,-2.031,0.05768,13160.0
3316.2,12.21,-1.984,-0.1005,13180.0
3316.25,12.08,-2.194,-0.1294,13190.0
3316.3,11.96,-2.403,-0.1583,13190.0
3316.35,11.95,-2.452,-0.1983,13190.0
3316.4,11.94,-2.5,-0.2383,13190.0
3316.45,12.03,-2.413,-0.2422,13190.0
3316.5,12.13,-2.327,-0.2461,13170.0
3316.55,12.35,-2.078,-0.1522,13150.0
3316.6,12.56,-1.829,-0.05829,13130.0
3316.65,12.57,-1.633,0.1762,13130.0
3316.7,12.57,-1.437,0.4107,13140.0
3316.75,12.47,-1.384,0.503,13140.0
3316.8,12.36,-1.33,0.5953,13150.0
3316.85,12.37,-1.302,0.4592,13160.0
3316.9,12.38,-1.275,0.3231,13160.0
3316.95,12.42,-1.208,0.2652,13150.0
3317.0,12.45,-1.141,0.2073,13120.0
3317.05,12.41,-1.286,0.2162,13080.0
3317.1,12.36,-1.431,0.2251,13050.0
3317.15,12.3,-1.389,0.536,13030.0
3317.2,12.24,-1.347,0.847,13000.0
3317.25,12.35,-1.333,0.84,12980.0
3317.3,12.47,-1.318,0.8331,12980.0
3317.35,12.57,-1.373,0.8538,13010.0
3317.4,12.66,-1.428,0.8745,13030.0
3317.45,12.56,-1.391,0.6222,13040.0
3317.5,12.46,-1.354,0.37,13030.0
3317.55,12.46,-1.25,0.3678,13030.0
3317.6,12.45,-1.146,0.3656,13030.0
3317.65,12.66,-1.073,0.283,13000.0
3317.7,12.88,-1.001,0.2005,12960.0
3317.75,12.78,-1.001,0.03268,12930.0
3317.8,12.68,-1.0,-0.1351,12910.0
3317.85,12.62,-1.075,-0.1868,12900.0
3317.9,12.55,-1.149,-0.2385,12880.0
3317.95,12.51,-1.068,-0.001585,12860.0
3318.0,12.47,-0.9865,0.2353,12880.0
3318.05,12.51,-0.8758,0.3317,12910.0
3318.1,12.55,-0.7651,0.428,12960.0
3318.15,12.51,-0.5392,0.2801,12990.0
3318.2,12.47,-0.3133,0.1322,13000.0
3318.25,12.53,-0.1566,-0.1608,13000.0
3318.3,12.58,7.451e-09,-0.4539,12980.0
3318.35,12.53,-0.1188,-0.3996,12940.0
3318.4,12.47,-0.2377,-0.3453,12880.0
3318.45,12.48,-0.3332,-0.3218,12840.0
3318.5,12.49,-0.4287,-0.2983,12830.0
3318.55,12.6,-0.5348,-0.1143,12860.0
3318.6,12.71,-0.6409,0.06975,12890.0
3318.65,12.81,-0.41,0.1601,12930.0
3318.7,12.92,-0.1791,0.2505,12980.0
3318.75,12.91,-0.2715,-0.1188,13020.0
3318.8,12.91,-0.3638,-0.488,13030.0
3318.85,12.78,-0.4936,-0.4247,13010.0
3318.9,12.64,-0.6234,-0.3614,12980.0
3318.95,12.65,-0.5022,-0.347,12950.0
3319.0,12.67,-0.381,-0.3326,12930.0
3319.05,12.67,-0.4291,-0.358,12920.0
3319.1,12.66,-0.4773,-0.3834,12910.0
3319.15,12.76,-0.3525,-0.09133,12920.0
3319.2,12.85,-0.2277,0.2007,12940.0
3319.25,12.72,-0.1525,0.1388,12960.0
3319.3,12.59,-0.07723,0.07682,12980.0
3319.35,12.62,0.1355,0.04902,12990.0
3319.4,12.66,0.3483,0.02122,12990.0
3319.45,12.55,0.4447,-0.05475,12980.0
3319.5,12.43,0.541,-0.1307,12970.0
3319.55,12.33,0.3555,-0.08328,12940.0
3319.6,12.22,0.17,-0.03585,12920.0
3319.65,12.16,0.08678,-0.05316,12910.0
3319.7,12.09,0.003583,-0.07048,12910.0
3319.75,12.12,0.1035,-0.1399,12920.0
3319.8,12.15,0.2034,-0.2092,12920.0
3319.85,11.94,0.1869,-0.3167,12930.0
3319.9,11.73,0.1704,-0.4241,12930.0
3319.95,11.86,0.08121,-0.4837,12920.0
3320.0,11.99,-0.007962,-0.5434,12890.0
3320.05,12.01,-0.07384,-0.4201,12860.0
3320.1,12.03,-0.1397,-0.2968,12840.0
3320.15,12.02,-0.1332,-0.2764,12830.0
3320.2,12.02,-0.1266,-0.2561,12840.0
3320.25,11.97,-0.008559,-0.2506,12850.0
3320.3,11.93,0.1095,-0.2451,12870.0
3320.35,11.84,0.03603,-0.3035,12900.0
3320.4,11.75,-0.03742,-0.3619,12920.0
3320.45,11.76,-0.06071,-0.2989,12920.0
3320.5,11.77,-0.084,-0.2358,12890.0
3320.55,11.98,-0.2185,-0.08402,12840.0
3320.6,12.18,-0.3531,0.0678,12790.0
3320.65,12.33,-0.2496,0.1721,12750.0
3320.7,12.48,-0.1461,0.2763,12730.0
3320.75,12.55,-0.1883,0.1908,12720.0
3320.8,12.62,-0.2305,0.1054,12750.0
3320.85,12.72,-0.1672,0.2217,12800.0
3320.9,12.83,-0.1039,0.338,12840.0
3320.95,12.98,-0.2269,0.2251,12870.0
3321.0,13.14,-0.3499,0.1122,12890.0
3321.05,13.21,-0.5513,0.06768,12900.0
3321.1,13.29,-0.7528,0.02317,12880.0
3321.15,13.17,-0.8117,0.2142,12850.0
3321.2,13.06,-0.8706,0.4053,12800.0
3321.25,13.08,-0.6668,0.3803,12770.0
3321.3,13.11,-0.463,0.3553,12760.0
3321.35,13.09,-0.4415,0.2585,12760.0
3321.4,13.07,-0.42,0.1617,12780.0
3321.45,12.95,-0.5527,-0.003658,12820.0
3321.5,12.83,-0.6855,-0.169,12870.0
3321.55,12.87,-0.7367,-0.1639,12920.0
3321.6,12.92,-0.7878,-0.1588,12950.0
3321.65,13.0,-0.9365,-0.1218,12950.0
3321.7,13.07,-1.085,-0.08487,12940.0
3321.75,13.03,-1.075,-0.3946,12910.0
3321.8,12.99,-1.065,-0.7043,12890.0
3321.85,13.03,-1.014,-0.7456,12870.0
3321.9,13.06,-0.963,-0.787,12870.0
3321.95,13.07,-0.8159,-0.5765,12890.0
3322.0,13.08,-0.6688,-0.3661,12930.0
3322.05,12.94,-0.4476,-0.2978,12970.0
3322.1,12.81,-0.2265,-0.2295,12990.0
3322.15,12.72,-0.1081,-0.2583,12980.0
3322.2,12.63,0.01035,-0.287,12960.0
3322.25,12.65,0.07325,-0.109,12940.0
3322.3,12.67,0.1361,0.06902,12920.0
3322.35,12.56,0.133,0.1981,12910.0
3322.4,12.45,0.1298,0.3273,12910.0
3322.45,12.31,0.1833,0.2898,12940.0
3322.5,12.17,0.2369,0.2524,12990.0
3322.55,12.33,0.2609,0.1807,13020.0
3322.6,12.49,0.285,0.109,13030.0
3322.65,12.56,0.3175,0.04048,13030.0
3322.7,12.63,0.3499,-0.02805,13010.0
3322.75,12.73,0.3189,0.1896,12990.0
3322.8,12.83,0.2878,0.4073,12960.0
3322.85,12.9,0.2058,0.3491,12930.0
3322.9,12.96,0.1238,0.2909,12920.0
3322.95,12.86,0.1986,0.05426,12930.0
3323.0,12.77,0.2735,-0.1824,12940.0
3323.05,12.47,0.4486,-0.1627,12950.0
3323.1,12.18,0.6238,-0.1429,12980.0
3323.15,12.05,0.6276,0.03012,13020.0
3323.2,11.91,0.6314,0.2031,13050.0
3323.25,12.28,0.3782,0.1916,13070.0
3323.3,12.65,0.125,0.18,13060.0
3323.35,12.7,0.05712,0.1206,13030.0
3323.4,12.74,-0.01075,0.06121,13000.0
3323.45,12.74,-0.08539,-0.04256,12960.0
3323.5,12.73,-0.16,-0.1463,12920.0
3323.55,12.85,-0.001194,-0.2673,12890.0
3323.6,12.98,0.1576,-0.3882,12890.0
3323.65,13.19,0.1881,-0.2681,12910.0
3323.7,13.4,0.2185,-0.148,12940.0
3323.75,13.29,-0.06927,-0.3565,12970.0
3323.8,13.18,-0.3571,-0.5651,13000.0
3323.85,13.1,-0.4011,-0.721,13020.0
3323.9,13.03,-0.4451,-0.877,13020.0
3323.95,12.95,-0.6123,-0.8425,13000.0
3324.0,12.88,-0.7794,-0.808,12950.0
3324.05,12.78,-0.909,-0.8936,12910.0
3324.1,12.69,-1.039,-0.9792,12890.0
3324.15,12.55,-0.9669,-0.9203,12890.0
3324.2,12.42,-0.8953,-0.8614,12900.0
3324.25,12.31,-1.027,-0.6586,12920.0
3324.3,12.2,-1.158,-0.4558,12960.0
3324.35,12.09,-1.083,-0.3803,13000.0
3324.4,11.99,-1.007,-0.3048,13010.0
3324.45,11.79,-0.9614,-0.1903,13000.0
3324.5,11.6,-0.916,-0.07585,12990.0
3324.55,11.58,-0.9472,-0.04097,12980.0
3324.6,11.56,-0.9785,-0.006097,12970.0
3324.65,11.44,-0.84,0.04378,12980.0
3324.7,11.33,-0.7014,0.09365,12990.0
3324.75,11.35,-0.543,0.233,13020.0
3324.8,11.36,-0.3845,0.3724,13050.0
3324.85,11.51,-0.3814,0.4011,13070.0
3324.9,11.67,-0.3782,0.4297,13070.0
3324.95,11.7,-0.2828,0.352,13070.0
3325.0,11.72,-0.1875,0.2744,13060.0
3325.05,11.65,-0.0617,0.09414,13050.0
3325.1,11.57,0.06409,-0.08609,13050.0
3325.15,11.58,0.0217,-0.06938,13050.0
3325.2,11.59,-0.0207,-0.05268,13050.0
3325.25,11.45,-0.2446,0.03317,13070.0
3325.3,11.3,-0.4685,0.119,13080.0
3325.35,11.03,-0.7116,0.09657,13110.0
3325.4,10.76,-0.9546,0.07414,13140.0
3325.45,10.44,-0.8419,-0.08048,13160.0
3325.5,10.11,-0.7293,-0.2351,13180.0
3325.55,10.14,-0.867,-0.2584,13180.0
3325.6,10.18,-1.005,-0.2817,13170.0
3325.65,10.21,-1.011,-0.4819,13150.0
3325.7,10.25,-1.016,-0.6821,13120.0
3325.75,10.33,-1.234,-0.5319,13090.0
3325.8,10.41,-1.451,-0.3817,13080.0
3325.85,10.4,-1.458,-0.2468,13090.0
3325.9,10.39,-1.465,-0.1119,13120.0
3325.95,10.35,-1.526,-0.2325,13170.0
3326.0,10.31,-1.586,-0.3531,13210.0
3326.05,10.39,-1.473,-0.5229,13230.0
3326.1,10.47,-1.359,-0.6926,13230.0
3326.15,10.49,-1.385,-0.4223,13200.0
3326.2,10.52,-1.41,-0.1519,13170.0
3326.25,10.42,-1.434,-0.2744,13130.0
3326.3,10.32,-1.458,-0.3968,13110.0
3326.35,10.27,-1.528,-0.4591,13090.0
3326.4,10.22,-1.598,-0.5214,13100.0
3326.45,10.16,-1.546,-0.3509,13110.0
3326.5,10.1,-1.494,-0.1805,13130.0
3326.55,10.15,-1.591,-0.08024,13150.0
3326.6,10.2,-1.688,0.02,13150.0
3326.65,10.27,-1.467,-0.1096,13150.0
3326.7,10.33,-1.245,-0.2392,13130.0
3326.75,10.37,-1.245,-0.4037,13120.0
3326.8,10.4,-1.245,-0.5682,13110.0
3326.85,10.27,-1.063,-0.6897,13090.0
3326.9,10.15,-0.881,-0.8111,13070.0
3326.95,10.13,-1.022,-0.8108,13050.0
3327.0,10.12,-1.164,-0.8104,13040.0
3327.05,10.14,-1.096,-0.8431,13040.0
3327.1,10.15,-1.027,-0.8758,13030.0
3327.15,10.14,-0.833,-0.8261,13040.0
3327.2,10.13,-0.6385,-0.7765,13070.0
3327.25,10.13,-0.501,-0.4408,13100.0
3327.3,10.13,-0.3635,-0.1051,13120.0
3327.35,9.907,-0.4827,0.03024,13110.0
3327.4,9.685,-0.6019,0.1656,13100.0
3327.45,9.632,-0.6148,0.1027,13080.0
3327.5,9.579,-0.6278,0.03975,13080.0
3327.55,9.59,-0.7914,-0.1111,13070.0
3327.6,9.601,-0.955,-0.2619,13070.0
3327.65,9.64,-0.7701,-0.2286,13090.0
3327.7,9.678,-0.5852,-0.1953,13120.0
3327.75,9.739,-0.6298,-0.05341,13140.0
3327.8,9.8,-0.6744,0.08853,13140.0
3327.85,9.666,-0.7729,0.06487,13130.0
3327.9,9.533,-0.8714,0.04122,13130.0
3327.95,9.445,-0.917,-0.04865,13130.0
3328.0,9.356,-0.9626,-0.1385,13130.0
3328.05,9.348,-1.053,-0.08487,13130.0
3328.1,9.34,-1.142,-0.03122,13150.0
3328.15,9.678,-1.341,0.05634,13170.0
3328.2,10.01,-1.54,0.1439,13190.0
3328.25,10.04,-1.454,0.07524,13200.0
3328.3,10.06,-1.369,0.006585,13190.0
3328.35,10.01,-1.359,0.0009755,13170.0
3328.4,9.962,-1.349,-0.004634,13160.0
3328.45,10.05,-1.272,-0.006829,13140.0
3328.5,10.14,-1.196,-0.009023,13120.0
3328.55,10.22,-1.308,-0.09255,13110.0
3328.6,10.31,-1.419,-0.1761,13120.0
3328.65,10.38,-1.3,-0.2775,13140.0
3328.7,10.46,-1.182,-0.379,13150.0
3328.75,10.47,-1.216,-0.3652,13160.0
3328.8,10.49,-1.25,-0.3514,13170.0
3328.85,10.28,-1.307,-0.4121,13180.0
3328.9,10.07,-1.363,-0.4729,13170.0
3328.95,9.991,-1.223,-0.7546,13140.0
3329.0,9.911,-1.082,-1.036,13110.0
3329.05,9.933,-1.029,-0.6644,13090.0
3329.1,9.955,-0.9753,-0.2927,13070.0
3329.15,10.02,-1.06,-0.3163,13050.0
3329.2,10.08,-1.144,-0.34,13040.0
3329.25,9.979,-0.9906,-0.1925,13050.0
3329.3,9.881,-0.8372,-0.04512,13070.0
3329.35,9.873,-0.8374,0.002927,13090.0
3329.4,9.866,-0.8376,0.05097,13100.0
3329.45,9.916,-0.7583,-0.1633,13100.0
3329.5,9.966,-0.6791,-0.3775,13110.0
3329.55,10.0,-0.6503,-0.2483,13110.0
3329.6,10.04,-0.6214,-0.119,13100.0
3329.65,10.17,-0.7926,-0.3406,13080.0
3329.7,10.3,-0.9638,-0.5621,13050.0
3329.75,10.3,-0.8123,-0.6786,13030.0
3329.8,10.29,-0.6608,-0.795,13020.0
3329.85,10.42,-0.713,-0.6946,13000.0
3329.9,10.55,-0.7651,-0.5941,12990.0
3329.95,10.8,-0.8258,-0.6337,12990.0
3330.0,11.05,-0.8865,-0.6733,13010.0
3330.05,10.98,-0.8905,-0.6494,13030.0
3330.1,10.91,-0.8945,-0.6255,13040.0
3330.15,10.89,-0.8724,-0.7963,13060.0
3330.2,10.87,-0.8503,-0.967,13070.0
3330.25,10.93,-0.9104,-0.9789,13080.0
3330.3,10.98,-0.9705,-0.9909,13070.0
3330.35,11.14,-1.093,-1.11,13050.0
3330.4,11.3,-1.216,-1.23,13040.0
3330.45,11.47,-1.261,-1.277,13030.0
3330.5,11.64,-1.307,-1.324,13020.0
3330.55,11.46,-1.331,-1.144,13030.0
3330.6,11.29,-1.356,-0.9643,13040.0
3330.65,11.24,-1.314,-0.8254,13070.0
3330.7,11.19,-1.273,-0.6865,13110.0
3330.75,11.18,-1.229,-0.6461,13140.0
3330.8,11.17,-1.185,-0.6058,13150.0
3330.85,11.2,-1.222,-0.4356,13160.0
3330.9,11.22,-1.26,-0.2653,13170.0
3330.95,11.18,-1.209,-0.2016,13160.0
3331.0,11.15,-1.158,-0.1378,13150.0
3331.05,11.17,-1.237,-0.3367,13140.0
3331.1,11.2,-1.316,-0.5356,13140.0
3331.15,11.2,-1.246,-0.405,13150.0
3331.2,11.19,-1.177,-0.2744,13160.0
3331.25,10.98,-1.087,-0.1847,13160.0
3331.3,10.76,-0.9964,-0.09511,13170.0
3331.35,10.72,-1.054,0.01792,13170.0
3331.4,10.68,-1.112,0.131,13190.0
3331.45,10.67,-1.192,0.02244,13200.0
3331.5,10.66,-1.271,-0.08609,13210.0
3331.55,10.79,-1.203,-0.101,13210.0
3331.6,10.91,-1.135,-0.1158,13210.0
3331.65,11.03,-1.003,-0.05816,13210.0
3331.7,11.14,-0.8702,-0.0004878,13200.0
3331.75,11.25,-0.9176,-0.08682,13190.0
3331.8,11.35,-0.965,-0.1732,13190.0
3331.85,11.3,-0.8995,-0.2096,13200.0
3331.9,11.25,-0.834,-0.2461,13210.0
3331.95,11.12,-0.8881,-0.2725,13220.0
3332.0,10.99,-0.9423,-0.299,13220.0
3332.05,11.08,-0.7255,-0.3405,13210.0
3332.1,11.16,-0.5088,-0.3819,13200.0
3332.15,10.98,-0.2494,-0.4408,13180.0
3332.2,10.8,0.009952,-0.4997,13160.0
3332.25,10.78,-0.09992,-0.6764,13160.0
3332.3,10.75,-0.2098,-0.8531,13170.0
3332.35,10.74,-0.4656,-0.8155,13200.0
3332.4,10.72,-0.7213,-0.778,13230.0
3332.45,10.7,-0.7512,-0.7385,13240.0
3332.5,10.69,-0.781,-0.6989,13240.0
3332.55,10.78,-0.7349,-0.6933,13220.0
3332.6,10.88,-0.6887,-0.6877,13190.0
3332.65,10.94,-0.7804,-0.8267,13150.0
3332.7,11.0,-0.8722,-0.9657,13120.0
3332.75,10.94,-1.016,-1.006,13100.0
3332.8,10.89,-1.16,-1.046,13120.0
3332.85,10.95,-1.117,-1.045,13140.0
3332.9,11.01,-1.075,-1.044,13170.0
3332.95,11.12,-0.9092,-0.9159,13190.0
3333.0,11.22,-0.7436,-0.788,13210.0
3333.05,11.23,-0.9036,-0.8486,13210.0
3333.1,11.24,-1.064,-0.9092,13200.0
3333.15,11.24,-1.037,-0.8769,13190.0
3333.2,11.24,-1.011,-0.8445,13170.0
3333.25,11.3,-0.8674,-1.015,13170.0
3333.3,11.36,-0.7241,-1.185,13170.0
3333.35,11.24,-0.6357,-0.9405,13170.0
3333.4,11.13,-0.5474,-0.6963,13190.0
3333.45,11.12,-0.5856,-0.7932,13200.0
3333.5,11.11,-0.6238,-0.8901,13210.0
3333.55,11.2,-0.7627,-1.028,13220.0
3333.6,11.29,-0.9017,-1.166,13240.0
3333.65,11.35,-0.7082,-0.9738,13260.0
3333.7,11.41,-0.5147,-0.7811,13280.0
3333.75,11.32,-0.779,-0.7519,13300.0
3333.8,11.23,-1.043,-0.7226,13320.0
3333.85,11.02,-1.304,-0.7469,13330.0
3333.9,10.81,-1.564,-0.7711,13330.0
3333.95,10.82,-1.198,-0.8264,13320.0
3334.0,10.84,-0.8324,-0.8816,13320.0
3334.05,10.73,-0.672,-1.062,13320.0
3334.1,10.62,-0.5115,-1.242,13330.0
3334.15,10.7,-0.5874,-1.353,13350.0
3334.2,10.78,-0.6632,-1.464,13360.0
3334.25,10.48,-0.5089,-1.468,13380.0
3334.3,10.18,-0.3547,-1.471,13380.0
3334.35,10.4,-0.3439,-1.361,13390.0
3334.4,10.63,-0.3332,-1.251,13410.0
3334.45,10.65,-0.3656,-1.413,13420.0
3334.5,10.67,-0.3981,-1.575,13430.0
3334.55,10.54,-0.4331,-1.451,13430.0
3334.6,10.42,-0.4681,-1.326,13440.0
3334.65,10.35,-0.4265,-1.182,13440.0
3334.7,10.29,-0.3849,-1.039,13430.0
3334.75,10.57,-0.4025,-0.8448,13420.0
3334.8,10.86,-0.42,-0.6504,13410.0
3334.85,11.0,-0.3374,-0.8227,13420.0
3334.9,11.15,-0.2548,-0.995,13430.0
3334.95,11.03,-0.1982,-0.9209,13440.0
3335.0,10.92,-0.1417,-0.8467,13450.0
3335.05,11.01,-0.163,-0.9554,13450.0
3335.1,11.09,-0.1843,-1.064,13460.0
3335.15,11.15,-0.06529,-1.009,13460.0
3335.2,11.21,0.05374,-0.9545,13450.0
3335.25,11.27,0.1455,-0.7943,13430.0
3335.3,11.34,0.2373,-0.6341,13430.0
3335.35,11.52,0.2381,-0.4743,13450.0
3335.4,11.71,0.2388,-0.3146,13460.0
3335.45,11.69,0.1168,-0.3037,13460.0
3335.5,11.67,-0.005175,-0.2929,13470.0
3335.55,11.77,0.1775,-0.2384,13470.0
3335.6,11.86,0.3603,-0.1839,13470.0
3335.65,11.93,0.4675,-0.01049,13450.0
3335.7,11.99,0.5748,0.1629,13430.0
3335.75,12.07,0.4821,0.1505,13420.0
3335.8,12.16,0.3893,0.138,13420.0
3335.85,12.11,0.3501,0.02646,13440.0
3335.9,12.07,0.3109,-0.08511,13450.0
3335.95,12.11,0.3652,-0.224,13460.0
3336.0,12.15,0.4196,-0.3629,13480.0
3336.05,12.06,0.4062,-0.4841,13490.0
3336.1,11.96,0.3929,-0.6053,13490.0
3336.15,11.96,0.2641,-0.4151,13500.0
3336.2,11.97,0.1353,-0.2249,13500.0
3336.25,11.79,0.1632,-0.1672,13510.0
3336.3,11.62,0.1911,-0.1095,13520.0
3336.35,11.87,0.06529,-0.231,13530.0
3336.4,12.11,-0.06051,-0.3524,13530.0
3336.45,12.07,-0.2289,-0.3564,13530.0
3336.5,12.02,-0.3973,-0.3604,13540.0
3336.55,11.85,-0.384,-0.3105,13560.0
3336.6,11.67,-0.3706,-0.2605,13580.0
3336.65,11.71,-0.3551,-0.239,13590.0
3336.7,11.76,-0.3396,-0.2175,13620.0
3336.75,11.88,-0.2882,-0.1351,13660.0
3336.8,12.0,-0.2369,-0.05268,13690.0
3336.85,12.14,-0.0613,-0.0667,13700.0
3336.9,12.29,0.1142,-0.08072,13710.0
3336.95,12.19,0.1361,-0.04938,13710.0
3337.0,12.1,0.158,-0.01805,13720.0
3337.05,12.14,-0.01353,-0.008048,13720.0
3337.1,12.19,-0.1851,0.001951,13730.0
3337.15,12.05,-0.1216,0.2892,13740.0
3337.2,11.92,-0.05812,0.5765,13760.0
3337.25,11.89,-0.298,0.6099,13790.0
3337.3,11.87,-0.5378,0.6433,13820.0
3337.35,11.99,-0.3242,0.4647,13860.0
3337.4,12.11,-0.1107,0.2861,13890.0
3337.45,12.08,0.08061,0.4104,13910.0
3337.5,12.05,0.2719,0.5348,13920.0
3337.55,12.04,0.2966,0.4164,13920.0
3337.6,12.03,0.3213,0.298,13910.0
3337.65,12.08,0.2056,0.09231,13900.0
3337.7,12.13,0.08997,-0.1134,13900.0
3337.75,12.12,-0.1855,-0.06975,13900.0
3337.8,12.1,-0.461,-0.02609,13920.0
3337.85,12.22,-0.5659,0.03853,13950.0
3337.9,12.34,-0.6708,0.1032,13980.0
3337.95,12.26,-0.4168,0.1124,14000.0
3338.0,12.18,-0.1628,0.1217,14010.0
3338.05,12.26,-0.04996,0.05609,14020.0
3338.1,12.33,0.0629,-0.009511,14010.0
3338.15,12.43,0.1879,0.0239,13990.0
3338.2,12.54,0.3129,0.05731,13970.0
3338.25,12.42,0.3658,-0.118,13970.0
3338.3,12.31,0.4188,-0.2934,13990.0
3338.35,12.41,0.366,-0.3459,14010.0
3338.4,12.51,0.3133,-0.3985,14030.0
3338.45,12.46,0.2092,-0.3495,14040.0
3338.5,12.42,0.1051,-0.3005,14040.0
3338.55,12.37,0.1294,-0.3789,14040.0
3338.6,12.32,0.1537,-0.4573,14020.0
3338.65,12.32,0.09036,-0.2444,13990.0
3338.7,12.32,0.02707,-0.03146,13980.0
3338.75,12.29,0.1863,-0.04841,13990.0
3338.8,12.27,0.3455,-0.06536,14020.0
3338.85,12.46,0.1441,-0.09304,14050.0
3338.9,12.65,-0.05732,-0.1207,14090.0
3338.95,12.81,-0.1015,0.01073,14120.0
3339.0,12.97,-0.1457,0.1422,14130.0
3339.05,13.06,0.02727,0.1288,14130.0
3339.1,13.15,0.2002,0.1154,14110.0
3339.15,13.17,0.3302,0.1382,14090.0
3339.2,13.19,0.4602,0.161,14070.0
3339.25,13.32,0.4809,-0.05853,14060.0
3339.3,13.45,0.5016,-0.278,14080.0
3339.35,13.66,0.498,-0.1112,14100.0
3339.4,13.88,0.4944,0.0556,14140.0
3339.45,13.94,0.6552,0.2373,14180.0
3339.5,14.01,0.8161,0.419,14220.0
3339.55,13.92,0.9646,0.5781,14250.0
3339.6,13.83,1.113,0.7372,14270.0
3339.65,13.91,0.6829,0.8019,14270.0
3339.7,13.99,0.2528,0.8665,14270.0
3339.75,14.08,0.1793,0.8915,14260.0
3339.8,14.17,0.1059,0.9165,14260.0
3339.85,14.23,0.01572,0.9749,14260.0
3339.9,14.3,-0.07444,1.033,14260.0
3339.95,14.37,-0.1557,0.8521,14290.0
3340.0,14.44,-0.2369,0.6709,14340.0
3340.05,14.53,-0.1338,0.4984,14400.0
3340.1,14.63,-0.03065,0.3258,14450.0
3340.15,14.5,-0.05494,0.3453,14490.0
3340.2,14.38,-0.07922,0.3648,14520.0
3340.25,14.21,-0.09514,0.5679,14530.0
3340.3,14.04,-0.1111,0.7709,14520.0
3340.35,13.92,0.04877,0.5975,14490.0
3340.4,13.8,0.2086,0.4241,14470.0
3340.45,14.02,0.3071,0.5542,14470.0
3340.5,14.25,0.4056,0.6843,14500.0
3340.55,14.26,0.3278,0.6446,14550.0
3340.6,14.27,0.25,0.6048,14600.0
3340.65,14.5,0.3575,0.5042,14650.0
3340.7,14.72,0.465,0.4036,14690.0
3340.75,15.02,0.2675,0.3419,14720.0
3340.8,15.31,0.07006,0.2802,14710.0
3340.85,15.33,0.122,0.4995,14680.0
3340.9,15.36,0.174,0.7187,14650.0
3340.95,15.19,-0.05513,0.5063,14640.0
3341.0,15.03,-0.2842,0.2939,14640.0
3341.05,15.13,0.0205,0.2409,14650.0
3341.1,15.23,0.3252,0.188,14670.0
3341.15,15.07,0.1061,-0.07585,14720.0
3341.2,14.91,-0.1131,-0.3397,14770.0
3341.25,14.92,-0.1477,-0.4057,14810.0
3341.3,14.93,-0.1823,-0.4717,14840.0
3341.35,15.07,-0.1491,-0.2903,14840.0
3341.4,15.2,-0.1158,-0.109,14820.0
3341.45,15.22,-0.07464,-0.1185,14790.0
3341.5,15.25,-0.03344,-0.128,14740.0
3341.55,15.37,-0.083,-0.2233,14710.0
3341.6,15.49,-0.1326,-0.3185,14700.0
3341.65,15.4,-0.01254,-0.1519,14730.0
3341.7,15.3,0.1075,0.01463,14790.0
3341.75,15.31,0.2221,0.1878,14860.0
3341.8,15.32,0.3368,0.3609,14920.0
3341.85,15.17,0.1996,0.3147,14960.0
3341.9,15.01,0.0625,0.2685,14970.0
3341.95,14.93,-0.09872,0.384,14940.0
3342.0,14.85,-0.2599,0.4995,14900.0
3342.05,14.57,-0.1867,0.6007,14850.0
3342.1,14.29,-0.1135,0.7019,14830.0
3342.15,14.39,-0.2148,0.7581,14830.0
3342.2,14.49,-0.3161,0.8143,14860.0
3342.25,14.48,-0.4542,0.721,14900.0
3342.3,14.47,-0.5923,0.6277,14950.0
3342.35,14.45,-0.5018,0.6938,15000.0
3342.4,14.43,-0.4112,0.7599,15030.0
3342.45,14.64,-0.3951,0.6453,15050.0
3342.5,14.86,-0.379,0.5307,15060.0
3342.55,14.82,-0.6001,0.3031,15050.0
3342.6,14.79,-0.8212,0.0756,15030.0
3342.65,14.71,-0.8826,0.1472,15010.0
3342.7,14.63,-0.9439,0.2188,15000.0
3342.75,14.61,-0.8603,0.2935,15010.0
3342.8,14.58,-0.7767,0.3683,15040.0
3342.85,14.59,-0.9275,0.4546,15080.0
3342.9,14.59,-1.078,0.5409,15130.0
3342.95,14.58,-1.08,0.5017,15170.0
3343.0,14.56,-1.082,0.4624,15190.0
3343.05,14.41,-1.184,0.2192,15200.0
3343.1,14.26,-1.285,-0.0239,15190.0
3343.15,14.12,-1.077,-0.1006,15180.0
3343.2,13.98,-0.8694,-0.1773,15160.0
3343.25,14.13,-0.8545,-0.1646,15170.0
3343.3,14.28,-0.8396,-0.1519,15190.0
3343.35,14.44,-0.613,-0.259,15220.0
3343.4,14.59,-0.3865,-0.3661,15260.0
3343.45,14.49,-0.3784,-0.4264,15290.0
3343.5,14.39,-0.3702,-0.4868,15310.0
3343.55,14.09,-0.249,-0.1511,15300.0
3343.6,13.8,-0.1278,0.1846,15290.0
3343.65,13.95,0.01353,0.3006,15280.0
3343.7,14.1,0.1549,0.4165,15270.0
3343.75,14.31,0.326,0.3,15260.0
3343.8,14.52,0.4972,0.1834,15270.0
3343.85,14.54,0.3238,0.2018,15300.0
3343.9,14.56,0.1505,0.2202,15340.0
3343.95,14.41,0.06807,0.1996,15370.0
3344.0,14.27,-0.01433,0.179,15390.0
3344.05,14.47,-0.3077,0.2413,15390.0
3344.1,14.66,-0.6011,0.3036,15390.0
3344.15,14.81,-0.6859,0.1128,15360.0
3344.2,14.96,-0.7707,-0.07804,15320.0
3344.25,14.92,-0.6477,-0.05316,15290.0
3344.3,14.88,-0.5247,-0.02829,15280.0
3344.35,14.86,-0.3979,0.0389,15290.0
3344.4,14.84,-0.2711,0.1061,15310.0
3344.45,14.79,-0.2806,0.01024,15350.0
3344.5,14.75,-0.2902,-0.0856,15390.0
3344.55,14.79,-0.3135,-0.2042,15440.0
3344.6,14.82,-0.3368,-0.3229,15470.0
3344.65,14.78,-0.3802,-0.1536,15480.0
3344.7,14.75,-0.4236,0.01561,15460.0
3344.75,14.58,-0.6634,-0.04999,15430.0
3344.8,14.41,-0.9033,-0.1156,15390.0
3344.85,14.36,-0.8595,-0.1656,15350.0
3344.9,14.32,-0.8157,-0.2156,15320.0
3344.95,14.53,-0.8404,-0.2384,15300.0
3345.0,14.74,-0.865,-0.2612,15320.0
3345.05,14.7,-1.03,-0.212,15370.0
3345.1,14.65,-1.195,-0.1629,15430.0
3345.15,14.91,-1.015,-0.2741,15500.0
3345.2,15.18,-0.8348,-0.3853,15560.0
3345.25,15.06,-0.8312,-0.2625,15600.0
3345.3,14.94,-0.8276,-0.1397,15630.0
3345.35,14.96,-0.7442,-0.04487,15620.0
3345.4,14.98,-0.6608,0.04999,15570.0
3345.45,15.05,-0.8746,-0.00756,15510.0
3345.5,15.13,-1.088,-0.06511,15450.0
3345.55,15.05,-1.008,-0.1377,15420.0
3345.6,14.97,-0.9279,-0.2102,15430.0
3345.65,14.87,-0.6361,-0.2355,15470.0
3345.7,14.78,-0.3443,-0.2607,15540.0
3345.75,14.77,-0.2904,-0.2642,15630.0
3345.8,14.76,-0.2365,-0.2678,15710.0
3345.85,14.66,-0.3559,-0.1933,15760.0
3345.9,14.55,-0.4753,-0.1188,15760.0
3345.95,14.58,-0.5183,0.08121,15710.0
3346.0,14.62,-0.5613,0.2812,15660.0
3346.05,14.61,-0.6441,0.2389,15600.0
3346.1,14.61,-0.7269,0.1966,15560.0
3346.15,14.34,-0.9628,0.05097,15540.0
3346.2,14.06,-1.199,-0.09462,15550.0
3346.25,14.02,-1.153,0.05475,15600.0
3346.3,13.98,-1.108,0.2041,15650.0
3346.35,13.89,-0.8603,0.2701,15690.0
3346.4,13.8,-0.6123,0.3361,15710.0
3346.45,13.74,-0.589,0.2746,15710.0
3346.5,13.68,-0.5657,0.2131,15710.0
3346.55,13.64,-0.5513,0.2036,15680.0
3346.6,13.61,-0.537,0.1941,15630.0
3346.65,13.58,-0.5052,-0.08865,15590.0
3346.7,13.55,-0.4733,-0.3714,15570.0
3346.75,13.69,-0.624,-0.4575,15580.0
3346.8,13.83,-0.7747,-0.5436,15590.0
3346.85,13.86,-0.9232,-0.2797,15610.0
3346.9,13.9,-1.072,-0.01585,15630.0
3346.95,13.76,-0.7848,-0.2142,15670.0
3347.0,13.63,-0.498,-0.4126,15690.0
3347.05,13.62,-0.5617,-0.3652,15690.0
3347.1,13.61,-0.6254,-0.3178,15680.0
3347.15,13.63,-0.8093,-0.2873,15660.0
3347.2,13.65,-0.9932,-0.2568,15650.0
3347.25,13.63,-1.011,-0.2207,15650.0
3347.3,13.61,-1.029,-0.1846,15640.0
3347.35,13.59,-0.9821,-0.3901,15650.0
3347.4,13.57,-0.9351,-0.5955,15670.0
3347.45,13.5,-0.7767,-0.3867,15700.0
3347.5,13.42,-0.6182,-0.1778,15720.0
3347.55,13.25,-0.6775,-0.07511,15710.0
3347.6,13.08,-0.7369,0.02756,15690.0
3347.65,13.17,-0.6533,0.01414,15670.0
3347.7,13.25,-0.5697,0.0007316,15660.0
3347.75,13.26,-0.6742,-0.08133,15650.0
3347.8,13.26,-0.7787,-0.1634,15650.0
3347.85,13.34,-0.7689,-0.1094,15680.0
3347.9,13.42,-0.7591,-0.05536,15740.0
3347.95,13.34,-0.6196,0.1663,15810.0
3348.0,13.25,-0.4801,0.388,15850.0
3348.05,13.31,-0.4401,0.2261,15870.0
3348.1,13.37,-0.4001,0.06414,15850.0
3348.15,13.21,-0.5018,0.03487,15820.0
3348.2,13.05,-0.6035,0.005609,15760.0
3348.25,12.91,-0.7526,-0.1757,15710.0
3348.3,12.77,-0.9017,-0.357,15660.0
3348.35,12.8,-0.785,-0.4034,15650.0
3348.4,12.84,-0.6684,-0.4497,15680.0
3348.45,12.87,-0.6676,-0.4876,15730.0
3348.5,12.9,-0.6668,-0.5256,15790.0
3348.55,12.82,-0.8087,-0.471,15830.0
3348.6,12.75,-0.9506,-0.4165,15870.0
3348.65,12.76,-1.006,-0.3835,15880.0
3348.7,12.77,-1.06,-0.3504,15870.0
3348.75,12.71,-0.7954,-0.3359,15820.0
3348.8,12.65,-0.5302,-0.3214,15750.0
3348.85,12.61,-0.6069,-0.2429,15700.0
3348.9,12.57,-0.6835,-0.1644,15660.0
3348.95,12.44,-0.7106,-0.184,15640.0
3349.0,12.31,-0.7376,-0.2036,15640.0
3349.05,12.22,-0.5076,-0.1999,15650.0
3349.1,12.12,-0.2775,-0.1961,15670.0
3349.15,12.19,-0.1815,-0.3409,15690.0
3349.2,12.25,-0.08559,-0.4858,15710.0
3349.25,12.43,-0.3201,-0.5427,15730.0
3349.3,12.6,-0.5545,-0.5997,15740.0
3349.35,12.81,-0.7663,-0.6025,15740.0
3349.4,13.03,-0.9781,-0.6053,15730.0
3349.45,13.08,-1.055,-0.444,15700.0
3349.5,13.12,-1.133,-0.2827,15660.0
3349.55,12.92,-1.173,-0.2739,15640.0
3349.6,12.72,-1.213,-0.2651,15640.0
3349.65,12.63,-1.202,-0.1006,15640.0
3349.7,12.54,-1.191,0.0639,15650.0
3349.75,12.47,-1.057,0.0417,15670.0
3349.8,12.41,-0.9232,0.01951,15710.0
3349.85,12.42,-0.9182,0.09218,15740.0
3349.9,12.43,-0.9132,0.1649,15740.0
3349.95,12.46,-0.7488,0.07755,15730.0
3350.0,12.49,-0.5844,-0.009755,15700.0
3350.05,12.39,-0.6899,0.2058,15680.0
3350.1,12.28,-0.7954,0.4214,15670.0
3350.15,12.37,-0.8382,0.7053,15660.0
3350.2,12.46,-0.881,0.9892,15660.0
3350.25,12.56,-0.9638,0.7453,15680.0
3350.3,12.67,-1.047,0.5014,15710.0
3350.35,12.53,-0.9526,0.4334,15730.0
3350.4,12.38,-0.8587,0.3653,15740.0
3350.45,12.28,-0.882,0.2725,15730.0
3350.5,12.17,-0.9052,0.1797,15720.0
3350.55,12.21,-0.9218,0.1247,15700.0
3350.6,12.25,-0.9383,0.06975,15670.0
3350.65,12.43,-0.9586,0.02634,15640.0
3350.7,12.6,-0.9789,-0.01707,15630.0
3350.75,12.55,-1.05,-0.09926,15660.0
3350.8,12.5,-1.12,-0.1814,15690.0
3350.85,12.46,-1.199,-0.1449,15710.0
3350.9,12.43,-1.277,-0.1083,15720.0
3350.95,12.48,-1.237,-0.009633,15740.0
3351.0,12.53,-1.197,0.08901,15730.0
3351.05,12.68,-1.155,-0.02341,15700.0
3351.1,12.83,-1.113,-0.1358,15640.0
3351.15,12.95,-1.007,-0.03939,15590.0
3351.2,13.07,-0.9009,0.05707,15580.0
3351.25,13.07,-0.8943,-0.1049,15580.0
3351.3,13.06,-0.8877,-0.2668,15590.0
3351.35,13.11,-0.8091,-0.2164,15610.0
3351.4,13.15,-0.7305,-0.1661,15650.0
3351.45,13.22,-0.6103,-0.008292,15680.0
3351.5,13.29,-0.49,0.1495,15690.0
3351.55,13.22,-0.4574,0.1186,15660.0
3351.6,13.16,-0.4248,0.0878,15610.0
3351.65,13.07,-0.6951,-0.106,15570.0
3351.7,12.98,-0.9654,-0.2997,15540.0
3351.75,13.04,-1.066,-0.1774,15510.0
3351.8,13.09,-1.167,-0.05512,15500.0
3351.85,13.09,-1.199,0.01695,15510.0
3351.9,13.09,-1.231,0.08901,15550.0
3351.95,13.16,-0.9534,0.006341,15600.0
3352.0,13.23,-0.6759,-0.07633,15620.0
3352.05,13.16,-0.8547,-0.01683,15620.0
3352.1,13.1,-1.033,0.04268,15630.0
3352.15,13.23,-1.0,-0.04975,15630.0
3352.2,13.35,-0.9669,-0.1422,15620.0
3352.25,13.33,-1.071,-0.155,15580.0
3352.3,13.3,-1.175,-0.1678,15550.0
3352.35,13.17,-1.032,-0.05938,15540.0
3352.4,13.04,-0.8893,0.04902,15550.0
3352.45,12.88,-0.7635,0.01573,15550.0
3352.5,12.71,-0.6377,-0.01756,15540.0
3352.55,12.75,-0.4494,-0.1734,15550.0
3352.6,12.78,-0.2611,-0.3292,15580.0
3352.65,12.7,-0.247,-0.4648,15610.0
3352.7,12.61,-0.2329,-0.6004,15600.0
3352.75,12.79,-0.4156,-0.4756,15590.0
3352.8,12.98,-0.5983,-0.3507,15580.0
3352.85,12.87,-0.6001,-0.2191,15590.0
3352.9,12.77,-0.6019,-0.08755,15590.0
3352.95,12.78,-0.7028,-0.166,15580.0
3353.0,12.79,-0.8037,-0.2444,15570.0
3353.05,12.79,-0.6809,-0.09767,15580.0
3353.1,12.8,-0.5581,0.04902,15590.0
3353.15,12.67,-0.5549,-0.02268,15590.0
3353.2,12.54,-0.5517,-0.09438,15580.0
3353.25,12.55,-0.7297,0.06841,15590.0
3353.3,12.56,-0.9076,0.2312,15610.0
3353.35,12.69,-0.7661,0.1977,15620.0
3353.4,12.83,-0.6246,0.1641,15610.0
3353.45,13.04,-0.5784,0.2751,15590.0
3353.5,13.25,-0.5322,0.3861,15580.0
3353.55,13.36,-0.7365,0.2423,15580.0
3353.6,13.46,-0.9407,0.09853,15580.0
3353.65,13.58,-0.8768,0.1714,15560.0
3353.7,13.7,-0.8129,0.2444,15560.0
3353.75,13.56,-0.8913,0.08267,15580.0
3353.8,13.42,-0.9697,-0.07902,15610.0
3353.85,13.43,-0.9564,-0.09572,15610.0
3353.9,13.45,-0.9431,-0.1124,15590.0
3353.95,13.53,-0.8638,0.09279,15560.0
3354.0,13.61,-0.7846,0.298,15550.0
3354.05,13.49,-0.9056,0.04768,15530.0
3354.1,13.37,-1.027,-0.2027,15510.0
3354.15,13.22,-1.09,-0.1282,15490.0
3354.2,13.08,-1.154,-0.05365,15500.0
3354.25,13.33,-1.123,0.02597,15530.0
3354.3,13.59,-1.093,0.1056,15550.0
3354.35,13.6,-1.083,-0.001707,15550.0
3354.4,13.62,-1.072,-0.109,15540.0
3354.45,13.7,-1.155,0.1741,15540.0
3354.5,13.79,-1.237,0.4573,15540.0
3354.55,13.63,-1.192,0.2405,15520.0
3354.6,13.48,-1.147,0.02366,15500.0
3354.65,13.25,-1.062,0.02402,15480.0
3354.7,13.03,-0.9769,0.02439,15480.0
3354.75,12.94,-1.086,0.009877,15480.0
3354.8,12.85,-1.195,-0.004634,15470.0
3354.85,12.85,-1.353,-0.009389,15460.0
3354.9,12.85,-1.512,-0.01414,15480.0
3354.95,12.82,-1.593,-0.1766,15500.0
3355.0,12.79,-1.675,-0.339,15510.0
3355.05,12.92,-1.717,-0.5421,15490.0
3355.1,13.05,-1.758,-0.7453,15470.0
3355.15,13.14,-1.685,-0.7519,15460.0
3355.2,13.23,-1.613,-0.7585,15460.0
3355.25,13.5,-1.378,-0.6885,15450.0
3355.3,13.77,-1.144,-0.6185,15440.0
3355.35,13.88,-1.229,-0.4058,15440.0
3355.4,13.99,-1.315,-0.1931,15460.0
3355.45,13.73,-1.415,-0.08755,15490.0
3355.5,13.46,-1.514,0.01805,15490.0
3355.55,13.54,-1.575,0.1041,15480.0
3355.6,13.61,-1.637,0.1902,15470.0
3355.65,13.7,-1.592,0.3192,15480.0
3355.7,13.79,-1.548,0.4482,15470.0
3355.75,13.68,-1.533,0.5374,15450.0
3355.8,13.56,-1.519,0.6265,15440.0
3355.85,13.53,-1.633,0.618,15450.0
3355.9,13.5,-1.748,0.6094,15480.0
3355.95,13.43,-1.682,0.5329,15500.0
3356.0,13.36,-1.616,0.4563,15510.0
3356.05,13.44,-1.968,0.3858,15500.0
3356.1,13.52,-2.321,0.3153,15490.0
3356.15,13.66,-2.131,0.2912,15490.0
3356.2,13.8,-1.941,0.267,15470.0
3356.25,13.71,-1.944,0.2412,15440.0
3356.3,13.62,-1.947,0.2153,15420.0
3356.35,13.4,-2.191,0.3144,15420.0
3356.4,13.18,-2.434,0.4134,15420.0
3356.45,13.15,-2.608,0.5601,15430.0
3356.5,13.13,-2.783,0.7068,15440.0
3356.55,13.2,-2.742,0.6666,15450.0
3356.6,13.28,-2.702,0.6265,15460.0
3356.65,13.36,-2.552,0.7824,15450.0
3356.7,13.43,-2.401,0.9382,15440.0
3356.75,13.4,-2.213,0.8877,15420.0
3356.8,13.36,-2.024,0.8372,15400.0
3356.85,13.43,-1.951,0.6838,15380.0
3356.9,13.5,-1.878,0.5304,15360.0
3356.95,13.67,-1.885,0.4524,15330.0
3357.0,13.84,-1.892,0.3743,15320.0
3357.05,13.86,-1.839,0.2028,15330.0
3357.1,13.88,-1.786,0.03122,15340.0
3357.15,14.02,-1.83,0.0617,15340.0
3357.2,14.15,-1.873,0.09218,15340.0
3357.25,14.09,-1.706,0.2972,15340.0
3357.3,14.02,-1.538,0.5021,15330.0
3357.35,14.07,-1.355,0.4754,15320.0
3357.4,14.11,-1.172,0.4487,15300.0
3357.45,14.16,-1.119,0.3822,15290.0
3357.5,14.2,-1.066,0.3156,15290.0
3357.55,14.26,-1.036,0.4265,15290.0
3357.6,14.31,-1.006,0.5375,15270.0
3357.65,14.36,-0.696,0.4195,15240.0
3357.7,14.41,-0.3861,0.3014,15210.0
3357.75,14.53,-0.6206,0.4143,15200.0
3357.8,14.65,-0.8551,0.5273,15190.0
3357.85,14.62,-0.9476,0.4087,15180.0
3357.9,14.59,-1.04,0.2902,15190.0
3357.95,14.5,-0.9693,0.2506,15210.0
3358.0,14.4,-0.8985,0.211,15250.0
3358.05,14.52,-0.8248,0.2073,15280.0
3358.1,14.65,-0.7512,0.2036,15280.0
3358.15,14.83,-0.7737,0.1558,15240.0
3358.2,15.02,-0.7962,0.108,15200.0
3358.25,15.16,-0.8431,0.04256,15150.0
3358.3,15.31,-0.8901,-0.02292,15110.0
3358.35,15.33,-0.8979,0.06792,15080.0
3358.4,15.35,-0.9056,0.1588,15090.0
3358.45,15.33,-0.9295,0.08877,15130.0
3358.5,15.32,-0.9534,0.01878,15170.0
3358.55,15.22,-1.04,-0.03073,15200.0
3358.6,15.11,-1.127,-0.08024,15200.0
3358.65,15.03,-1.029,-0.1062,15190.0
3358.7,14.95,-0.9307,-0.1322,15160.0
3358.75,14.82,-1.052,-0.339,15140.0
3358.8,14.68,-1.172,-0.5458,15100.0
3358.85,14.8,-1.07,-0.3982,15080.0
3358.9,14.92,-0.9673,-0.2507,15070.0
3358.95,14.76,-1.007,-0.2555,15080.0
3359.0,14.59,-1.047,-0.2602,15090.0
3359.05,14.54,-1.155,-0.1785,15100.0
3359.1,14.5,-1.262,-0.09682,15090.0
3359.15,14.73,-1.341,0.09987,15100.0
3359.2,14.97,-1.421,0.2966,15100.0
3359.25,14.92,-1.556,0.4012,15090.0
3359.3,14.87,-1.69,0.5058,15070.0
3359.35,14.8,-1.605,0.496,15050.0
3359.4,14.72,-1.521,0.4863,15050.0
3359.45,14.63,-1.6,0.3615,15050.0
3359.5,14.54,-1.679,0.2368,15050.0
3359.55,14.47,-1.615,0.2924,15040.0
3359.6,14.39,-1.551,0.348,15050.0
3359.65,14.43,-1.374,0.4151,15060.0
3359.7,14.47,-1.197,0.4821,15050.0
3359.75,14.62,-1.177,0.424,15020.0
3359.8,14.78,-1.156,0.3658,15000.0
3359.85,14.59,-1.132,0.3862,14980.0
3359.9,14.4,-1.108,0.4065,14980.0
3359.95,14.17,-1.109,0.3261,14980.0
3360.0,13.94,-1.109,0.2456,14980.0
3360.05,13.97,-1.063,0.583,14990.0
3360.1,14.0,-1.016,0.9204,14990.0
3360.15,13.98,-1.03,0.6411,14990.0
3360.2,13.95,-1.045,0.3619,14970.0
3360.25,13.94,-1.03,0.2178,14940.0
3360.3,13.92,-1.016,0.07365,14920.0
3360.35,13.94,-0.868,0.3118,14910.0
3360.4,13.96,-0.7201,0.5499,14910.0
3360.45,13.87,-0.8901,0.4179,14900.0
3360.5,13.79,-1.06,0.2858,14900.0
3360.55,13.96,-1.181,0.4079,14900.0
3360.6,14.14,-1.302,0.5299,14910.0
3360.65,14.21,-1.317,0.2196,14900.0
3360.7,14.28,-1.333,-0.09072,14890.0
3360.75,14.19,-1.253,-0.196,14890.0
3360.8,14.1,-1.173,-0.3012,14900.0
3360.85,14.14,-1.128,-0.1736,14910.0
3360.9,14.18,-1.082,-0.04609,14900.0
3360.95,14.19,-0.9423,-0.1378,14880.0
3361.0,14.19,-0.8021,-0.2295,14860.0
3361.05,13.98,-0.5679,-0.2178,14850.0
3361.1,13.77,-0.3336,-0.2061,14830.0
3361.15,13.76,-0.3565,-0.08609,14820.0
3361.2,13.75,-0.3794,0.0339,14820.0
3361.25,13.79,-0.3734,0.1485,14850.0
3361.3,13.83,-0.3674,0.2631,14880.0
3361.35,13.72,-0.4194,0.09487,14900.0
3361.4,13.61,-0.4713,-0.07341,14910.0
3361.45,13.66,-0.7227,-0.1144,14910.0
3361.5,13.72,-0.9741,-0.1553,14900.0
3361.55,13.71,-0.9606,-0.06451,14880.0
3361.6,13.71,-0.947,0.02634,14840.0
3361.65,13.69,-0.8439,0.0945,14800.0
3361.7,13.67,-0.7408,0.1627,14790.0
3361.75,13.95,-0.8069,0.1294,14790.0
3361.8,14.23,-0.873,0.09609,14810.0
3361.85,14.22,-0.8346,0.07792,14840.0
3361.9,14.21,-0.7962,0.05975,14870.0
3361.95,14.24,-0.8342,-0.07377,14910.0
3362.0,14.28,-0.8722,-0.2073,14930.0
3362.05,14.19,-1.002,-0.1756,14920.0
3362.1,14.1,-1.133,-0.1439,14890.0
3362.15,14.19,-1.175,-0.0139,14870.0
3362.2,14.28,-1.217,0.1161,14860.0
3362.25,14.28,-1.07,0.2787,14850.0
3362.3,14.29,-0.924,0.4414,14840.0
3362.35,14.41,-0.8678,0.397,14850.0
3362.4,14.52,-0.8117,0.3526,14860.0
3362.45,14.44,-0.8911,0.2251,14870.0
3362.5,14.36,-0.9705,0.09755,14860.0
3362.55,14.45,-1.073,-0.09792,14830.0
3362.6,14.54,-1.176,-0.2934,14820.0
3362.65,14.58,-1.137,0.02939,14820.0
3362.7,14.62,-1.097,0.3522,14830.0
3362.75,14.59,-0.9606,0.4713,14830.0
3362.8,14.56,-0.8244,0.5904,14820.0
3362.85,14.6,-0.7814,0.5454,14820.0
3362.9,14.64,-0.7384,0.5004,14830.0
3362.95,14.64,-0.7309,0.7132,14820.0
3363.0,14.64,-0.7233,0.926,14790.0
3363.05,14.8,-0.5943,0.8428,14770.0
3363.1,14.96,-0.4654,0.7597,14760.0
3363.15,15.04,-0.6266,0.7031,14770.0
3363.2,15.13,-0.7878,0.6465,14760.0
3363.25,15.28,-0.6439,0.6514,14730.0
3363.3,15.44,-0.5,0.6563,14710.0
3363.35,15.38,-0.5923,0.6583,14700.0
3363.4,15.32,-0.6847,0.6604,14700.0
3363.45,15.27,-0.6767,0.584,14690.0
3363.5,15.22,-0.6688,0.5075,14700.0
3363.55,15.26,-0.4888,0.6798,14730.0
3363.6,15.3,-0.3089,0.8521,14760.0
3363.65,15.22,-0.1499,0.5805,14770.0
3363.7,15.15,0.009156,0.309,14750.0
3363.75,15.05,-0.004777,0.1352,14710.0
3363.8,14.96,-0.01871,-0.03853,14660.0
3363.85,15.07,-0.03543,0.05877,14620.0
3363.9,15.19,-0.05215,0.1561,14590.0
3363.95,15.19,-0.3109,0.1389,14590.0
3364.0,15.18,-0.5697,0.1217,14630.0
3364.05,15.14,-0.5798,0.1741,14680.0
3364.1,15.1,-0.59,0.2266,14730.0
3364.15,15.07,-0.672,0.2495,14760.0
3364.2,15.05,-0.754,0.2724,14760.0
3364.25,15.08,-0.8708,0.2664,14750.0
3364.3,15.12,-0.9876,0.2605,14720.0
3364.35,15.07,-1.012,0.1947,14670.0
3364.4,15.01,-1.035,0.129,14620.0
3364.45,14.89,-1.123,0.2123,14580.0
3364.5,14.77,-1.211,0.2956,14570.0
3364.55,14.94,-1.274,0.1262,14590.0
3364.6,15.12,-1.337,-0.04317,14620.0
3364.65,15.08,-1.206,-0.02512,14670.0
3364.7,15.05,-1.075,-0.007072,14730.0
3364.75,15.13,-0.8435,0.217,14770.0
3364.8,15.22,-0.6123,0.4412,14790.0
3364.85,15.26,-0.53,0.2708,14770.0
3364.9,15.31,-0.4478,0.1005,14740.0
3364.95,15.28,-0.4781,0.1473,14690.0
3365.0,15.26,-0.5084,0.1941,14630.0
3365.05,15.1,-0.2066,0.1614,14590.0
3365.1,14.93,0.09514,0.1288,14580.0
3365.15,14.84,0.09673,0.1618,14600.0
3365.2,14.74,0.09833,0.1949,14640.0
3365.25,14.75,0.08678,0.4403,14680.0
3365.3,14.77,0.07524,0.6858,14720.0
3365.35,14.68,0.0406,0.5785,14740.0
3365.4,14.59,0.005971,0.4712,14740.0
3365.45,14.57,0.008161,0.4998,14730.0
3365.5,14.55,0.01035,0.5285,14690.0
3365.55,14.43,0.03324,0.4539,14660.0
3365.6,14.31,0.05613,0.3792,14630.0
3365.65,14.34,-0.06907,0.1984,14630.0
3365.7,14.37,-0.1943,0.01756,14640.0
3365.75,14.41,-0.3477,0.03756,14660.0
3365.8,14.45,-0.5012,0.05755,14680.0
3365.85,14.4,-0.7088,0.002073,14700.0
3365.9,14.34,-0.9164,-0.05341,14710.0
3365.95,14.44,-0.8583,-0.04768,14700.0
3366.0,14.53,-0.8001,-0.04195,14680.0
3366.05,14.5,-0.8435,0.07963,14650.0
3366.1,14.47,-0.8869,0.2012,14640.0
3366.15,14.45,-0.9355,0.03768,14640.0
3366.2,14.44,-0.9841,-0.1258,14650.0
3366.25,14.49,-0.8652,0.03731,14660.0
3366.3,14.54,-0.7464,0.2005,14690.0
3366.35,14.48,-0.6375,0.2273,14720.0
3366.4,14.42,-0.5287,0.2541,14740.0
3366.45,14.28,-0.5619,0.2294,14720.0
3366.5,14.15,-0.5951,0.2046,14680.0
3366.55,14.07,-0.5285,0.04304,14640.0
3366.6,13.99,-0.4618,-0.1185,14610.0
3366.65,14.04,-0.4664,-0.06316,14580.0
3366.7,14.09,-0.4709,-0.007804,14580.0
3366.75,14.29,-0.4395,-0.07743,14600.0
3366.8,14.48,-0.408,-0.1471,14650.0
3366.85,14.45,-0.455,-0.07999,14700.0
3366.9,14.42,-0.502,-0.01293,14740.0
3366.95,14.33,-0.5147,0.1386,14740.0
3367.0,14.23,-0.5275,0.2902,14740.0
3367.05,14.17,-0.4668,0.2339,14720.0
3367.1,14.11,-0.406,0.1775,14670.0
3367.15,14.26,-0.4504,0.08767,14610.0
3367.2,14.42,-0.4948,-0.002195,14560.0
3367.25,14.42,-0.7303,-0.1119,14550.0
3367.3,14.41,-0.9658,-0.2217,14570.0
3367.35,14.37,-0.862,-0.3746,14600.0
3367.4,14.32,-0.7583,-0.5275,14630.0
3367.45,14.34,-0.6604,-0.5664,14680.0
3367.5,14.36,-0.5625,-0.6053,14720.0
3367.55,14.65,-0.6031,-0.5616,14740.0
3367.6,14.94,-0.6437,-0.518,14710.0
3367.65,14.82,-0.706,-0.5338,14660.0
3367.7,14.71,-0.7683,-0.5497,14610.0
3367.75,14.63,-0.8517,-0.5547,14580.0
3367.8,14.55,-0.9351,-0.5597,14560.0
3367.85,14.67,-0.9988,-0.4063,14560.0
3367.9,14.8,-1.062,-0.2529,14590.0
3367.95,14.71,-0.9504,0.06158,14650.0
3368.0,14.63,-0.8384,0.3761,14700.0
3368.05,14.64,-0.7619,0.0956,14720.0
3368.1,14.64,-0.6855,-0.1849,14700.0
3368.15,14.72,-0.7353,-0.2405,14670.0
3368.2,14.79,-0.785,-0.2961,14640.0
3368.25,14.73,-0.7591,-0.1974,14610.0
3368.3,14.67,-0.7333,-0.09877,14580.0
3368.35,14.74,-0.5764,-0.0945,14570.0
3368.4,14.82,-0.4196,-0.09023,14590.0
3368.45,14.65,-0.3939,-0.1696,14640.0
3368.5,14.48,-0.3682,-0.249,14690.0
3368.55,14.47,-0.4986,-0.2658,14710.0
3368.6,14.46,-0.629,-0.2827,14720.0
3368.65,14.38,-0.7705,-0.1746,14720.0
3368.7,14.31,-0.912,-0.06658,14690.0
3368.75,14.42,-0.9291,0.05536,14650.0
3368.8,14.53,-0.9462,0.1773,14600.0
3368.85,14.51,-0.8601,0.2085,14570.0
3368.9,14.49,-0.7739,0.2397,14580.0
3368.95,14.61,-0.7376,0.4513,14620.0
3369.0,14.72,-0.7014,0.6629,14670.0
3369.05,14.69,-0.8201,0.5586,14710.0
3369.1,14.66,-0.9387,0.4543,14740.0
3369.15,14.61,-1.043,0.4996,14750.0
3369.2,14.56,-1.148,0.5448,14730.0
3369.25,14.68,-1.185,0.478,14680.0
3369.3,14.79,-1.223,0.4112,14640.0
3369.35,14.97,-1.024,0.3044,14620.0
3369.4,15.15,-0.8256,0.1975,14630.0
3369.45,15.15,-0.4596,0.2767,14650.0
3369.5,15.16,-0.09355,0.3558,14680.0
3369.55,15.29,-0.2138,0.4318,14710.0
3369.6,15.42,-0.334,0.5077,14750.0
3369.65,15.55,-0.3816,0.5063,14780.0
3369.7,15.68,-0.4291,0.5048,14780.0
3369.75,15.6,-0.3165,0.5859,14760.0
3369.8,15.52,-0.2038,0.667,14740.0
3369.85,15.54,-0.02707,0.8142,14720.0
3369.9,15.56,0.1497,0.9614,14700.0
3369.95,15.42,0.3025,0.9459,14700.0
3370.0,15.28,0.4554,0.9304,14710.0
3370.05,15.44,0.3228,0.8527,14740.0
3370.1,15.6,0.1903,0.775,14770.0
3370.15,15.7,0.1692,0.7239,14800.0
3370.2,15.81,0.1481,0.6729,14820.0
3370.25,16.02,0.2088,0.9345,14820.0
3370.3,16.24,0.2695,1.196,14810.0
3370.35,16.16,0.2287,1.157,14790.0
3370.4,16.08,0.1879,1.117,14760.0
3370.45,16.09,0.3776,0.85,14740.0
3370.5,16.1,0.5673,0.5826,14730.0
3370.55,16.01,0.6379,0.536,14740.0
3370.6,15.92,0.7086,0.4895,14770.0
3370.65,16.14,0.6246,0.4996,14790.0
3370.7,16.37,0.5406,0.5097,14820.0
3370.75,16.29,0.5533,0.3603,14840.0
3370.8,16.22,0.5661,0.211,14840.0
3370.85,16.13,0.6113,0.1603,14830.0
3370.9,16.05,0.6564,0.1097,14800.0
3370.95,16.09,0.4815,0.2705,14780.0
3371.0,16.13,0.3065,0.4312,14760.0
3371.05,16.17,0.3027,0.435,14750.0
3371.1,16.22,0.299,0.4387,14770.0
3371.15,16.17,0.3607,0.3856,14800.0
3371.2,16.13,0.4224,0.3324,14830.0
3371.25,16.27,0.4118,0.3202,14860.0
3371.3,16.42,0.4013,0.308,14880.0
3371.35,16.38,0.407,0.418,14880.0
3371.4,16.34,0.4128,0.528,14870.0
3371.45,16.41,0.405,0.5096,14860.0
3371.5,16.48,0.3973,0.4912,14840.0
3371.55,16.73,0.3201,0.4065,14830.0
3371.6,16.99,0.2428,0.3219,14820.0
3371.65,17.03,0.2498,0.1771,14820.0
3371.7,17.07,0.2568,0.03219,14840.0
3371.75,16.97,0.4222,0.2913,14880.0
3371.8,16.87,0.5876,0.5504,14910.0
3371.85,16.91,0.4397,0.4837,14940.0
3371.9,16.94,0.2918,0.417,14960.0
3371.95,16.84,0.2486,0.4029,14970.0
3372.0,16.74,0.2054,0.3887,14970.0
3372.05,16.76,0.158,0.5453,14960.0
3372.1,16.78,0.1107,0.7019,14940.0
3372.15,16.84,-0.03244,0.672,14930.0
3372.2,16.9,-0.1756,0.6421,14940.0
3372.25,16.76,-0.2623,0.5457,14950.0
3372.3,16.62,-0.3491,0.4492,14980.0
3372.35,16.6,-0.3971,0.6875,15010.0
3372.4,16.59,-0.4451,0.9258,15040.0
3372.45,16.72,-0.3851,0.9297,15060.0
3372.5,16.85,-0.3252,0.9336,15070.0
3372.55,16.84,-0.409,0.7711,15070.0
3372.6,16.82,-0.4928,0.6087,15080.0
3372.65,16.81,-0.6033,0.4406,15080.0
3372.7,16.79,-0.7138,0.2724,15090.0
3372.75,16.75,-0.5906,0.2264,15100.0
3372.8,16.72,-0.4673,0.1805,15110.0
3372.85,16.6,-0.6001,0.09475,15130.0
3372.9,16.49,-0.7329,0.009023,15150.0
3372.95,16.43,-0.632,-0.01073,15170.0
3373.0,16.38,-0.531,-0.03048,15180.0
3373.05,16.46,-0.3981,0.01232,15170.0
3373.1,16.55,-0.2651,0.05512,15160.0
3373.15,16.46,-0.2464,0.1344,15160.0
3373.2,16.37,-0.2277,0.2136,15170.0
3373.25,16.26,-0.4753,0.09792,15180.0
3373.3,16.15,-0.7229,-0.0178,15200.0
3373.35,16.0,-0.9088,-0.1902,15220.0
3373.4,15.85,-1.095,-0.3626,15250.0
3373.45,15.95,-1.136,-0.4578,15280.0
3373.5,16.05,-1.178,-0.5529,15300.0
3373.55,15.99,-1.231,-0.6092,15300.0
3373.6,15.93,-1.284,-0.6655,15300.0
3373.65,15.86,-1.408,-0.743,15280.0
3373.7,15.78,-1.533,-0.8204,15250.0
3373.75,15.83,-1.506,-0.5257,15220.0
3373.8,15.87,-1.48,-0.231,15210.0
3373.85,15.74,-1.37,-0.3009,15240.0
3373.9,15.61,-1.26,-0.3709,15280.0
3373.95,15.55,-1.316,-0.3865,15320.0
3374.0,15.48,-1.372,-0.4022,15360.0
3374.05,15.38,-1.202,-0.451,15390.0
3374.1,15.28,-1.032,-0.4999,15410.0
3374.15,15.39,-1.02,-0.5504,15400.0
3374.2,15.5,-1.007,-0.6009,15370.0
3374.25,15.29,-0.9148,-0.6672,15330.0
3374.3,15.09,-0.8224,-0.7336,15310.0
3374.35,14.92,-0.5822,-0.7988,15300.0
3374.4,14.74,-0.342,-0.8641,15300.0
3374.45,14.73,-0.09892,-0.6924,15320.0
3374.5,14.73,0.1441,-0.5207,15360.0
3374.55,14.66,0.1204,-0.6107,15410.0
3374.6,14.6,0.09673,-0.7007,15470.0
3374.65,14.54,0.04697,-0.5185,15510.0
3374.7,14.49,-0.002787,-0.3363,15530.0
3374.75,14.55,0.01931,-0.3336,15550.0
3374.8,14.6,0.0414,-0.3309,15550.0
3374.85,14.63,-0.1971,-0.198,15540.0
3374.9,14.65,-0.4355,-0.06511,15520.0
3374.95,14.7,-0.4556,-0.1922,15490.0
3375.0,14.75,-0.4757,-0.3192,15480.0
3375.05,14.85,-0.5764,-0.4763,15500.0
3375.1,14.95,-0.6771,-0.6333,15530.0
3375.15,14.89,-0.6493,-0.5527,15580.0
3375.2,14.82,-0.6214,-0.4721,15640.0
3375.25,14.79,-0.4224,-0.3008,15700.0
3375.3,14.76,-0.2233,-0.1295,15740.0
3375.35,14.55,-0.2534,-0.1983,15750.0
3375.4,14.33,-0.2834,-0.267,15750.0
3375.45,14.2,-0.3008,-0.3736,15740.0
3375.5,14.06,-0.3181,-0.4802,15730.0
3375.55,13.98,-0.4106,-0.4857,15740.0
3375.6,13.9,-0.5032,-0.4912,15750.0
3375.65,13.75,-0.4325,-0.2679,15760.0
3375.7,13.6,-0.3619,-0.04463,15790.0
3375.75,13.46,-0.3798,-0.1132,15810.0
3375.8,13.33,-0.3977,-0.1817,15820.0
3375.85,13.38,-0.3875,-0.06304,15820.0
3375.9,13.43,-0.3774,0.0556,15810.0
3375.95,13.36,-0.292,0.1163,15810.0
3376.0,13.28,-0.2066,0.1771,15830.0
3376.05,13.48,-0.1029,-0.08962,15850.0
3376.1,13.68,0.0007962,-0.3563,15880.0
3376.15,13.65,-0.006369,-0.189,15910.0
3376.2,13.61,-0.01353,-0.0217,15930.0
3376.25,13.84,0.04916,-0.08084,15940.0
3376.3,14.08,0.1119,-0.14,15940.0
3376.35,14.1,-0.002189,-0.1224,15920.0
3376.4,14.11,-0.1162,-0.1049,15900.0
3376.45,14.27,-0.04837,0.0756,15890.0
3376.5,14.42,0.01951,0.2561,15880.0
3376.55,14.34,-0.1728,0.2435,15870.0
3376.6,14.25,-0.365,0.231,15870.0
3376.65,14.19,-0.3828,0.06609,15880.0
3376.7,14.12,-0.4005,-0.09877,15920.0
3376.75,14.32,-0.1849,0.05573,15960.0
3376.8,14.52,0.03065,0.2102,16010.0
3376.85,14.4,-0.003782,0.288,16050.0
3376.9,14.28,-0.03822,0.3658,16060.0
3376.95,14.26,-0.1525,0.3148,16050.0
3377.0,14.23,-0.2667,0.2639,16000.0
3377.05,14.18,-0.327,0.2269,15940.0
3377.1,14.12,-0.3873,0.19,15890.0
3377.15,14.1,-0.3652,0.3696,15880.0
3377.2,14.08,-0.3431,0.5492,15910.0
3377.25,14.09,-0.2663,0.4829,15980.0
3377.3,14.11,-0.1895,0.4165,16070.0
3377.35,14.0,-0.3587,0.4647,16150.0
3377.4,13.89,-0.5279,0.5129,16210.0
3377.45,13.83,-0.5028,0.408,16230.0
3377.5,13.77,-0.4777,0.3031,16200.0
3377.55,13.84,-0.5213,0.3725,16140.0
3377.6,13.92,-0.5649,0.4419,16080.0
3377.65,13.7,-0.6501,0.2956,16050.0
3377.7,13.48,-0.7353,0.1493,16050.0
3377.75,13.56,-0.8087,0.04378,16100.0
3377.8,13.64,-0.8822,-0.0617,16160.0
3377.85,13.81,-0.8145,0.01183,16230.0
3377.9,13.98,-0.7468,0.08536,16290.0
3377.95,13.97,-0.8099,0.3245,16340.0
3378.0,13.96,-0.873,0.5636,16350.0
3378.05,13.69,-0.8232,0.5573,16330.0
3378.1,13.42,-0.7735,0.5509,16310.0
3378.15,13.4,-0.8981,0.3361,16300.0
3378.2,13.37,-1.023,0.1212,16290.0
3378.25,13.37,-1.044,-0.07182,16280.0
3378.3,13.36,-1.064,-0.2648,16270.0
3378.35,13.54,-0.9419,-0.3211,16280.0
3378.4,13.71,-0.8193,-0.3773,16300.0
3378.45,13.72,-0.7245,-0.4159,16330.0
3378.5,13.74,-0.6298,-0.4546,16370.0
3378.55,13.86,-0.9038,-0.4643,16390.0
3378.6,13.99,-1.178,-0.4741,16420.0
3378.65,14.08,-1.147,-0.4708,16420.0
3378.7,14.17,-1.117,-0.4675,16390.0
3378.75,14.3,-1.202,-0.4595,16360.0
3378.8,14.43,-1.286,-0.4514,16320.0
3378.85,14.3,-1.236,-0.4452,16290.0
3378.9,14.18,-1.185,-0.439,16280.0
3378.95,14.19,-0.9558,-0.568,16280.0
3379.0,14.2,-0.7265,-0.697,16310.0
3379.05,14.37,-0.6184,-0.5931,16340.0
3379.1,14.54,-0.5103,-0.4892,16360.0
3379.15,14.47,-0.4881,-0.5727,16350.0
3379.2,14.4,-0.4658,-0.6563,16330.0
3379.25,14.49,-0.4295,-0.5946,16310.0
3379.3,14.59,-0.3933,-0.5329,16300.0
3379.35,14.61,-0.3561,-0.4309,16290.0
3379.4,14.64,-0.3189,-0.329,16290.0
3379.45,14.53,-0.367,-0.2113,16290.0
3379.5,14.42,-0.4152,-0.09365,16310.0
3379.55,14.27,-0.3079,-0.2363,16320.0
3379.6,14.12,-0.2006,-0.379,16330.0
3379.65,14.11,-0.2496,-0.1346,16330.0
3379.7,14.1,-0.2986,0.1097,16330.0
3379.75,14.03,-0.3531,0.15,16340.0
3379.8,13.96,-0.4076,0.1902,16360.0
3379.85,13.98,-0.4463,0.3311,16370.0
3379.9,13.99,-0.4849,0.4719,16370.0
3379.95,14.23,-0.4638,0.3763,16380.0
3380.0,14.46,-0.4427,0.2807,16390.0
3380.05,14.45,-0.4385,0.368,16400.0
3380.1,14.44,-0.4343,0.4553,16410.0
3380.15,14.44,-0.1411,0.422,16430.0
3380.2,14.43,0.1521,0.3887,16460.0
3380.25,14.34,0.1425,0.3218,16480.0
3380.3,14.24,0.133,0.2548,16500.0
3380.35,14.33,0.04279,0.05548,16510.0
3380.4,14.41,-0.04737,-0.1439,16510.0
3380.45,14.38,0.005374,-0.1102,16500.0
3380.5,14.34,0.05812,-0.07658,16490.0
3380.55,14.57,-0.05394,-0.2162,16490.0
3380.6,14.81,-0.166,-0.3558,16500.0
3380.65,14.72,-0.1154,-0.3417,16520.0
3380.7,14.64,-0.06489,-0.3275,16550.0
3380.75,14.66,0.01015,-0.07865,16560.0
3380.8,14.68,0.08519,0.1702,16570.0
3380.85,14.69,0.1764,0.2342,16580.0
3380.9,14.7,0.2675,0.2983,16560.0
3380.95,14.59,0.1965,0.2952,16540.0
3381.0,14.49,0.1254,0.2922,16530.0
3381.05,14.6,-0.04021,0.1733,16520.0
3381.1,14.72,-0.2058,0.05438,16530.0
3381.15,14.91,-0.06011,-0.1619,16540.0
3381.2,15.1,0.08559,-0.3783,16560.0
3381.25,15.11,0.01433,-0.2273,16570.0
3381.3,15.12,-0.05693,-0.07633,16560.0
3381.35,15.04,-0.165,0.02122,16540.0
3381.4,14.96,-0.2731,0.1188,16510.0
3381.45,14.86,-0.4821,0.1004,16480.0
3381.5,14.77,-0.6911,0.08194,16470.0
3381.55,14.66,-0.6007,-0.03914,16470.0
3381.6,14.56,-0.5103,-0.1602,16480.0
3381.65,14.67,-0.327,-0.1489,16490.0
3381.7,14.79,-0.1437,-0.1375,16510.0
3381.75,14.77,-0.3557,-0.2575,16540.0
3381.8,14.75,-0.5677,-0.3775,16540.0
3381.85,14.81,-0.4381,-0.39,16530.0
3381.9,14.88,-0.3085,-0.4024,16500.0
3381.95,14.93,-0.5724,-0.4273,16470.0
3382.0,14.98,-0.8364,-0.4521,16450.0
3382.05,15.05,-0.7293,-0.4395,16450.0
3382.1,15.13,-0.6222,-0.4268,16460.0
3382.15,15.0,-0.628,-0.3408,16480.0
3382.2,14.86,-0.6337,-0.2548,16520.0
3382.25,14.85,-0.6493,-0.2563,16550.0
3382.3,14.83,-0.6648,-0.2578,16570.0
3382.35,14.75,-0.5669,-0.2706,16570.0
3382.4,14.68,-0.4689,-0.2834,16560.0
3382.45,14.65,-0.4361,-0.2305,16550.0
3382.5,14.62,-0.4033,-0.1775,16550.0
3382.55,14.74,-0.3768,-0.1792,16540.0
3382.6,14.86,-0.3503,-0.181,16540.0
3382.65,14.89,-0.503,-0.16,16550.0
3382.7,14.91,-0.6556,-0.139,16570.0
3382.75,14.89,-0.6332,0.1107,16590.0
3382.8,14.87,-0.6107,0.3604,16600.0
3382.85,14.84,-0.4353,0.2878,16600.0
3382.9,14.81,-0.2599,0.2151,16590.0
3382.95,14.84,-0.08658,0.1938,16580.0
3383.0,14.88,0.08678,0.1724,16590.0
3383.05,14.93,0.3449,0.01085,16590.0
3383.1,14.98,0.6031,-0.1507,16590.0
3383.15,14.97,0.4932,-0.1328,16590.0
3383.2,14.97,0.3834,-0.1149,16610.0
3383.25,15.11,0.2968,-0.1116,16600.0
3383.3,15.25,0.2102,-0.1083,16590.0
3383.35,15.37,0.1688,-0.006707,16570.0
3383.4,15.48,0.1274,0.09487,16570.0
3383.45,15.5,0.1198,0.08145,16570.0
3383.5,15.51,0.1123,0.06804,16550.0
3383.55,15.52,-0.1748,0.3919,16540.0
3383.6,15.54,-0.4618,0.7158,16540.0
3383.65,15.67,-0.7068,0.3135,16540.0
3383.7,15.79,-0.9518,-0.08877,16530.0
3383.75,15.7,-0.9562,-0.1305,16530.0
3383.8,15.62,-0.9606,-0.1722,16540.0
3383.85,15.8,-1.116,-0.3678,16540.0
3383.9,15.98,-1.271,-0.5634,16540.0
3383.95,16.03,-1.201,-0.4417,16540.0
3384.0,16.08,-1.131,-0.32,16530.0
3384.05,16.04,-1.236,-0.3661,16510.0
3384.1,16.0,-1.341,-0.4121,16500.0
3384.15,16.06,-1.374,-0.4357,16480.0
3384.2,16.12,-1.408,-0.4592,16480.0
3384.25,16.18,-1.51,-0.7897,16480.0
3384.3,16.24,-1.611,-1.12,16490.0
3384.35,16.47,-1.619,-1.075,16500.0
3384.4,16.69,-1.627,-1.029,16500.0
3384.45,16.85,-1.503,-0.8442,16510.0
3384.5,17.0,-1.378,-0.6592,16520.0
3384.55,17.11,-1.325,-0.6978,16510.0
3384.6,17.21,-1.272,-0.7365,16500.0
3384.65,17.37,-1.268,-0.6154,16490.0
3384.7,17.52,-1.265,-0.4943,16490.0
3384.75,17.47,-1.272,-0.3585,16480.0
3384.8,17.43,-1.28,-0.2227,16470.0
3384.85,17.47,-1.125,-0.3187,16470.0
3384.9,17.52,-0.9689,-0.4148,16500.0
3384.95,17.28,-1.1,-0.4968,16540.0
3385.0,17.04,-1.232,-0.5787,16570.0
3385.05,16.76,-1.281,-0.6614,16590.0
3385.1,16.48,-1.331,-0.7441,16590.0
3385.15,16.61,-1.164,-0.5901,16580.0
3385.2,16.75,-0.9972,-0.436,16550.0
3385.25,16.68,-1.037,-0.3022,16500.0
3385.3,16.62,-1.078,-0.1683,16470.0
3385.35,16.86,-1.196,-0.3581,16470.0
3385.4,17.11,-1.314,-0.548,16500.0
3385.45,17.12,-1.211,-0.5097,16530.0
3385.5,17.13,-1.107,-0.4714,16560.0
3385.55,16.96,-0.995,-0.4823,16590.0
3385.6,16.8,-0.8826,-0.4931,16610.0
3385.65,16.68,-0.6718,-0.5948,16600.0
3385.7,16.56,-0.461,-0.6965,16570.0
3385.75,16.5,-0.4833,-0.5268,16520.0
3385.8,16.44,-0.5056,-0.357,16490.0
3385.85,16.45,-0.4421,-0.2188,16470.0
3385.9,16.45,-0.3786,-0.08048,16460.0
3385.95,16.39,-0.589,-0.08938,16460.0
3386.0,16.33,-0.7994,-0.09828,16490.0
3386.05,16.5,-0.8702,0.02683,16530.0
3386.1,16.68,-0.9411,0.1519,16560.0
3386.15,16.69,-0.9058,0.2256,16570.0
3386.2,16.7,-0.8706,0.2992,16560.0
3386.25,16.81,-0.8827,0.3457,16530.0
3386.3,16.92,-0.8949,0.3922,16490.0
3386.35,16.91,-0.9532,0.2522,16450.0
3386.4,16.9,-1.012,0.1122,16420.0
3386.45,16.89,-0.9888,0.1919,16400.0
3386.5,16.89,-0.9661,0.2717,16410.0
3386.55,16.83,-0.794,0.3018,16430.0
3386.6,16.78,-0.6218,0.3319,16450.0
3386.65,16.7,-0.5637,0.3781,16470.0
3386.7,16.63,-0.5056,0.4243,16490.0
3386.75,16.73,-0.5886,0.2558,16500.0
3386.8,16.83,-0.6716,0.08731,16500.0
3386.85,16.82,-0.9033,0.1261,16470.0
3386.9,16.8,-1.135,0.1649,16440.0
3386.95,16.76,-1.145,0.1217,16420.0
3387.0,16.71,-1.154,0.07853,16400.0
3387.05,16.58,-0.8879,0.2061,16390.0
3387.1,16.45,-0.6214,0.3336,16390.0
3387.15,16.27,-0.8153,0.1547,16390.0
3387.2,16.1,-1.009,-0.02414,16420.0
3387.25,16.16,-0.9476,-0.2442,16450.0
3387.3,16.22,-0.8861,-0.4643,16460.0
3387.35,16.19,-0.9176,-0.6674,16460.0
3387.4,16.16,-0.949,-0.8704,16450.0
3387.45,16.11,-0.9504,-0.6274,16450.0
3387.5,16.06,-0.9518,-0.3843,16440.0
3387.55,15.99,-0.7896,-0.4706,16420.0
3387.6,15.93,-0.6274,-0.5568,16400.0
3387.65,16.05,-0.5691,-0.5663,16400.0
3387.7,16.16,-0.5107,-0.5758,16420.0
3387.75,16.16,-0.4106,-0.5125,16440.0
3387.8,16.15,-0.3105,-0.4492,16430.0
3387.85,15.9,-0.2735,-0.5401,16420.0
3387.9,15.65,-0.2365,-0.6309,16420.0
3387.95,15.69,-0.301,-0.6494,16410.0
3388.0,15.72,-0.3654,-0.668,16400.0
3388.05,15.85,-0.4761,-0.7689,16370.0
3388.1,15.97,-0.5868,-0.8699,16360.0
3388.15,15.99,-0.4363,-0.873,16390.0
3388.2,16.02,-0.2858,-0.876,16410.0
3388.25,16.06,-0.2679,-0.6922,16420.0
3388.3,16.11,-0.25,-0.5085,16400.0
3388.35,16.15,-0.3593,-0.6025,16380.0
3388.4,16.19,-0.4685,-0.6965,16360.0
3388.45,16.18,-0.3262,-0.6796,16330.0
3388.5,16.17,-0.1839,-0.6626,16290.0
3388.55,16.4,-0.296,-0.5424,16250.0
3388.6,16.62,-0.408,-0.4221,16250.0
3388.65,16.48,-0.334,-0.4203,16280.0
3388.7,16.35,-0.2599,-0.4185,16320.0
3388.75,16.35,-0.1957,-0.438,16340.0
3388.8,16.36,-0.1314,-0.4575,16330.0
3388.85,16.32,-0.2599,-0.5581,16320.0
3388.9,16.28,-0.3885,-0.6587,16300.0
3388.95,16.32,-0.4351,-0.7491,16260.0
3389.0,16.36,-0.4817,-0.8394,16200.0
3389.05,16.4,-0.2962,-0.7841,16160.0
3389.1,16.45,-0.1107,-0.7287,16150.0
3389.15,16.49,-0.1421,-0.7235,16170.0
3389.2,16.53,-0.1736,-0.7182,16190.0
3389.25,16.63,-0.4781,-0.6487,16210.0
3389.3,16.73,-0.7826,-0.5792,16230.0
3389.35,16.85,-0.6855,-0.5184,16260.0
3389.4,16.97,-0.5884,-0.4575,16280.0
3389.45,16.92,-0.4393,-0.4018,16260.0
3389.5,16.87,-0.2902,-0.3461,16230.0
3389.55,16.77,-0.3328,-0.3672,16210.0
3389.6,16.67,-0.3754,-0.3882,16200.0
3389.65,16.62,-0.4027,-0.5046,16180.0
3389.7,16.57,-0.4299,-0.6209,16170.0
3389.75,16.39,-0.3591,-0.4941,16170.0
3389.8,16.22,-0.2882,-0.3673,16210.0
3389.85,16.15,-0.2649,-0.4119,16260.0
3389.9,16.08,-0.2416,-0.4565,16300.0
3389.95,16.11,-0.2932,-0.6137,16300.0
3390.0,16.15,-0.3447,-0.7709,16290.0
3390.05,16.33,-0.4267,-0.7767,16270.0
3390.1,16.5,-0.5088,-0.7826,16240.0
3390.15,16.38,-0.4188,-0.888,16200.0
3390.2,16.27,-0.3288,-0.9933,16170.0
3390.25,16.38,-0.4054,-0.6933,16200.0
3390.3,16.49,-0.4821,-0.3934,16260.0
3390.35,16.45,-0.5607,-0.4448,16320.0
3390.4,16.41,-0.6393,-0.4963,16350.0
3390.45,16.23,-0.7954,-0.4676,16340.0
3390.5,16.05,-0.9514,-0.439,16320.0
3390.55,15.8,-1.085,-0.3925,16280.0
3390.6,15.56,-1.218,-0.3461,16220.0
3390.65,15.7,-1.142,-0.3418,16160.0
3390.7,15.83,-1.066,-0.3375,16140.0
3390.75,15.87,-1.136,-0.1619,16170.0
3390.8,15.9,-1.206,0.01366,16220.0
3390.85,15.91,-1.283,0.1044,16260.0
3390.9,15.92,-1.36,0.1951,16280.0
3390.95,16.11,-1.494,-0.2299,16300.0
3391.0,16.29,-1.629,-0.6548,16290.0
3391.05,16.33,-1.493,-0.642,16260.0
3391.1,16.36,-1.357,-0.6292,16210.0
3391.15,16.39,-1.153,-0.5546,16150.0
3391.2,16.41,-0.9494,-0.4799,16110.0
3391.25,16.43,-0.8977,-0.5284,16090.0
3391.3,16.45,-0.8459,-0.5768,16090.0
3391.35,16.35,-0.7589,-0.5232,16100.0
3391.4,16.25,-0.672,-0.4697,16120.0
3391.45,16.28,-0.7508,-0.6343,16150.0
3391.5,16.31,-0.8296,-0.7989,16180.0
3391.55,16.34,-0.8483,-0.7678,16200.0
3391.6,16.38,-0.867,-0.7367,16200.0
3391.65,16.14,-1.043,-0.9065,16190.0
3391.7,15.9,-1.218,-1.076,16170.0
3391.75,15.64,-1.315,-1.024,16130.0
3391.8,15.38,-1.412,-0.9721,16080.0
3391.85,15.42,-1.23,-0.7328,16040.0
3391.9,15.45,-1.047,-0.4936,16040.0
3391.95,15.63,-1.138,-0.5801,16080.0
3392.0,15.81,-1.229,-0.6665,16140.0
3392.05,15.77,-1.094,-0.5899,16190.0
3392.1,15.74,-0.9594,-0.5134,16230.0
3392.15,15.93,-0.7574,-0.556,16250.0
3392.2,16.12,-0.5553,-0.5987,16240.0
3392.25,16.19,-0.875,-0.6748,16200.0
3392.3,16.26,-1.195,-0.7509,16150.0
3392.35,16.22,-1.173,-0.6469,16110.0
3392.4,16.17,-1.15,-0.5429,16100.0
3392.45,16.2,-1.44,-0.4303,16120.0
3392.5,16.23,-1.73,-0.3178,16150.0
3392.55,16.17,-1.69,-0.2434,16180.0
3392.6,16.11,-1.649,-0.169,16220.0
3392.65,16.08,-1.524,-0.1813,16260.0
3392.7,16.05,-1.399,-0.1936,16280.0
3392.75,16.05,-1.352,-0.1395,16280.0
3392.8,16.05,-1.305,-0.08536,16260.0
3392.85,15.95,-1.104,0.07316,16220.0
3392.9,15.86,-0.9021,0.2317,16190.0
3392.95,15.75,-0.9691,0.1602,16160.0
3393.0,15.64,-1.036,0.08877,16140.0
3393.05,15.72,-1.074,0.1321,16130.0
3393.1,15.81,-1.111,0.1753,16150.0
3393.15,15.77,-1.213,-0.03817,16200.0
3393.2,15.74,-1.315,-0.2517,16240.0
3393.25,15.58,-1.484,-0.3757,16270.0
3393.3,15.42,-1.653,-0.4997,16270.0
3393.35,15.38,-1.504,-0.5976,16260.0
3393.4,15.34,-1.355,-0.6955,16240.0
3393.45,15.53,-1.323,-0.7115,16190.0
3393.5,15.71,-1.29,-0.7275,16130.0
3393.55,15.68,-1.069,-0.8272,16100.0
3393.6,15.65,-0.8483,-0.927,16090.0
3393.65,15.63,-1.002,-0.8982,16110.0
3393.7,15.61,-1.155,-0.8694,16140.0
3393.75,15.74,-1.183,-0.8804,16150.0
3393.8,15.88,-1.21,-0.8914,16180.0
3393.85,16.07,-1.153,-0.9632,16200.0
3393.9,16.27,-1.096,-1.035,16210.0
3393.95,16.21,-1.132,-0.925,16180.0
3394.0,16.16,-1.168,-0.815,16140.0
3394.05,16.19,-0.9184,-0.5734,16100.0
3394.1,16.23,-0.6688,-0.3317,16090.0
3394.15,16.1,-0.8204,-0.335,16080.0
3394.2,15.97,-0.9721,-0.3383,16080.0
3394.25,15.88,-1.005,-0.1501,16080.0
3394.3,15.78,-1.037,0.03804,16110.0
3394.35,15.82,-0.9916,-0.01707,16140.0
3394.4,15.85,-0.9458,-0.07219,16160.0
3394.45,15.76,-1.034,-0.2592,16150.0
3394.5,15.68,-1.122,-0.4463,16130.0
3394.55,15.74,-1.214,-0.4309,16130.0
3394.6,15.8,-1.306,-0.4156,16130.0
3394.65,15.94,-1.275,-0.3984,16130.0
3394.7,16.09,-1.245,-0.3812,16130.0
3394.75,16.07,-1.379,-0.4092,16140.0
3394.8,16.06,-1.512,-0.4373,16170.0
3394.85,16.15,-1.584,-0.5141,16180.0
3394.9,16.24,-1.656,-0.5909,16160.0
3394.95,16.24,-1.716,-0.6699,16130.0
3395.0,16.24,-1.775,-0.7489,16110.0
3395.05,16.32,-1.676,-0.6737,16110.0
3395.1,16.41,-1.576,-0.5985,16110.0
3395.15,16.31,-1.392,-0.4539,16120.0
3395.2,16.21,-1.208,-0.3092,16130.0
3395.25,16.17,-1.291,-0.1417,16160.0
3395.3,16.14,-1.374,0.02585,16190.0
3395.35,16.03,-1.261,0.01597,16190.0
3395.4,15.93,-1.147,0.006097,16180.0
3395.45,15.76,-1.126,0.08036,16170.0
3395.5,15.6,-1.105,0.1546,16150.0
3395.55,15.47,-1.097,-0.0003658,16140.0
3395.6,15.34,-1.088,-0.1553,16110.0
3395.65,15.37,-0.8009,-0.278,16090.0
3395.7,15.4,-0.5139,-0.4007,16070.0
3395.75,15.42,-0.4787,-0.4562,16070.0
3395.8,15.44,-0.4435,-0.5117,16080.0
3395.85,15.29,-0.4902,-0.4281,16090.0
3395.9,15.13,-0.537,-0.3446,16110.0
3395.95,15.0,-0.5983,-0.4607,16140.0
3396.0,14.87,-0.6596,-0.5768,16160.0
3396.05,14.92,-0.7171,-0.624,16150.0
3396.1,14.96,-0.7747,-0.6711,16120.0
3396.15,15.06,-0.7098,-0.6429,16070.0
3396.2,15.16,-0.6449,-0.6146,16030.0
3396.25,15.2,-0.5211,-0.7606,16000.0
3396.3,15.24,-0.3973,-0.9067,16000.0
3396.35,15.39,-0.5048,-0.7888,16020.0
3396.4,15.53,-0.6123,-0.6709,16060.0
3396.45,15.74,-0.657,-0.4387,16090.0
3396.5,15.95,-0.7018,-0.2066,16100.0
3396.55,15.85,-0.6322,-0.08914,16090.0
3396.6,15.75,-0.5625,0.02829,16060.0
3396.65,15.97,-0.3209,0.04256,16040.0
3396.7,16.2,-0.07922,0.05682,16030.0
3396.75,16.19,-0.05115,0.002195,16020.0
3396.8,16.19,-0.02309,-0.05243,16030.0
3396.85,16.23,-0.07205,-0.08024,16050.0
3396.9,16.26,-0.121,-0.108,16070.0
3396.95,16.23,-0.1527,0.01049,16090.0
3397.0,16.21,-0.1843,0.129,16100.0
3397.05,16.26,-0.405,-0.02939,16090.0
3397.1,16.32,-0.6258,-0.1878,16080.0
3397.15,16.33,-0.5432,-0.2267,16080.0
3397.2,16.34,-0.4606,-0.2656,16080.0
3397.25,16.3,-0.5255,-0.06292,16060.0
3397.3,16.27,-0.5904,0.1397,16040.0
3397.35,16.21,-0.5639,0.1329,16030.0
3397.4,16.15,-0.5374,0.1261,16050.0
3397.45,15.95,-0.6531,0.02183,16080.0
3397.5,15.74,-0.7687,-0.08243,16100.0
3397.55,15.8,-0.7633,0.007316,16130.0
3397.6,15.85,-0.758,0.09706,16140.0
3397.65,15.86,-0.9184,-0.03012,16150.0
3397.7,15.88,-1.079,-0.1573,16120.0
3397.75,15.98,-0.7679,-0.3489,16070.0
3397.8,16.07,-0.457,-0.5404,16020.0
3397.85,16.0,-0.3973,-0.373,16000.0
3397.9,15.94,-0.3376,-0.2056,16010.0
3397.95,15.73,-0.1403,-0.1733,16020.0
3398.0,15.53,0.05693,-0.141,16050.0
3398.05,15.55,-0.07962,-0.2905,16090.0
3398.1,15.56,-0.2162,-0.44,16120.0
3398.15,15.61,-0.3983,-0.4017,16120.0
3398.2,15.66,-0.5804,-0.3634,16090.0
3398.25,15.7,-0.4104,-0.354,16040.0
3398.3,15.74,-0.2404,-0.3446,16000.0
3398.35,15.74,-0.02767,-0.2722,15980.0
3398.4,15.74,0.1851,-0.1997,15970.0
3398.45,15.74,0.2448,-0.2091,15960.0
3398.5,15.75,0.3045,-0.2185,15960.0
3398.55,15.75,0.4675,-0.3741,15980.0
3398.6,15.75,0.6306,-0.5297,16010.0
3398.65,15.86,0.7777,-0.5954,16030.0
3398.7,15.96,0.9247,-0.6611,16030.0
3398.75,15.91,0.6614,-0.524,16020.0
3398.8,15.86,0.3981,-0.3868,16000.0
3398.85,15.74,0.4269,-0.4128,15970.0
3398.9,15.62,0.4558,-0.4387,15930.0
3398.95,15.66,0.131,-0.3742,15890.0
3399.0,15.69,-0.1939,-0.3097,15880.0
3399.05,15.87,-0.05971,-0.1444,15900.0
3399.1,16.04,0.07444,0.02097,15930.0
3399.15,16.15,-0.122,0.05146,15960.0
3399.2,16.26,-0.3185,0.08194,15990.0
3399.25,16.21,-0.4297,0.3364,16000.0
3399.3,16.15,-0.541,0.5909,16000.0
3399.35,16.03,-0.6841,0.5207,15980.0
3399.4,15.91,-0.8272,0.4504,15930.0
3399.45,15.91,-0.7333,0.4675,15880.0
3399.5,15.91,-0.6393,0.4846,15850.0
3399.55,15.85,-0.5611,0.5402,15840.0
3399.6,15.79,-0.4829,0.5958,15860.0
3399.65,15.8,-0.6103,0.4737,15900.0
3399.7,15.8,-0.7376,0.3517,15940.0
3399.75,15.81,-0.5529,0.3943,15990.0
3399.8,15.83,-0.3682,0.437,16010.0
3399.85,15.6,-0.3254,0.4982,16000.0
3399.9,15.37,-0.2826,0.5595,15980.0
3399.95,15.52,-0.3973,0.4831,15930.0
3400.0,15.66,-0.5119,0.4068,15880.0
3400.05,15.62,-0.6945,0.3289,15840.0
3400.1,15.58,-0.877,0.2509,15820.0
3400.15,15.64,-0.789,0.3547,15830.0
3400.2,15.7,-0.701,0.4585,15860.0
3400.25,15.9,-0.7446,0.4143,15910.0
3400.3,16.11,-0.7882,0.3702,15950.0
3400.35,16.09,-0.7508,0.4391,15980.0
3400.4,16.06,-0.7134,0.508,15980.0
3400.45,15.96,-0.6049,0.6555,15960.0
3400.5,15.85,-0.4964,0.8031,15910.0
3400.55,15.76,-0.6059,0.8956,15860.0
3400.6,15.68,-0.7154,0.9882,15810.0
3400.65,15.61,-0.6787,0.9266,15780.0
3400.7,15.53,-0.6421,0.865,15770.0
3400.75,15.58,-0.4534,0.7671,15770.0
3400.8,15.63,-0.2647,0.6692,15800.0
3400.85,15.58,-0.286,0.611,15850.0
3400.9,15.54,-0.3073,0.5529,15890.0
3400.95,15.37,-0.4463,0.4054,15910.0
3401.0,15.2,-0.5852,0.258,15900.0
3401.05,15.13,-0.5619,0.2698,15870.0
3401.1,15.07,-0.5386,0.2817,15840.0
3401.15,15.07,-0.293,0.1484,15810.0
3401.2,15.07,-0.04737,0.01512,15760.0
3401.25,14.89,-0.06091,-0.08414,15730.0
3401.3,14.71,-0.07444,-0.1834,15720.0
3401.35,14.89,-0.1447,0.0002439,15730.0
3401.4,15.08,-0.215,0.1839,15760.0
3401.45,15.17,-0.1978,0.07243,15800.0
3401.5,15.27,-0.1807,-0.03902,15840.0
3401.55,15.13,-0.04578,0.01341,15880.0
3401.6,14.98,0.08917,0.06585,15900.0
3401.65,14.95,0.1202,0.2434,15870.0
3401.7,14.91,0.1513,0.4209,15820.0
3401.75,15.01,0.1608,0.4264,15760.0
3401.8,15.1,0.1704,0.4319,15700.0
3401.85,15.0,0.1813,0.5199,15670.0
3401.9,14.9,0.1923,0.608,15670.0
3401.95,14.95,0.05275,0.4359,15700.0
3402.0,15.01,-0.08678,0.2639,15750.0
3402.05,15.1,-0.09992,0.1333,15800.0
3402.1,15.19,-0.1131,0.002683,15830.0
3402.15,14.98,-0.01274,-0.1243,15840.0
3402.2,14.77,0.08758,-0.2512,15810.0
3402.25,14.56,0.03025,-0.1146,15770.0
3402.3,14.35,-0.02707,0.02195,15730.0
3402.35,14.33,-0.1139,-0.02353,15690.0
3402.4,14.32,-0.2006,-0.06902,15650.0
3402.45,14.26,-0.2398,-0.01914,15630.0
3402.5,14.21,-0.2791,0.03073,15640.0
3402.55,14.09,-0.3348,-0.1878,15670.0
3402.6,13.97,-0.3905,-0.4063,15690.0
3402.65,14.01,-0.4912,-0.5031,15710.0
3402.7,14.05,-0.5919,-0.5999,15730.0
3402.75,13.96,-0.4596,-0.4667,15720.0
3402.8,13.88,-0.3272,-0.3334,15700.0
3402.85,13.98,-0.2586,-0.3309,15660.0
3402.9,14.08,-0.1899,-0.3285,15620.0
3402.95,14.09,-0.377,-0.204,15590.0
3403.0,14.1,-0.5641,-0.0795,15580.0
3403.05,14.17,-0.7169,-0.1302,15570.0
3403.1,14.25,-0.8698,-0.181,15570.0
3403.15,14.25,-0.8885,-0.4959,15580.0
3403.2,14.25,-0.9072,-0.8109,15580.0
3403.25,14.45,-0.8374,-0.9428,15580.0
3403.3,14.66,-0.7675,-1.075,15580.0
3403.35,14.61,-0.37,-1.043,15580.0
3403.4,14.57,0.02747,-1.011,15580.0
3403.45,14.76,0.01811,-0.9789,15580.0
3403.5,14.95,0.008758,-0.9467,15560.0
3403.55,15.03,-0.1549,-1.03,15550.0
3403.6,15.11,-0.3185,-1.113,15540.0
3403.65,15.14,-0.2514,-0.8383,15540.0
3403.7,15.17,-0.1843,-0.5641,15540.0
3403.75,15.16,-0.2705,-0.5608,15540.0
3403.8,15.14,-0.3567,-0.5575,15540.0
3403.85,15.17,-0.3155,-0.6113,15540.0
3403.9,15.19,-0.2743,-0.665,15540.0
3403.95,15.07,-0.4058,-0.7019,15530.0
3404.0,14.94,-0.5374,-0.7387,15530.0
3404.05,14.92,-0.5693,-0.6324,15530.0
3404.1,14.89,-0.6011,-0.526,15550.0
3404.15,14.85,-0.5848,-0.6519,15570.0
3404.2,14.8,-0.5685,-0.7777,15580.0
3404.25,14.78,-0.409,-0.7141,15570.0
3404.3,14.76,-0.2496,-0.6504,15540.0
3404.35,14.76,-0.1616,-0.5502,15510.0
3404.4,14.77,-0.07365,-0.45,15470.0
3404.45,14.83,-0.1885,-0.349,15440.0
3404.5,14.9,-0.3033,-0.248,15430.0
3404.55,15.06,-0.2114,-0.2414,15430.0
3404.6,15.21,-0.1194,-0.2349,15450.0
3404.65,15.18,0.1224,-0.08121,15470.0
3404.7,15.15,0.3642,0.07243,15490.0
3404.75,15.0,0.383,0.09011,15490.0
3404.8,14.85,0.4017,0.1078,15470.0
3404.85,14.69,0.1586,0.1925,15440.0
3404.9,14.52,-0.08439,0.2773,15420.0
3404.95,14.55,-0.1889,0.3725,15390.0
3405.0,14.59,-0.2934,0.4678,15360.0
3405.05,14.72,-0.3063,0.3979,15330.0
3405.1,14.85,-0.3193,0.328,15320.0
3405.15,14.8,-0.2609,0.4253,15310.0
3405.2,14.74,-0.2026,0.5226,15320.0
3405.25,14.68,-0.295,0.5096,15330.0
3405.3,14.63,-0.3873,0.4965,15350.0
3405.35,14.93,-0.3615,0.4578,15360.0
3405.4,15.23,-0.3356,0.419,15370.0
3405.45,15.2,-0.3935,0.3485,15370.0
3405.5,15.17,-0.4514,0.278,15350.0
3405.55,15.26,-0.3979,0.2777,15310.0
3405.6,15.35,-0.3443,0.2773,15270.0
3405.65,15.37,-0.4552,0.2778,15240.0
3405.7,15.39,-0.5661,0.2783,15230.0
3405.75,15.29,-0.6059,0.2633,15230.0
3405.8,15.18,-0.6457,0.2483,15240.0
3405.85,15.36,-0.6031,0.3886,15270.0
3405.9,15.55,-0.5605,0.529,15300.0
3405.95,15.51,-0.3378,0.3917,15320.0
3406.0,15.48,-0.115,0.2544,15320.0
3406.05,15.36,-0.2556,0.2389,15290.0
3406.1,15.24,-0.3961,0.2234,15260.0
3406.15,15.27,-0.131,0.1188,15250.0
3406.2,15.3,0.1342,0.01414,15250.0
3406.25,15.24,0.2582,0.003536,15260.0
3406.3,15.18,0.3822,-0.007072,15260.0
3406.35,15.22,0.4351,-0.1369,15260.0
3406.4,15.26,0.4881,-0.2668,15270.0
3406.45,15.02,0.5378,-0.3783,15270.0
3406.5,14.78,0.5876,-0.4897,15260.0
3406.55,14.72,0.5151,-0.367,15250.0
3406.6,14.65,0.4427,-0.2444,15260.0
3406.65,14.63,0.5227,-0.224,15280.0
3406.7,14.6,0.6027,-0.2036,15290.0
3406.75,14.64,0.5925,-0.1407,15270.0
3406.8,14.67,0.5824,-0.0778,15250.0
3406.85,14.76,0.5036,-0.1071,15240.0
3406.9,14.85,0.4248,-0.1363,15240.0
3406.95,14.82,0.3101,-0.04646,15240.0
3407.0,14.78,0.1955,0.04341,15230.0
3407.05,14.9,0.07245,0.006829,15240.0
3407.1,15.02,-0.05056,-0.02975,15260.0
3407.15,15.08,-0.05553,-0.07902,15270.0
3407.2,15.14,-0.06051,-0.1283,15250.0
3407.25,15.09,-0.125,-0.05573,15230.0
3407.3,15.04,-0.1895,0.01683,15210.0
3407.35,15.02,-0.3644,-0.01866,15220.0
3407.4,15.0,-0.5394,-0.05414,15220.0
3407.45,14.95,-0.5424,0.1088,15210.0
3407.5,14.89,-0.5454,0.2717,15210.0
3407.55,14.81,-0.3157,0.3858,15220.0
3407.6,14.73,-0.08599,0.4999,15220.0
3407.65,14.76,-0.06966,0.4123,15210.0
3407.7,14.79,-0.05334,0.3246,15180.0
3407.75,14.96,-0.1602,0.2606,15170.0
3407.8,15.13,-0.2671,0.1966,15180.0
3407.85,15.22,-0.1967,0.4017,15200.0
3407.9,15.32,-0.1262,0.6068,15210.0
3407.95,15.18,-0.2377,0.3868,15200.0
3408.0,15.04,-0.3491,0.1668,15200.0
3408.05,14.98,-0.3165,0.04365,15200.0
3408.1,14.92,-0.2838,-0.0795,15180.0
3408.15,14.88,-0.06827,0.07048,15150.0
3408.2,14.85,0.1473,0.2205,15140.0
3408.25,15.08,0.1451,0.1468,15150.0
3408.3,15.32,0.1429,0.07316,15180.0
3408.35,15.22,0.2361,-0.0178,15210.0
3408.4,15.13,0.3292,-0.1088,15210.0
3408.45,15.15,0.2906,0.0009755,15200.0
3408.5,15.18,0.252,0.1107,15200.0
3408.55,15.31,0.2978,0.08231,15190.0
3408.6,15.44,0.3435,0.0539,15170.0
3408.65,15.44,0.5567,-0.09792,15160.0
3408.7,15.45,0.7699,-0.2497,15180.0
3408.75,15.31,0.6769,-0.397,15210.0
3408.8,15.16,0.584,-0.5443,15240.0
3408.85,15.22,0.7317,-0.5975,15260.0
3408.9,15.29,0.8794,-0.6507,15260.0
3408.95,15.49,0.864,-0.5693,15260.0
3409.0,15.69,0.8487,-0.488,15250.0
3409.05,15.72,0.6708,-0.2809,15230.0
3409.1,15.74,0.4928,-0.07389,15200.0
3409.15,15.76,0.6306,-0.0934,15180.0
3409.2,15.79,0.7683,-0.1129,15200.0
3409.25,15.93,0.7936,-0.3473,15230.0
3409.3,16.08,0.8189,-0.5816,15260.0
3409.35,16.0,0.6489,-0.5608,15260.0
3409.4,15.92,0.4789,-0.5399,15270.0
3409.45,15.91,0.5788,-0.3613,15300.0
3409.5,15.91,0.6787,-0.1827,15310.0
3409.55,15.96,0.6005,-0.1191,15300.0
3409.6,16.01,0.5223,-0.0556,15280.0
3409.65,15.92,0.4994,-0.0278,15260.0
3409.7,15.83,0.4765,0.0,15270.0
3409.75,15.96,0.5111,0.09767,15270.0
3409.8,16.09,0.5458,0.1953,15260.0
3409.85,16.19,0.5432,0.1584,15270.0
3409.9,16.3,0.5406,0.1215,15290.0
3409.95,16.33,0.369,0.008048,15310.0
3410.0,16.36,0.1974,-0.1054,15310.0
3410.05,16.56,0.3838,0.009145,15300.0
3410.1,16.75,0.5701,0.1236,15290.0
3410.15,16.87,0.6379,0.02024,15290.0
3410.2,16.99,0.7058,-0.08316,15290.0
3410.25,16.92,0.7269,0.0378,15290.0
3410.3,16.85,0.748,0.1588,15300.0
3410.35,16.94,0.8742,0.1507,15320.0
3410.4,17.03,1.0,0.1427,15340.0
3410.45,17.06,0.952,0.1202,15340.0
3410.5,17.09,0.9036,0.09779,15330.0
3410.55,17.09,0.8957,0.521,15320.0
3410.6,17.09,0.8877,0.9443,15310.0
3410.65,17.0,0.8615,0.6975,15300.0
3410.7,16.91,0.8352,0.4507,15280.0
3410.75,17.0,0.532,0.5084,15260.0
3410.8,17.09,0.2289,0.566,15250.0
3410.85,17.1,0.2255,0.5291,15270.0
3410.9,17.12,0.2221,0.4921,15300.0
3410.95,16.9,0.1821,0.4907,15340.0
3411.0,16.68,0.1421,0.4892,15380.0
3411.05,16.75,0.0615,0.2616,15420.0
3411.1,16.82,-0.01911,0.0339,15440.0
3411.15,16.76,0.003583,0.02049,15430.0
3411.2,16.71,0.02627,0.007072,15390.0
3411.25,16.58,0.1841,0.1004,15340.0
3411.3,16.44,0.342,0.1936,15300.0
3411.35,16.37,0.3764,0.239,15280.0
3411.4,16.3,0.4108,0.2844,15280.0
3411.45,16.25,0.49,0.1321,15300.0
3411.5,16.21,0.5693,-0.02024,15350.0
3411.55,16.18,0.4476,-0.1024,15430.0
3411.6,16.15,0.326,-0.1846,15480.0
3411.65,16.09,0.2703,-0.1305,15510.0
3411.7,16.02,0.2146,-0.07633,15500.0
3411.75,16.01,0.1049,-0.07938,15490.0
3411.8,15.99,-0.004777,-0.08243,15460.0
3411.85,16.03,-0.1397,-0.1794,15420.0
3411.9,16.07,-0.2747,-0.2763,15380.0
3411.95,16.15,-0.09435,-0.3196,15360.0
3412.0,16.23,0.08599,-0.3629,15370.0
3412.05,16.02,0.1694,-0.1689,15410.0
3412.1,15.81,0.2528,0.02512,15460.0
3412.15,15.78,0.2289,-0.0717,15500.0
3412.2,15.75,0.205,-0.1685,15540.0
3412.25,15.78,0.3756,-0.1649,15570.0
3412.3,15.82,0.5462,-0.1612,15570.0
3412.35,15.75,0.5147,-0.1185,15550.0
3412.4,15.67,0.4833,-0.07585,15520.0
3412.45,15.52,0.4976,0.1455,15500.0
3412.5,15.37,0.5119,0.3668,15490.0
3412.55,15.28,0.5157,0.04475,15500.0
3412.6,15.18,0.5195,-0.2773,15500.0
3412.65,15.18,0.4269,-0.2936,15510.0
3412.7,15.19,0.3344,-0.31,15530.0
3412.75,15.4,0.4341,-0.1931,15540.0
3412.8,15.61,0.5338,-0.07633,15530.0
3412.85,15.76,0.3537,-0.0211,15520.0
3412.9,15.91,0.1736,0.03414,15520.0
3412.95,15.71,0.1708,-0.01268,15540.0
3413.0,15.5,0.168,-0.05951,15550.0
3413.05,15.43,0.2339,-0.0845,15550.0
3413.1,15.35,0.2998,-0.1095,15550.0
3413.15,15.51,0.291,0.03317,15540.0
3413.2,15.67,0.2822,0.1758,15540.0
3413.25,15.65,0.293,-0.1027,15520.0
3413.3,15.63,0.3037,-0.3812,15500.0
3413.35,15.6,0.2299,-0.5455,15490.0
3413.4,15.58,0.156,-0.7099,15500.0
3413.45,15.62,0.2247,-0.5615,15500.0
3413.5,15.66,0.2934,-0.4131,15500.0
3413.55,15.77,0.2884,-0.2848,15500.0
3413.6,15.89,0.2834,-0.1566,15510.0
3413.65,15.93,0.1945,-0.1852,15530.0
3413.7,15.96,0.1055,-0.2139,15550.0
3413.75,15.87,0.2892,-0.1938,15540.0
3413.8,15.78,0.4729,-0.1736,15530.0
3413.85,15.72,0.4443,-0.04878,15540.0
3413.9,15.65,0.4156,0.07609,15540.0
3413.95,15.67,0.3714,0.01256,15530.0
3414.0,15.69,0.3272,-0.05097,15500.0
3414.05,15.73,0.2193,-0.0984,15500.0
3414.1,15.77,0.1115,-0.1458,15510.0
3414.15,15.91,0.2769,0.002195,15530.0
3414.2,16.06,0.4423,0.1502,15540.0
3414.25,15.98,0.4279,-0.03244,15550.0
3414.3,15.91,0.4136,-0.2151,15560.0
3414.35,15.99,0.4453,-0.3166,15560.0
3414.4,16.07,0.4769,-0.418,15550.0
3414.45,16.0,0.4441,-0.3452,15520.0
3414.5,15.93,0.4112,-0.2724,15500.0
3414.55,15.92,0.4325,-0.3503,15510.0
3414.6,15.9,0.4538,-0.4282,15540.0
3414.65,15.87,0.4548,-0.4345,15560.0
3414.7,15.83,0.4558,-0.4407,15580.0
3414.75,15.69,0.2241,-0.4014,15600.0
3414.8,15.55,-0.007564,-0.3622,15610.0
3414.85,15.57,-0.1127,-0.332,15600.0
3414.9,15.6,-0.2178,-0.3019,15560.0
3414.95,15.74,-0.1178,-0.2274,15520.0
3415.0,15.89,-0.01791,-0.1529,15500.0
3415.05,15.76,-0.1015,-0.06585,15490.0
3415.1,15.63,-0.1851,0.02122,15500.0
3415.15,15.44,-0.3642,-0.124,15510.0
3415.2,15.24,-0.5434,-0.2692,15550.0
3415.25,15.25,-0.3903,-0.2801,15600.0
3415.3,15.26,-0.2373,-0.2909,15620.0
3415.35,15.38,-0.2034,-0.199,15620.0
3415.4,15.51,-0.1696,-0.1071,15610.0
3415.45,15.52,-0.1865,0.01341,15600.0
3415.5,15.54,-0.2034,0.1339,15590.0
3415.55,15.65,-0.3384,0.2333,15560.0
3415.6,15.76,-0.4733,0.3326,15530.0
3415.65,15.47,-0.661,0.1486,15510.0
3415.7,15.17,-0.8487,-0.03536,15510.0
3415.75,15.11,-1.049,0.035,15520.0
3415.8,15.04,-1.25,0.1054,15540.0
3415.85,15.29,-1.172,0.1919,15570.0
3415.9,15.54,-1.095,0.2785,15600.0
3415.95,15.57,-1.128,0.2275,15630.0
3416.0,15.61,-1.161,0.1766,15650.0
3416.05,15.62,-0.9663,-0.05402,15630.0
3416.1,15.63,-0.7715,-0.2846,15610.0
3416.15,15.63,-0.6986,-0.2892,15600.0
3416.2,15.63,-0.6258,-0.2939,15590.0
3416.25,15.45,-0.8035,-0.2901,15570.0
3416.3,15.27,-0.9813,-0.2863,15560.0
3416.35,15.4,-0.675,-0.3201,15550.0
3416.4,15.54,-0.3686,-0.3539,15550.0
3416.45,15.55,-0.5655,-0.3186,15560.0
3416.5,15.56,-0.7623,-0.2834,15570.0
3416.55,15.55,-0.8203,-0.2155,15580.0
3416.6,15.54,-0.8782,-0.1475,15600.0
3416.65,15.6,-0.9158,-0.1139,15630.0
3416.7,15.65,-0.9534,-0.08024,15640.0
3416.75,15.44,-1.145,-0.01158,15640.0
3416.8,15.23,-1.337,0.05707,15620.0
3416.85,15.23,-1.311,0.1213,15610.0
3416.9,15.24,-1.286,0.1856,15590.0
3416.95,15.22,-1.206,0.2803,15570.0
3417.0,15.2,-1.126,0.3751,15550.0
3417.05,15.18,-1.079,0.3358,15550.0
3417.1,15.16,-1.032,0.2966,15560.0
3417.15,15.06,-0.9387,0.2553,15580.0
3417.2,14.97,-0.8455,0.2141,15610.0
3417.25,14.98,-1.011,0.206,15630.0
3417.3,15.0,-1.176,0.1978,15650.0
3417.35,14.93,-1.168,0.1366,15670.0
3417.4,14.86,-1.16,0.07536,15680.0
3417.45,14.89,-1.043,0.06707,15680.0
3417.5,14.92,-0.9251,0.05877,15670.0
3417.55,14.88,-0.7146,0.002927,15640.0
3417.6,14.85,-0.504,-0.05292,15620.0
3417.65,15.0,-0.3921,-0.03158,15600.0
3417.7,15.16,-0.2803,-0.01024,15580.0
3417.75,15.14,-0.3396,-0.2219,15580.0
3417.8,15.12,-0.3989,-0.4336,15580.0
3417.85,15.03,-0.489,-0.2291,15610.0
3417.9,14.94,-0.5792,-0.02463,15650.0
3417.95,14.8,-0.7621,-0.01902,15680.0
3418.0,14.66,-0.945,-0.01341,15710.0
3418.05,14.46,-0.8818,-0.06048,15730.0
3418.1,14.26,-0.8185,-0.1075,15730.0
3418.15,14.32,-0.5523,0.1166,15720.0
3418.2,14.38,-0.2862,0.3407,15680.0
3418.25,14.31,-0.2775,0.2427,15630.0
3418.3,14.24,-0.2687,0.1446,15590.0
3418.35,14.28,-0.3286,-0.0606,15580.0
3418.4,14.33,-0.3885,-0.2658,15580.0
3418.45,14.24,-0.3603,-0.0845,15610.0
3418.5,14.15,-0.332,0.09682,15660.0
3418.55,14.01,-0.2822,0.06207,15710.0
3418.6,13.87,-0.2325,0.02731,15750.0
3418.65,13.98,-0.4618,-0.02817,15760.0
3418.7,14.09,-0.6911,-0.08365,15760.0
3418.75,14.08,-0.7243,-0.06487,15740.0
3418.8,14.07,-0.7576,-0.04609,15720.0
3418.85,13.93,-0.8879,-0.1086,15700.0
3418.9,13.79,-1.018,-0.1712,15690.0
3418.95,13.81,-0.9154,-0.0439,15690.0
3419.0,13.83,-0.8125,0.08341,15700.0
3419.05,13.68,-1.119,-0.09962,15720.0
3419.1,13.53,-1.426,-0.2827,15730.0
3419.15,13.43,-1.375,-0.3595,15730.0
3419.2,13.34,-1.323,-0.4363,15730.0
3419.25,13.23,-1.184,-0.6209,15730.0
3419.3,13.12,-1.045,-0.8055,15730.0
3419.35,13.04,-0.9194,-0.735,15720.0
3419.4,12.95,-0.7934,-0.6646,15710.0
3419.45,12.99,-0.713,-0.5136,15700.0
3419.5,13.03,-0.6326,-0.3626,15700.0
3419.55,12.95,-0.6889,-0.4093,15720.0
3419.6,12.88,-0.7452,-0.456,15740.0
3419.65,12.99,-0.6487,-0.2857,15770.0
3419.7,13.1,-0.5521,-0.1154,15800.0
3419.75,13.12,-0.337,-0.1382,15810.0
3419.8,13.13,-0.1218,-0.161,15780.0
3419.85,13.01,-0.2725,-0.1705,15740.0
3419.9,12.89,-0.4232,-0.18,15700.0
3419.95,12.75,-0.4142,-0.06133,15670.0
3420.0,12.61,-0.4052,0.05731,15660.0
3420.05,12.74,-0.6755,0.09499,15660.0
3420.1,12.88,-0.9458,0.1327,15690.0
3420.15,12.91,-1.032,0.05085,15740.0
3420.2,12.94,-1.118,-0.03097,15780.0
3420.25,12.83,-1.117,-0.06353,15800.0
3420.3,12.71,-1.117,-0.09609,15790.0
3420.35,12.53,-1.139,-0.0867,15780.0
3420.4,12.35,-1.161,-0.07731,15760.0
3420.45,12.27,-1.359,-0.1067,15740.0
3420.5,12.18,-1.558,-0.1361,15710.0
3420.55,12.1,-1.636,-0.1823,15680.0
3420.6,12.01,-1.714,-0.2285,15670.0
3420.65,12.05,-1.818,-0.1438,15680.0
3420.7,12.08,-1.922,-0.05902,15700.0
3420.75,11.94,-2.084,0.004268,15720.0
3420.8,11.81,-2.246,0.06755,15740.0
3420.85,11.84,-2.29,0.1128,15760.0
3420.9,11.88,-2.333,0.158,15780.0
3420.95,11.75,-2.3,0.1463,15780.0
3421.0,11.62,-2.267,0.1346,15780.0
3421.05,11.85,-2.253,-0.03256,15780.0
3421.1,12.09,-2.24,-0.1997,15780.0
3421.15,12.17,-2.156,-0.2441,15770.0
3421.2,12.25,-2.072,-0.2885,15750.0
3421.25,12.44,-2.055,-0.1788,15750.0
3421.3,12.63,-2.037,-0.06902,15760.0
3421.35,12.63,-2.238,0.06024,15780.0
3421.4,12.63,-2.439,0.1895,15800.0
3421.45,12.89,-2.389,0.4779,15810.0
3421.5,13.14,-2.339,0.7663,15820.0
3421.55,13.35,-2.482,0.6499,15830.0
3421.6,13.55,-2.625,0.5336,15820.0
3421.65,13.38,-2.72,0.5916,15800.0
3421.7,13.21,-2.816,0.6497,15780.0
3421.75,13.37,-2.731,0.5251,15780.0
3421.8,13.53,-2.646,0.4004,15780.0
3421.85,13.43,-2.601,0.3109,15790.0
3421.9,13.34,-2.556,0.2214,15800.0
3421.95,13.37,-2.568,0.385,15800.0
3422.0,13.41,-2.579,0.5485,15800.0
3422.05,13.29,-2.39,0.8032,15780.0
3422.1,13.18,-2.201,1.058,15750.0
3422.15,13.38,-2.26,0.985,15720.0
3422.2,13.58,-2.318,0.9121,15720.0
3422.25,13.38,-2.284,0.9627,15750.0
3422.3,13.19,-2.249,1.013,15780.0
3422.35,13.23,-2.178,1.032,15810.0
3422.4,13.28,-2.106,1.051,15820.0
3422.45,13.3,-2.181,0.7689,15820.0
3422.5,13.33,-2.256,0.487,15800.0
3422.55,13.29,-2.257,0.5599,15760.0
3422.6,13.25,-2.257,0.6329,15710.0
3422.65,13.12,-2.181,0.6381,15680.0
3422.7,13.0,-2.105,0.6433,15680.0
3422.75,12.99,-1.99,0.6487,15700.0
3422.8,12.99,-1.876,0.6541,15730.0
3422.85,12.86,-1.903,0.6779,15760.0
3422.9,12.73,-1.93,0.7016,15790.0
3422.95,12.86,-1.92,0.5851,15810.0
3423.0,12.99,-1.91,0.4685,15810.0
3423.05,13.19,-1.894,0.2959,15800.0
3423.1,13.4,-1.878,0.1234,15770.0
3423.15,13.56,-1.729,0.2002,15740.0
3423.2,13.72,-1.579,0.277,15710.0
3423.25,13.62,-1.703,0.1755,15700.0
3423.3,13.51,-1.827,0.07389,15700.0
3423.35,13.66,-1.693,0.04158,15710.0
3423.4,13.81,-1.56,0.009267,15730.0
3423.45,13.96,-1.507,0.001829,15740.0
3423.5,14.1,-1.455,-0.005609,15740.0
3423.55,13.97,-1.53,-0.1583,15750.0
3423.6,13.84,-1.606,-0.3109,15750.0
3423.65,13.72,-1.725,-0.244,15760.0
3423.7,13.61,-1.844,-0.1771,15760.0
3423.75,13.63,-1.658,-0.2274,15750.0
3423.8,13.64,-1.473,-0.2778,15730.0
3423.85,13.59,-1.397,-0.5104,15720.0
3423.9,13.55,-1.32,-0.7431,15700.0
3423.95,13.77,-1.112,-0.6118,15700.0
3424.0,14.0,-0.9044,-0.4804,15690.0
3424.05,13.96,-0.921,-0.3869,15690.0
3424.1,13.91,-0.9375,-0.2934,15690.0
3424.15,13.96,-1.107,-0.3601,15700.0
3424.2,14.0,-1.277,-0.4268,15720.0
3424.25,14.07,-1.096,-0.2239,15720.0
3424.3,14.15,-0.9144,-0.02097,15720.0
3424.35,14.14,-1.015,0.04134,15700.0
3424.4,14.13,-1.116,0.1036,15680.0
3424.45,14.13,-1.001,0.1008,15650.0
3424.5,14.14,-0.8853,0.09804,15630.0
3424.55,14.09,-0.989,-0.07877,15610.0
3424.6,14.05,-1.093,-0.2556,15610.0
3424.65,14.02,-1.097,-0.08719,15620.0
3424.7,13.98,-1.1,0.08121,15620.0
3424.75,13.96,-1.185,0.1058,15630.0
3424.8,13.95,-1.269,0.1305,15640.0
3424.85,13.9,-1.227,0.07292,15640.0
3424.9,13.85,-1.185,0.01536,15640.0
3424.95,13.72,-1.282,-0.1994,15630.0
3425.0,13.59,-1.379,-0.4141,15620.0
3425.05,13.68,-1.358,-0.5308,15600.0
3425.1,13.76,-1.336,-0.6475,15570.0
3425.15,13.72,-1.397,-0.6046,15540.0
3425.2,13.68,-1.459,-0.5616,15510.0
3425.25,13.54,-1.292,-0.7369,15500.0
3425.3,13.39,-1.126,-0.9121,15510.0
3425.35,13.48,-1.204,-0.9017,15540.0
3425.4,13.57,-1.282,-0.8914,15570.0
3425.45,13.45,-1.155,-0.6824,15600.0
3425.5,13.34,-1.029,-0.4734,15610.0
3425.55,13.27,-0.9064,-0.4218,15590.0
3425.6,13.2,-0.7838,-0.3702,15550.0
3425.65,13.28,-0.6889,-0.2652,15510.0
3425.7,13.35,-0.5939,-0.1602,15460.0
3425.75,13.2,-0.5213,-0.224,15430.0
3425.8,13.05,-0.4486,-0.2878,15420.0
3425.85,13.06,-0.4677,-0.3512,15440.0
3425.9,13.07,-0.4869,-0.4146,15460.0
3425.95,13.29,-0.6612,-0.454,15490.0
3426.0,13.5,-0.8356,-0.4934,15510.0
3426.05,13.45,-0.7436,-0.4696,15510.0
3426.1,13.39,-0.6517,-0.4458,15490.0
3426.15,13.36,-0.6905,-0.4919,15460.0
3426.2,13.34,-0.7293,-0.538,15420.0
3426.25,13.39,-0.6642,-0.4567,15380.0
3426.3,13.44,-0.5991,-0.3753,15350.0
3426.35,13.54,-0.5243,-0.3361,15350.0
3426.4,13.65,-0.4494,-0.2968,15370.0
3426.45,13.75,-0.4134,-0.4969,15390.0
3426.5,13.85,-0.3774,-0.697,15400.0
3426.55,13.71,-0.7177,-0.6007,15400.0
3426.6,13.56,-1.058,-0.5043,15380.0
3426.65,13.59,-0.9508,-0.3429,15350.0
3426.7,13.61,-0.8435,-0.1814,15320.0
3426.75,13.58,-0.7166,-0.04475,15300.0
3426.8,13.55,-0.5896,0.09194,15280.0
3426.85,13.48,-0.5296,0.1035,15290.0
3426.9,13.4,-0.4697,0.1151,15310.0
3426.95,13.23,-0.7245,0.07304,15330.0
3427.0,13.06,-0.9793,0.03097,15330.0
3427.05,13.09,-0.8392,0.2383,15320.0
3427.1,13.12,-0.699,0.4456,15300.0
3427.15,13.29,-0.8519,0.5304,15280.0
3427.2,13.46,-1.005,0.6153,15250.0
3427.25,13.5,-0.8716,0.6191,15210.0
3427.3,13.53,-0.7384,0.6229,15190.0
3427.35,13.6,-0.5627,0.5321,15190.0
3427.4,13.66,-0.3869,0.4414,15200.0
3427.45,13.7,-0.3288,0.4982,15230.0
3427.5,13.74,-0.2707,0.5551,15260.0
3427.55,13.66,-0.3043,0.5056,15280.0
3427.6,13.57,-0.338,0.456,15280.0
3427.65,13.5,-0.04936,0.3681,15260.0
3427.7,13.44,0.2392,0.2802,15220.0
3427.75,13.59,0.4258,0.2356,15170.0
3427.8,13.75,0.6123,0.191,15140.0
3427.85,13.8,0.572,0.1366,15140.0
3427.9,13.86,0.5318,0.08219,15150.0
3427.95,13.98,0.3087,0.1816,15160.0
3428.0,14.1,0.08559,0.2809,15170.0
3428.05,14.03,0.083,0.2164,15180.0
3428.1,13.95,0.08041,0.1519,15180.0
3428.15,13.68,0.2297,0.08633,15150.0
3428.2,13.42,0.379,0.02073,15110.0
3428.25,13.39,0.2558,0.08462,15090.0
3428.3,13.36,0.1326,0.1485,15080.0
3428.35,13.45,0.2325,0.2234,15080.0
3428.4,13.54,0.3324,0.2983,15080.0
3428.45,13.54,0.2972,0.1323,15090.0
3428.5,13.54,0.2619,-0.03365,15090.0
3428.55,13.27,0.2038,-0.0678,15080.0
3428.6,13.0,0.1457,-0.1019,15060.0
3428.65,13.07,0.3394,0.09865,15020.0
3428.7,13.14,0.533,0.2992,14980.0
3428.75,13.06,0.5173,0.3547,14940.0
3428.8,12.97,0.5016,0.4102,14930.0
3428.85,12.82,0.3734,0.2657,14920.0
3428.9,12.67,0.2452,0.1212,14930.0
3428.95,12.63,0.1519,0.03597,14960.0
3429.0,12.59,0.05852,-0.04926,14980.0
3429.05,12.62,0.05931,-0.0189,14990.0
3429.1,12.66,0.06011,0.01146,14980.0
3429.15,12.64,0.06429,-0.04304,14940.0
3429.2,12.62,0.06847,-0.09755,14880.0
3429.25,12.78,-0.0613,-0.1063,14820.0
3429.3,12.95,-0.1911,-0.1151,14770.0
3429.35,12.87,-0.3441,-0.136,14750.0
3429.4,12.8,-0.4972,-0.1568,14760.0
3429.45,12.74,-0.4504,-0.3406,14790.0
3429.5,12.69,-0.4037,-0.5243,14840.0
3429.55,12.85,-0.3248,-0.5514,14870.0
3429.6,13.01,-0.246,-0.5785,14870.0
3429.65,13.0,-0.2767,-0.7995,14840.0
3429.7,12.99,-0.3073,-1.021,14790.0
3429.75,12.89,-0.3686,-0.9672,14730.0
3429.8,12.79,-0.4299,-0.9138,14670.0
3429.85,12.84,-0.3587,-0.711,14620.0
3429.9,12.9,-0.2874,-0.5082,14610.0
3429.95,12.9,-0.3905,-0.4973,14630.0
3430.0,12.9,-0.4936,-0.4863,14660.0
3430.05,12.84,-0.5338,-0.5336,14700.0
3430.1,12.78,-0.574,-0.5809,14720.0
3430.15,12.9,-0.2597,-0.5563,14730.0
3430.2,13.03,0.05454,-0.5316,14710.0
3430.25,13.07,0.2197,-0.5462,14660.0
3430.3,13.11,0.3849,-0.5607,14610.0
3430.35,12.99,0.4166,-0.6183,14550.0
3430.4,12.87,0.4482,-0.676,14510.0
3430.45,12.81,0.409,-0.4564,14490.0
3430.5,12.75,0.3698,-0.2368,14500.0
3430.55,12.83,0.1011,-0.2597,14540.0
3430.6,12.91,-0.1676,-0.2827,14590.0
3430.65,12.74,-0.204,-0.2956,14630.0
3430.7,12.57,-0.2404,-0.3085,14630.0
3430.75,12.79,-0.1342,-0.2094,14600.0
3430.8,13.02,-0.02787,-0.1102,14550.0
3430.85,13.01,-0.1379,-0.006341,14490.0
3430.9,13.01,-0.248,0.09755,14440.0
3430.95,13.09,-0.3328,0.2572,14400.0
3431.0,13.17,-0.4176,0.4168,14390.0
3431.05,13.27,-0.1154,0.3517,14420.0
3431.1,13.37,0.1867,0.2866,14460.0
3431.15,13.5,0.4234,0.3617,14510.0
3431.2,13.63,0.66,0.4368,14530.0
3431.25,13.55,0.6343,0.3058,14520.0
3431.3,13.47,0.6087,0.1749,14480.0
3431.35,13.17,0.632,0.3228,14430.0
3431.4,12.86,0.6552,0.4707,14370.0
3431.45,12.99,0.5852,0.4046,14300.0
3431.5,13.12,0.5151,0.3385,14270.0
3431.55,13.25,0.4606,0.2331,14270.0
3431.6,13.39,0.406,0.1278,14310.0
3431.65,13.32,0.3143,-0.02305,14360.0
3431.7,13.25,0.2225,-0.1739,14420.0
3431.75,13.19,0.1507,0.002805,14460.0
3431.8,13.13,0.07882,0.1795,14480.0
3431.85,13.07,0.1184,0.3357,14440.0
3431.9,13.0,0.158,0.4919,14370.0
3431.95,13.2,0.3511,0.4292,14280.0
3432.0,13.39,0.5442,0.3665,14210.0
3432.05,13.36,0.6371,0.3363,14170.0
3432.1,13.34,0.7301,0.3061,14160.0
3432.15,13.34,0.9574,0.2974,14190.0
3432.2,13.33,1.185,0.2887,14250.0
3432.25,13.04,1.056,0.2217,14320.0
3432.3,12.74,0.9267,0.1546,14370.0
3432.35,12.71,0.9861,0.4204,14390.0
3432.4,12.69,1.045,0.6863,14370.0
3432.45,12.78,0.9763,0.6514,14320.0
3432.5,12.88,0.9072,0.6165,14250.0
3432.55,12.77,0.8141,0.4307,14180.0
3432.6,12.66,0.7209,0.2449,14110.0
3432.65,12.74,0.5896,0.3385,14070.0
3432.7,12.83,0.4582,0.4321,14080.0
3432.75,12.8,0.6107,0.549,14110.0
3432.8,12.77,0.7631,0.6658,14160.0
3432.85,12.75,0.6071,0.7859,14200.0
3432.9,12.72,0.451,0.906,14230.0
3432.95,12.58,0.3736,0.7503,14230.0
3433.0,12.43,0.2962,0.5946,14210.0
3433.05,12.52,0.2946,0.3973,14160.0
3433.1,12.6,0.293,0.2,14100.0
3433.15,12.59,0.1668,0.1712,14040.0
3433.2,12.59,0.0406,0.1424,14000.0
3433.25,12.65,-0.003185,0.07072,13990.0
3433.3,12.71,-0.04697,-0.0009755,13990.0
3433.35,12.71,-0.1348,0.04402,14020.0
3433.4,12.72,-0.2225,0.08901,14050.0
3433.45,12.78,-0.06071,0.03426,14070.0
3433.5,12.84,0.1011,-0.02049,14070.0
3433.55,13.04,0.2502,-0.02488,14040.0
3433.6,13.25,0.3993,-0.02927,14000.0
3433.65,13.32,0.6252,-0.05646,13950.0
3433.7,13.39,0.8511,-0.08365,13910.0
3433.75,13.23,0.99,0.00378,13890.0
3433.8,13.07,1.129,0.09121,13890.0
3433.85,12.94,1.147,0.07085,13900.0
3433.9,12.8,1.164,0.05048,13910.0
3433.95,12.83,1.027,-0.1089,13930.0
3434.0,12.86,0.8897,-0.2683,13950.0
3434.05,12.99,0.8105,-0.2997,13950.0
3434.1,13.12,0.7313,-0.3312,13950.0
3434.15,13.13,0.6445,-0.5032,13930.0
3434.2,13.15,0.5577,-0.6753,13890.0
3434.25,12.99,0.455,-0.4462,13850.0
3434.3,12.83,0.3523,-0.217,13820.0
3434.35,12.78,0.3499,-0.2361,13810.0
3434.4,12.73,0.3475,-0.2551,13840.0
3434.45,12.82,0.296,-0.3743,13880.0
3434.5,12.91,0.2444,-0.4936,13930.0
3434.55,12.9,0.002189,-0.4024,13970.0
3434.6,12.89,-0.24,-0.3112,13990.0
3434.65,12.75,-0.2361,-0.2624,13970.0
3434.7,12.62,-0.2321,-0.2136,13930.0
3434.75,12.6,-0.05016,-0.1422,13880.0
3434.8,12.59,0.1318,-0.07072,13850.0
3434.85,12.51,0.1939,-0.09901,13840.0
3434.9,12.42,0.256,-0.1273,13840.0
3434.95,12.6,0.202,-0.3055,13860.0
3435.0,12.78,0.1481,-0.4836,13890.0
3435.05,12.95,0.1148,-0.5347,13920.0
3435.1,13.11,0.08161,-0.5858,13940.0
3435.15,12.99,-0.1369,-0.4306,13940.0
3435.2,12.86,-0.3555,-0.2753,13930.0
3435.25,12.97,-0.3203,-0.2288,13910.0
3435.3,13.07,-0.285,-0.1822,13880.0
3435.35,12.93,-0.3865,-0.1571,13840.0
3435.4,12.8,-0.4881,-0.1319,13810.0
3435.45,12.78,-0.5571,-0.05414,13790.0
3435.5,12.76,-0.6262,0.02366,13800.0
3435.55,12.78,-0.6089,0.1419,13820.0
3435.6,12.8,-0.5916,0.2602,13840.0
3435.65,12.8,-0.5358,0.1562,13860.0
3435.7,12.81,-0.4801,0.05219,13870.0
3435.75,12.6,-0.2741,0.2027,13880.0
3435.8,12.4,-0.06807,0.3531,13860.0
3435.85,12.17,0.1507,0.3148,13820.0
3435.9,11.94,0.3694,0.2766,13770.0
3435.95,12.02,0.2812,0.2968,13730.0
3436.0,12.11,0.1931,0.317,13700.0
3436.05,12.03,0.463,0.2896,13680.0
3436.1,11.96,0.7329,0.2622,13680.0
3436.15,11.87,0.7144,0.3122,13710.0
3436.2,11.78,0.6958,0.3622,13760.0
3436.25,11.69,0.6678,0.482,13800.0
3436.3,11.59,0.6397,0.6019,13810.0
3436.35,11.55,0.5941,0.518,13800.0
3436.4,11.5,0.5486,0.4341,13770.0
3436.45,11.48,0.6968,0.4056,13720.0
3436.5,11.46,0.8451,0.377,13660.0
3436.55,11.22,0.6608,0.244,13620.0
3436.6,10.97,0.4765,0.111,13610.0
3436.65,10.95,0.3503,0.3412,13630.0
3436.7,10.94,0.2241,0.5714,13670.0
3436.75,11.19,0.1959,0.4181,13710.0
3436.8,11.45,0.1676,0.2648,13730.0
3436.85,11.56,0.1011,0.08133,13750.0
3436.9,11.67,0.03463,-0.1022,13750.0
3436.95,11.4,-0.1127,-0.06121,13730.0
3437.0,11.13,-0.2599,-0.02024,13690.0
3437.05,10.97,-0.1435,0.07585,13650.0
3437.1,10.81,-0.02707,0.1719,13630.0
3437.15,10.79,0.004777,0.2874,13630.0
3437.2,10.77,0.03662,0.4029,13650.0
3437.25,10.69,0.007962,0.4439,13690.0
3437.3,10.62,-0.0207,0.4848,13730.0
3437.35,10.47,0.06688,0.3312,13780.0
3437.4,10.31,0.1545,0.1775,13810.0
3437.45,10.17,0.1401,0.1762,13810.0
3437.5,10.03,0.1258,0.1749,13780.0
3437.55,10.19,-0.08977,-0.05768,13740.0
3437.6,10.35,-0.3053,-0.2902,13700.0
3437.65,10.42,-0.3451,-0.1579,13670.0
3437.7,10.49,-0.3849,-0.02561,13660.0
3437.75,10.5,-0.3177,-0.1488,13680.0
3437.8,10.51,-0.2504,-0.2719,13720.0
3437.85,10.59,-0.2848,-0.1112,13770.0
3437.9,10.68,-0.3193,0.04951,13820.0
3437.95,10.67,-0.2203,-0.1986,13840.0
3438.0,10.65,-0.1214,-0.4468,13840.0
3438.05,10.68,-0.2948,-0.4553,13830.0
3438.1,10.71,-0.4681,-0.4639,13790.0
3438.15,10.77,-0.133,-0.5841,13740.0
3438.2,10.82,0.2022,-0.7043,13690.0
3438.25,11.0,0.2848,-0.6176,13660.0
3438.3,11.17,0.3674,-0.5309,13660.0
3438.35,11.27,0.1815,-0.4845,13680.0
3438.4,11.37,-0.004379,-0.438,13710.0
3438.45,11.37,-0.08001,-0.3323,13750.0
3438.5,11.37,-0.1557,-0.2266,13780.0
3438.55,11.48,-0.159,-0.2616,13790.0
3438.6,11.6,-0.1624,-0.2966,13770.0
3438.65,11.49,-0.03364,-0.5575,13730.0
3438.7,11.38,0.09514,-0.8184,13670.0
3438.75,11.43,0.0201,-0.7814,13620.0
3438.8,11.49,-0.05494,-0.7443,13590.0
3438.85,11.53,-0.07583,-0.7469,13570.0
3438.9,11.57,-0.09673,-0.7494,13580.0
3438.95,11.7,-0.01353,-0.8769,13610.0
3439.0,11.83,0.06966,-1.004,13660.0
3439.05,11.99,0.1899,-0.7904,13710.0
3439.1,12.14,0.3101,-0.5765,13730.0
3439.15,12.26,0.5432,-0.4185,13740.0
3439.2,12.38,0.7763,-0.2605,13720.0
3439.25,12.35,0.748,-0.315,13680.0
3439.3,12.31,0.7197,-0.3695,13620.0
3439.35,12.34,0.5953,-0.3339,13570.0
3439.4,12.37,0.4709,-0.2983,13540.0
3439.45,12.38,0.4106,-0.1479,13540.0
3439.5,12.4,0.3503,0.002439,13580.0
3439.55,12.21,0.3796,0.1244,13630.0
3439.6,12.02,0.4088,0.2463,13680.0
3439.65,11.99,0.4277,0.235,13740.0
3439.7,11.96,0.4466,0.2236,13760.0
3439.75,12.02,0.4514,0.1097,13760.0
3439.8,12.08,0.4562,-0.004146,13710.0
3439.85,12.05,0.6471,-0.02231,13660.0
3439.9,12.01,0.838,-0.04048,13620.0
3439.95,12.04,0.6955,-0.05463,13590.0
3440.0,12.06,0.5529,-0.06877,13590.0
3440.05,12.1,0.3153,-0.1015,13630.0
3440.1,12.14,0.07763,-0.1341,13690.0
3440.15,12.31,0.1951,-0.002073,13750.0
3440.2,12.48,0.3125,0.13,13790.0
3440.25,12.47,0.2954,0.03926,13810.0
3440.3,12.46,0.2783,-0.05146,13810.0
3440.35,12.59,0.3191,-0.02317,13800.0
3440.4,12.73,0.3599,0.005121,13770.0
3440.45,12.79,0.4283,-0.01988,13730.0
3440.5,12.86,0.4968,-0.04487,13700.0
3440.55,12.88,0.3477,-0.02292,13700.0
3440.6,12.9,0.1986,-0.0009755,13720.0
3440.65,13.04,0.1917,-0.2763,13770.0
3440.7,13.18,0.1847,-0.5516,13820.0
3440.75,13.15,0.1087,-0.4158,13870.0
3440.8,13.12,0.03264,-0.28,13900.0
3440.85,13.15,-0.03105,-0.1925,13910.0
3440.9,13.18,-0.09474,-0.1051,13890.0
3440.95,13.18,-0.1431,-0.1144,13840.0
3441.0,13.19,-0.1915,-0.1236,13790.0
3441.05,13.21,-0.1459,-0.1817,13750.0
3441.1,13.23,-0.1003,-0.2397,13740.0
3441.15,13.24,-0.2781,-0.1782,13750.0
3441.2,13.26,-0.4558,-0.1166,13790.0
3441.25,13.35,-0.5334,0.006219,13840.0
3441.3,13.44,-0.6111,0.129,13890.0
3441.35,13.61,-0.6021,0.3179,13920.0
3441.4,13.78,-0.5931,0.5068,13920.0
3441.45,13.9,-0.6439,0.5493,13880.0
3441.5,14.02,-0.6947,0.5919,13840.0
3441.55,14.08,-0.6809,0.4426,13800.0
3441.6,14.14,-0.6672,0.2934,13770.0
3441.65,14.3,-0.6957,0.3305,13770.0
3441.7,14.45,-0.7241,0.3675,13800.0
3441.75,14.32,-0.6087,0.2013,13830.0
3441.8,14.19,-0.4932,0.03512,13870.0
3441.85,14.36,-0.6455,-0.008292,13910.0
3441.9,14.53,-0.7978,-0.0517,13920.0
3441.95,14.46,-1.142,-0.1036,13920.0
3442.0,14.39,-1.486,-0.1556,13910.0
3442.05,14.35,-1.52,-0.07609,13900.0
3442.1,14.31,-1.554,0.003414,13890.0
3442.15,14.35,-1.571,0.0556,13890.0
3442.2,14.39,-1.589,0.1078,13900.0
3442.25,14.38,-1.301,-0.004146,13920.0
3442.3,14.38,-1.013,-0.1161,13950.0
3442.35,14.44,-1.032,-0.2023,13990.0
3442.4,14.51,-1.051,-0.2885,14010.0
3442.45,14.54,-1.096,-0.141,14020.0
3442.5,14.58,-1.142,0.006585,14010.0
3442.55,14.71,-1.072,-0.07024,14000.0
3442.6,14.85,-1.003,-0.1471,13980.0
3442.65,14.78,-0.9898,-0.2472,13960.0
3442.7,14.71,-0.9765,-0.3473,13970.0
3442.75,14.65,-0.8288,-0.393,13990.0
3442.8,14.59,-0.6811,-0.4387,14030.0
3442.85,14.57,-0.6684,-0.3537,14070.0
3442.9,14.55,-0.6556,-0.2688,14090.0
3442.95,14.61,-0.5259,-0.1127,14100.0
3443.0,14.68,-0.3961,0.04341,14110.0
3443.05,14.7,-0.3802,-0.1371,14110.0
3443.1,14.72,-0.3642,-0.3175,14090.0
3443.15,15.03,-0.3272,-0.1288,14070.0
3443.2,15.35,-0.2902,0.05999,14060.0
3443.25,15.28,-0.1264,0.2463,14050.0
3443.3,15.22,0.03742,0.4326,14060.0
3443.35,15.42,-0.07305,0.4489,14080.0
3443.4,15.63,-0.1835,0.4651,14100.0
3443.45,15.86,-0.201,0.2525,14140.0
3443.5,16.09,-0.2185,0.04,14170.0
3443.55,16.04,-0.3113,0.07267,14190.0
3443.6,15.98,-0.4041,0.1054,14190.0
3443.65,16.0,-0.2695,0.02683,14170.0
3443.7,16.01,-0.135,-0.0517,14140.0
3443.75,15.79,-0.1602,-0.0278,14110.0
3443.8,15.57,-0.1855,-0.003902,14080.0
3443.85,15.53,-0.3782,0.07633,14070.0
3443.9,15.49,-0.5709,0.1566,14070.0
3443.95,15.59,-0.4441,0.1285,14100.0
3444.0,15.69,-0.3173,0.1005,14150.0
3444.05,15.76,-0.4098,0.08097,14180.0
3444.1,15.82,-0.5024,0.06146,14200.0
3444.15,15.68,-0.3061,0.1568,14220.0
3444.2,15.53,-0.1099,0.2522,14220.0
3444.25,15.38,-0.05593,0.2992,14200.0
3444.3,15.22,-0.00199,0.3463,14160.0
3444.35,15.3,-0.1214,0.2648,14130.0
3444.4,15.38,-0.2408,0.1834,14130.0
3444.45,15.64,-0.2341,0.1647,14140.0
3444.5,15.9,-0.2273,0.1461,14160.0
3444.55,15.96,-0.3967,0.2591,14180.0
3444.6,16.02,-0.5661,0.3722,14200.0
3444.65,16.09,-0.4994,0.5058,14240.0
3444.7,16.16,-0.4327,0.6394,14270.0
3444.75,16.08,-0.3215,0.6915,14270.0
3444.8,16.01,-0.2102,0.7436,14270.0
3444.85,16.21,-0.02747,0.6288,14280.0
3444.9,16.41,0.1553,0.5141,14300.0
3444.95,16.51,-0.04857,0.453,14300.0
3445.0,16.6,-0.2524,0.3919,14290.0
3445.05,16.47,-0.1065,0.2683,14300.0
3445.1,16.35,0.03941,0.1446,14320.0
3445.15,16.42,0.04359,0.09779,14350.0
3445.2,16.5,0.04777,0.05097,14360.0
3445.25,16.38,0.2046,0.0228,14370.0
3445.3,16.25,0.3615,-0.005365,14370.0
3445.35,16.21,0.3481,-0.1282,14390.0
3445.4,16.17,0.3348,-0.2509,14410.0
3445.45,16.33,0.3037,-0.303,14410.0
3445.5,16.5,0.2727,-0.3551,14420.0
3445.55,16.53,0.1734,-0.3907,14430.0
3445.6,16.56,0.07404,-0.4263,14450.0
3445.65,16.66,0.08201,-0.4369,14450.0
3445.7,16.76,0.08997,-0.4475,14430.0
3445.75,16.59,0.05832,-0.4024,14420.0
3445.8,16.42,0.02667,-0.3573,14430.0
3445.85,16.48,-0.1383,-0.0817,14450.0
3445.9,16.53,-0.3033,0.1939,14470.0
3445.95,16.33,-0.2737,0.2819,14480.0
3446.0,16.13,-0.244,0.37,14500.0
3446.05,16.22,-0.2046,0.3161,14520.0
3446.1,16.31,-0.1652,0.2622,14530.0
3446.15,16.37,-0.1477,0.1399,14510.0
3446.2,16.43,-0.1302,0.01756,14480.0
3446.25,16.31,0.01712,-0.1533,14470.0
3446.3,16.19,0.1644,-0.3241,14470.0
3446.35,16.25,0.1351,-0.3247,14490.0
3446.4,16.32,0.1059,-0.3253,14500.0
3446.45,16.41,0.1449,-0.4042,14520.0
3446.5,16.5,0.1839,-0.4831,14550.0
3446.55,16.31,0.325,-0.3946,14570.0
3446.6,16.12,0.4662,-0.3061,14580.0
3446.65,16.09,0.461,-0.1838,14560.0
3446.7,16.05,0.4558,-0.06146,14550.0
3446.75,16.07,0.2858,-0.1156,14550.0
3446.8,16.09,0.1158,-0.1697,14540.0
3446.85,16.21,0.121,-0.09182,14520.0
3446.9,16.33,0.1262,-0.0139,14510.0
3446.95,16.19,-0.004379,0.07755,14520.0
3447.0,16.05,-0.135,0.169,14550.0
3447.05,16.13,-0.05275,0.009755,14580.0
3447.1,16.21,0.02946,-0.1495,14600.0
3447.15,16.08,0.1943,-0.01853,14630.0
3447.2,15.94,0.3591,0.1124,14670.0
3447.25,15.88,0.1829,0.3972,14680.0
3447.3,15.81,0.006767,0.6819,14680.0
3447.35,15.77,0.05255,0.8061,14660.0
3447.4,15.73,0.09833,0.9304,14640.0
3447.45,15.6,0.03523,0.6997,14640.0
3447.5,15.47,-0.02787,0.469,14650.0
3447.55,15.55,-0.084,0.5279,14660.0
3447.6,15.63,-0.1401,0.5868,14680.0
3447.65,15.6,-0.3356,0.3361,14710.0
3447.7,15.57,-0.531,0.08536,14760.0
3447.75,15.62,-0.5559,0.08609,14810.0
3447.8,15.68,-0.5808,0.08682,14850.0
3447.85,15.61,-0.7275,-0.006829,14880.0
3447.9,15.55,-0.8742,-0.1005,14910.0
3447.95,15.39,-0.66,-0.04024,14920.0
3448.0,15.24,-0.4459,0.02,14900.0
3448.05,15.32,-0.4447,-0.1662,14860.0
3448.1,15.4,-0.4435,-0.3524,14830.0
3448.15,15.39,-0.4703,-0.2698,14820.0
3448.2,15.39,-0.4972,-0.1873,14820.0
3448.25,15.51,-0.4397,-0.09987,14840.0
3448.3,15.64,-0.3822,-0.01244,14870.0
3448.35,15.43,-0.4072,-0.1433,14930.0
3448.4,15.23,-0.4323,-0.2741,14980.0
3448.45,15.18,-0.4375,-0.1861,15010.0
3448.5,15.14,-0.4427,-0.09804,15020.0
3448.55,15.38,-0.5207,-0.2605,15010.0
3448.6,15.62,-0.5987,-0.4229,14990.0
3448.65,15.61,-0.7118,-0.4528,14980.0
3448.7,15.59,-0.8248,-0.4826,14960.0
3448.75,15.32,-1.043,-0.2981,14940.0
3448.8,15.05,-1.261,-0.1136,14940.0
3448.85,14.93,-0.965,-0.1907,14960.0
3448.9,14.81,-0.6688,-0.2678,14990.0
3448.95,14.82,-0.7207,-0.6025,15010.0
3449.0,14.82,-0.7727,-0.9372,15030.0
3449.05,15.12,-0.8308,-0.6179,15050.0
3449.1,15.42,-0.8889,-0.2985,15060.0
3449.15,15.44,-1.002,-0.3281,15070.0
3449.2,15.46,-1.116,-0.3578,15060.0
3449.25,15.45,-1.188,-0.2353,15050.0
3449.3,15.44,-1.26,-0.1129,15060.0
3449.35,15.35,-1.088,-0.07499,15070.0
3449.4,15.26,-0.916,-0.03707,15080.0
3449.45,15.35,-0.9861,-0.05573,15080.0
3449.5,15.45,-1.056,-0.07438,15090.0
3449.55,15.52,-1.093,0.01792,15100.0
3449.6,15.59,-1.13,0.1102,15100.0
3449.65,15.5,-1.178,-0.1007,15090.0
3449.7,15.41,-1.226,-0.3117,15070.0
3449.75,15.46,-1.197,-0.1919,15070.0
3449.8,15.52,-1.168,-0.07219,15080.0
3449.85,15.63,-1.196,0.1382,15100.0
3449.9,15.74,-1.223,0.3485,15110.0
3449.95,15.81,-1.014,0.4799,15140.0
3450.0,15.89,-0.8037,0.6114,15170.0
3450.05,15.96,-0.7263,0.5125,15210.0
3450.1,16.04,-0.6489,0.4136,15230.0
3450.15,16.22,-0.7574,0.4532,15240.0
3450.2,16.4,-0.8658,0.4929,15230.0
3450.25,16.62,-0.7683,0.5334,15220.0
3450.3,16.84,-0.6708,0.5738,15190.0
3450.35,16.87,-0.6531,0.4829,15160.0
3450.4,16.9,-0.6353,0.3919,15150.0
3450.45,16.96,-0.6495,0.5574,15160.0
3450.5,17.01,-0.6636,0.7228,15200.0
3450.55,16.76,-0.6674,0.8497,15260.0
3450.6,16.51,-0.6712,0.9765,15320.0
3450.65,16.17,-0.5657,0.8961,15380.0
3450.7,15.82,-0.4602,0.8158,15410.0
3450.75,16.01,-0.507,0.7649,15410.0
3450.8,16.21,-0.5537,0.7141,15390.0
3450.85,16.06,-0.7026,0.5807,15360.0
3450.9,15.9,-0.8515,0.4473,15320.0
3450.95,15.95,-0.7345,0.4579,15310.0
3451.0,15.99,-0.6174,0.4685,15310.0
3451.05,16.04,-0.666,0.4731,15330.0
3451.1,16.1,-0.7146,0.4778,15360.0
3451.15,15.89,-0.5597,0.3116,15400.0
3451.2,15.68,-0.4049,0.1453,15430.0
3451.25,15.66,-0.5209,-0.1285,15460.0
3451.3,15.65,-0.6369,-0.4024,15490.0
3451.35,15.71,-0.6702,-0.4529,15520.0
3451.4,15.77,-0.7034,-0.5034,15540.0
3451.45,15.77,-0.462,-0.2081,15550.0
3451.5,15.78,-0.2205,0.08706,15540.0
3451.55,15.84,-0.1933,0.2005,15520.0
3451.6,15.9,-0.166,0.3139,15500.0
3451.65,15.74,-0.3913,0.2738,15490.0
3451.7,15.58,-0.6166,0.2336,15490.0
3451.75,15.59,-0.6564,0.3792,15500.0
3451.8,15.6,-0.6962,0.5248,15530.0
3451.85,15.54,-0.4795,0.4746,15550.0
3451.9,15.47,-0.2627,0.4243,15580.0
3451.95,15.22,-0.1222,0.4567,15600.0
3452.0,14.97,0.01831,0.489,15600.0
3452.05,14.97,-0.1632,0.5096,15590.0
3452.1,14.97,-0.3447,0.5302,15590.0
3452.15,14.9,-0.3788,0.4173,15590.0
3452.2,14.82,-0.4128,0.3044,15610.0
3452.25,15.02,-0.4859,0.3778,15630.0
3452.3,15.21,-0.5589,0.4512,15640.0
3452.35,15.16,-0.5127,0.4134,15640.0
3452.4,15.11,-0.4666,0.3756,15630.0
3452.45,15.06,-0.5211,0.3431,15590.0
3452.5,15.02,-0.5756,0.3107,15550.0
3452.55,15.12,-0.629,0.05792,15530.0
3452.6,15.22,-0.6823,-0.1949,15530.0
3452.65,15.35,-0.4978,-0.1323,15560.0
3452.7,15.48,-0.3133,-0.06975,15610.0
3452.75,15.43,-0.2098,-0.09231,15670.0
3452.8,15.39,-0.1063,-0.1149,15730.0
3452.85,15.37,-0.02508,-0.03,15760.0
3452.9,15.35,0.05613,0.05487,15760.0
3452.95,15.38,-0.01791,-0.007438,15730.0
3453.0,15.42,-0.09196,-0.06975,15690.0
3453.05,15.29,-0.003782,-0.213,15640.0
3453.1,15.16,0.08439,-0.3563,15590.0
3453.15,15.06,0.1186,-0.282,15570.0
3453.2,14.97,0.1529,-0.2078,15570.0
3453.25,15.04,0.2721,-0.3285,15610.0
3453.3,15.12,0.3913,-0.4492,15670.0
3453.35,15.27,0.3368,-0.4259,15730.0
3453.4,15.42,0.2822,-0.4026,15780.0
3453.45,15.27,0.331,-0.3346,15810.0
3453.5,15.13,0.3798,-0.2666,15830.0
3453.55,15.22,0.3366,-0.2864,15830.0
3453.6,15.3,0.2934,-0.3063,15800.0
3453.65,15.21,0.2516,-0.4086,15750.0
3453.7,15.12,0.2098,-0.5109,15710.0
3453.75,15.17,0.3816,-0.509,15690.0
3453.8,15.23,0.5533,-0.507,15690.0
3453.85,15.37,0.4683,-0.4258,15710.0
3453.9,15.51,0.3834,-0.3446,15760.0
3453.95,15.62,0.4604,-0.2723,15830.0
3454.0,15.73,0.5374,-0.2,15890.0
3454.05,15.77,0.5456,-0.09901,15940.0
3454.1,15.82,0.5537,0.001951,15950.0
3454.15,15.77,0.5796,0.08914,15950.0
3454.2,15.72,0.6055,0.1763,15930.0
3454.25,15.83,0.5914,0.1247,15900.0
3454.3,15.95,0.5772,0.07316,15870.0
3454.35,16.07,0.548,-0.08024,15860.0
3454.4,16.19,0.5187,-0.2336,15860.0
3454.45,15.93,0.4574,-0.233,15890.0
3454.5,15.67,0.3961,-0.2324,15920.0
3454.55,15.64,0.2651,-0.3047,15940.0
3454.6,15.61,0.1342,-0.377,15960.0
3454.65,15.63,0.2448,-0.4258,15970.0
3454.7,15.64,0.3555,-0.4746,15990.0
3454.75,15.65,0.246,-0.3279,15990.0
3454.8,15.65,0.1365,-0.1812,15980.0
3454.85,15.52,0.05255,-0.3142,15970.0
3454.9,15.38,-0.03145,-0.4473,15960.0
3454.95,15.58,0.05533,-0.2662,15950.0
3455.0,15.77,0.1421,-0.08511,15940.0
3455.05,15.76,0.1555,-0.1414,15920.0
3455.1,15.76,0.1688,-0.1978,15920.0
3455.15,15.93,0.1123,-0.05999,15930.0
3455.2,16.11,0.05573,0.0778,15950.0
3455.25,16.06,-0.05553,0.1891,15970.0
3455.3,16.02,-0.1668,0.3005,15990.0
3455.35,15.98,-0.02946,0.4061,16000.0
3455.4,15.94,0.1079,0.5117,16010.0
3455.45,15.94,0.1843,0.6226,15990.0
3455.5,15.94,0.2607,0.7336,15970.0
3455.55,15.94,0.2548,0.847,15970.0
3455.6,15.94,0.2488,0.9604,15980.0
3455.65,15.92,0.3597,0.5977,16010.0
3455.7,15.9,0.4705,0.2351,16040.0
3455.75,15.9,0.3652,0.2003,16060.0
3455.8,15.91,0.2599,0.1656,16060.0
3455.85,15.88,0.2731,0.19,16070.0
3455.9,15.84,0.2862,0.2144,16050.0
3455.95,15.97,0.2916,0.2768,16020.0
3456.0,16.1,0.297,0.3392,15990.0
3456.05,16.07,0.2695,0.3943,16000.0
3456.1,16.04,0.242,0.4495,16020.0
3456.15,16.11,0.2733,0.4152,16060.0
3456.2,16.19,0.3045,0.3809,16110.0
3456.25,16.16,0.2904,0.3126,16150.0
3456.3,16.13,0.2763,0.2444,16200.0
3456.35,16.19,0.3977,0.1969,16220.0
3456.4,16.25,0.5191,0.1495,16200.0
3456.45,16.22,0.5953,0.3074,16160.0
3456.5,16.19,0.6716,0.4653,16120.0
3456.55,16.21,0.7201,0.5245,16090.0
3456.6,16.23,0.7687,0.5836,16080.0
3456.65,16.41,0.8193,0.3479,16090.0
3456.7,16.59,0.8698,0.1122,16110.0
3456.75,16.48,0.6397,0.07328,16170.0
3456.8,16.37,0.4096,0.03439,16230.0
3456.85,16.4,0.4256,0.1239,16270.0
3456.9,16.43,0.4415,0.2134,16280.0
3456.95,16.6,0.451,0.02573,16270.0
3457.0,16.78,0.4606,-0.1619,16240.0
3457.05,16.84,0.4248,-0.1173,16220.0
3457.1,16.91,0.3889,-0.07267,16190.0
3457.15,16.83,0.2801,-0.1608,16180.0
3457.2,16.76,0.1712,-0.249,16180.0
3457.25,16.9,0.2797,-0.1344,16200.0
3457.3,17.04,0.3881,-0.01975,16220.0
3457.35,17.14,0.326,-0.007804,16240.0
3457.4,17.25,0.2639,0.004146,16230.0
3457.45,17.32,0.4106,-0.1267,16230.0
3457.5,17.4,0.5573,-0.2575,16250.0
3457.55,17.48,0.6071,-0.3225,16270.0
3457.6,17.57,0.6568,-0.3875,16280.0
3457.65,17.57,0.5908,-0.4774,16270.0
3457.7,17.56,0.5247,-0.5673,16270.0
3457.75,17.38,0.4166,-0.6286,16280.0
3457.8,17.2,0.3085,-0.6899,16270.0
3457.85,17.26,0.2299,-0.6592,16240.0
3457.9,17.32,0.1513,-0.6285,16240.0
3457.95,17.28,0.009753,-0.6942,16250.0
3458.0,17.24,-0.1318,-0.7599,16270.0
3458.05,17.07,0.001592,-0.8272,16280.0
3458.1,16.9,0.135,-0.8945,16280.0
3458.15,17.07,0.1566,-0.8376,16290.0
3458.2,17.25,0.1783,-0.7806,16300.0
3458.25,17.32,0.292,-0.6029,16310.0
3458.3,17.39,0.4056,-0.4251,16320.0
3458.35,17.4,0.2566,-0.3858,16320.0
3458.4,17.42,0.1075,-0.3465,16330.0
3458.45,17.39,0.1254,-0.3263,16340.0
3458.5,17.36,0.1433,-0.3061,16320.0
3458.55,17.29,0.2524,-0.3753,16290.0
3458.6,17.22,0.3615,-0.4446,16270.0
3458.65,17.37,0.3322,-0.3045,16260.0
3458.7,17.52,0.3029,-0.1644,16280.0
3458.75,17.31,0.5673,-0.1606,16290.0
3458.8,17.11,0.8316,-0.1568,16310.0
3458.85,17.14,0.823,-0.255,16330.0
3458.9,17.17,0.8145,-0.3531,16360.0
3458.95,17.2,0.8107,-0.3873,16380.0
3459.0,17.23,0.8069,-0.4214,16360.0
3459.05,17.22,0.8342,-0.4229,16330.0
3459.1,17.22,0.8615,-0.4243,16320.0
3459.15,17.28,0.9003,-0.5201,16320.0
3459.2,17.35,0.9391,-0.6158,16300.0
3459.25,17.41,0.9938,-0.6502,16290.0
3459.3,17.48,1.049,-0.6846,16300.0
3459.35,17.6,0.8187,-0.8064,16330.0
3459.4,17.72,0.5888,-0.9282,16350.0
3459.45,17.75,0.6085,-0.8551,16350.0
3459.5,17.77,0.6282,-0.7821,16340.0
3459.55,17.56,0.6666,-0.604,16330.0
3459.6,17.35,0.705,-0.4258,16340.0
3459.65,17.43,0.7743,-0.4593,16350.0
3459.7,17.52,0.8435,-0.4929,16350.0
3459.75,17.67,0.9851,-0.4179,16360.0
3459.8,17.82,1.127,-0.3429,16370.0
3459.85,17.68,1.141,-0.5273,16380.0
3459.9,17.54,1.155,-0.7116,16360.0
3459.95,17.6,1.352,-0.6733,16330.0
3460.0,17.66,1.549,-0.6351,16310.0
3460.05,17.73,1.572,-0.6774,16310.0
3460.1,17.81,1.596,-0.7197,16320.0
3460.15,17.95,1.606,-0.4437,16330.0
3460.2,18.09,1.616,-0.1678,16340.0
3460.25,18.11,1.772,-0.07243,16360.0
3460.3,18.14,1.928,0.02292,16390.0
3460.35,18.18,2.039,0.1016,16400.0
3460.4,18.23,2.151,0.1802,16400.0
3460.45,18.24,2.014,0.293,16400.0
3460.5,18.24,1.877,0.4058,16410.0
3460.55,18.31,1.724,0.3414,16400.0
3460.6,18.38,1.571,0.277,16380.0
3460.65,18.46,1.462,0.2388,16350.0
3460.7,18.54,1.354,0.2005,16340.0
3460.75,18.57,1.191,0.1266,16360.0
3460.8,18.6,1.027,0.05268,16380.0
3460.85,18.7,1.031,0.05938,16390.0
3460.9,18.79,1.034,0.06609,16410.0
3460.95,18.79,1.079,0.08743,16430.0
3461.0,18.78,1.125,0.1088,16450.0
3461.05,18.84,1.303,-0.0001219,16450.0
3461.1,18.9,1.482,-0.109,16420.0
3461.15,18.92,1.569,-0.1538,16390.0
3461.2,18.95,1.656,-0.1985,16380.0
3461.25,18.86,1.618,-0.1004,16380.0
3461.3,18.76,1.58,-0.002195,16390.0
3461.35,18.8,1.561,0.3378,16400.0
3461.4,18.83,1.543,0.6777,16420.0
3461.45,18.77,1.351,0.5074,16430.0
3461.5,18.72,1.159,0.337,16430.0
3461.55,18.66,1.014,0.2164,16420.0
3461.6,18.61,0.8694,0.09584,16400.0
3461.65,18.54,1.054,0.2342,16380.0
3461.7,18.47,1.239,0.3726,16380.0
3461.75,18.64,1.42,0.489,16380.0
3461.8,18.82,1.601,0.6053,16390.0
3461.85,18.82,1.503,0.7041,16410.0
3461.9,18.83,1.405,0.8028,16440.0
3461.95,18.77,1.364,0.5813,16460.0
3462.0,18.71,1.324,0.3597,16460.0
3462.05,18.68,1.171,0.5212,16460.0
3462.1,18.64,1.019,0.6826,16440.0
3462.15,18.86,0.8941,0.5997,16410.0
3462.2,19.09,0.7691,0.5168,16380.0
3462.25,19.02,0.7802,0.4443,16350.0
3462.3,18.95,0.7914,0.3719,16320.0
3462.35,18.79,0.8533,0.3096,16320.0
3462.4,18.64,0.9152,0.2473,16330.0
3462.45,18.46,0.8423,0.2955,16360.0
3462.5,18.29,0.7695,0.3436,16400.0
3462.55,18.33,0.702,0.4224,16450.0
3462.6,18.36,0.6345,0.5012,16490.0
3462.65,18.22,0.6465,0.4696,16510.0
3462.7,18.08,0.6584,0.438,16510.0
3462.75,18.09,0.6714,0.4447,16470.0
3462.8,18.09,0.6843,0.4514,16420.0
3462.85,18.14,0.6919,0.5758,16360.0
3462.9,18.19,0.6994,0.7002,16330.0
3462.95,18.31,0.7494,0.6929,16310.0
3463.0,18.43,0.7994,0.6855,16330.0
3463.05,18.44,0.8039,0.7055,16380.0
3463.1,18.44,0.8085,0.7255,16460.0
3463.15,18.26,0.715,0.4712,16530.0
3463.2,18.09,0.6214,0.2168,16590.0
3463.25,18.2,0.4733,0.1923,16620.0
3463.3,18.32,0.3252,0.1678,16610.0
3463.35,18.07,0.3897,0.1996,16570.0
3463.4,17.83,0.4542,0.2314,16510.0
3463.45,17.61,0.5366,0.08097,16440.0
3463.5,17.4,0.619,-0.0695,16380.0
3463.55,17.31,0.5145,0.04317,16360.0
3463.6,17.22,0.41,0.1558,16390.0
3463.65,17.28,0.5,0.143,16440.0
3463.7,17.34,0.59,0.1302,16520.0
3463.75,17.36,0.633,0.04829,16600.0
3463.8,17.39,0.6759,-0.03365,16650.0
3463.85,17.17,0.6413,-0.1258,16670.0
3463.9,16.96,0.6067,-0.218,16630.0
3463.95,16.96,0.6435,-0.2589,16560.0
3464.0,16.97,0.6803,-0.2997,16490.0
3464.05,17.02,0.8089,-0.1677,16440.0
3464.1,17.06,0.9375,-0.03561,16420.0
3464.15,17.1,1.03,-0.03487,16440.0
3464.2,17.14,1.122,-0.03414,16480.0
3464.25,17.06,0.9948,-0.04634,16540.0
3464.3,16.99,0.8674,-0.05853,16590.0
3464.35,16.99,0.9574,-0.006219,16610.0
3464.4,16.99,1.047,0.04609,16590.0
3464.45,16.94,1.124,-0.2963,16550.0
3464.5,16.89,1.201,-0.6387,16510.0
3464.55,17.03,0.9665,-0.5249,16480.0
3464.6,17.16,0.7317,-0.4112,16460.0
3464.65,16.8,0.5858,-0.4067,16470.0
3464.7,16.43,0.4399,-0.4022,16480.0
3464.75,16.38,0.5211,-0.4669,16510.0
3464.8,16.33,0.6023,-0.5316,16530.0
3464.85,16.42,0.5923,-0.5894,16540.0
3464.9,16.52,0.5824,-0.6472,16530.0
3464.95,16.57,0.6521,-0.5691,16520.0
3465.0,16.62,0.7217,-0.4909,16500.0
3465.05,16.76,0.7054,-0.5002,16470.0
3465.1,16.91,0.6891,-0.5095,16440.0
3465.15,16.98,0.791,-0.6183,16430.0
3465.2,17.04,0.8929,-0.7272,16430.0
3465.25,17.25,0.9367,-0.8147,16450.0
3465.3,17.46,0.9805,-0.9021,16490.0
3465.35,17.53,0.9717,-0.8308,16530.0
3465.4,17.61,0.963,-0.7594,16580.0
3465.45,17.63,0.9066,-0.7489,16620.0
3465.5,17.65,0.8503,-0.7385,16640.0
3465.55,17.72,0.8041,-0.6401,16620.0
3465.6,17.79,0.758,-0.5416,16590.0
3465.65,17.81,0.8603,-0.5477,16550.0
3465.7,17.83,0.9626,-0.5538,16500.0
3465.75,17.94,0.9277,-0.3568,16480.0
3465.8,18.05,0.8929,-0.1597,16480.0
3465.85,18.06,0.946,-0.07743,16520.0
3465.9,18.07,0.9992,0.004878,16580.0
3465.95,17.92,1.18,-0.1425,16650.0
3466.0,17.78,1.361,-0.29,16730.0
3466.05,17.79,1.251,-0.3472,16780.0
3466.1,17.79,1.14,-0.4043,16800.0
3466.15,17.71,1.001,-0.1068,16790.0
3466.2,17.63,0.8622,0.1907,16750.0
3466.25,17.46,0.8523,0.01414,16690.0
3466.3,17.3,0.8423,-0.1624,16620.0
3466.35,17.19,0.8286,-0.2646,16580.0
3466.4,17.07,0.8149,-0.3668,16580.0
3466.45,17.3,0.9102,-0.4343,16610.0
3466.5,17.53,1.006,-0.5019,16670.0
3466.55,17.55,1.107,-0.5502,16740.0
3466.6,17.57,1.208,-0.5985,16790.0
3466.65,17.5,1.343,-0.6568,16830.0
3466.7,17.42,1.478,-0.715,16840.0
3466.75,17.45,1.464,-0.7332,16820.0
3466.8,17.48,1.449,-0.7514,16780.0
3466.85,17.46,1.404,-0.7072,16720.0
3466.9,17.44,1.359,-0.6631,16680.0
3466.95,17.52,1.333,-0.6193,16660.0
3467.0,17.59,1.307,-0.5755,16660.0
3467.05,17.8,1.041,-0.4425,16670.0
3467.1,18.0,0.7755,-0.3095,16690.0
3467.15,17.97,0.9335,-0.1556,16730.0
3467.2,17.93,1.092,-0.001707,16770.0
3467.25,17.87,1.035,-0.1284,16790.0
3467.3,17.81,0.9777,-0.2551,16790.0
3467.35,17.87,0.8666,-0.5199,16770.0
3467.4,17.93,0.7556,-0.7848,16750.0
3467.45,17.93,0.7872,-0.8487,16740.0
3467.5,17.93,0.8189,-0.9126,16720.0
3467.55,17.83,0.7134,-1.009,16720.0
3467.6,17.73,0.6079,-1.105,16740.0
3467.65,17.72,0.6602,-1.019,16760.0
3467.7,17.71,0.7126,-0.9328,16780.0
3467.75,17.59,0.6523,-0.9565,16780.0
3467.8,17.47,0.5919,-0.9801,16780.0
3467.85,17.5,0.797,-0.8931,16790.0
3467.9,17.54,1.002,-0.806,16790.0
3467.95,17.49,0.8001,-0.7895,16780.0
3468.0,17.45,0.5983,-0.7731,16760.0
3468.05,17.44,0.3768,-0.6062,16760.0
3468.1,17.44,0.1553,-0.4392,16780.0
3468.15,17.34,0.03901,-0.3255,16810.0
3468.2,17.25,-0.07723,-0.2117,16840.0
3468.25,17.2,-0.2319,-0.1902,16860.0
3468.3,17.15,-0.3865,-0.1688,16870.0
3468.35,16.99,-0.2773,-0.1244,16870.0
3468.4,16.84,-0.168,-0.07999,16850.0
3468.45,16.9,-0.1397,-0.05938,16810.0
3468.5,16.96,-0.1115,-0.03878,16760.0
3468.55,16.89,0.01572,-0.103,16750.0
3468.6,16.82,0.1429,-0.1673,16750.0
3468.65,16.8,0.08101,-0.1761,16770.0
3468.7,16.78,0.01911,-0.1849,16800.0
3468.75,16.73,-0.09773,-0.4563,16830.0
3468.8,16.68,-0.2146,-0.7277,16880.0
3468.85,16.54,-0.02588,-0.6727,16910.0
3468.9,16.39,0.1628,-0.6177,16900.0
3468.95,16.37,0.4271,-0.6157,16870.0
3469.0,16.34,0.6915,-0.6136,16830.0
3469.05,16.25,0.7004,-0.6711,16800.0
3469.1,16.16,0.7094,-0.7287,16780.0
3469.15,16.09,0.6055,-0.7627,16760.0
3469.2,16.03,0.5016,-0.7967,16760.0
3469.25,15.99,0.628,-0.8113,16780.0
3469.3,15.95,0.7544,-0.8258,16810.0
3469.35,15.98,0.6248,-0.7916,16830.0
3469.4,16.0,0.4952,-0.7575,16840.0
3469.45,15.92,0.6055,-0.648,16850.0
3469.5,15.85,0.7158,-0.5385,16860.0
3469.55,15.9,0.7038,-0.4991,16860.0
3469.6,15.96,0.6919,-0.4597,16850.0
3469.65,16.06,0.6461,-0.5287,16820.0
3469.7,16.16,0.6003,-0.5977,16800.0
3469.75,16.22,0.6421,-0.5825,16780.0
3469.8,16.28,0.6839,-0.5673,16780.0
3469.85,16.34,0.5975,-0.6805,16780.0
3469.9,16.4,0.5111,-0.7938,16790.0
3469.95,16.33,0.4419,-0.701,16810.0
3470.0,16.27,0.3726,-0.6082,16830.0
3470.05,16.1,0.409,-0.6292,16840.0
3470.1,15.94,0.4455,-0.6502,16830.0
3470.15,15.87,0.4964,-0.4419,16830.0
3470.2,15.81,0.5474,-0.2336,16830.0
3470.25,15.71,0.495,-0.2862,16830.0
3470.3,15.61,0.4427,-0.3387,16840.0
3470.35,15.8,0.4176,-0.3584,16860.0
3470.4,15.99,0.3925,-0.378,16870.0
3470.45,16.2,0.5344,-0.3967,16890.0
3470.5,16.4,0.6763,-0.4153,16880.0
3470.55,16.45,0.5543,-0.3846,16850.0
3470.6,16.51,0.4323,-0.3539,16820.0
3470.65,16.54,0.3865,-0.3373,16800.0
3470.7,16.58,0.3408,-0.3207,16810.0
3470.75,16.44,0.3069,-0.35,16830.0
3470.8,16.29,0.2731,-0.3792,16850.0
3470.85,16.28,0.3684,-0.4291,16870.0
3470.9,16.28,0.4638,-0.479,16900.0
3470.95,16.36,0.6787,-0.5301,16910.0
3471.0,16.43,0.8937,-0.5812,16890.0
3471.05,16.43,0.8185,-0.705,16870.0
3471.1,16.43,0.7432,-0.8289,16840.0
3471.15,16.5,0.9606,-0.8412,16840.0
3471.2,16.56,1.178,-0.8536,16850.0
3471.25,16.6,1.393,-0.7582,16850.0
3471.3,16.65,1.609,-0.6629,16850.0
3471.35,16.58,1.464,-0.5849,16840.0
3471.4,16.51,1.32,-0.507,16840.0
3471.45,16.39,1.231,-0.4801,16840.0
3471.5,16.27,1.143,-0.4531,16830.0
3471.55,16.15,1.068,-0.4673,16820.0
3471.6,16.03,0.9924,-0.4814,16840.0
3471.65,16.15,1.241,-0.6094,16870.0
3471.7,16.26,1.489,-0.7375,16890.0
3471.75,16.39,1.386,-0.7517,16900.0
3471.8,16.52,1.283,-0.766,16880.0
3471.85,16.47,1.312,-0.8232,16860.0
3471.9,16.43,1.342,-0.8804,16840.0
3471.95,16.33,1.402,-0.9827,16800.0
3472.0,16.24,1.463,-1.085,16770.0
3472.05,16.36,1.217,-0.9493,16750.0
3472.1,16.48,0.9697,-0.8136,16770.0
3472.15,16.34,0.9508,-0.6318,16790.0
3472.2,16.21,0.9319,-0.45,16820.0
3472.25,16.17,0.9088,-0.3467,16830.0
3472.3,16.14,0.8857,-0.2434,16840.0
3472.35,16.17,1.098,-0.1856,16830.0
3472.4,16.2,1.311,-0.1278,16810.0
3472.45,16.2,1.351,-0.2495,16780.0
3472.5,16.2,1.392,-0.3712,16750.0
3472.55,16.39,1.515,-0.2057,16740.0
3472.6,16.59,1.637,-0.04024,16760.0
3472.65,16.63,1.568,-0.1519,16780.0
3472.7,16.67,1.499,-0.2636,16790.0
3472.75,16.68,1.213,-0.4529,16810.0
3472.8,16.68,0.9263,-0.6421,16820.0
3472.85,16.82,0.8871,-0.6619,16810.0
3472.9,16.95,0.8479,-0.6816,16790.0
3472.95,16.95,0.7566,-0.6815,16760.0
3473.0,16.94,0.6652,-0.6814,16740.0
3473.05,16.82,0.7261,-0.6894,16740.0
3473.1,16.7,0.787,-0.6975,16760.0
3473.15,16.7,0.8475,-0.8825,16780.0
3473.2,16.69,0.908,-1.067,16790.0
3473.25,16.56,0.9381,-1.097,16810.0
3473.3,16.44,0.9681,-1.126,16820.0
3473.35,16.49,0.9574,-1.0,16800.0
3473.4,16.54,0.9466,-0.875,16760.0
3473.45,16.38,1.021,-1.008,16730.0
3473.5,16.23,1.096,-1.141,16730.0
3473.55,16.23,0.9847,-1.118,16740.0
3473.6,16.23,0.873,-1.095,16730.0
3473.65,16.38,0.9912,-1.009,16730.0
3473.7,16.53,1.109,-0.9228,16740.0
3473.75,16.59,1.091,-0.9733,16770.0
3473.8,16.66,1.073,-1.024,16780.0
3473.85,16.45,1.074,-0.8671,16780.0
3473.9,16.24,1.076,-0.7104,16770.0
3473.95,16.28,1.15,-0.6914,16770.0
3474.0,16.32,1.225,-0.6724,16760.0
3474.05,16.28,1.324,-0.6479,16730.0
3474.1,16.24,1.424,-0.6233,16690.0
3474.15,16.11,1.536,-0.4582,16670.0
3474.2,15.99,1.648,-0.2931,16690.0
3474.25,15.86,1.564,-0.4606,16710.0
3474.3,15.72,1.48,-0.628,16710.0
3474.35,15.78,1.591,-0.6579,16710.0
3474.4,15.84,1.702,-0.6877,16710.0
3474.45,15.77,1.76,-0.6805,16710.0
3474.5,15.71,1.818,-0.6733,16690.0
3474.55,15.86,1.543,-0.6232,16660.0
3474.6,16.0,1.269,-0.5731,16640.0
3474.65,15.9,1.336,-0.5254,16640.0
3474.7,15.81,1.404,-0.4778,16640.0
3474.75,15.94,1.274,-0.4719,16630.0
3474.8,16.08,1.144,-0.466,16610.0
3474.85,16.03,1.159,-0.5773,16600.0
3474.9,15.97,1.175,-0.6885,16620.0
3474.95,15.87,1.067,-0.8003,16640.0
3475.0,15.77,0.959,-0.9121,16640.0
3475.05,15.74,1.193,-0.7893,16640.0
3475.1,15.7,1.428,-0.6665,16650.0
3475.15,15.69,1.292,-0.6729,16640.0
3475.2,15.67,1.156,-0.6792,16610.0
3475.25,15.7,0.9942,-0.5119,16550.0
3475.3,15.74,0.8328,-0.3446,16510.0
3475.35,15.7,0.8879,-0.5147,16510.0
3475.4,15.67,0.9431,-0.6848,16530.0
3475.45,15.72,1.064,-0.6483,16570.0
3475.5,15.77,1.184,-0.6119,16600.0
3475.55,15.81,1.119,-0.6544,16620.0
3475.6,15.85,1.054,-0.697,16640.0
3475.65,15.83,0.9829,-0.7788,16620.0
3475.7,15.81,0.912,-0.8606,16570.0
3475.75,15.88,1.109,-0.6703,16510.0
3475.8,15.95,1.306,-0.4799,16470.0
3475.85,16.02,1.358,-0.3005,16470.0
3475.9,16.09,1.41,-0.121,16480.0
3475.95,16.0,1.327,-0.2655,16490.0
3476.0,15.91,1.244,-0.41,16510.0
3476.05,15.81,1.048,-0.5062,16550.0
3476.1,15.72,0.8511,-0.6024,16570.0
3476.15,15.81,0.8242,-0.4847,16560.0
3476.2,15.89,0.7974,-0.367,16530.0
3476.25,15.97,0.9172,-0.3943,16500.0
3476.3,16.04,1.037,-0.4217,16490.0
3476.35,16.04,0.8853,-0.3306,16480.0
3476.4,16.04,0.7337,-0.2395,16470.0
3476.45,16.1,0.9403,-0.168,16460.0
3476.5,16.16,1.147,-0.09657,16470.0
3476.55,16.18,1.064,0.04865,16500.0
3476.6,16.21,0.9805,0.1939,16500.0
3476.65,16.26,0.9118,0.2934,16490.0
3476.7,16.3,0.8431,0.3929,16470.0
3476.75,16.19,1.005,0.2847,16460.0
3476.8,16.08,1.168,0.1766,16460.0
3476.85,16.15,0.996,0.1741,16440.0
3476.9,16.22,0.8244,0.1717,16420.0
3476.95,16.32,0.7771,0.2485,16400.0
3477.0,16.42,0.7297,0.3253,16410.0
3477.05,16.24,0.6757,0.4143,16410.0
3477.1,16.05,0.6218,0.5034,16410.0
3477.15,15.97,0.5912,0.2517,16400.0
3477.2,15.9,0.5605,3.725e-09,16390.0
3477.25,15.68,0.7958,0.08219,16400.0
3477.3,15.46,1.031,0.1644,16390.0
3477.35,15.5,0.918,0.1057,16370.0
3477.4,15.53,0.8049,0.04707,16350.0
3477.45,15.36,0.7376,0.0417,16340.0
3477.5,15.18,0.6704,0.03634,16340.0
3477.55,14.97,0.5225,0.08719,16340.0
3477.6,14.75,0.3746,0.138,16330.0
3477.65,14.78,0.6244,0.1033,16320.0
3477.7,14.81,0.8742,0.06853,16310.0
3477.75,14.87,0.9548,-0.2712,16300.0
3477.8,14.92,1.035,-0.6109,16280.0
3477.85,14.95,1.13,-0.3472,16250.0
3477.9,14.97,1.224,-0.08341,16230.0
3477.95,14.9,1.26,-0.09706,16230.0
3478.0,14.82,1.297,-0.1107,16230.0
3478.05,14.84,1.28,0.03414,16220.0
3478.1,14.86,1.264,0.179,16210.0
3478.15,14.84,1.178,0.1122,16220.0
3478.2,14.82,1.092,0.04536,16230.0
3478.25,15.08,1.013,0.07048,16210.0
3478.3,15.34,0.9343,0.0956,16180.0
3478.35,15.44,0.7343,0.04609,16160.0
3478.4,15.54,0.5342,-0.003414,16160.0
3478.45,15.65,0.6288,0.05975,16150.0
3478.5,15.76,0.7233,0.1229,16150.0
3478.55,15.81,0.5866,0.1477,16150.0
3478.6,15.86,0.4498,0.1724,16150.0
3478.65,15.82,0.364,0.02683,16140.0
3478.7,15.78,0.2783,-0.1188,16130.0
3478.75,15.96,0.374,-0.3005,16120.0
3478.8,16.14,0.4697,-0.4821,16110.0
3478.85,16.22,0.5362,-0.5792,16100.0
3478.9,16.31,0.6027,-0.6763,16090.0
3478.95,16.28,0.7384,-0.6336,16080.0
3479.0,16.24,0.8742,-0.5909,16090.0
3479.05,16.3,0.7134,-0.6764,16090.0
3479.1,16.37,0.5525,-0.7619,16080.0
3479.15,16.36,0.4837,-0.7343,16070.0
3479.2,16.35,0.4148,-0.7068,16060.0
3479.25,16.17,0.4914,-0.7227,16040.0
3479.3,15.98,0.5681,-0.7387,16010.0
3479.35,15.95,0.5925,-0.8131,15980.0
3479.4,15.93,0.617,-0.8875,15960.0
3479.45,16.14,0.5822,-0.957,15940.0
3479.5,16.36,0.5474,-1.026,15930.0
3479.55,16.33,0.6813,-0.9418,15920.0
3479.6,16.3,0.8153,-0.8572,15920.0
3479.65,16.15,0.7384,-0.8577,15910.0
3479.7,16.01,0.6616,-0.8582,15900.0
3479.75,16.1,0.5326,-0.7103,15900.0
3479.8,16.2,0.4037,-0.5624,15900.0
3479.85,16.15,0.4001,-0.5977,15890.0
3479.9,16.11,0.3965,-0.6331,15880.0
3479.95,16.15,0.5084,-0.5698,15860.0
3480.0,16.19,0.6202,-0.5065,15840.0
3480.05,16.2,0.7552,-0.4725,15810.0
3480.1,16.2,0.8901,-0.4385,15770.0
3480.15,16.25,0.8091,-0.3724,15720.0
3480.2,16.3,0.7281,-0.3063,15700.0
3480.25,16.25,0.6791,-0.1457,15690.0
3480.3,16.19,0.6302,0.01488,15710.0
3480.35,16.22,0.696,0.1468,15740.0
3480.4,16.24,0.7619,0.2787,15760.0
3480.45,16.09,0.864,0.1989,15770.0
3480.5,15.94,0.9661,0.119,15760.0
3480.55,16.07,0.7999,0.2052,15730.0
3480.6,16.21,0.6337,0.2914,15690.0
3480.65,16.17,0.7116,0.09865,15650.0
3480.7,16.13,0.7894,-0.09414,15630.0
3480.75,16.13,0.7787,-0.2,15610.0
3480.8,16.13,0.7679,-0.3058,15610.0
3480.85,16.23,0.6537,-0.1463,15620.0
3480.9,16.33,0.5394,0.01317,15620.0
3480.95,16.27,0.4898,0.01634,15630.0
3481.0,16.21,0.4403,0.01951,15650.0
3481.05,16.12,0.2645,-0.1185,15660.0
3481.1,16.04,0.08877,-0.2566,15670.0
3481.15,15.95,0.1951,-0.2189,15650.0
3481.2,15.85,0.3013,-0.1812,15620.0
3481.25,15.76,0.07026,0.003414,15600.0
3481.3,15.68,-0.1608,0.188,15580.0
3481.35,15.65,-0.161,0.06743,15570.0
3481.4,15.62,-0.1612,-0.05316,15570.0
3481.45,15.7,-0.1127,-0.1666,15580.0
3481.5,15.77,-0.06409,-0.28,15600.0
3481.55,15.75,0.003782,-0.1361,15600.0
3481.6,15.73,0.07165,0.007804,15590.0
3481.65,15.78,0.1594,-0.02012,15570.0
3481.7,15.84,0.2472,-0.04804,15550.0
3481.75,15.9,0.1355,-0.08036,15530.0
3481.8,15.96,0.02389,-0.1127,15500.0
3481.85,15.9,0.04936,-0.02878,15480.0
3481.9,15.84,0.07484,0.05512,15470.0
3481.95,15.97,0.2659,0.08231,15470.0
3482.0,16.09,0.457,0.1095,15470.0
3482.05,16.13,0.6525,0.0539,15480.0
3482.1,16.17,0.8479,-0.001707,15480.0
3482.15,16.13,0.6288,-0.146,15470.0
3482.2,16.1,0.4096,-0.2902,15460.0
3482.25,16.25,0.3939,-0.3194,15430.0
3482.3,16.4,0.3782,-0.3485,15400.0
3482.35,16.45,0.2777,-0.2969,15360.0
3482.4,16.51,0.1771,-0.2453,15340.0
3482.45,16.37,0.1626,-0.2446,15320.0
3482.5,16.24,0.1481,-0.2439,15310.0
3482.55,16.3,0.2068,-0.3534,15310.0
3482.6,16.35,0.2655,-0.4629,15320.0
3482.65,16.37,0.1564,-0.5769,15320.0
3482.7,16.39,0.04737,-0.6909,15320.0
3482.75,16.39,0.1839,-0.8184,15310.0
3482.8,16.38,0.3205,-0.946,15310.0
3482.85,16.53,0.249,-0.8373,15290.0
3482.9,16.67,0.1775,-0.7287,15260.0
3482.95,16.61,0.208,-0.7239,15220.0
3483.0,16.55,0.2385,-0.7192,15190.0
3483.05,16.3,0.3533,-0.6549,15170.0
3483.1,16.04,0.4681,-0.5907,15160.0
3483.15,16.07,0.4542,-0.5501,15170.0
3483.2,16.1,0.4403,-0.5095,15200.0
3483.25,16.01,0.3636,-0.4741,15230.0
3483.3,15.92,0.287,-0.4387,15270.0
3483.35,16.02,0.3246,-0.7539,15280.0
3483.4,16.12,0.3623,-1.069,15270.0
3483.45,16.12,0.1923,-0.8821,15240.0
3483.5,16.12,0.02229,-0.695,15220.0
3483.55,16.11,0.1355,-0.5058,15210.0
3483.6,16.09,0.2488,-0.3166,15200.0
3483.65,16.09,0.2584,-0.3091,15190.0
3483.7,16.09,0.2679,-0.3017,15190.0
3483.75,16.01,0.1646,-0.2496,15190.0
3483.8,15.93,0.0613,-0.1975,15210.0
3483.85,15.86,0.06708,-0.2966,15230.0
3483.9,15.78,0.07285,-0.3956,15230.0
3483.95,15.71,0.09554,-0.3494,15230.0
3484.0,15.64,0.1182,-0.3031,15230.0
3484.05,15.53,0.2641,-0.1119,15230.0
3484.1,15.42,0.41,0.07926,15210.0
3484.15,15.27,0.1612,0.02658,15160.0
3484.2,15.13,-0.08758,-0.02609,15130.0
3484.25,15.1,-0.3179,-0.3172,15120.0
3484.3,15.06,-0.5482,-0.6082,15110.0
3484.35,15.15,-0.5625,-0.8025,15100.0
3484.4,15.25,-0.5768,-0.9967,15090.0
3484.45,15.3,-0.6142,-1.003,15090.0
3484.5,15.34,-0.6517,-1.009,15100.0
3484.55,15.35,-0.5099,-1.07,15090.0
3484.6,15.36,-0.3682,-1.13,15070.0
3484.65,15.45,-0.4212,-1.138,15050.0
3484.7,15.55,-0.4741,-1.146,15050.0
3484.75,15.43,-0.3788,-1.038,15040.0
3484.8,15.32,-0.2834,-0.9301,15030.0
3484.85,15.2,-0.2781,-0.8565,15010.0
3484.9,15.07,-0.2727,-0.7828,15000.0
3484.95,14.95,-0.1264,-0.7781,14990.0
3485.0,14.83,0.0199,-0.7733,14990.0
3485.05,14.89,0.009952,-0.6599,14970.0
3485.1,14.95,0.0,-0.5465,14950.0
3485.15,14.93,0.02966,-0.3103,14950.0
3485.2,14.9,0.05931,-0.07414,14960.0
3485.25,14.94,-0.03304,-0.07999,14960.0
3485.3,14.98,-0.1254,-0.08584,14940.0
3485.35,15.16,0.09176,-0.09023,14940.0
3485.4,15.34,0.3089,-0.09462,14950.0
3485.45,15.18,0.3533,0.01914,14970.0
3485.5,15.01,0.3977,0.1329,14980.0
3485.55,14.98,0.4709,0.1035,14970.0
3485.6,14.96,0.5442,0.07414,14960.0
3485.65,14.9,0.5973,0.1599,14950.0
3485.7,14.84,0.6505,0.2456,14930.0
3485.75,15.01,0.6692,0.1641,14900.0
3485.8,15.17,0.6879,0.08267,14880.0
3485.85,15.16,0.7277,0.3047,14890.0
3485.9,15.16,0.7675,0.5268,14930.0
3485.95,15.26,0.9096,0.4413,14970.0
3486.0,15.36,1.052,0.3558,15020.0
3486.05,15.32,0.9681,0.4217,15040.0
3486.1,15.29,0.8845,0.4875,15050.0
3486.15,15.16,0.8101,0.5301,15050.0
3486.2,15.02,0.7357,0.5726,15030.0
3486.25,14.99,0.9307,0.5266,15000.0
3486.3,14.95,1.126,0.4807,14970.0
3486.35,14.93,1.065,0.3533,14960.0
3486.4,14.91,1.005,0.2258,14980.0
3486.45,15.03,0.9216,0.234,14990.0
3486.5,15.14,0.838,0.2422,15000.0
3486.55,15.32,0.7205,0.3793,15000.0
3486.6,15.49,0.6031,0.5165,15000.0
3486.65,15.35,0.6256,0.3468,15010.0
3486.7,15.22,0.6481,0.1771,15000.0
3486.75,15.32,0.6622,0.196,14980.0
3486.8,15.43,0.6763,0.2149,14960.0
3486.85,15.36,0.6069,0.2379,14960.0
3486.9,15.3,0.5374,0.2609,14960.0
3486.95,15.33,0.5109,0.3275,14950.0
3487.0,15.35,0.4845,0.3941,14940.0
3487.05,15.43,0.405,0.4137,14940.0
3487.1,15.52,0.3256,0.4334,14940.0
3487.15,15.65,0.3571,0.4152,14930.0
3487.2,15.79,0.3885,0.397,14910.0
3487.25,15.79,0.5121,0.3233,14890.0
3487.3,15.79,0.6357,0.2495,14880.0
3487.35,15.72,0.7424,0.3155,14870.0
3487.4,15.65,0.8491,0.3814,14860.0
3487.45,15.67,0.6596,0.3657,14840.0
3487.5,15.68,0.4701,0.35,14830.0
3487.55,15.69,0.2291,0.1758,14840.0
3487.6,15.7,-0.01194,0.001707,14850.0
3487.65,15.73,-0.04618,0.1073,14870.0
3487.7,15.76,-0.08041,0.2129,14880.0
3487.75,15.61,0.03822,0.15,14880.0
3487.8,15.46,0.1568,0.08706,14870.0
3487.85,15.55,0.2874,0.05536,14850.0
3487.9,15.63,0.418,0.02366,14790.0
3487.95,15.77,0.4303,0.1911,14740.0
3488.0,15.9,0.4427,0.3585,14710.0
3488.05,15.94,0.378,0.4284,14710.0
3488.1,15.98,0.3133,0.4982,14730.0
3488.15,15.81,0.135,0.4134,14750.0
3488.2,15.64,-0.04339,0.3285,14780.0
3488.25,15.74,0.208,0.2787,14820.0
3488.3,15.83,0.4594,0.229,14850.0
3488.35,15.82,0.4904,0.2339,14850.0
3488.4,15.8,0.5215,0.2388,14820.0
3488.45,15.74,0.578,0.249,14800.0
3488.5,15.69,0.6345,0.2592,14780.0
3488.55,15.62,0.8009,0.3764,14750.0
3488.6,15.56,0.9673,0.4936,14720.0
3488.65,15.46,0.8499,0.3769,14710.0
3488.7,15.37,0.7325,0.2602,14720.0
3488.75,15.26,0.6953,0.1853,14760.0
3488.8,15.15,0.658,0.1105,14780.0
3488.85,15.21,0.5778,0.05036,14810.0
3488.9,15.28,0.4976,-0.009755,14850.0
3488.95,15.42,0.4958,0.03658,14890.0
3489.0,15.57,0.494,0.08292,14910.0
3489.05,15.8,0.4011,0.115,14890.0
3489.1,16.03,0.3081,0.1471,14840.0
3489.15,15.95,0.3294,0.05597,14790.0
3489.2,15.87,0.3507,-0.03512,14750.0
3489.25,15.77,0.3322,-0.1022,14730.0
3489.3,15.66,0.3137,-0.1692,14710.0
3489.35,15.73,0.2496,-0.2302,14720.0
3489.4,15.8,0.1855,-0.2912,14750.0
3489.45,15.63,0.1662,-0.1105,14780.0
3489.5,15.46,0.1469,0.07024,14800.0
3489.55,15.4,0.1433,0.2438,14800.0
3489.6,15.35,0.1397,0.4173,14800.0
3489.65,15.52,0.2118,0.4095,14800.0
3489.7,15.7,0.2838,0.4017,14790.0
3489.75,15.81,0.247,0.4217,14750.0
3489.8,15.92,0.2102,0.4417,14690.0
3489.85,15.8,0.3183,0.5045,14650.0
3489.9,15.67,0.4263,0.5673,14630.0
3489.95,15.65,0.4478,0.4097,14620.0
3490.0,15.62,0.4693,0.2522,14610.0
3490.05,15.84,0.4821,0.3153,14620.0
3490.1,16.05,0.4948,0.3785,14650.0
3490.15,16.16,0.4309,0.1451,14670.0
3490.2,16.27,0.367,-0.08828,14680.0
3490.25,16.3,0.3234,0.02402,14660.0
3490.3,16.33,0.2799,0.1363,14640.0
3490.35,16.21,0.4162,0.1346,14620.0
3490.4,16.09,0.5525,0.1329,14600.0
3490.45,16.1,0.6676,0.06109,14580.0
3490.5,16.11,0.7826,-0.01073,14570.0
3490.55,16.2,0.8837,0.03158,14560.0
3490.6,16.3,0.9849,0.07389,14550.0
3490.65,16.16,0.7808,-0.07536,14540.0
3490.7,16.03,0.5768,-0.2246,14530.0
3490.75,16.13,0.4807,0.0417,14520.0
3490.8,16.23,0.3845,0.308,14530.0
3490.85,16.13,0.2189,0.3126,14540.0
3490.9,16.04,0.05334,0.3173,14550.0
3490.95,16.17,0.02826,0.2403,14550.0
3491.0,16.3,0.003185,0.1634,14540.0
3491.05,16.43,0.0822,0.07292,14540.0
3491.1,16.57,0.1612,-0.01756,14520.0
3491.15,16.47,-0.009355,0.05841,14500.0
3491.2,16.37,-0.1799,0.1344,14490.0
3491.25,16.38,-0.2283,-0.01536,14480.0
3491.3,16.4,-0.2767,-0.1651,14470.0
3491.35,16.34,-0.09972,-0.1174,14480.0
3491.4,16.27,0.07723,-0.06975,14480.0
3491.45,16.42,0.06369,0.0417,14490.0
3491.5,16.56,0.05016,0.1532,14500.0
3491.55,16.66,0.1465,0.1903,14510.0
3491.6,16.76,0.2428,0.2275,14510.0
3491.65,16.82,0.2681,0.229,14520.0
3491.7,16.87,0.2934,0.2305,14520.0
3491.75,16.89,0.2914,0.1933,14510.0
3491.8,16.91,0.2894,0.1561,14490.0
3491.85,16.98,0.2964,0.1913,14460.0
3491.9,17.05,0.3033,0.2266,14450.0
3491.95,17.11,0.4242,0.2429,14450.0
3492.0,17.17,0.545,0.2592,14450.0
3492.05,17.03,0.6945,0.0189,14450.0
3492.1,16.89,0.8439,-0.2214,14450.0
3492.15,16.79,0.4976,-0.293,14450.0
3492.2,16.68,0.1513,-0.3646,14450.0
3492.25,16.46,0.1242,-0.4925,14430.0
3492.3,16.24,0.09713,-0.6204,14410.0
3492.35,16.1,0.2799,-0.5334,14390.0
3492.4,15.96,0.4626,-0.4463,14390.0
3492.45,16.0,0.5496,-0.4131,14380.0
3492.5,16.05,0.6365,-0.38,14370.0
3492.55,16.05,0.6256,-0.4849,14360.0
3492.6,16.06,0.6146,-0.5899,14360.0
3492.65,16.1,0.5673,-0.3768,14360.0
3492.7,16.14,0.5199,-0.1636,14360.0
3492.75,16.15,0.5975,-0.242,14330.0
3492.8,16.16,0.6751,-0.3205,14300.0
3492.85,16.13,0.8435,-0.4853,14280.0
3492.9,16.09,1.012,-0.6502,14260.0
3492.95,16.26,0.8103,-0.6283,14250.0
3493.0,16.43,0.6087,-0.6065,14230.0
3493.05,16.4,0.3842,-0.5588,14210.0
3493.1,16.36,0.1596,-0.5112,14220.0
3493.15,16.28,0.0824,-0.5126,14220.0
3493.2,16.19,0.005175,-0.5141,14230.0
3493.25,16.22,-0.09435,-0.3487,14220.0
3493.3,16.24,-0.1939,-0.1834,14210.0
3493.35,16.18,-0.2701,-0.3785,14200.0
3493.4,16.12,-0.3463,-0.5736,14180.0
3493.45,16.05,-0.498,-0.6081,14150.0
3493.5,15.98,-0.6497,-0.6426,14110.0
3493.55,15.88,-0.8039,-0.6191,14070.0
3493.6,15.78,-0.9582,-0.5955,14040.0
3493.65,15.77,-0.7259,-0.6503,14020.0
3493.7,15.75,-0.4936,-0.705,14010.0
3493.75,15.72,-0.5985,-0.6297,14010.0
3493.8,15.7,-0.7034,-0.5543,14030.0
3493.85,15.78,-0.6648,-0.4226,14060.0
3493.9,15.87,-0.6262,-0.2909,14090.0
3493.95,15.66,-0.4908,-0.4169,14090.0
3494.0,15.45,-0.3555,-0.5429,14070.0
3494.05,15.5,-0.4906,-0.5623,14050.0
3494.1,15.54,-0.6258,-0.5816,14020.0
3494.15,15.54,-0.5328,-0.6748,13990.0
3494.2,15.54,-0.4399,-0.768,13960.0
3494.25,15.64,-0.2812,-0.606,13940.0
3494.3,15.74,-0.1226,-0.4441,13950.0
3494.35,15.72,-0.07444,-0.3728,13970.0
3494.4,15.69,-0.02627,-0.3014,13970.0
3494.45,15.59,-0.1156,-0.3113,13980.0
3494.5,15.49,-0.205,-0.3212,14000.0
3494.55,15.54,-0.2187,-0.2136,14020.0
3494.6,15.59,-0.2325,-0.1061,14030.0
3494.65,15.69,-0.217,-0.1065,14030.0
3494.7,15.79,-0.2014,-0.1068,14030.0
3494.75,15.95,-0.1437,-0.1682,14020.0
3494.8,16.11,-0.08599,-0.2295,14000.0
3494.85,16.02,-0.2062,-0.4667,13970.0
3494.9,15.93,-0.3264,-0.7038,13920.0
3494.95,15.85,-0.3909,-0.6687,13890.0
3495.0,15.76,-0.4554,-0.6336,13880.0
3495.05,15.7,-0.417,-0.5021,13880.0
3495.1,15.63,-0.3786,-0.3707,13890.0
3495.15,15.45,-0.5177,-0.5077,13920.0
3495.2,15.26,-0.6568,-0.6448,13950.0
3495.25,15.25,-0.5967,-0.6554,13970.0
3495.3,15.24,-0.5366,-0.666,13970.0
3495.35,15.21,-0.5758,-0.5866,13940.0
3495.4,15.18,-0.615,-0.5073,13890.0
3495.45,15.22,-0.5882,-0.6769,13830.0
3495.5,15.27,-0.5613,-0.8465,13780.0
3495.55,15.23,-0.5139,-0.8495,13740.0
3495.6,15.19,-0.4666,-0.8526,13710.0
3495.65,15.31,-0.4463,-0.8587,13710.0
3495.7,15.44,-0.4259,-0.8648,13730.0
3495.75,15.57,-0.7902,-1.013,13750.0
3495.8,15.7,-1.154,-1.162,13750.0
3495.85,15.63,-1.126,-1.007,13730.0
3495.9,15.55,-1.098,-0.8528,13720.0
3495.95,15.69,-1.037,-0.6738,13710.0
3496.0,15.83,-0.9753,-0.4948,13690.0
3496.05,15.88,-0.8778,-0.334,13660.0
3496.1,15.94,-0.7802,-0.1732,13630.0
3496.15,16.11,-0.7404,-0.08036,13610.0
3496.2,16.29,-0.7006,0.01244,13610.0
3496.25,16.24,-0.8101,-0.1516,13590.0
3496.3,16.18,-0.9196,-0.3156,13570.0
3496.35,16.08,-0.952,-0.4135,13560.0
3496.4,15.98,-0.9845,-0.5114,13560.0
3496.45,15.83,-1.022,-0.4462,13540.0
3496.5,15.69,-1.06,-0.3809,13520.0
3496.55,15.69,-1.097,-0.2607,13500.0
3496.6,15.7,-1.133,-0.1405,13500.0
3496.65,15.64,-0.9958,-0.329,13510.0
3496.7,15.59,-0.8587,-0.5175,13510.0
3496.75,15.52,-0.8423,-0.7437,13510.0
3496.8,15.46,-0.826,-0.9699,13520.0
3496.85,15.5,-1.07,-1.008,13530.0
3496.9,15.55,-1.315,-1.046,13540.0
3496.95,15.6,-1.312,-0.9079,13530.0
3497.0,15.64,-1.31,-0.7694,13500.0
3497.05,15.56,-1.279,-0.5245,13470.0
3497.1,15.48,-1.248,-0.2795,13460.0
3497.15,15.16,-0.9349,-0.3469,13460.0
3497.2,14.85,-0.6218,-0.4143,13460.0
3497.25,14.88,-0.6312,-0.3506,13470.0
3497.3,14.91,-0.6405,-0.2868,13500.0
3497.35,14.98,-0.8264,-0.2279,13530.0
3497.4,15.06,-1.012,-0.169,13550.0
3497.45,14.93,-1.159,-0.293,13540.0
3497.5,14.8,-1.306,-0.417,13520.0
3497.55,14.75,-1.265,-0.2809,13500.0
3497.6,14.71,-1.223,-0.1449,13480.0
3497.65,14.82,-1.101,0.0001219,13460.0
3497.7,14.93,-0.9777,0.1451,13440.0
3497.75,14.87,-1.036,0.1589,13430.0
3497.8,14.82,-1.095,0.1727,13440.0
3497.85,14.98,-1.007,0.0506,13460.0
3497.9,15.14,-0.9192,-0.07146,13470.0
3497.95,15.28,-0.948,-0.1673,13460.0
3498.0,15.42,-0.9769,-0.2631,13440.0
3498.05,15.34,-0.7826,-0.05499,13440.0
3498.1,15.26,-0.5884,0.1532,13420.0
3498.15,15.08,-0.4494,0.1406,13400.0
3498.2,14.9,-0.3105,0.128,13380.0
3498.25,15.0,-0.3017,0.1406,13370.0
3498.3,15.09,-0.293,0.1532,13370.0
3498.35,15.16,-0.2225,0.2758,13360.0
3498.4,15.23,-0.1521,0.3985,13330.0
3498.45,15.3,-0.2,0.4442,13290.0
3498.5,15.37,-0.248,0.4899,13260.0
3498.55,15.2,-0.3304,0.5432,13250.0
3498.6,15.03,-0.4128,0.5965,13240.0
3498.65,15.15,-0.4823,0.7561,13240.0
3498.7,15.27,-0.5517,0.9158,13240.0
3498.75,15.2,-0.7623,0.8701,13250.0
3498.8,15.14,-0.9729,0.8245,13270.0
3498.85,15.02,-0.9445,0.7593,13260.0
3498.9,14.89,-0.916,0.6941,13240.0
3498.95,14.75,-0.6753,0.4631,13210.0
3499.0,14.61,-0.4347,0.2322,13180.0
3499.05,14.6,-0.6974,0.1688,13150.0
3499.1,14.59,-0.9602,0.1054,13110.0
3499.15,14.79,-0.9898,-0.1001,13070.0
3499.2,15.0,-1.019,-0.3056,13050.0
3499.25,14.97,-0.882,-0.3783,13050.0
3499.3,14.94,-0.7444,-0.4509,13060.0
3499.35,14.84,-0.6477,-0.5024,13080.0
3499.4,14.73,-0.5509,-0.5538,13090.0
3499.45,14.66,-0.7396,-0.5291,13110.0
3499.5,14.6,-0.9283,-0.5043,13120.0
3499.55,14.47,-1.062,-0.4074,13120.0
3499.6,14.35,-1.196,-0.3105,13090.0
3499.65,14.28,-1.339,-0.2084,13050.0
3499.7,14.21,-1.481,-0.1063,13030.0
3499.75,14.07,-1.528,-0.2414,13010.0
3499.8,13.94,-1.575,-0.3765,13000.0
3499.85,14.11,-1.62,-0.459,12990.0
3499.9,14.28,-1.665,-0.5414,13000.0
3499.95,14.49,-1.466,-0.4665,13030.0
3500.0,14.71,-1.266,-0.3917,13060.0
3500.05,14.65,-1.147,-0.4481,13090.0
3500.1,14.59,-1.027,-0.5046,13100.0
3500.15,14.52,-0.9212,-0.4039,13110.0
3500.2,14.44,-0.8149,-0.3031,13120.0
3500.25,14.49,-0.6945,-0.183,13110.0
3500.3,14.53,-0.574,-0.06292,13090.0
3500.35,14.5,-0.59,-0.04329,13060.0
3500.4,14.47,-0.6059,-0.02366,13040.0
3500.45,14.46,-0.6988,-0.1521,13030.0
3500.5,14.45,-0.7918,-0.2805,13020.0
3500.55,14.14,-0.8193,-0.3457,13030.0
3500.6,13.84,-0.8467,-0.4109,13040.0
3500.65,13.7,-0.8722,-0.4171,13070.0
3500.7,13.56,-0.8977,-0.4234,13090.0
3500.75,13.6,-0.8322,-0.3902,13090.0
3500.8,13.64,-0.7667,-0.357,13080.0
3500.85,13.65,-0.7767,-0.2914,13080.0
3500.9,13.67,-0.7866,-0.2258,13070.0
3500.95,13.56,-0.8925,-0.05816,13050.0
3501.0,13.46,-0.9984,0.1095,13030.0
3501.05,13.39,-0.8045,0.1655,13000.0
3501.1,13.32,-0.6107,0.2214,12990.0
3501.15,13.43,-0.544,0.3105,12970.0
3501.2,13.54,-0.4773,0.3995,12950.0
3501.25,13.6,-0.6033,0.5145,12940.0
3501.3,13.65,-0.7293,0.6294,12930.0
3501.35,13.71,-0.5953,0.6486,12940.0
3501.4,13.76,-0.4614,0.6677,12950.0
3501.45,13.57,-0.5183,0.6444,12950.0
3501.5,13.37,-0.5752,0.6212,12950.0
3501.55,13.59,-0.8429,0.6242,12940.0
3501.6,13.8,-1.111,0.6272,12930.0
3501.65,13.78,-1.257,0.418,12900.0
3501.7,13.76,-1.404,0.2088,12870.0
3501.75,13.76,-1.276,0.09487,12850.0
3501.8,13.76,-1.149,-0.01902,12830.0
3501.85,13.55,-1.126,0.1254,12820.0
3501.9,13.35,-1.103,0.2697,12810.0
3501.95,13.33,-1.145,0.3587,12810.0
3502.0,13.32,-1.187,0.4478,12810.0
3502.05,13.41,-1.195,0.4198,12820.0
3502.1,13.51,-1.203,0.3919,12830.0
3502.15,13.29,-1.367,0.2873,12830.0
3502.2,13.08,-1.53,0.1827,12810.0
3502.25,13.15,-1.278,0.113,12800.0
3502.3,13.22,-1.026,0.04341,12780.0
3502.35,13.23,-0.95,0.1785,12760.0
3502.4,13.23,-0.8738,0.3136,12740.0
3502.45,13.16,-0.786,0.2422,12730.0
3502.5,13.09,-0.6982,0.1707,12740.0
3502.55,13.12,-0.6835,0.163,12750.0
3502.6,13.16,-0.6688,0.1553,12770.0
3502.65,13.17,-0.8155,0.008536,12780.0
3502.7,13.18,-0.9622,-0.1383,12790.0
3502.75,13.41,-0.8887,0.08182,12790.0
3502.8,13.63,-0.8153,0.3019,12780.0
3502.85,13.72,-0.7701,0.3952,12770.0
3502.9,13.8,-0.7249,0.4885,12760.0
3502.95,13.86,-0.7848,0.4559,12760.0
3503.0,13.92,-0.8447,0.4234,12770.0
3503.05,13.86,-0.9102,0.4291,12790.0
3503.1,13.8,-0.9757,0.4348,12810.0
3503.15,13.75,-1.023,0.4073,12820.0
3503.2,13.69,-1.07,0.3797,12830.0
3503.25,13.86,-1.012,0.4729,12840.0
3503.3,14.03,-0.953,0.566,12830.0
3503.35,14.19,-0.949,0.2395,12820.0
3503.4,14.36,-0.945,-0.08706,12810.0
3503.45,14.39,-0.9805,0.001951,12800.0
3503.5,14.42,-1.016,0.09097,12810.0
3503.55,14.33,-0.8748,0.02122,12830.0
3503.6,14.23,-0.7337,-0.04853,12840.0
3503.65,14.23,-0.9243,-0.001585,12870.0
3503.7,14.24,-1.115,0.04536,12890.0
3503.75,14.15,-1.09,-0.06755,12910.0
3503.8,14.07,-1.065,-0.1805,12910.0
3503.85,13.94,-0.9821,-0.2427,12900.0
3503.9,13.81,-0.8989,-0.3048,12870.0
3503.95,13.69,-0.8995,-0.4432,12840.0
3504.0,13.57,-0.9001,-0.5816,12820.0
3504.05,13.62,-0.9944,-0.6438,12810.0
3504.1,13.67,-1.089,-0.706,12820.0
3504.15,13.93,-1.03,-0.5877,12850.0
3504.2,14.18,-0.9709,-0.4695,12880.0
3504.25,14.15,-1.108,-0.3139,12890.0
3504.3,14.11,-1.245,-0.1583,12890.0
3504.35,14.11,-1.257,0.002439,12870.0
3504.4,14.11,-1.27,0.1632,12850.0
3504.45,14.13,-1.321,0.203,12820.0
3504.5,14.16,-1.373,0.2429,12790.0
3504.55,14.15,-1.36,0.2744,12770.0
3504.6,14.14,-1.348,0.3058,12770.0
3504.65,14.21,-1.306,0.3954,12780.0
3504.7,14.27,-1.264,0.4851,12810.0
3504.75,14.34,-1.213,0.4949,12830.0
3504.8,14.42,-1.162,0.5048,12840.0
3504.85,14.48,-1.178,0.5365,12840.0
3504.9,14.54,-1.194,0.5682,12830.0
3504.95,14.58,-1.149,0.4704,12800.0
3505.0,14.62,-1.104,0.3726,12770.0
3505.05,14.44,-0.9194,0.7444,12730.0
3505.1,14.25,-0.7349,1.116,12710.0
3505.15,14.16,-0.6795,1.162,12710.0
3505.2,14.07,-0.6242,1.208,12720.0
3505.25,14.13,-0.5631,1.221,12730.0
3505.3,14.19,-0.502,1.234,12750.0
3505.35,14.06,-0.5091,1.014,12770.0
3505.4,13.94,-0.5163,0.7941,12780.0
3505.45,13.82,-0.6672,0.8706,12760.0
3505.5,13.7,-0.8181,0.9472,12740.0
3505.55,13.92,-1.018,0.7782,12710.0
3505.6,14.13,-1.219,0.6092,12690.0
3505.65,13.9,-1.259,0.5882,12680.0
3505.7,13.67,-1.298,0.5673,12670.0
3505.75,13.39,-0.9437,0.528,12680.0
3505.8,13.12,-0.5892,0.4887,12700.0
3505.85,13.08,-0.5718,0.3829,12720.0
3505.9,13.04,-0.5545,0.277,12740.0
3505.95,13.06,-0.4606,0.2241,12740.0
3506.0,13.09,-0.3666,0.1712,12730.0
3506.05,13.17,-0.2709,0.1027,12720.0
3506.1,13.25,-0.1752,0.03414,12710.0
3506.15,12.97,-0.2428,0.05853,12690.0
3506.2,12.68,-0.3105,0.08292,12680.0
3506.25,12.69,-0.4202,0.1474,12680.0
3506.3,12.69,-0.5298,0.2119,12710.0
3506.35,12.62,-0.457,0.1774,12740.0
3506.4,12.55,-0.3842,0.1429,12770.0
3506.45,12.61,-0.2793,0.2334,12790.0
3506.5,12.67,-0.1744,0.3239,12800.0
3506.55,12.64,-0.1158,0.1244,12800.0
3506.6,12.61,-0.05732,-0.07511,12780.0
3506.65,12.74,-0.1927,-0.1145,12740.0
3506.7,12.86,-0.328,-0.1539,12720.0
3506.75,12.73,-0.4333,0.03329,12710.0
3506.8,12.61,-0.5386,0.2205,12730.0
3506.85,12.55,-0.5074,0.1829,12750.0
3506.9,12.5,-0.4761,0.1453,12770.0
3506.95,12.4,-0.539,0.1145,12810.0
3507.0,12.29,-0.6019,0.08365,12840.0
3507.05,12.34,-0.6694,0.105,12850.0
3507.1,12.38,-0.7369,0.1263,12840.0
3507.15,12.48,-0.6644,0.1323,12810.0
3507.2,12.59,-0.5919,0.1383,12780.0
3507.25,12.57,-0.5137,0.1356,12760.0
3507.3,12.55,-0.4355,0.1329,12730.0
3507.35,12.76,-0.4974,0.0856,12720.0
3507.4,12.96,-0.5593,0.03829,12730.0
3507.45,12.99,-0.6465,0.02573,12760.0
3507.5,13.02,-0.7337,0.01317,12790.0
3507.55,12.84,-0.8571,-0.04353,12810.0
3507.6,12.65,-0.9805,-0.1002,12800.0
3507.65,12.44,-1.176,0.004756,12800.0
3507.7,12.23,-1.371,0.1097,12790.0
3507.75,12.42,-1.513,0.03146,12780.0
3507.8,12.6,-1.654,-0.04682,12760.0
3507.85,12.79,-1.659,0.02987,12750.0
3507.9,12.98,-1.664,0.1066,12750.0
3507.95,12.95,-1.666,0.1138,12760.0
3508.0,12.93,-1.668,0.121,12750.0
3508.05,12.78,-1.651,0.1663,12730.0
3508.1,12.63,-1.634,0.2117,12700.0
3508.15,12.48,-1.584,0.1664,12690.0
3508.2,12.34,-1.535,0.1212,12680.0
3508.25,12.21,-1.522,0.1638,12680.0
3508.3,12.08,-1.51,0.2063,12680.0
3508.35,11.87,-1.428,0.2886,12690.0
3508.4,11.65,-1.347,0.3709,12700.0
3508.45,11.75,-1.284,0.3718,12690.0
3508.5,11.85,-1.22,0.3726,12670.0
3508.55,11.83,-1.171,0.4773,12630.0
3508.6,11.81,-1.121,0.5819,12610.0
3508.65,12.07,-1.102,0.6002,12590.0
3508.7,12.32,-1.084,0.6185,12580.0
3508.75,12.61,-1.084,0.604,12580.0
3508.8,12.91,-1.085,0.5894,12580.0
3508.85,12.94,-1.26,0.6997,12600.0
3508.9,12.98,-1.434,0.8099,12600.0
3508.95,12.99,-1.425,0.7332,12590.0
3509.0,12.99,-1.415,0.6565,12560.0
3509.05,12.93,-1.139,0.4793,12530.0
3509.1,12.88,-0.863,0.3022,12530.0
3509.15,12.75,-0.751,0.3172,12530.0
3509.2,12.63,-0.6389,0.3322,12540.0
3509.25,12.76,-0.5888,0.3735,12550.0
3509.3,12.89,-0.5386,0.4148,12570.0
3509.35,12.81,-0.3633,0.3795,12580.0
3509.4,12.74,-0.1879,0.3441,12570.0
3509.45,12.64,-0.1529,0.3208,12550.0
3509.5,12.54,-0.1178,0.2975,12540.0
3509.55,12.46,-0.1346,0.3164,12530.0
3509.6,12.38,-0.1513,0.3353,12520.0
3509.65,12.47,-0.2494,0.2291,12530.0
3509.7,12.56,-0.3475,0.1229,12540.0
3509.75,12.57,-0.5026,-0.045,12550.0
3509.8,12.58,-0.6576,-0.2129,12580.0
3509.85,12.57,-0.4248,-0.1171,12590.0
3509.9,12.55,-0.1919,-0.02122,12590.0
3509.95,12.66,-0.2804,-0.08828,12590.0
3510.0,12.77,-0.369,-0.1553,12580.0
3510.05,12.86,-0.5113,-0.1828,12570.0
3510.1,12.95,-0.6537,-0.2102,12550.0
3510.15,12.82,-0.7914,-0.2401,12530.0
3510.2,12.68,-0.9291,-0.27,12520.0
3510.25,12.67,-1.275,-0.05634,12520.0
3510.3,12.65,-1.621,0.1573,12540.0
3510.35,12.55,-1.333,0.1651,12540.0
3510.4,12.46,-1.044,0.1729,12550.0
3510.45,12.61,-1.037,0.1611,12560.0
3510.5,12.77,-1.031,0.1493,12570.0
3510.55,12.79,-1.331,-0.07207,12560.0
3510.6,12.81,-1.631,-0.2934,12540.0
3510.65,12.89,-1.466,-0.1677,12520.0
3510.7,12.97,-1.302,-0.04195,12500.0
3510.75,12.76,-1.267,0.05268,12500.0
3510.8,12.55,-1.232,0.1473,12500.0
3510.85,12.78,-1.165,0.07767,12510.0
3510.9,13.01,-1.098,0.008048,12540.0
3510.95,12.92,-1.259,0.1029,12550.0
3511.0,12.82,-1.42,0.1978,12560.0
3511.05,12.84,-1.325,-0.01622,12540.0
3511.1,12.87,-1.23,-0.2302,12510.0
3511.15,13.02,-1.099,-0.1568,12480.0
3511.2,13.18,-0.9669,-0.08341,12460.0
3511.25,13.34,-1.063,-0.06633,12440.0
3511.3,13.51,-1.16,-0.04926,12430.0
3511.35,13.39,-0.9494,-0.1561,12450.0
3511.4,13.27,-0.7388,-0.2629,12470.0
3511.45,13.11,-0.7158,-0.2107,12490.0
3511.5,12.94,-0.6927,-0.1585,12500.0
3511.55,12.99,-0.7922,-0.03268,12510.0
3511.6,13.03,-0.8917,0.09316,12500.0
3511.65,12.9,-0.8457,0.1874,12470.0
3511.7,12.77,-0.7997,0.2817,12440.0
3511.75,12.7,-0.8495,0.265,12410.0
3511.8,12.62,-0.8993,0.2483,12380.0
3511.85,12.62,-0.9719,0.1244,12380.0
3511.9,12.62,-1.045,0.0004877,12400.0
3511.95,12.77,-0.8871,0.0,12420.0
3512.0,12.92,-0.7297,-0.0004877,12450.0
3512.05,12.84,-0.9245,-0.06999,12470.0
3512.1,12.77,-1.119,-0.1395,12470.0
3512.15,12.85,-1.09,-0.145,12460.0
3512.2,12.92,-1.06,-0.1505,12430.0
3512.25,12.81,-0.8595,-0.194,12390.0
3512.3,12.7,-0.6592,-0.2375,12370.0
3512.35,12.69,-0.8111,-0.5514,12360.0
3512.4,12.68,-0.963,-0.8653,12360.0
3512.45,12.8,-0.8366,-0.9422,12370.0
3512.5,12.93,-0.7102,-1.019,12390.0
3512.55,13.04,-0.6779,-0.8773,12410.0
3512.6,13.16,-0.6457,-0.7355,12420.0
3512.65,13.31,-0.4476,-0.5593,12420.0
3512.7,13.46,-0.2496,-0.3831,12400.0
3512.75,13.34,-0.2213,-0.2897,12380.0
3512.8,13.22,-0.1931,-0.1963,12380.0
3512.85,13.24,-0.1829,-0.2791,12370.0
3512.9,13.25,-0.1728,-0.3619,12380.0
3512.95,13.16,-0.1929,-0.4325,12410.0
3513.0,13.08,-0.213,-0.5031,12450.0
3513.05,12.93,-0.5082,-0.4903,12480.0
3513.1,12.77,-0.8033,-0.4775,12490.0
3513.15,12.67,-0.9419,-0.3902,12480.0
3513.2,12.56,-1.08,-0.3029,12450.0
3513.25,12.72,-0.9405,-0.3241,12420.0
3513.3,12.89,-0.8005,-0.3453,12390.0
3513.35,12.9,-0.8694,-0.3296,12370.0
3513.4,12.91,-0.9383,-0.3139,12370.0
3513.45,13.06,-0.8543,-0.3951,12420.0
3513.5,13.2,-0.7703,-0.4763,12490.0
3513.55,13.12,-0.7052,-0.3205,12540.0
3513.6,13.04,-0.6401,-0.1646,12570.0
3513.65,13.09,-0.6047,-0.06109,12590.0
3513.7,13.13,-0.5693,0.04243,12580.0
3513.75,13.27,-0.4397,-0.09426,12540.0
3513.8,13.4,-0.3101,-0.231,12480.0
3513.85,13.33,-0.3513,-0.2507,12420.0
3513.9,13.25,-0.3925,-0.2705,12400.0
3513.95,13.27,-0.1614,-0.1336,12410.0
3514.0,13.28,0.06966,0.00317,12450.0
3514.05,13.24,0.1119,0.03426,12500.0
3514.1,13.19,0.1541,0.06536,12550.0
3514.15,13.31,-0.08061,0.01427,12610.0
3514.2,13.43,-0.3153,-0.03683,12640.0
3514.25,13.5,-0.3105,-0.1703,12630.0
3514.3,13.56,-0.3057,-0.3039,12590.0
3514.35,13.53,-0.3133,-0.1873,12530.0
3514.4,13.49,-0.3209,-0.07072,12480.0
3514.45,13.72,-0.2277,0.07828,12450.0
3514.5,13.94,-0.1346,0.2273,12450.0
3514.55,14.0,-0.3806,0.3875,12470.0
3514.6,14.06,-0.6266,0.5477,12520.0
3514.65,14.09,-0.7595,0.435,12590.0
3514.7,14.11,-0.8925,0.3222,12640.0
3514.75,14.11,-0.8686,0.1752,12670.0
3514.8,14.12,-0.8447,0.02829,12660.0
3514.85,14.14,-0.8081,0.06097,12630.0
3514.9,14.17,-0.7715,0.09365,12600.0
3514.95,14.19,-0.8001,0.08914,12570.0
3515.0,14.22,-0.8288,0.08462,12550.0
3515.05,14.13,-0.748,0.04963,12550.0
3515.1,14.03,-0.6672,0.01463,12570.0
3515.15,14.11,-0.4859,-0.1639,12610.0
3515.2,14.19,-0.3045,-0.3424,12640.0
3515.25,13.9,-0.3083,-0.1942,12660.0
3515.3,13.61,-0.3121,-0.04609,12670.0
3515.35,13.62,-0.3718,-0.111,12680.0
3515.4,13.63,-0.4315,-0.1758,12680.0
3515.45,13.75,-0.5444,-0.1467,12670.0
3515.5,13.86,-0.6572,-0.1175,12660.0
3515.55,13.76,-0.5912,0.01329,12660.0
3515.6,13.66,-0.5251,0.1441,12680.0
3515.65,13.73,-0.46,0.2062,12700.0
3515.7,13.8,-0.3949,0.2683,12720.0
3515.75,13.67,-0.4289,0.4081,12740.0
3515.8,13.53,-0.463,0.548,12750.0
3515.85,13.47,-0.4078,0.4592,12760.0
3515.9,13.42,-0.3527,0.3704,12770.0
3515.95,13.52,-0.2717,0.4363,12760.0
3516.0,13.61,-0.1907,0.5021,12760.0
3516.05,13.62,-0.288,0.6618,12770.0
3516.1,13.62,-0.3853,0.8214,12800.0
3516.15,13.71,-0.6576,0.7333,12820.0
3516.2,13.81,-0.9299,0.6453,12850.0
3516.25,13.72,-0.8364,0.4796,12870.0
3516.3,13.64,-0.7428,0.3139,12900.0
3516.35,13.75,-0.665,0.3734,12920.0
3516.4,13.86,-0.5872,0.4329,12920.0
3516.45,13.74,-0.752,0.3292,12910.0
3516.5,13.62,-0.9168,0.2256,12900.0
3516.55,13.7,-0.9687,0.232,12900.0
3516.6,13.79,-1.021,0.2385,12910.0
3516.65,13.83,-1.116,0.3285,12910.0
3516.7,13.86,-1.211,0.4185,12920.0
3516.75,13.67,-1.216,0.5209,12950.0
3516.8,13.48,-1.22,0.6233,12990.0
3516.85,13.61,-1.371,0.4938,13020.0
3516.9,13.74,-1.523,0.3644,13030.0
3516.95,13.86,-1.364,0.297,13030.0
3517.0,13.99,-1.205,0.2297,13020.0
3517.05,13.79,-1.217,0.4119,13000.0
3517.1,13.59,-1.229,0.5941,12970.0
3517.15,13.71,-1.398,0.4224,12950.0
3517.2,13.83,-1.566,0.2507,12940.0
3517.25,13.73,-1.657,0.1956,12970.0
3517.3,13.63,-1.748,0.1405,13010.0
3517.35,13.79,-1.635,0.1233,13050.0
3517.4,13.95,-1.522,0.1061,13080.0
3517.45,14.02,-1.581,0.1482,13110.0
3517.5,14.09,-1.64,0.1902,13120.0
3517.55,14.16,-1.653,0.2456,13120.0
3517.6,14.23,-1.666,0.3009,13090.0
3517.65,14.23,-1.815,0.004878,13070.0
3517.7,14.22,-1.965,-0.2912,13070.0
3517.75,14.3,-1.858,-0.3515,13090.0
3517.8,14.37,-1.751,-0.4119,13110.0
3517.85,14.25,-1.586,-0.3514,13120.0
3517.9,14.13,-1.421,-0.2909,13140.0
3517.95,14.23,-1.468,-0.1951,13160.0
3518.0,14.34,-1.514,-0.09926,13180.0
3518.05,14.37,-1.561,-0.2324,13190.0
3518.1,14.41,-1.609,-0.3656,13190.0
3518.15,14.45,-1.397,-0.5944,13210.0
3518.2,14.5,-1.185,-0.8233,13230.0
3518.25,14.64,-1.135,-0.8011,13250.0
3518.3,14.78,-1.084,-0.7789,13260.0
3518.35,14.81,-1.06,-0.7904,13270.0
3518.4,14.84,-1.036,-0.8019,13290.0
3518.45,14.9,-1.032,-0.9806,13320.0
3518.5,14.95,-1.029,-1.159,13330.0
3518.55,14.91,-1.022,-1.117,13340.0
3518.6,14.87,-1.015,-1.075,13350.0
3518.65,14.76,-0.9646,-1.099,13380.0
3518.7,14.65,-0.914,-1.123,13400.0
3518.75,14.72,-0.9104,-1.107,13410.0
3518.8,14.78,-0.9068,-1.092,13420.0
3518.85,14.85,-0.9984,-1.032,13440.0
3518.9,14.93,-1.09,-0.9721,13470.0
3518.95,14.82,-0.9968,-0.7387,13500.0
3519.0,14.71,-0.9036,-0.5053,13520.0
3519.05,14.79,-0.9411,-0.634,13550.0
3519.1,14.87,-0.9785,-0.7626,13590.0
3519.15,14.99,-0.9226,-0.5981,13620.0
3519.2,15.11,-0.8666,-0.4336,13640.0
3519.25,15.18,-0.6216,-0.5541,13640.0
3519.3,15.25,-0.3766,-0.6746,13640.0
3519.35,15.34,-0.2092,-0.3704,13630.0
3519.4,15.43,-0.0418,-0.06633,13630.0
3519.45,15.32,-0.1855,0.11,13640.0
3519.5,15.21,-0.3292,0.2863,13670.0
3519.55,15.2,-0.3991,0.2819,13720.0
3519.6,15.19,-0.4689,0.2775,13770.0
3519.65,15.37,-0.5358,0.09804,13810.0
3519.7,15.56,-0.6027,-0.08145,13830.0
3519.75,15.59,-0.7661,-0.114,13830.0
3519.8,15.63,-0.9295,-0.1466,13820.0
3519.85,15.55,-0.8835,0.03512,13800.0
3519.9,15.47,-0.8376,0.2168,13780.0
3519.95,15.38,-0.9243,0.2717,13760.0
3520.0,15.29,-1.011,0.3265,13770.0
3520.05,15.18,-1.14,0.4634,13800.0
3520.1,15.08,-1.269,0.6002,13840.0
3520.15,15.11,-1.268,0.6376,13870.0
3520.2,15.15,-1.266,0.675,13900.0
3520.25,14.99,-1.189,0.5914,13920.0
3520.3,14.83,-1.111,0.5077,13930.0
3520.35,14.81,-1.292,0.5473,13930.0
3520.4,14.78,-1.473,0.5868,13910.0
3520.45,14.95,-1.574,0.6099,13900.0
3520.5,15.11,-1.674,0.6331,13900.0
3520.55,15.08,-1.478,0.6231,13910.0
3520.6,15.04,-1.281,0.6131,13910.0
3520.65,15.04,-1.237,0.5366,13910.0
3520.7,15.04,-1.192,0.4602,13910.0
3520.75,15.22,-1.089,0.4752,13940.0
3520.8,15.4,-0.9861,0.4902,13970.0
3520.85,15.59,-0.8666,0.4381,13990.0
3520.9,15.77,-0.7472,0.3861,14010.0
3520.95,15.66,-0.6123,0.418,14030.0
3521.0,15.55,-0.4773,0.45,14050.0
3521.05,15.79,-0.3738,0.5338,14060.0
3521.1,16.03,-0.2703,0.6177,14060.0
3521.15,15.94,-0.3394,0.6187,14050.0
3521.2,15.86,-0.4084,0.6197,14040.0
3521.25,15.77,-0.3475,0.4415,14060.0
3521.3,15.68,-0.2866,0.2634,14070.0
3521.35,15.69,-0.3388,0.2734,14090.0
3521.4,15.69,-0.3909,0.2834,14110.0
3521.45,15.71,-0.405,0.4269,14140.0
3521.5,15.73,-0.4192,0.5704,14160.0
3521.55,15.68,-0.3931,0.4426,14170.0
3521.6,15.64,-0.367,0.3148,14180.0
3521.65,15.69,-0.2808,0.2196,14190.0
3521.7,15.74,-0.1947,0.1244,14220.0
3521.75,15.84,-0.02329,0.04975,14240.0
3521.8,15.94,0.1481,-0.02488,14270.0
3521.85,16.01,0.01214,0.1162,14290.0
3521.9,16.08,-0.1238,0.2573,14310.0
3521.95,16.18,-0.1767,0.09279,14330.0
3522.0,16.27,-0.2297,-0.0717,14340.0
3522.05,16.32,-0.2952,-0.1842,14340.0
3522.1,16.37,-0.3607,-0.2968,14350.0
3522.15,16.31,-0.4679,-0.4261,14360.0
3522.2,16.24,-0.5752,-0.5553,14370.0
3522.25,16.33,-0.384,-0.4253,14390.0
3522.3,16.41,-0.1927,-0.2953,14400.0
3522.35,16.49,-0.03782,-0.1917,14430.0
3522.4,16.56,0.117,-0.08804,14460.0
3522.45,16.71,0.1256,0.03463,14490.0
3522.5,16.85,0.1342,0.1573,14510.0
3522.55,16.83,0.2255,-0.03402,14520.0
3522.6,16.81,0.3169,-0.2253,14550.0
3522.65,16.78,0.368,-0.1318,14560.0
3522.7,16.75,0.4192,-0.03829,14560.0
3522.75,16.73,0.338,0.002195,14540.0
3522.8,16.7,0.2568,0.04268,14520.0
3522.85,16.8,0.239,0.1316,14520.0
3522.9,16.89,0.2213,0.2205,14540.0
3522.95,16.77,0.3686,0.2689,14570.0
3523.0,16.64,0.5159,0.3173,14600.0
3523.05,16.48,0.4683,0.2373,14650.0
3523.1,16.33,0.4208,0.1573,14690.0
3523.15,16.41,0.3489,-0.01829,14710.0
3523.2,16.49,0.2771,-0.1939,14720.0
3523.25,16.57,0.1845,-0.2047,14700.0
3523.3,16.65,0.09196,-0.2156,14700.0
3523.35,16.84,-0.08021,-0.1429,14700.0
3523.4,17.02,-0.2524,-0.07024,14690.0
3523.45,16.99,-0.6071,0.002805,14680.0
3523.5,16.96,-0.9618,0.07585,14690.0
3523.55,17.0,-1.059,0.1156,14720.0
3523.6,17.04,-1.157,0.1553,14750.0
3523.65,17.07,-1.043,0.2419,14780.0
3523.7,17.11,-0.9299,0.3285,14800.0
3523.75,17.26,-0.7578,0.2774,14820.0
3523.8,17.42,-0.5856,0.2263,14850.0
3523.85,17.35,-0.4522,0.08731,14860.0
3523.9,17.28,-0.3189,-0.0517,14860.0
3523.95,17.63,-0.1099,-0.06133,14850.0
3524.0,17.97,0.09912,-0.07097,14860.0
3524.05,17.87,0.07902,-0.05438,14860.0
3524.1,17.77,0.05892,-0.0378,14850.0
3524.15,17.72,0.1342,0.1724,14830.0
3524.2,17.67,0.2094,0.3826,14840.0
3524.25,17.6,0.3487,0.3885,14860.0
3524.3,17.53,0.4881,0.3943,14900.0
3524.35,17.37,0.4775,0.02878,14940.0
3524.4,17.22,0.467,-0.3368,14990.0
3524.45,17.18,0.3185,-0.3637,15040.0
3524.5,17.13,0.17,-0.3907,15070.0
3524.55,17.17,0.08658,-0.367,15060.0
3524.6,17.21,0.003185,-0.3434,15030.0
3524.65,17.28,-0.121,-0.3479,15000.0
3524.7,17.35,-0.2452,-0.3524,14990.0
3524.75,17.49,-0.1057,-0.4982,14990.0
3524.8,17.64,0.03384,-0.6441,15010.0
3524.85,17.79,-0.007564,-0.5143,15030.0
3524.9,17.94,-0.04896,-0.3846,15060.0
3524.95,17.97,-0.02787,-0.5824,15090.0
3525.0,18.0,-0.006767,-0.7802,15120.0
3525.05,17.95,-0.1965,-0.7549,15150.0
3525.1,17.89,-0.3861,-0.7297,15160.0
3525.15,17.84,-0.2952,-0.7504,15180.0
3525.2,17.78,-0.2042,-0.7711,15200.0
3525.25,17.82,-0.1658,-0.6574,15200.0
3525.3,17.87,-0.1274,-0.5436,15190.0
3525.35,18.0,-0.1306,-0.267,15180.0
3525.4,18.14,-0.1338,0.009511,15170.0
3525.45,18.33,0.1529,-0.07414,15170.0
3525.5,18.52,0.4395,-0.1578,15170.0
3525.55,18.65,0.367,-0.2056,15170.0
3525.6,18.77,0.2946,-0.2534,15190.0
3525.65,18.66,0.3424,-0.1367,15210.0
3525.7,18.55,0.3901,-0.02,15230.0
3525.75,18.59,0.3947,-0.1663,15250.0
3525.8,18.64,0.3993,-0.3126,15260.0
3525.85,18.76,0.4484,-0.1063,15290.0
3525.9,18.89,0.4976,0.09999,15330.0
3525.95,18.9,0.4208,0.1608,15360.0
3526.0,18.92,0.3439,0.2217,15360.0
3526.05,18.88,0.2341,0.2407,15360.0
3526.1,18.83,0.1242,0.2597,15350.0
3526.15,18.98,0.2906,0.1458,15340.0
3526.2,19.13,0.457,0.03195,15310.0
3526.25,18.95,0.4178,-0.09389,15290.0
3526.3,18.77,0.3786,-0.2197,15290.0
3526.35,18.67,0.4003,-0.4539,15310.0
3526.4,18.57,0.422,-0.688,15350.0
3526.45,18.41,0.5587,-0.7566,15390.0
3526.5,18.24,0.6955,-0.8253,15420.0
3526.55,18.21,0.7767,-0.8594,15460.0
3526.6,18.17,0.8579,-0.8936,15490.0
3526.65,18.25,0.9311,-0.7469,15490.0
3526.7,18.33,1.004,-0.6002,15460.0
3526.75,18.09,0.836,-0.461,15420.0
3526.8,17.84,0.6676,-0.3219,15390.0
3526.85,17.77,0.5241,-0.2673,15380.0
3526.9,17.7,0.3806,-0.2127,15360.0
3526.95,17.72,0.2952,-0.4693,15360.0
3527.0,17.74,0.2098,-0.726,15400.0
3527.05,17.88,0.291,-0.6458,15470.0
3527.1,18.02,0.3722,-0.5655,15530.0
3527.15,18.13,0.4705,-0.4941,15570.0
3527.2,18.23,0.5689,-0.4226,15600.0
3527.25,18.08,0.4339,-0.4715,15600.0
3527.3,17.93,0.299,-0.5204,15590.0
3527.35,17.88,0.4033,-0.6005,15560.0
3527.4,17.83,0.5076,-0.6807,15510.0
3527.45,17.75,0.5406,-0.6939,15460.0
3527.5,17.68,0.5736,-0.7072,15440.0
3527.55,17.62,0.5028,-0.6104,15460.0
3527.6,17.57,0.4319,-0.5136,15510.0
3527.65,17.45,0.4397,-0.5265,15560.0
3527.7,17.34,0.4474,-0.5395,15630.0
3527.75,17.29,0.5251,-0.7196,15690.0
3527.8,17.25,0.6027,-0.8997,15720.0
3527.85,17.24,0.617,-0.9099,15720.0
3527.9,17.24,0.6314,-0.9201,15680.0
3527.95,17.33,0.5894,-0.7505,15620.0
3528.0,17.42,0.5474,-0.5809,15570.0
3528.05,17.45,0.5287,-0.4504,15540.0
3528.1,17.47,0.5099,-0.32,15530.0
3528.15,17.3,0.494,-0.2278,15540.0
3528.2,17.14,0.4781,-0.1356,15570.0
3528.25,17.17,0.543,-0.2681,15620.0
3528.3,17.2,0.6079,-0.4007,15670.0
3528.35,17.01,0.6051,-0.4311,15700.0
3528.4,16.82,0.6023,-0.4614,15710.0
3528.45,16.66,0.587,-0.5766,15710.0
3528.5,16.49,0.5716,-0.6919,15700.0
3528.55,16.43,0.749,-0.7875,15670.0
3528.6,16.37,0.9263,-0.8831,15640.0
3528.65,16.31,0.8929,-0.9682,15630.0
3528.7,16.24,0.8595,-1.053,15630.0
3528.75,16.22,0.9311,-1.097,15650.0
3528.8,16.19,1.003,-1.14,15670.0
3528.85,16.29,0.8272,-0.9732,15680.0
3528.9,16.39,0.6517,-0.8063,15690.0
3528.95,16.08,0.8732,-0.7272,15700.0
3529.0,15.78,1.095,-0.6482,15710.0
3529.05,15.79,0.9763,-0.6147,15710.0
3529.1,15.8,0.8579,-0.5812,15690.0
3529.15,15.84,0.8557,-0.4346,15690.0
3529.2,15.89,0.8535,-0.288,15710.0
3529.25,15.95,0.9104,-0.2886,15720.0
3529.3,16.0,0.9673,-0.2892,15730.0
3529.35,15.87,1.103,-0.2435,15720.0
3529.4,15.73,1.239,-0.1978,15720.0
3529.45,15.59,1.428,-0.235,15710.0
3529.5,15.45,1.617,-0.2722,15690.0
3529.55,15.31,1.358,-0.3448,15680.0
3529.6,15.17,1.099,-0.4175,15670.0
3529.65,15.27,0.9859,-0.459,15680.0
3529.7,15.38,0.8726,-0.5004,15700.0
3529.75,15.34,0.8973,-0.4401,15710.0
3529.8,15.3,0.922,-0.3797,15720.0
3529.85,15.26,1.009,-0.2773,15720.0
3529.9,15.22,1.095,-0.1749,15720.0
3529.95,14.93,0.9665,-0.1986,15720.0
3530.0,14.64,0.838,-0.2224,15700.0
3530.05,14.8,0.9833,-0.1304,15660.0
3530.1,14.95,1.129,-0.03829,15640.0
3530.15,15.14,1.064,-0.2018,15640.0
3530.2,15.33,1.0,-0.3653,15650.0
3530.25,15.36,1.043,-0.2791,15650.0
3530.3,15.39,1.085,-0.1929,15670.0
3530.35,15.4,0.9962,-0.03683,15690.0
3530.4,15.42,0.9072,0.1193,15720.0
3530.45,15.22,0.9309,0.02183,15720.0
3530.5,15.03,0.9546,-0.0756,15700.0
3530.55,14.85,1.088,-0.06402,15680.0
3530.6,14.68,1.221,-0.05243,15680.0
3530.65,14.57,0.9285,-0.08206,15670.0
3530.7,14.46,0.6361,-0.1117,15660.0
3530.75,14.45,0.625,-0.1186,15650.0
3530.8,14.44,0.6138,-0.1256,15650.0
3530.85,14.44,0.8561,-0.0756,15660.0
3530.9,14.45,1.098,-0.02561,15690.0
3530.95,14.44,1.069,-0.09097,15700.0
3531.0,14.43,1.04,-0.1563,15710.0
3531.05,14.32,1.059,-0.2383,15720.0
3531.1,14.21,1.079,-0.3202,15720.0
3531.15,14.21,1.108,-0.1985,15720.0
3531.2,14.21,1.138,-0.07682,15710.0
3531.25,14.07,0.961,-0.1924,15700.0
3531.3,13.93,0.7838,-0.308,15710.0
3531.35,13.99,0.7297,-0.1538,15730.0
3531.4,14.05,0.6755,0.0004877,15730.0
3531.45,14.02,0.3782,0.0467,15730.0
3531.5,13.99,0.08081,0.09292,15730.0
3531.55,14.1,0.2301,0.05316,15740.0
3531.6,14.2,0.3794,0.01341,15740.0
3531.65,14.35,0.2267,0.1271,15730.0
3531.7,14.5,0.07404,0.2407,15720.0
3531.75,14.58,-0.121,0.3073,15720.0
3531.8,14.67,-0.3161,0.3739,15740.0
3531.85,14.74,-0.1568,0.2983,15740.0
3531.9,14.81,0.002389,0.2227,15730.0
3531.95,14.81,0.05235,0.04036,15730.0
3532.0,14.81,0.1023,-0.1419,15760.0
3532.05,14.73,0.1863,-0.3312,15780.0
3532.1,14.64,0.2703,-0.5204,15780.0
3532.15,14.58,0.4096,-0.5634,15750.0
3532.2,14.52,0.549,-0.6063,15740.0
3532.25,14.47,0.5203,-0.7708,15730.0
3532.3,14.42,0.4916,-0.9353,15720.0
3532.35,14.43,0.4811,-0.936,15700.0
3532.4,14.45,0.4705,-0.9367,15700.0
3532.45,14.36,0.5111,-0.7772,15720.0
3532.5,14.27,0.5517,-0.6177,15740.0
3532.55,14.32,0.5257,-0.7658,15740.0
3532.6,14.37,0.4996,-0.9138,15710.0
3532.65,14.19,0.3652,-0.7227,15690.0
3532.7,14.01,0.2309,-0.5316,15680.0
3532.75,14.04,0.006966,-0.4731,15680.0
3532.8,14.07,-0.217,-0.4146,15680.0
3532.85,13.96,-0.2683,-0.3947,15680.0
3532.9,13.84,-0.3197,-0.3748,15700.0
3532.95,14.03,-0.542,-0.5692,15730.0
3533.0,14.22,-0.7643,-0.7636,15740.0
3533.05,14.15,-0.6142,-0.8704,15730.0
3533.1,14.09,-0.4642,-0.9772,15710.0
3533.15,14.05,-0.4478,-0.7407,15690.0
3533.2,14.01,-0.4315,-0.5041,15680.0
3533.25,14.12,-0.4946,-0.6073,15680.0
3533.3,14.22,-0.5577,-0.7104,15660.0
3533.35,14.23,-0.579,-0.6188,15670.0
3533.4,14.24,-0.6003,-0.5273,15700.0
3533.45,14.39,-0.8161,-0.6596,15730.0
3533.5,14.55,-1.032,-0.7919,15750.0
3533.55,14.64,-1.034,-0.807,15760.0
3533.6,14.74,-1.036,-0.8221,15760.0
3533.65,14.7,-1.109,-0.6141,15770.0
3533.7,14.66,-1.183,-0.4061,15770.0
3533.75,14.67,-1.162,-0.5801,15750.0
3533.8,14.68,-1.142,-0.7541,15740.0
3533.85,14.65,-1.166,-0.5918,15740.0
3533.9,14.63,-1.191,-0.4295,15740.0
3533.95,14.48,-1.352,-0.3359,15730.0
3534.0,14.33,-1.514,-0.2424,15730.0
3534.05,14.52,-1.751,-0.2964,15720.0
3534.1,14.71,-1.988,-0.3504,15740.0
3534.15,14.71,-1.909,-0.5554,15760.0
3534.2,14.71,-1.83,-0.7604,15780.0
3534.25,14.72,-1.832,-0.6814,15780.0
3534.3,14.73,-1.835,-0.6024,15780.0
3534.35,14.64,-1.755,-0.7449,15770.0
3534.4,14.54,-1.675,-0.8875,15750.0
3534.45,14.49,-1.702,-0.9583,15730.0
3534.5,14.44,-1.73,-1.029,15700.0
3534.55,14.47,-1.609,-0.9234,15690.0
3534.6,14.5,-1.489,-0.8177,15690.0
3534.65,14.29,-1.358,-0.7914,15710.0
3534.7,14.07,-1.226,-0.765,15730.0
3534.75,13.7,-1.23,-0.5891,15730.0
3534.8,13.34,-1.234,-0.4131,15730.0
3534.85,13.18,-1.31,-0.4109,15730.0
3534.9,13.02,-1.386,-0.4087,15720.0
3534.95,13.05,-1.272,-0.365,15700.0
3535.0,13.07,-1.159,-0.3212,15680.0
3535.05,13.02,-0.9449,-0.3433,15660.0
3535.1,12.97,-0.7309,-0.3653,15640.0
3535.15,13.01,-0.8362,-0.3506,15630.0
3535.2,13.06,-0.9415,-0.3358,15620.0
3535.25,12.96,-1.058,-0.4486,15600.0
3535.3,12.87,-1.175,-0.5614,15610.0
3535.35,12.98,-1.27,-0.5198,15630.0
3535.4,13.08,-1.364,-0.4782,15660.0
3535.45,13.24,-1.547,-0.6143,15670.0
3535.5,13.39,-1.729,-0.7504,15660.0
3535.55,13.34,-1.621,-0.7971,15650.0
3535.6,13.28,-1.512,-0.8438,15630.0
3535.65,13.09,-1.341,-0.7675,15600.0
3535.7,12.91,-1.17,-0.6911,15560.0
3535.75,12.82,-1.163,-0.6724,15540.0
3535.8,12.73,-1.155,-0.6536,15550.0
3535.85,12.69,-1.131,-0.674,15590.0
3535.9,12.65,-1.106,-0.6943,15620.0
3535.95,12.63,-1.052,-0.7127,15640.0
3536.0,12.61,-0.9988,-0.7311,15660.0
3536.05,12.56,-0.8935,-0.6847,15670.0
3536.1,12.5,-0.7882,-0.6382,15650.0
3536.15,12.3,-0.5227,-0.5427,15620.0
3536.2,12.1,-0.2572,-0.4473,15590.0
3536.25,11.93,-0.2178,-0.4746,15600.0
3536.3,11.76,-0.1783,-0.5019,15620.0
3536.35,11.97,-0.2594,-0.5877,15650.0
3536.4,12.17,-0.3404,-0.6736,15680.0
3536.45,12.06,0.0201,-0.5746,15700.0
3536.5,11.95,0.3806,-0.4756,15730.0
3536.55,11.96,0.3834,-0.4196,15730.0
3536.6,11.97,0.3861,-0.3636,15710.0
3536.65,11.75,0.4604,-0.3623,15670.0
3536.7,11.54,0.5346,-0.3609,15650.0
3536.75,11.51,0.6425,-0.1333,15650.0
3536.8,11.49,0.7504,0.09438,15650.0
3536.85,11.43,0.6972,-0.0589,15650.0
3536.9,11.37,0.6441,-0.2122,15670.0
3536.95,11.64,0.458,-0.2224,15700.0
3537.0,11.9,0.2719,-0.2327,15720.0
3537.05,11.77,0.2856,-0.357,15730.0
3537.1,11.64,0.2994,-0.4814,15720.0
3537.15,11.91,0.1539,-0.4573,15700.0
3537.2,12.19,0.00836,-0.4331,15680.0
3537.25,12.12,-0.3794,-0.5156,15660.0
3537.3,12.05,-0.7671,-0.598,15640.0
3537.35,11.89,-0.71,-0.613,15620.0
3537.4,11.74,-0.6529,-0.628,15630.0
3537.45,11.79,-0.6753,-0.6807,15640.0
3537.5,11.85,-0.6978,-0.7333,15650.0
3537.55,11.9,-0.588,-0.5491,15650.0
3537.6,11.95,-0.4781,-0.3648,15650.0
3537.65,11.89,-0.3722,-0.1405,15650.0
3537.7,11.83,-0.2663,0.08389,15650.0
3537.75,11.66,-0.4064,0.1111,15640.0
3537.8,11.5,-0.5466,0.1383,15620.0
3537.85,11.65,-0.301,0.3275,15600.0
3537.9,11.81,-0.05533,0.5168,15600.0
3537.95,11.81,0.1196,0.5579,15600.0
3538.0,11.81,0.2946,0.599,15600.0
3538.05,11.59,0.167,0.5187,15600.0
3538.1,11.36,0.03941,0.4385,15610.0
3538.15,11.46,-0.07106,0.3279,15630.0
3538.2,11.56,-0.1815,0.2173,15640.0
3538.25,11.55,-0.2072,0.1173,15630.0
3538.3,11.55,-0.2329,0.01732,15630.0
3538.35,11.69,0.03264,-0.01927,15640.0
3538.4,11.83,0.2982,-0.05585,15630.0
3538.45,11.84,0.3644,-0.0008536,15620.0
3538.5,11.86,0.4307,0.05414,15610.0
3538.55,11.76,0.3167,0.02878,15610.0
3538.6,11.67,0.2026,0.003414,15610.0
3538.65,11.4,0.03503,-0.008536,15620.0
3538.7,11.13,-0.1326,-0.02049,15640.0
3538.75,11.22,0.01015,0.06304,15690.0
3538.8,11.31,0.1529,0.1466,15740.0
3538.85,11.14,0.1869,0.175,15770.0
3538.9,10.98,0.2209,0.2034,15780.0
3538.95,10.99,0.1445,0.1916,15750.0
3539.0,11.0,0.06807,0.1797,15710.0
3539.05,11.34,0.0625,0.1384,15670.0
3539.1,11.68,0.05693,0.09706,15630.0
3539.15,11.75,0.1531,0.1783,15620.0
3539.2,11.82,0.2492,0.2595,15650.0
3539.25,11.79,0.1419,0.1321,15700.0
3539.3,11.75,0.03463,0.004634,15770.0
3539.35,11.89,-0.07942,0.06755,15830.0
3539.4,12.04,-0.1935,0.1305,15870.0
3539.45,12.16,-0.1475,0.1154,15860.0
3539.5,12.29,-0.1015,0.1002,15820.0
3539.55,12.54,-0.2524,0.1995,15760.0
3539.6,12.8,-0.4033,0.2987,15690.0
3539.65,12.83,-0.1047,0.2877,15650.0
3539.7,12.87,0.1939,0.2766,15630.0
3539.75,12.89,0.21,0.2208,15650.0
3539.8,12.91,0.2261,0.1651,15700.0
3539.85,13.06,0.2876,0.2413,15770.0
3539.9,13.22,0.3491,0.3175,15820.0
3539.95,13.06,0.1497,0.2508,15850.0
3540.0,12.9,-0.04976,0.1841,15840.0
3540.05,13.03,-0.1314,0.156,15810.0
3540.1,13.17,-0.213,0.1278,15750.0
3540.15,13.26,-0.1236,0.006341,15700.0
3540.2,13.35,-0.03424,-0.1151,15650.0
3540.25,13.27,0.1465,-0.2975,15630.0
3540.3,13.2,0.3272,-0.4799,15640.0
3540.35,13.05,0.2683,-0.4297,15680.0
3540.4,12.9,0.2094,-0.3795,15720.0
3540.45,13.06,0.05454,-0.1795,15750.0
3540.5,13.21,-0.1003,0.02049,15780.0
3540.55,13.25,-0.2002,0.1147,15790.0
3540.6,13.3,-0.3002,0.209,15780.0
3540.65,13.57,-0.2828,0.03024,15730.0
3540.7,13.84,-0.2655,-0.1485,15690.0
3540.75,13.85,-0.2771,-0.1658,15660.0
3540.8,13.86,-0.2886,-0.1832,15650.0
3540.85,14.0,-0.3147,-0.2075,15660.0
3540.9,14.13,-0.3408,-0.2319,15670.0
3540.95,14.08,-0.2275,-0.1174,15710.0
3541.0,14.02,-0.1142,-0.002927,15750.0
3541.05,14.17,0.1531,0.05121,15780.0
3541.1,14.32,0.4204,0.1054,15760.0
3541.15,14.18,0.4532,0.1562,15730.0
3541.2,14.04,0.4861,0.2071,15700.0
3541.25,13.88,0.5107,0.1872,15690.0
3541.3,13.73,0.5354,0.1673,15690.0
3541.35,13.77,0.5412,0.1621,15700.0
3541.4,13.82,0.547,0.1568,15720.0
3541.45,13.88,0.409,0.1188,15750.0
3541.5,13.95,0.2711,0.08072,15780.0
3541.55,13.97,0.2243,-0.04463,15790.0
3541.6,13.99,0.1775,-0.17,15790.0
3541.65,14.13,0.3085,-0.03902,15780.0
3541.7,14.27,0.4395,0.09194,15770.0
3541.75,14.16,0.4427,0.128,15760.0
3541.8,14.05,0.4459,0.1641,15750.0
3541.85,14.23,0.3696,0.07743,15740.0
3541.9,14.41,0.2934,-0.009267,15740.0
3541.95,14.53,0.2544,0.07694,15760.0
3542.0,14.65,0.2154,0.1632,15780.0
3542.05,14.97,0.3503,0.399,15800.0
3542.1,15.28,0.4853,0.6348,15820.0
3542.15,15.06,0.5983,0.4926,15830.0
3542.2,14.84,0.7114,0.3504,15830.0
3542.25,14.81,0.7591,0.2216,15820.0
3542.3,14.78,0.8069,0.09267,15810.0
3542.35,14.93,0.9339,0.03756,15800.0
3542.4,15.08,1.061,-0.01756,15800.0
3542.45,15.1,1.086,0.06073,15810.0
3542.5,15.12,1.111,0.139,15820.0
3542.55,15.21,0.9387,0.12,15830.0
3542.6,15.3,0.7667,0.101,15850.0
3542.65,15.09,0.7287,-0.1125,15880.0
3542.7,14.87,0.6907,-0.3261,15900.0
3542.75,14.87,0.8037,-0.3098,15890.0
3542.8,14.86,0.9168,-0.2936,15880.0
3542.85,14.93,0.8204,-0.4924,15870.0
3542.9,15.0,0.7241,-0.6911,15850.0
3542.95,15.06,0.4859,-0.5518,15840.0
3543.0,15.12,0.2476,-0.4124,15820.0
3543.05,14.98,0.2876,-0.3695,15830.0
3543.1,14.84,0.3276,-0.3265,15860.0
3543.15,14.86,0.3027,-0.5176,15900.0
3543.2,14.87,0.2779,-0.7087,15930.0
3543.25,14.89,0.09554,-0.6598,15960.0
3543.3,14.91,-0.08678,-0.6109,15970.0
3543.35,15.21,-0.2044,-0.617,15970.0
3543.4,15.5,-0.322,-0.6231,15940.0
3543.45,15.74,-0.4461,-0.6148,15890.0
3543.5,15.98,-0.5701,-0.6065,15850.0
3543.55,15.98,-0.4839,-0.5932,15830.0
3543.6,15.98,-0.3977,-0.5799,15850.0
3543.65,15.94,-0.1361,-0.3504,15880.0
3543.7,15.91,0.1254,-0.121,15910.0
3543.75,15.88,0.324,0.1579,15960.0
3543.8,15.86,0.5227,0.4368,16010.0
3543.85,15.85,0.7293,0.3097,16040.0
3543.9,15.85,0.9359,0.1827,16040.0
3543.95,16.04,0.7374,0.248,16020.0
3544.0,16.24,0.539,0.3134,16000.0
3544.05,16.21,0.3726,0.4402,15990.0
3544.1,16.19,0.2062,0.567,15970.0
3544.15,16.2,0.2637,0.6113,15950.0
3544.2,16.21,0.3213,0.6555,15950.0
3544.25,16.19,0.06529,0.5905,15980.0
3544.3,16.18,-0.1907,0.5256,16020.0
3544.35,16.05,-0.13,0.4043,16070.0
3544.4,15.92,-0.06927,0.2831,16090.0
3544.45,15.85,-0.08837,0.158,16120.0
3544.5,15.77,-0.1075,0.03292,16150.0
3544.55,15.67,-0.1499,-0.00378,16150.0
3544.6,15.57,-0.1923,-0.04048,16130.0
3544.65,15.56,-0.1541,0.257,16100.0
3544.7,15.55,-0.1158,0.5546,16090.0
3544.75,15.48,-0.1413,0.5676,16090.0
3544.8,15.41,-0.1668,0.5807,16090.0
3544.85,15.54,-0.06827,0.5353,16090.0
3544.9,15.68,0.03025,0.4899,16100.0
3544.95,15.76,0.0633,0.3997,16130.0
3545.0,15.83,0.09634,0.3095,16160.0
3545.05,15.95,0.1718,0.4079,16170.0
3545.1,16.07,0.2472,0.5063,16170.0
3545.15,16.2,0.2526,0.5071,16170.0
3545.2,16.32,0.258,0.508,16180.0
3545.25,16.29,0.1923,0.443,16170.0
3545.3,16.26,0.1266,0.378,16140.0
3545.35,16.28,0.2904,0.4912,16110.0
3545.4,16.3,0.4542,0.6043,16090.0
3545.45,16.42,0.5382,0.5531,16080.0
3545.5,16.53,0.6222,0.5019,16070.0
3545.55,16.46,0.4898,0.4735,16070.0
3545.6,16.39,0.3575,0.4451,16080.0
3545.65,16.3,0.3394,0.4165,16110.0
3545.7,16.21,0.3213,0.388,16140.0
3545.75,16.14,0.5392,0.5469,16150.0
3545.8,16.07,0.7572,0.7058,16160.0
3545.85,16.03,0.6415,0.7837,16170.0
3545.9,15.99,0.5259,0.8616,16170.0
3545.95,15.9,0.5577,0.7002,16160.0
3546.0,15.81,0.5896,0.5387,16120.0
3546.05,15.98,0.5711,0.3981,16090.0
3546.1,16.15,0.5525,0.2575,16080.0
3546.15,16.2,0.5086,0.2401,16090.0
3546.2,16.24,0.4646,0.2227,16120.0
3546.25,16.13,0.5121,0.3353,16130.0
3546.3,16.02,0.5597,0.448,16150.0
3546.35,15.94,0.5161,0.4224,16170.0
3546.4,15.85,0.4725,0.3968,16190.0
3546.45,16.02,0.5434,0.3207,16200.0
3546.5,16.2,0.6142,0.2446,16210.0
3546.55,16.15,0.5515,0.2878,16220.0
3546.6,16.1,0.4888,0.3309,16230.0
3546.65,16.15,0.2647,0.3726,16240.0
3546.7,16.21,0.0406,0.4143,16220.0
3546.75,16.2,-0.07404,0.477,16200.0
3546.8,16.19,-0.1887,0.5397,16200.0
3546.85,16.08,-0.2872,0.4592,16210.0
3546.9,15.98,-0.3857,0.3787,16230.0
3546.95,15.69,-0.6224,0.439,16250.0
3547.0,15.39,-0.8591,0.4992,16280.0
3547.05,15.35,-0.9546,0.3152,16310.0
3547.1,15.31,-1.05,0.1312,16340.0
3547.15,15.36,-0.6748,0.2801,16350.0
3547.2,15.4,-0.2994,0.429,16350.0
3547.25,15.48,-0.1479,0.3053,16340.0
3547.3,15.56,0.003583,0.1817,16340.0
3547.35,15.62,-0.09156,0.1367,16350.0
3547.4,15.67,-0.1867,0.0917,16340.0
3547.45,15.6,-0.1612,0.2138,16330.0
3547.5,15.53,-0.1357,0.3358,16320.0
3547.55,15.45,-0.02209,0.1806,16340.0
3547.6,15.37,0.09156,0.02536,16360.0
3547.65,15.42,0.3644,0.1911,16370.0
3547.7,15.46,0.6373,0.3568,16390.0
3547.75,15.34,0.4908,0.3269,16410.0
3547.8,15.21,0.3443,0.297,16420.0
3547.85,15.17,0.1925,0.26,16410.0
3547.9,15.13,0.0406,0.2229,16390.0
3547.95,15.14,-0.1314,0.3031,16370.0
3548.0,15.16,-0.3033,0.3834,16360.0
3548.05,15.03,-0.2092,0.275,16370.0
3548.1,14.91,-0.115,0.1666,16370.0
3548.15,14.94,-0.1628,0.1317,16360.0
3548.2,14.97,-0.2106,0.09682,16360.0
3548.25,14.83,-0.2154,0.1086,16380.0
3548.3,14.7,-0.2201,0.1205,16400.0
3548.35,14.8,-0.1638,0.0007316,16410.0
3548.4,14.9,-0.1075,-0.119,16410.0
3548.45,14.64,-0.1407,-0.2853,16400.0
3548.5,14.37,-0.174,-0.4517,16400.0
3548.55,14.33,-0.2371,-0.3909,16400.0
3548.6,14.29,-0.3002,-0.3302,16390.0
3548.65,14.38,-0.411,-0.3856,16390.0
3548.7,14.48,-0.5219,-0.4409,16400.0
3548.75,14.57,-0.6232,-0.2141,16430.0
3548.8,14.67,-0.7245,0.01268,16440.0
3548.85,14.56,-0.7548,0.06743,16440.0
3548.9,14.46,-0.785,0.1222,16440.0
3548.95,14.37,-0.8543,0.09072,16440.0
3549.0,14.28,-0.9236,0.05926,16420.0
3549.05,14.33,-0.9815,-0.02451,16400.0
3549.1,14.38,-1.039,-0.1083,16380.0
3549.15,14.37,-1.001,-0.3029,16390.0
3549.2,14.37,-0.9618,-0.4975,16420.0
3549.25,14.31,-0.8151,-0.289,16450.0
3549.3,14.26,-0.6684,-0.08048,16480.0
3549.35,14.28,-0.6033,-0.03061,16500.0
3549.4,14.3,-0.5382,0.01927,16530.0
3549.45,14.29,-0.8318,-0.07085,16540.0
3549.5,14.28,-1.125,-0.161,16510.0
3549.55,14.52,-1.194,-0.07402,16450.0
3549.6,14.76,-1.262,0.01293,16390.0
3549.65,14.79,-1.231,-0.04317,16350.0
3549.7,14.82,-1.199,-0.09926,16330.0
3549.75,15.01,-1.188,-0.338,16340.0
3549.8,15.2,-1.177,-0.5768,16380.0
3549.85,15.07,-1.082,-0.4456,16440.0
3549.9,14.94,-0.988,-0.3144,16510.0
3549.95,14.74,-0.9293,-0.09072,16570.0
3550.0,14.54,-0.8706,0.1329,16580.0
3550.05,14.61,-1.108,0.3292,16540.0
3550.1,14.69,-1.345,0.5256,16480.0
3550.15,14.8,-1.379,0.7281,16410.0
3550.2,14.91,-1.414,0.9306,16330.0
3550.25,14.89,-1.213,1.08,16260.0
3550.3,14.86,-1.012,1.229,16230.0
3550.35,14.87,-1.134,1.065,16260.0
3550.4,14.87,-1.256,0.9021,16340.0
3550.45,15.01,-1.06,0.9978,16420.0
3550.5,15.14,-0.8634,1.094,16500.0
3550.55,15.03,-0.8656,1.262,16540.0
3550.6,14.92,-0.8678,1.431,16550.0
3550.65,15.05,-0.9452,1.304,16510.0
3550.7,15.18,-1.023,1.176,16420.0
3550.75,14.94,-0.9874,1.058,16320.0
3550.8,14.7,-0.9522,0.9399,16250.0
3550.85,14.79,-0.8386,0.7984,16220.0
3550.9,14.89,-0.7249,0.657,16240.0
3550.95,14.98,-0.621,0.582,16270.0
3551.0,15.06,-0.5171,0.507,16320.0
3551.05,15.07,-0.4339,0.5805,16390.0
3551.1,15.07,-0.3507,0.6541,16450.0
3551.15,15.06,-0.3061,0.4442,16460.0
3551.2,15.05,-0.2615,0.2344,16430.0
3551.25,15.24,-0.3991,0.1691,16380.0
3551.3,15.44,-0.5366,0.1039,16330.0
3551.35,15.4,-0.5117,0.1866,16300.0
3551.4,15.37,-0.4869,0.2692,16270.0
3551.45,15.22,-0.4936,0.3095,16240.0
3551.5,15.07,-0.5004,0.3497,16260.0
3551.55,15.16,-0.7293,0.2474,16290.0
3551.6,15.26,-0.9582,0.1451,16340.0
3551.65,15.1,-0.9837,-0.04926,16360.0
3551.7,14.94,-1.009,-0.2436,16360.0
3551.75,14.96,-1.204,-0.2247,16370.0
3551.8,14.98,-1.399,-0.2058,16360.0
3551.85,15.11,-1.72,-0.1801,16330.0
3551.9,15.23,-2.041,-0.1544,16270.0
3551.95,15.06,-1.893,-0.1018,16220.0
3552.0,14.89,-1.745,-0.04926,16210.0
3552.05,14.79,-1.558,-0.05134,16220.0
3552.1,14.69,-1.37,-0.05341,16250.0
3552.15,14.78,-1.551,0.08658,16280.0
3552.2,14.86,-1.732,0.2266,16320.0
3552.25,14.86,-1.697,0.2606,16340.0
3552.3,14.86,-1.662,0.2946,16340.0
3552.35,14.69,-1.541,0.4835,16300.0
3552.4,14.52,-1.42,0.6724,16240.0
3552.45,14.59,-1.181,0.6863,16210.0
3552.5,14.66,-0.9407,0.7002,16180.0
3552.55,14.73,-0.75,0.7844,16160.0
3552.6,14.81,-0.5593,0.8687,16140.0
3552.65,15.02,-0.4902,0.7247,16150.0
3552.7,15.24,-0.4212,0.5807,16190.0
3552.75,15.17,-0.6216,0.6272,16250.0
3552.8,15.09,-0.822,0.6738,16290.0
3552.85,15.25,-0.9263,0.4896,16310.0
3552.9,15.42,-1.031,0.3053,16330.0
3552.95,15.34,-1.084,0.3068,16320.0
3553.0,15.25,-1.137,0.3083,16280.0
3553.05,15.1,-1.045,0.5377,16200.0
3553.1,14.94,-0.9534,0.7672,16120.0
3553.15,15.02,-0.908,0.5445,16080.0
3553.2,15.1,-0.8626,0.3217,16080.0
3553.25,15.08,-1.056,0.2173,16100.0
3553.3,15.06,-1.248,0.1129,16130.0
3553.35,15.15,-1.281,0.2586,16190.0
3553.4,15.23,-1.313,0.4043,16260.0
3553.45,14.85,-1.377,0.5287,16310.0
3553.5,14.46,-1.442,0.6531,16310.0
3553.55,14.31,-1.26,0.5395,16270.0
3553.6,14.16,-1.079,0.4258,16220.0
3553.65,14.25,-1.277,0.4836,16170.0
3553.7,14.34,-1.475,0.5414,16120.0
3553.75,14.4,-1.509,0.4671,16080.0
3553.8,14.46,-1.543,0.3929,16070.0
3553.85,14.62,-1.561,0.3169,16080.0
3553.9,14.78,-1.578,0.2409,16130.0
3553.95,14.82,-1.483,0.2292,16180.0
3554.0,14.87,-1.387,0.2175,16210.0
3554.05,14.81,-1.429,0.0178,16230.0
3554.1,14.74,-1.47,-0.1819,16250.0
3554.15,14.7,-1.516,-0.05512,16240.0
3554.2,14.67,-1.561,0.0717,16190.0
3554.25,14.59,-1.499,0.225,16130.0
3554.3,14.5,-1.436,0.3783,16090.0
3554.35,14.5,-1.564,0.1977,16080.0
3554.4,14.5,-1.691,0.01707,16100.0
3554.45,14.38,-1.733,0.02866,16120.0
3554.5,14.26,-1.774,0.04024,16150.0
3554.55,14.24,-1.661,0.09987,16180.0
3554.6,14.23,-1.547,0.1595,16190.0
3554.65,14.24,-1.409,0.1902,16170.0
3554.7,14.26,-1.271,0.221,16100.0
3554.75,14.2,-1.152,0.542,16040.0
3554.8,14.14,-1.032,0.8631,16020.0
3554.85,14.18,-1.007,0.9323,16020.0
3554.9,14.22,-0.9821,1.002,16040.0
3554.95,14.13,-1.164,0.8464,16070.0
3555.0,14.05,-1.347,0.6911,16100.0
3555.05,13.98,-1.19,0.6547,16130.0
3555.1,13.92,-1.033,0.6182,16120.0
3555.15,14.04,-1.187,0.8345,16080.0
3555.2,14.16,-1.342,1.051,16020.0
3555.25,14.1,-1.288,0.9075,15980.0
3555.3,14.04,-1.234,0.7641,15960.0
3555.35,14.05,-1.176,0.6759,15940.0
3555.4,14.06,-1.118,0.5877,15930.0
3555.45,14.02,-0.9329,0.497,15950.0
3555.5,13.98,-0.7476,0.4063,16000.0
3555.55,14.04,-0.7514,0.4401,16050.0
3555.6,14.11,-0.7552,0.4739,16080.0
3555.65,14.5,-1.113,0.553,16080.0
3555.7,14.9,-1.471,0.6321,16060.0
3555.75,15.1,-1.621,0.5657,16030.0
3555.8,15.3,-1.771,0.4992,15970.0
3555.85,15.17,-1.728,0.6569,15890.0
3555.9,15.03,-1.684,0.8145,15820.0
3555.95,14.75,-1.792,0.7075,15810.0
3556.0,14.48,-1.9,0.6004,15860.0
3556.05,14.77,-2.041,0.8291,15940.0
3556.1,15.05,-2.182,1.058,16010.0
3556.15,14.97,-2.216,1.014,16070.0
3556.2,14.89,-2.25,0.9694,16100.0
3556.25,14.96,-2.162,0.9607,16080.0
3556.3,15.04,-2.075,0.9521,16000.0
3556.35,15.26,-2.133,0.836,15900.0
3556.4,15.48,-2.191,0.7199,15830.0
3556.45,15.39,-2.193,0.7027,15810.0
3556.5,15.31,-2.195,0.6855,15820.0
3556.55,15.24,-1.934,0.5609,15860.0
3556.6,15.17,-1.672,0.4363,15910.0
3556.65,15.16,-1.623,0.3055,15960.0
3556.7,15.16,-1.574,0.1746,16000.0
3556.75,15.19,-1.406,0.339,16000.0
3556.8,15.22,-1.237,0.5034,15970.0
3556.85,15.21,-1.248,0.4956,15920.0
3556.9,15.2,-1.259,0.4878,15890.0
3556.95,15.3,-1.339,0.4993,15880.0
3557.0,15.4,-1.42,0.5109,15860.0
3557.05,15.65,-1.396,0.4468,15840.0
3557.1,15.89,-1.373,0.3826,15850.0
3557.15,15.66,-1.23,0.444,15880.0
3557.2,15.44,-1.086,0.5053,15900.0
3557.25,15.32,-1.234,0.7026,15900.0
3557.3,15.21,-1.381,0.8999,15890.0
3557.35,15.33,-1.296,0.9194,15890.0
3557.4,15.45,-1.211,0.9389,15890.0
3557.45,15.38,-0.9439,1.014,15880.0
3557.5,15.31,-0.6771,1.088,15860.0
3557.55,15.27,-0.8485,0.8761,15830.0
3557.6,15.23,-1.02,0.6641,15830.0
3557.65,15.05,-1.175,0.6129,15850.0
3557.7,14.88,-1.329,0.5616,15870.0
3557.75,14.94,-1.19,0.6527,15890.0
3557.8,15.0,-1.051,0.7438,15900.0
3557.85,14.99,-1.17,0.8632,15920.0
3557.9,14.97,-1.288,0.9826,15920.0
3557.95,14.93,-1.259,0.8883,15910.0
3558.0,14.9,-1.229,0.7941,15880.0
3558.05,14.87,-1.104,0.8551,15850.0
3558.1,14.85,-0.9801,0.9162,15860.0
3558.15,14.94,-1.176,0.8126,15860.0
3558.2,15.02,-1.371,0.7089,15860.0
3558.25,14.92,-1.444,0.7758,15850.0
3558.3,14.83,-1.517,0.8426,15880.0
3558.35,14.81,-1.622,0.9043,15920.0
3558.4,14.79,-1.727,0.966,15960.0
3558.45,14.88,-1.611,0.9404,15970.0
3558.5,14.98,-1.494,0.9148,15970.0
3558.55,15.08,-1.532,0.9067,15960.0
3558.6,15.17,-1.57,0.8987,15940.0
3558.65,15.13,-1.531,0.7735,15900.0
3558.7,15.08,-1.492,0.6482,15850.0
3558.75,15.3,-1.535,0.7075,15820.0
3558.8,15.52,-1.577,0.7667,15830.0
3558.85,15.59,-1.575,0.9772,15860.0
3558.9,15.67,-1.574,1.188,15890.0
3558.95,15.63,-1.503,1.283,15920.0
3559.0,15.59,-1.432,1.378,15950.0
3559.05,15.48,-1.52,1.459,16000.0
3559.1,15.37,-1.608,1.54,16020.0
3559.15,15.39,-1.673,1.56,15990.0
3559.2,15.4,-1.738,1.581,15950.0
3559.25,15.44,-1.664,1.665,15910.0
3559.3,15.47,-1.59,1.75,15880.0
3559.35,15.51,-1.862,1.516,15860.0
3559.4,15.55,-2.133,1.281,15840.0
3559.45,15.42,-2.007,1.239,15850.0
3559.5,15.3,-1.88,1.196,15890.0
3559.55,15.21,-1.874,1.022,15940.0
3559.6,15.12,-1.868,0.8484,15970.0
3559.65,15.18,-1.833,0.8983,15980.0
3559.7,15.25,-1.798,0.9482,15970.0
3559.75,15.32,-1.978,0.9422,15970.0
3559.8,15.4,-2.158,0.9362,15960.0
3559.85,15.36,-2.095,0.9311,15920.0
3559.9,15.32,-2.032,0.926,15880.0
3559.95,15.28,-1.932,0.9746,15880.0
3560.0,15.25,-1.832,1.023,15900.0
3560.05,15.28,-1.919,0.9189,15920.0
3560.1,15.31,-2.006,0.8145,15920.0
3560.15,15.47,-1.87,0.7893,15920.0
3560.2,15.63,-1.733,0.7641,15940.0
3560.25,15.56,-1.708,0.7947,15950.0
3560.3,15.48,-1.683,0.8253,15940.0
3560.35,15.6,-1.892,0.6761,15930.0
3560.4,15.72,-2.102,0.527,15930.0
3560.45,15.67,-1.934,0.6688,15950.0
3560.5,15.62,-1.767,0.8106,15940.0
3560.55,15.65,-1.676,0.8417,15910.0
3560.6,15.68,-1.585,0.8728,15880.0
3560.65,15.61,-1.364,0.9012,15870.0
3560.7,15.54,-1.142,0.9297,15880.0
3560.75,15.52,-0.9387,0.9764,15890.0
3560.8,15.5,-0.7353,1.023,15890.0
3560.85,15.54,-0.7834,0.8744,15910.0
3560.9,15.58,-0.8316,0.7258,15940.0
3560.95,15.51,-0.6746,0.9188,15950.0
3561.0,15.45,-0.5175,1.112,15940.0
3561.05,15.48,-0.6387,1.064,15900.0
3561.1,15.51,-0.7599,1.015,15870.0
3561.15,15.46,-0.8561,0.8851,15860.0
3561.2,15.42,-0.9522,0.7548,15850.0
3561.25,15.53,-1.283,0.5414,15840.0
3561.3,15.65,-1.613,0.328,15850.0
3561.35,15.72,-1.424,0.4603,15890.0
3561.4,15.8,-1.234,0.5926,15920.0
3561.45,15.91,-1.227,0.5366,15930.0
3561.5,16.02,-1.22,0.4807,15920.0
3561.55,15.9,-1.254,0.6316,15900.0
3561.6,15.77,-1.289,0.7826,15890.0
3561.65,15.84,-1.41,0.7728,15880.0
3561.7,15.91,-1.531,0.7631,15870.0
3561.75,15.98,-1.759,0.7325,15850.0
3561.8,16.05,-1.987,0.7019,15860.0
3561.85,16.04,-1.993,0.7537,15900.0
3561.9,16.03,-2.0,0.8055,15940.0
3561.95,16.23,-2.075,0.9048,15950.0
3562.0,16.44,-2.15,1.004,15940.0
3562.05,16.46,-1.841,1.12,15940.0
3562.1,16.48,-1.532,1.237,15950.0
3562.15,16.61,-1.613,1.076,15940.0
3562.2,16.73,-1.693,0.9155,15910.0
3562.25,16.8,-1.715,0.6814,15880.0
3562.3,16.87,-1.736,0.4473,15890.0
3562.35,16.87,-1.632,0.3257,15930.0
3562.4,16.87,-1.527,0.2041,15960.0
3562.45,16.81,-1.573,0.2322,15980.0
3562.5,16.75,-1.619,0.2602,15990.0
3562.55,16.72,-1.568,0.1724,16010.0
3562.6,16.7,-1.518,0.08462,16020.0
3562.65,16.65,-1.644,0.2719,15990.0
3562.7,16.61,-1.77,0.4592,15940.0
3562.75,16.63,-2.006,0.558,15910.0
3562.8,16.66,-2.242,0.6568,15920.0
3562.85,16.67,-2.215,0.6518,15950.0
3562.9,16.68,-2.189,0.6468,15950.0
3562.95,16.71,-2.235,0.6147,15950.0
3563.0,16.73,-2.281,0.5826,15970.0
3563.05,16.71,-2.26,0.4469,16000.0
3563.1,16.7,-2.239,0.3112,16010.0
3563.15,16.78,-2.093,0.3101,15980.0
3563.2,16.87,-1.946,0.309,15940.0
3563.25,16.98,-1.819,0.4056,15940.0
3563.3,17.08,-1.692,0.5021,15940.0
3563.35,17.02,-1.722,0.4147,15930.0
3563.4,16.95,-1.752,0.3273,15920.0
3563.45,16.8,-1.874,0.1813,15930.0
3563.5,16.65,-1.996,0.03536,15980.0
3563.55,16.75,-1.825,0.09097,16010.0
3563.6,16.86,-1.655,0.1466,15990.0
3563.65,16.82,-1.735,0.4686,15960.0
3563.7,16.79,-1.814,0.7906,15950.0
3563.75,16.89,-1.91,0.9117,15940.0
3563.8,16.99,-2.007,1.033,15920.0
3563.85,17.23,-2.019,1.02,15890.0
3563.9,17.47,-2.031,1.007,15890.0
3563.95,17.56,-2.109,0.8897,15930.0
3564.0,17.65,-2.186,0.7726,15970.0
3564.05,17.39,-2.181,0.7238,16000.0
3564.1,17.14,-2.175,0.675,16000.0
3564.15,16.91,-2.137,0.5699,16000.0
3564.2,16.69,-2.099,0.4648,16020.0
3564.25,16.85,-2.002,0.5074,16000.0
3564.3,17.0,-1.905,0.5499,15970.0
3564.35,17.09,-2.008,0.4842,15940.0
3564.4,17.17,-2.111,0.4185,15950.0
3564.45,17.13,-2.102,0.3729,15980.0
3564.5,17.1,-2.093,0.3273,15990.0
3564.55,17.0,-2.047,0.2935,15980.0
3564.6,16.91,-2.001,0.2597,15990.0
3564.65,17.01,-2.158,0.03487,16000.0
3564.7,17.11,-2.316,-0.19,16020.0
3564.75,17.14,-2.139,-0.1186,16010.0
3564.8,17.17,-1.962,-0.04731,16000.0
3564.85,17.03,-1.789,-0.1141,16000.0
3564.9,16.89,-1.616,-0.181,16030.0
3564.95,16.95,-1.604,-0.2166,16040.0
3565.0,17.02,-1.592,-0.2522,16040.0
3565.05,17.14,-1.666,-0.3811,16030.0
3565.1,17.27,-1.741,-0.5099,16010.0
3565.15,17.23,-1.6,-0.5045,16000.0
3565.2,17.19,-1.46,-0.499,15980.0
3565.25,17.18,-1.458,-0.1634,15960.0
3565.3,17.17,-1.456,0.1722,15980.0
3565.35,17.27,-1.229,0.1846,16010.0
3565.4,17.38,-1.003,0.1971,16050.0
3565.45,17.23,-1.229,0.166,16050.0
3565.5,17.08,-1.455,0.1349,16030.0
3565.55,16.94,-1.635,0.1733,16000.0
3565.6,16.79,-1.814,0.2117,15970.0
3565.65,16.93,-1.975,0.04012,15950.0
3565.7,17.06,-2.136,-0.1314,15930.0
3565.75,16.96,-2.118,-0.08914,15930.0
3565.8,16.85,-2.1,-0.04682,15950.0
3565.85,16.86,-2.09,-0.2359,15990.0
3565.9,16.86,-2.08,-0.4251,16020.0
3565.95,16.96,-2.101,-0.6127,16010.0
3566.0,17.06,-2.123,-0.8004,15990.0
3566.05,17.02,-2.211,-0.7714,15970.0
3566.1,16.97,-2.3,-0.7424,15950.0
3566.15,16.84,-2.143,-0.7737,15920.0
3566.2,16.7,-1.985,-0.805,15890.0
3566.25,16.63,-1.918,-0.5832,15890.0
3566.3,16.56,-1.851,-0.3614,15920.0
3566.35,16.57,-1.995,-0.2388,15940.0
3566.4,16.57,-2.139,-0.1161,15950.0
3566.45,16.49,-2.082,-0.2217,15950.0
3566.5,16.41,-2.026,-0.3273,15960.0
3566.55,16.56,-1.726,-0.2677,15970.0
3566.6,16.72,-1.427,-0.208,15960.0
3566.65,16.87,-1.445,-0.2045,15930.0
3566.7,17.01,-1.463,-0.201,15910.0
3566.75,17.13,-1.423,-0.3978,15910.0
3566.8,17.25,-1.384,-0.5946,15920.0
3566.85,17.24,-1.24,-0.5708,15930.0
3566.9,17.23,-1.096,-0.547,15940.0
3566.95,17.15,-1.264,-0.447,15950.0
3567.0,17.08,-1.433,-0.347,15960.0
3567.05,16.97,-1.379,-0.3876,15970.0
3567.1,16.86,-1.325,-0.4282,15970.0
3567.15,16.77,-1.387,-0.4082,15950.0
3567.2,16.69,-1.449,-0.3882,15940.0
3567.25,16.68,-1.524,-0.5874,15950.0
3567.3,16.68,-1.599,-0.7865,15940.0
3567.35,16.7,-1.547,-0.8044,15930.0
3567.4,16.73,-1.494,-0.8223,15910.0
3567.45,16.69,-1.28,-0.8886,15900.0
3567.5,16.66,-1.065,-0.9548,15920.0
3567.55,16.49,-0.9904,-0.7604,15920.0
3567.6,16.33,-0.916,-0.566,15920.0
3567.65,16.4,-0.9472,-0.5688,15930.0
3567.7,16.48,-0.9785,-0.5716,15950.0
3567.75,16.49,-1.096,-0.6896,15960.0
3567.8,16.49,-1.214,-0.8075,15950.0
3567.85,16.54,-1.245,-0.843,15910.0
3567.9,16.59,-1.275,-0.8784,15880.0
3567.95,16.5,-1.134,-0.6565,15850.0
3568.0,16.4,-0.9916,-0.4346,15810.0
3568.05,16.41,-0.9383,-0.3487,15780.0
3568.1,16.42,-0.8849,-0.2629,15780.0
3568.15,16.32,-0.9108,-0.257,15810.0
3568.2,16.22,-0.9367,-0.2512,15860.0
3568.25,16.16,-0.8684,-0.2862,15890.0
3568.3,16.09,-0.8001,-0.3212,15900.0
3568.35,16.15,-0.8788,-0.2168,15900.0
3568.4,16.2,-0.9574,-0.1124,15900.0
3568.45,16.12,-0.7798,-0.0628,15860.0
3568.5,16.05,-0.6023,-0.01317,15800.0
3568.55,15.92,-0.7152,-0.07219,15730.0
3568.6,15.79,-0.828,-0.1312,15690.0
3568.65,15.7,-0.8615,-0.249,15690.0
3568.7,15.62,-0.8949,-0.3668,15690.0
3568.75,15.64,-1.023,-0.1786,15710.0
3568.8,15.66,-1.152,0.009511,15750.0
3568.85,15.7,-0.9096,-0.05841,15810.0
3568.9,15.73,-0.6676,-0.1263,15850.0
3568.95,15.63,-0.4598,-0.1829,15850.0
3569.0,15.54,-0.252,-0.2395,15820.0
3569.05,15.64,-0.2448,-0.1668,15760.0
3569.1,15.74,-0.2377,-0.09414,15710.0
3569.15,15.57,-0.3334,-0.1686,15650.0
3569.2,15.39,-0.4291,-0.2431,15610.0
3569.25,15.4,-0.2092,-0.2224,15600.0
3569.3,15.4,0.01075,-0.2017,15620.0
3569.35,15.49,-0.05653,-0.2269,15660.0
3569.4,15.57,-0.1238,-0.2522,15700.0
3569.45,15.38,-0.156,-0.1692,15710.0
3569.5,15.19,-0.1883,-0.08633,15700.0
3569.55,15.28,-0.2408,-0.02927,15680.0
3569.6,15.38,-0.2934,0.0278,15660.0
3569.65,15.47,-0.341,0.06987,15630.0
3569.7,15.57,-0.3885,0.1119,15600.0
3569.75,15.58,-0.4594,0.1474,15570.0
3569.8,15.58,-0.5302,0.1829,15570.0
3569.85,15.6,-0.4526,0.1305,15580.0
3569.9,15.62,-0.375,0.07804,15580.0
3569.95,15.71,-0.4831,0.165,15570.0
3570.0,15.79,-0.5912,0.2519,15550.0
3570.05,15.77,-0.536,0.1627,15550.0
3570.1,15.74,-0.4809,0.07341,15540.0
3570.15,15.76,-0.54,-0.02329,15510.0
3570.2,15.79,-0.5991,-0.12,15490.0
3570.25,15.68,-0.6869,-0.3264,15490.0
3570.3,15.57,-0.7747,-0.5329,15510.0
3570.35,15.61,-1.005,-0.4369,15530.0
3570.4,15.65,-1.235,-0.3409,15530.0
3570.45,15.65,-1.172,-0.4918,15520.0
3570.5,15.65,-1.108,-0.6426,15500.0
3570.55,15.58,-1.018,-0.5109,15480.0
3570.6,15.52,-0.9291,-0.3792,15430.0
3570.65,15.47,-0.863,-0.1503,15380.0
3570.7,15.42,-0.797,0.07853,15340.0
3570.75,15.39,-0.7488,-0.1884,15340.0
3570.8,15.35,-0.7006,-0.4553,15360.0
3570.85,15.39,-0.8883,-0.5193,15390.0
3570.9,15.42,-1.076,-0.5834,15420.0
3570.95,15.41,-1.22,-0.5655,15450.0
3571.0,15.4,-1.364,-0.5477,15470.0
3571.05,15.3,-1.214,-0.4195,15450.0
3571.1,15.2,-1.064,-0.2912,15400.0
3571.15,15.19,-1.044,-0.1188,15350.0
3571.2,15.17,-1.023,0.05365,15310.0
3571.25,15.21,-1.109,-0.04378,15270.0
3571.3,15.24,-1.195,-0.1412,15240.0
3571.35,15.28,-1.034,-0.2052,15240.0
3571.4,15.32,-0.8734,-0.2692,15260.0
3571.45,15.6,-0.7231,-0.1742,15290.0
3571.5,15.89,-0.5728,-0.07926,15320.0
3571.55,15.87,-0.5478,-0.08743,15330.0
3571.6,15.86,-0.5227,-0.0956,15330.0
3571.65,15.55,-0.4399,0.02207,15320.0
3571.7,15.23,-0.3571,0.1397,15290.0
3571.75,15.17,-0.2978,0.1861,15240.0
3571.8,15.11,-0.2385,0.2324,15190.0
3571.85,15.13,-0.3633,0.3102,15150.0
3571.9,15.14,-0.4881,0.388,15130.0
3571.95,15.24,-0.5161,0.4941,15130.0
3572.0,15.33,-0.5442,0.6002,15140.0
3572.05,15.19,-0.3296,0.4815,15160.0
3572.1,15.05,-0.115,0.3629,15180.0
3572.15,15.06,-0.1861,0.3961,15200.0
3572.2,15.07,-0.2572,0.4292,15190.0
3572.25,15.11,-0.1568,0.4382,15150.0
3572.3,15.14,-0.05653,0.4473,15100.0
3572.35,15.12,-0.02289,0.3353,15060.0
3572.4,15.1,0.01075,0.2234,15050.0
3572.45,15.12,-0.117,0.3363,15030.0
3572.5,15.13,-0.2448,0.4492,15020.0
3572.55,15.15,-0.2902,0.6036,15020.0
3572.6,15.18,-0.3356,0.758,15040.0
3572.65,15.1,-0.2918,0.6149,15050.0
3572.7,15.03,-0.248,0.4719,15050.0
3572.75,15.06,-0.3589,0.2103,15030.0
3572.8,15.09,-0.4697,-0.05121,15010.0
3572.85,14.98,-0.5167,-0.01951,14990.0
3572.9,14.87,-0.5637,0.01219,14970.0
3572.95,14.82,-0.3246,0.1261,14950.0
3573.0,14.77,-0.08559,0.24,14930.0
3573.05,14.66,-0.2687,0.323,14930.0
3573.1,14.56,-0.4518,0.4061,14940.0
3573.15,14.35,-0.5074,0.4363,14950.0
3573.2,14.14,-0.5629,0.4665,14930.0
3573.25,13.97,-0.6059,0.2951,14920.0
3573.3,13.8,-0.6489,0.1236,14920.0
3573.35,13.71,-0.6009,0.01122,14910.0
3573.4,13.62,-0.5529,-0.1012,14900.0
3573.45,13.43,-0.5784,-0.2213,14880.0
3573.5,13.24,-0.6039,-0.3414,14880.0
3573.55,13.4,-0.4811,-0.3363,14890.0
3573.6,13.55,-0.3583,-0.3312,14900.0
3573.65,13.5,-0.4695,-0.2414,14900.0
3573.7,13.45,-0.5808,-0.1517,14890.0
3573.75,13.32,-0.535,-0.1744,14880.0
3573.8,13.18,-0.4892,-0.1971,14870.0
3573.85,13.23,-0.4972,-0.05938,14840.0
3573.9,13.27,-0.5052,0.07828,14810.0
3573.95,13.18,-0.5468,0.1863,14800.0
3574.0,13.1,-0.5884,0.2944,14800.0
3574.05,13.21,-0.7132,0.3022,14800.0
3574.1,13.32,-0.838,0.31,14810.0
3574.15,13.35,-1.007,0.3574,14810.0
3574.2,13.39,-1.175,0.4048,14820.0
3574.25,13.26,-0.989,0.5259,14830.0
3574.3,13.14,-0.8029,0.647,14820.0
3574.35,13.04,-0.8157,0.5224,14790.0
3574.4,12.94,-0.8284,0.3978,14760.0
3574.45,12.86,-0.9572,0.577,14720.0
3574.5,12.77,-1.086,0.7563,14690.0
3574.55,12.81,-0.9447,0.5714,14670.0
3574.6,12.84,-0.8033,0.3865,14660.0
3574.65,13.11,-0.6564,0.3107,14670.0
3574.7,13.39,-0.5095,0.2349,14690.0
3574.75,13.37,-0.367,0.05012,14720.0
3574.8,13.35,-0.2245,-0.1346,14730.0
3574.85,13.34,-0.0617,0.01402,14730.0
3574.9,13.33,0.1011,0.1627,14710.0
3574.95,13.18,0.118,0.1304,14680.0
3575.0,13.02,0.135,0.09804,14650.0
3575.05,13.0,-0.03583,0.1166,14610.0
3575.1,12.98,-0.2066,0.1351,14580.0
3575.15,12.89,-0.2671,0.035,14560.0
3575.2,12.81,-0.3276,-0.06511,14560.0
3575.25,12.97,-0.3272,0.00317,14560.0
3575.3,13.13,-0.3268,0.07146,14580.0
3575.35,13.06,-0.5621,0.03,14590.0
3575.4,12.99,-0.7974,-0.01146,14600.0
3575.45,12.98,-0.8097,0.02292,14600.0
3575.5,12.98,-0.822,0.05731,14570.0
3575.55,12.96,-0.7345,0.155,14530.0
3575.6,12.94,-0.6469,0.2527,14480.0
3575.65,13.18,-0.3975,0.1774,14440.0
3575.7,13.43,-0.1481,0.1022,14420.0
3575.75,13.53,-0.0633,0.07987,14410.0
3575.8,13.64,0.0215,0.05755,14410.0
3575.85,13.54,0.1935,0.1018,14430.0
3575.9,13.45,0.3654,0.1461,14450.0
3575.95,13.39,0.3631,0.1269,14450.0
3576.0,13.33,0.3607,0.1078,14430.0
3576.05,13.25,0.4363,0.1692,14410.0
3576.1,13.18,0.5119,0.2307,14380.0
3576.15,13.12,0.4427,0.2445,14340.0
3576.2,13.06,0.3734,0.2583,14300.0
3576.25,12.89,0.3891,0.3183,14270.0
3576.3,12.73,0.4049,0.3783,14260.0
3576.35,12.77,0.2259,0.2757,14280.0
3576.4,12.8,0.04697,0.1732,14310.0
3576.45,12.91,0.07723,0.1288,14340.0
3576.5,13.01,0.1075,0.08438,14360.0
3576.55,12.91,0.1779,0.1939,14360.0
3576.6,12.81,0.2484,0.3034,14330.0
3576.65,12.84,0.2257,0.119,14270.0
3576.7,12.86,0.203,-0.06536,14200.0
3576.75,12.9,0.2625,-0.1283,14140.0
3576.8,12.93,0.322,-0.1912,14100.0
3576.85,12.92,0.1913,-0.09389,14110.0
3576.9,12.9,0.06051,0.003414,14160.0
3576.95,12.8,0.03563,0.002073,14210.0
3577.0,12.7,0.01075,0.0007316,14260.0
3577.05,12.76,0.08937,0.2746,14280.0
3577.1,12.81,0.168,0.5485,14270.0
3577.15,12.78,0.2108,0.4607,14230.0
3577.2,12.76,0.2536,0.3729,14160.0
3577.25,12.65,0.1115,0.3707,14090.0
3577.3,12.54,-0.03065,0.3685,14050.0
3577.35,12.59,0.2347,0.09206,14030.0
3577.4,12.63,0.5,-0.1844,14030.0
3577.45,12.66,0.3963,-0.06597,14050.0
3577.5,12.7,0.2926,0.05243,14090.0
3577.55,12.82,0.09494,-0.08316,14130.0
3577.6,12.94,-0.1027,-0.2188,14150.0
3577.65,13.0,-0.217,-0.2674,14150.0
3577.7,13.06,-0.3312,-0.3161,14130.0
3577.75,13.05,-0.2036,-0.07085,14110.0
3577.8,13.04,-0.07603,0.1744,14070.0
3577.85,13.2,-0.2446,0.1774,14030.0
3577.9,13.36,-0.4132,0.1805,13990.0
3577.95,13.36,-0.1927,0.3256,13970.0
3578.0,13.37,0.02787,0.4707,13980.0
3578.05,13.2,0.1672,0.3464,14000.0
3578.1,13.03,0.3065,0.2222,14030.0
3578.15,13.1,0.2239,0.171,14050.0
3578.2,13.17,0.1413,0.1197,14070.0
3578.25,13.07,0.09912,0.1188,14080.0
3578.3,12.97,0.05693,0.1178,14060.0
3578.35,13.02,0.0416,0.2366,14020.0
3578.4,13.07,0.02627,0.3553,13980.0
3578.45,12.98,-0.03921,0.1999,13940.0
3578.5,12.88,-0.1047,0.04439,13930.0
3578.55,12.91,0.131,-0.05195,13930.0
3578.6,12.93,0.3666,-0.1483,13930.0
3578.65,13.09,0.368,-0.1215,13940.0
3578.7,13.25,0.3694,-0.09462,13950.0
3578.75,13.26,0.247,-0.1385,13970.0
3578.8,13.27,0.1246,-0.1824,13970.0
3578.85,13.48,0.09614,-0.2046,13960.0
3578.9,13.69,0.06767,-0.2268,13940.0
3578.95,13.67,0.042,-0.0217,13930.0
3579.0,13.64,0.01632,0.1834,13910.0
3579.05,13.71,-0.1477,-0.01707,13890.0
3579.1,13.79,-0.3117,-0.2175,13870.0
3579.15,13.77,-0.2759,-0.2706,13870.0
3579.2,13.75,-0.24,-0.3236,13900.0
3579.25,13.61,-0.0418,-0.3787,13930.0
3579.3,13.47,0.1564,-0.4339,13940.0
3579.35,13.48,0.2588,-0.2794,13930.0
3579.4,13.49,0.3611,-0.1249,13900.0
3579.45,13.63,0.41,-0.2273,13880.0
3579.5,13.77,0.459,-0.3297,13850.0
3579.55,13.98,0.5328,-0.4624,13800.0
3579.6,14.18,0.6067,-0.5951,13770.0
3579.65,14.27,0.6489,-0.445,13780.0
3579.7,14.35,0.6911,-0.2948,13800.0
3579.75,14.5,0.539,-0.5886,13820.0
3579.8,14.65,0.3869,-0.8823,13830.0
3579.85,14.73,0.3416,-0.8152,13830.0
3579.9,14.81,0.2962,-0.748,13830.0
3579.95,14.75,0.1965,-0.7947,13830.0
3580.0,14.69,0.09673,-0.8414,13800.0
3580.05,14.77,-0.1001,-0.7955,13760.0
3580.1,14.86,-0.297,-0.7497,13730.0
3580.15,14.88,-0.3519,-0.617,13710.0
3580.2,14.91,-0.4068,-0.4843,13690.0
3580.25,15.0,-0.2084,-0.4469,13670.0
3580.3,15.09,-0.009952,-0.4095,13670.0
3580.35,14.87,0.07265,-0.4228,13690.0
3580.4,14.66,0.1553,-0.436,13720.0
3580.45,14.79,0.1533,-0.3569,13740.0
3580.5,14.93,0.1513,-0.2778,13740.0
3580.55,15.04,0.1326,-0.1892,13740.0
3580.6,15.15,0.1139,-0.1007,13740.0
3580.65,15.11,0.1399,-0.3056,13730.0
3580.7,15.08,0.166,-0.5104,13700.0
3580.75,15.06,0.1011,-0.6871,13660.0
3580.8,15.04,0.03623,-0.8638,13640.0
3580.85,15.1,-0.0203,-0.7828,13640.0
3580.9,15.16,-0.07683,-0.7019,13640.0
3580.95,15.28,-0.2209,-0.7349,13640.0
3581.0,15.4,-0.365,-0.768,13650.0
3581.05,15.38,-0.6541,-0.8455,13680.0
3581.1,15.36,-0.9431,-0.9231,13710.0
3581.15,15.25,-0.7822,-0.9495,13720.0
3581.2,15.14,-0.6214,-0.976,13710.0
3581.25,15.16,-0.6945,-0.8308,13690.0
3581.3,15.19,-0.7675,-0.6855,13680.0
3581.35,15.23,-0.7942,-0.5981,13660.0
3581.4,15.28,-0.8208,-0.5107,13630.0
3581.45,15.02,-0.7201,-0.477,13610.0
3581.5,14.77,-0.6194,-0.4434,13600.0
3581.55,14.79,-0.5209,-0.4041,13610.0
3581.6,14.8,-0.4224,-0.3648,13620.0
3581.65,14.7,-0.5442,-0.3175,13620.0
3581.7,14.59,-0.666,-0.2702,13620.0
3581.75,14.71,-0.4142,-0.2363,13640.0
3581.8,14.84,-0.1624,-0.2024,13660.0
3581.85,14.84,-0.1286,-0.1418,13670.0
3581.9,14.85,-0.09474,-0.08121,13660.0
3581.95,14.92,-0.03742,0.07255,13640.0
3582.0,14.99,0.0199,0.2263,13640.0
3582.05,14.88,0.07146,0.1349,13640.0
3582.1,14.77,0.123,0.04341,13620.0
3582.15,14.93,-0.03463,-0.04402,13590.0
3582.2,15.1,-0.1923,-0.1314,13580.0
3582.25,15.07,-0.2104,-0.1529,13580.0
3582.3,15.04,-0.2285,-0.1744,13590.0
3582.35,14.99,-0.3553,-0.1518,13590.0
3582.4,14.94,-0.4821,-0.1293,13600.0
3582.45,14.99,-0.3388,0.01732,13630.0
3582.5,15.03,-0.1955,0.1639,13660.0
3582.55,15.01,-0.08917,0.1006,13670.0
3582.6,14.99,0.01712,0.03731,13650.0
3582.65,15.14,0.1459,-0.04012,13620.0
3582.7,15.29,0.2747,-0.1175,13590.0
3582.75,15.36,0.3515,-0.01744,13570.0
3582.8,15.43,0.4283,0.08267,13540.0
3582.85,15.42,0.2681,0.04317,13520.0
3582.9,15.41,0.1079,0.003658,13530.0
3582.95,15.19,0.1879,-0.1307,13570.0
3583.0,14.98,0.2679,-0.2651,13600.0
3583.05,14.96,0.119,-0.4421,13620.0
3583.1,14.95,-0.02986,-0.6192,13630.0
3583.15,15.0,-0.01234,-0.5647,13620.0
3583.2,15.05,0.005175,-0.5102,13620.0
3583.25,15.08,0.05235,-0.514,13600.0
3583.3,15.12,0.09952,-0.5177,13570.0
3583.35,15.16,-0.1212,-0.4182,13540.0
3583.4,15.2,-0.342,-0.3187,13550.0
3583.45,15.25,-0.3461,-0.3974,13570.0
3583.5,15.31,-0.3503,-0.476,13580.0
3583.55,15.56,-0.3222,-0.5514,13590.0
3583.6,15.82,-0.2942,-0.6268,13600.0
3583.65,15.78,-0.2946,-0.4097,13620.0
3583.7,15.74,-0.295,-0.1927,13630.0
3583.75,15.75,-0.283,-0.1503,13620.0
3583.8,15.77,-0.2711,-0.108,13600.0
3583.85,15.58,-0.4158,0.08377,13600.0
3583.9,15.39,-0.5605,0.2756,13600.0
3583.95,15.4,-0.5348,0.2485,13610.0
3584.0,15.41,-0.5091,0.2214,13590.0
3584.05,15.56,-0.584,0.3951,13580.0
3584.1,15.7,-0.6588,0.5687,13580.0
3584.15,15.76,-0.8324,0.6824,13600.0
3584.2,15.82,-1.006,0.796,13610.0
3584.25,15.63,-0.84,0.838,13600.0
3584.3,15.43,-0.674,0.8799,13600.0
3584.35,15.48,-0.6861,0.8189,13600.0
3584.4,15.53,-0.6982,0.758,13590.0
3584.45,15.52,-0.6676,0.5935,13570.0
3584.5,15.51,-0.6369,0.429,13550.0
3584.55,15.35,-0.632,0.3917,13550.0
3584.6,15.19,-0.627,0.3544,13580.0
3584.65,14.93,-0.4896,0.2142,13610.0
3584.7,14.66,-0.3523,0.07414,13630.0
3584.75,14.75,-0.3071,-0.1358,13630.0
3584.8,14.83,-0.2619,-0.3458,13630.0
3584.85,14.76,-0.1156,-0.3018,13620.0
3584.9,14.69,0.03065,-0.2578,13600.0
3584.95,14.79,0.02906,-0.2961,13580.0
3585.0,14.88,0.02747,-0.3344,13570.0
3585.05,14.81,-0.02687,-0.1189,13580.0
3585.1,14.75,-0.08121,0.09657,13600.0
3585.15,14.73,-0.04041,0.08548,13620.0
3585.2,14.7,0.0003981,0.07438,13640.0
3585.25,14.64,-0.2582,-0.1811,13650.0
3585.3,14.57,-0.5167,-0.4365,13660.0
3585.35,14.39,-0.7132,-0.4271,13650.0
3585.4,14.21,-0.9096,-0.4178,13640.0
3585.45,14.22,-0.7868,-0.4514,13630.0
3585.5,14.23,-0.664,-0.4851,13630.0
3585.55,14.29,-0.416,-0.3914,13630.0
3585.6,14.35,-0.168,-0.2978,13630.0
3585.65,14.36,-0.1461,-0.2784,13620.0
3585.7,14.38,-0.1242,-0.259,13620.0
3585.75,14.35,-0.2637,-0.2678,13620.0
3585.8,14.33,-0.4033,-0.2766,13630.0
3585.85,14.33,-0.463,-0.2977,13630.0
3585.9,14.33,-0.5227,-0.3187,13630.0
3585.95,14.27,-0.5302,-0.3007,13650.0
3586.0,14.2,-0.5378,-0.2827,13670.0
3586.05,14.1,-0.6718,-0.2145,13680.0
3586.1,14.0,-0.8057,-0.1463,13680.0
3586.15,13.96,-0.781,-0.1422,13680.0
3586.2,13.93,-0.7564,-0.138,13650.0
3586.25,14.15,-0.3296,-0.1934,13630.0
3586.3,14.38,0.09713,-0.2488,13620.0
3586.35,14.36,0.1578,-0.3174,13620.0
3586.4,14.35,0.2185,-0.3861,13620.0
3586.45,14.37,0.4164,-0.4182,13640.0
3586.5,14.39,0.6142,-0.4504,13660.0
3586.55,14.31,0.4232,-0.3476,13680.0
3586.6,14.23,0.2321,-0.2449,13700.0
3586.65,14.44,-0.041,-0.09316,13700.0
3586.7,14.66,-0.3141,0.05853,13690.0
3586.75,14.86,-0.4425,0.04121,13680.0
3586.8,15.07,-0.5709,0.0239,13670.0
3586.85,15.05,-0.5627,0.01634,13660.0
3586.9,15.04,-0.5545,0.00878,13650.0
3586.95,15.1,-0.5955,-0.1763,13650.0
3587.0,15.17,-0.6365,-0.3614,13650.0
3587.05,15.01,-0.6109,-0.1849,13640.0
3587.1,14.85,-0.5852,-0.008292,13640.0
3587.15,14.88,-0.2926,0.08182,13640.0
3587.2,14.9,0.0,0.1719,13650.0
3587.25,14.73,0.2112,0.2119,13650.0
3587.3,14.56,0.4224,0.2519,13660.0
3587.35,14.41,0.3075,0.2012,13670.0
3587.4,14.26,0.1927,0.1505,13680.0
3587.45,14.43,0.2466,0.015,13700.0
3587.5,14.61,0.3006,-0.1205,13700.0
3587.55,14.66,0.2775,-0.1145,13680.0
3587.6,14.71,0.2544,-0.1085,13660.0
3587.65,14.63,0.1773,-0.03792,13640.0
3587.7,14.54,0.1003,0.03268,13620.0
3587.75,14.5,0.1152,-0.07463,13600.0
3587.8,14.45,0.1302,-0.1819,13600.0
3587.85,14.56,0.01453,0.03,13620.0
3587.9,14.67,-0.1011,0.2419,13640.0
3587.95,14.59,0.132,0.0884,13680.0
3588.0,14.5,0.365,-0.06511,13710.0
3588.05,14.56,0.4815,-0.05121,13730.0
3588.1,14.63,0.5979,-0.03731,13740.0
3588.15,14.5,0.5016,-0.05792,13730.0
3588.2,14.37,0.4052,-0.07853,13730.0
3588.25,14.33,0.5072,-0.28,13720.0
3588.3,14.29,0.6091,-0.4814,13710.0
3588.35,14.27,0.6025,-0.3097,13690.0
3588.4,14.25,0.5959,-0.138,13690.0
3588.45,14.19,0.6638,-0.2435,13700.0
3588.5,14.13,0.7317,-0.349,13730.0
3588.55,14.14,0.5906,-0.2774,13760.0
3588.6,14.15,0.4494,-0.2058,13790.0
3588.65,14.23,0.4498,-0.2288,13830.0
3588.7,14.32,0.4502,-0.2517,13860.0
3588.75,14.4,0.3782,-0.3322,13880.0
3588.8,14.49,0.3061,-0.4126,13880.0
3588.85,14.55,0.2359,-0.1968,13870.0
3588.9,14.61,0.1656,0.01902,13850.0
3588.95,14.58,0.3869,0.1266,13850.0
3589.0,14.55,0.6083,0.2341,13840.0
3589.05,14.48,0.5265,0.1873,13840.0
3589.1,14.4,0.4447,0.1405,13860.0
3589.15,14.65,0.4506,0.3279,13880.0
3589.2,14.9,0.4566,0.5153,13910.0
3589.25,14.96,0.4881,0.3924,13920.0
3589.3,15.02,0.5195,0.2695,13920.0
3589.35,15.1,0.5291,0.3253,13920.0
3589.4,15.19,0.5386,0.3812,13920.0
3589.45,15.21,0.5153,0.2945,13920.0
3589.5,15.24,0.492,0.2078,13920.0
3589.55,15.35,0.6618,0.1645,13920.0
3589.6,15.45,0.8316,0.1212,13910.0
3589.65,15.61,0.6218,0.08084,13910.0
3589.7,15.76,0.412,0.04048,13900.0
3589.75,15.89,0.4976,-0.04768,13900.0
3589.8,16.03,0.5832,-0.1358,13890.0
3589.85,16.05,0.4948,-0.04219,13890.0
3589.9,16.07,0.4064,0.05146,13890.0
3589.95,16.08,0.4134,0.07987,13890.0
3590.0,16.09,0.4204,0.1083,13880.0
3590.05,16.05,0.4437,0.1346,13880.0
3590.1,16.02,0.467,0.161,13880.0
3590.15,15.74,0.4271,-0.1746,13880.0
3590.2,15.46,0.3873,-0.5102,13880.0
3590.25,15.44,0.5736,-0.7135,13880.0
3590.3,15.41,0.7599,-0.9167,13890.0
3590.35,15.54,0.715,-0.7309,13890.0
3590.4,15.66,0.67,-0.5451,13880.0
3590.45,15.49,0.7309,-0.4962,13870.0
3590.5,15.32,0.7918,-0.4473,13850.0
3590.55,15.46,0.7006,-0.2955,13840.0
3590.6,15.61,0.6095,-0.1436,13840.0
3590.65,15.64,0.7564,-0.1574,13840.0
3590.7,15.68,0.9033,-0.1712,13860.0
3590.75,15.37,0.9542,-0.05646,13880.0
3590.8,15.06,1.005,0.05829,13900.0
3590.85,15.15,0.9178,0.1451,13920.0
3590.9,15.24,0.8304,0.2319,13920.0
3590.95,15.07,0.8107,0.2175,13920.0
3591.0,14.91,0.791,0.2031,13910.0
3591.05,14.97,0.8005,0.2825,13910.0
3591.1,15.04,0.8101,0.3619,13910.0
3591.15,15.1,0.7737,0.2736,13920.0
3591.2,15.15,0.7373,0.1853,13930.0
3591.25,15.2,0.8402,0.04243,13940.0
3591.3,15.25,0.9431,-0.1005,13950.0
3591.35,15.29,0.878,-0.09731,13960.0
3591.4,15.34,0.8129,-0.09414,13980.0
3591.45,15.33,0.7422,0.1545,13980.0
3591.5,15.32,0.6716,0.4031,13990.0
3591.55,15.25,0.5633,0.3542,13990.0
3591.6,15.18,0.455,0.3053,13990.0
3591.65,15.26,0.5006,0.1494,13990.0
3591.7,15.34,0.5462,-0.006585,13990.0
3591.75,15.29,0.6455,-0.03841,14000.0
3591.8,15.24,0.7448,-0.07024,14020.0
3591.85,15.24,0.7062,-0.2229,14030.0
3591.9,15.24,0.6676,-0.3756,14030.0
3591.95,15.14,0.5814,-0.1914,14010.0
3592.0,15.03,0.4952,-0.007316,13990.0
3592.05,15.05,0.5832,-0.126,13970.0
3592.1,15.07,0.6712,-0.2446,13950.0
3592.15,15.06,0.7259,-0.3067,13950.0
3592.2,15.06,0.7806,-0.3687,13950.0
3592.25,15.07,0.6214,-0.3424,13980.0
3592.3,15.08,0.4622,-0.3161,14010.0
3592.35,14.72,0.4391,-0.2286,14040.0
3592.4,14.35,0.416,-0.1412,14040.0
3592.45,14.39,0.4327,-0.2969,14030.0
3592.5,14.43,0.4494,-0.4526,14000.0
3592.55,14.33,0.4918,-0.438,13960.0
3592.6,14.24,0.5342,-0.4234,13910.0
3592.65,14.15,0.5281,-0.2905,13870.0
3592.7,14.06,0.5219,-0.1575,13850.0
3592.75,13.87,0.4425,-0.02829,13860.0
3592.8,13.67,0.3631,0.101,13890.0
3592.85,13.38,0.1294,-0.02061,13930.0
3592.9,13.09,-0.1043,-0.1422,13970.0
3592.95,13.0,-0.2558,-0.2012,14010.0
3593.0,12.91,-0.4072,-0.2602,14030.0
3593.05,12.97,-0.4588,-0.07706,14020.0
3593.1,13.04,-0.5103,0.1061,13980.0
3593.15,13.15,-0.6035,0.004878,13940.0
3593.2,13.27,-0.6966,-0.09633,13890.0
3593.25,13.38,-0.7794,-0.06682,13860.0
3593.3,13.48,-0.8622,-0.03731,13840.0
3593.35,13.26,-0.8969,-0.06902,13850.0
3593.4,13.03,-0.9315,-0.1007,13880.0
3593.45,12.85,-0.7205,-0.2833,13920.0
3593.5,12.67,-0.5095,-0.4658,13970.0
3593.55,12.83,-0.4586,-0.7189,14010.0
3593.6,12.98,-0.4076,-0.9721,14030.0
3593.65,13.16,-0.4273,-1.009,14050.0
3593.7,13.35,-0.447,-1.045,14050.0
3593.75,13.27,-0.3499,-1.22,14040.0
3593.8,13.19,-0.2528,-1.395,14010.0
3593.85,13.31,-0.1584,-1.245,13980.0
3593.9,13.42,-0.06409,-1.096,13970.0
3593.95,13.35,-0.04996,-0.8716,13970.0
3594.0,13.29,-0.03583,-0.6475,13990.0
3594.05,13.24,-0.1278,-0.556,14010.0
3594.1,13.19,-0.2197,-0.4646,14040.0
3594.15,13.22,-0.2373,-0.4951,14090.0
3594.2,13.26,-0.2548,-0.5256,14120.0
3594.25,13.45,-0.1994,-0.2711,14130.0
3594.3,13.63,-0.1441,-0.01658,14110.0
3594.35,13.71,-0.03125,0.02573,14080.0
3594.4,13.79,0.08161,0.06804,14060.0
3594.45,13.76,0.1214,0.1414,14030.0
3594.5,13.72,0.1612,0.2149,14010.0
3594.55,13.74,0.1626,0.1001,14010.0
3594.6,13.76,0.164,-0.01463,14050.0
3594.65,13.77,0.1909,-0.006097,14090.0
3594.7,13.79,0.2178,0.002439,14120.0
3594.75,13.86,0.003782,-0.1713,14120.0
3594.8,13.94,-0.2102,-0.3451,14100.0
3594.85,14.16,-0.3684,-0.4352,14080.0
3594.9,14.37,-0.5267,-0.5253,14050.0
3594.95,14.41,-0.4307,-0.3953,14000.0
3595.0,14.46,-0.3348,-0.2653,13970.0
3595.05,14.59,-0.3529,-0.3179,13970.0
3595.1,14.72,-0.371,-0.3704,14000.0
3595.15,14.82,-0.3857,-0.4006,14030.0
3595.2,14.93,-0.4005,-0.4307,14060.0
3595.25,15.02,-0.1662,-0.4337,14070.0
3595.3,15.1,0.06807,-0.4368,14080.0
3595.35,15.08,0.2327,-0.4832,14060.0
3595.4,15.06,0.3973,-0.5297,14020.0
3595.45,15.07,0.4554,-0.5136,13960.0
3595.5,15.08,0.5135,-0.4975,13910.0
3595.55,15.04,0.5943,-0.6286,13880.0
3595.6,15.0,0.6751,-0.7597,13870.0
3595.65,14.96,0.6891,-0.7521,13890.0
3595.7,14.92,0.703,-0.7446,13920.0
3595.75,14.99,0.6998,-0.682,13960.0
3595.8,15.06,0.6966,-0.6194,14000.0
3595.85,15.2,0.7361,-0.4389,14010.0
3595.9,15.33,0.7755,-0.2583,14000.0
3595.95,15.16,0.7974,-0.4447,13950.0
3596.0,14.99,0.8193,-0.6311,13900.0
3596.05,14.93,0.9088,-0.5053,13850.0
3596.1,14.86,0.9984,-0.3795,13810.0
3596.15,14.8,0.6755,-0.1628,13790.0
3596.2,14.74,0.3527,0.0539,13790.0
3596.25,14.65,0.341,0.1458,13820.0
3596.3,14.56,0.3292,0.2378,13860.0
3596.35,14.55,0.4375,0.1688,13900.0
3596.4,14.55,0.5458,0.09975,13940.0
3596.45,14.47,0.4047,0.1382,13970.0
3596.5,14.39,0.2635,0.1766,13960.0
3596.55,14.27,0.288,0.1778,13920.0
3596.6,14.15,0.3125,0.179,13870.0
3596.65,14.31,0.4727,0.1306,13810.0
3596.7,14.47,0.633,0.08219,13780.0
3596.75,14.36,0.669,0.08438,13770.0
3596.8,14.25,0.705,0.08658,13800.0
3596.85,14.15,0.5882,-0.1072,13840.0
3596.9,14.04,0.4713,-0.3009,13890.0
3596.95,13.91,0.4409,-0.3026,13920.0
3597.0,13.78,0.4104,-0.3044,13950.0
3597.05,13.79,0.3838,-0.3746,13940.0
3597.1,13.81,0.3571,-0.4448,13900.0
3597.15,13.89,0.5225,-0.4443,13860.0
3597.2,13.98,0.6879,-0.4439,13820.0
3597.25,13.92,0.5874,-0.5488,13800.0
3597.3,13.87,0.4869,-0.6538,13800.0
3597.35,13.87,0.5927,-0.5457,13810.0
3597.4,13.88,0.6986,-0.4375,13840.0
3597.45,13.73,0.4962,-0.5947,13860.0
3597.5,13.59,0.2938,-0.7519,13880.0
3597.55,13.55,0.203,-0.7811,13870.0
3597.6,13.52,0.1123,-0.8104,13850.0
3597.65,13.43,0.06469,-0.8399,13840.0
3597.7,13.33,0.01712,-0.8694,13820.0
3597.75,13.17,0.1377,-0.7511,13810.0
3597.8,13.02,0.2584,-0.6329,13810.0
3597.85,12.94,0.03981,-0.4518,13810.0
3597.9,12.87,-0.1787,-0.2707,13810.0
3597.95,12.91,-0.1833,-0.3522,13810.0
3598.0,12.96,-0.1879,-0.4336,13800.0
3598.05,13.0,-0.2526,-0.4392,13790.0
3598.1,13.04,-0.3173,-0.4448,13780.0
3598.15,13.02,-0.38,-0.3791,13770.0
3598.2,13.0,-0.4427,-0.3134,13770.0
3598.25,13.18,-0.366,-0.1653,13760.0
3598.3,13.36,-0.2894,-0.01732,13750.0
3598.35,12.95,-0.1748,-0.169,13740.0
3598.4,12.54,-0.06011,-0.3207,13740.0
3598.45,12.4,-0.1123,-0.402,13740.0
3598.5,12.25,-0.1644,-0.4834,13740.0
3598.55,12.24,-0.1849,-0.3529,13730.0
3598.6,12.23,-0.2054,-0.2224,13720.0
3598.65,12.25,-0.1017,-0.408,13720.0
3598.7,12.27,0.00199,-0.5936,13710.0
3598.75,12.3,0.1051,-0.5303,13690.0
3598.8,12.33,0.2082,-0.467,13660.0
3598.85,12.05,0.2058,-0.4167,13640.0
3598.9,11.77,0.2034,-0.3663,13640.0
3598.95,11.93,0.06827,-0.2467,13650.0
3599.0,12.09,-0.06688,-0.1271,13660.0
3599.05,12.2,-0.1312,-0.2466,13680.0
3599.1,12.31,-0.1955,-0.3661,13690.0
3599.15,12.2,-0.3109,-0.2279,13690.0
3599.2,12.09,-0.4263,-0.08975,13680.0
3599.25,12.04,-0.2086,0.003536,13660.0
3599.3,11.99,0.009156,0.09682,13640.0
3599.35,12.18,0.04916,0.2723,13640.0
3599.4,12.37,0.08917,0.4478,13630.0
3599.45,12.29,0.03424,0.437,13630.0
3599.5,12.21,-0.0207,0.4263,13640.0
3599.55,12.3,-0.04817,0.442,13650.0
3599.6,12.39,-0.07564,0.4578,13670.0
3599.65,12.27,-0.119,0.5709,13680.0
3599.7,12.15,-0.1624,0.6841,13680.0
3599.75,12.12,-0.3232,0.7093,13670.0
3599.8,12.09,-0.4841,0.7346,13670.0
3599.85,12.07,-0.5914,0.6502,13670.0
3599.9,12.05,-0.6986,0.5658,13670.0
3599.95,12.1,-0.6351,0.499,13670.0
3600.0,12.15,-0.5716,0.4321,13670.0
